-0.27421,-0.16836,0.00056728
-0.27422,-0.16823,0.00050403
-0.27423,-0.16809,0.00043992
-0.27425,-0.16793,0.00037437
-0.27427,-0.16773,0.00030737
-0.2743,-0.16749,0.00023982
-0.27434,-0.16719,0.00017371
-0.2744,-0.16683,0.00011246
-0.27448,-0.16639,6.1054e-05
-0.27459,-0.16587,2.6188e-05
-0.27472,-0.16527,1.63e-05
-0.27489,-0.16459,4.1521e-05
-0.27511,-0.16382,0.0001136
-0.27538,-0.16297,0.00024572
-0.2757,-0.16205,0.00045234
-0.27608,-0.16107,0.00074904
-0.27653,-0.16004,0.0011524
-0.27705,-0.15897,0.0016799
-0.27765,-0.15788,0.0023498
-0.27834,-0.15676,0.0031812
-0.27911,-0.15565,0.0041939
-0.27996,-0.15453,0.0054077
-0.2809,-0.15342,0.0068422
-0.28193,-0.15233,0.0085158
-0.28304,-0.15125,0.010445
-0.28422,-0.15019,0.012643
-0.28547,-0.14914,0.01512
-0.28678,-0.14812,0.017877
-0.28813,-0.1471,0.020914
-0.28951,-0.14609,0.024221
-0.29091,-0.14509,0.027784
-0.29229,-0.14408,0.031581
-0.29366,-0.14306,0.035586
-0.29499,-0.14203,0.039772
-0.29626,-0.14098,0.044106
-0.29746,-0.13991,0.04856
-0.29857,-0.13882,0.053103
-0.29959,-0.13771,0.057711
-0.3005,-0.13658,0.062361
-0.30129,-0.13545,0.067038
-0.30196,-0.13431,0.07173
-0.3025,-0.13319,0.076431
-0.30291,-0.13209,0.081141
-0.30319,-0.13102,0.085861
-0.30333,-0.13,0.090598
-0.30334,-0.12904,0.095358
-0.30322,-0.12813,0.10015
-0.30296,-0.12728,0.10498
-0.30257,-0.1265,0.10984
-0.30205,-0.12577,0.11475
-0.30141,-0.12509,0.1197
-0.30064,-0.12446,0.12467
-0.29976,-0.12385,0.12966
-0.29877,-0.12327,0.13465
-0.29768,-0.12269,0.13961
-0.29649,-0.12212,0.14454
-0.29522,-0.12155,0.14941
-0.29387,-0.12097,0.1542
-0.29245,-0.12039,0.1589
-0.29097,-0.11979,0.16351
-0.28945,-0.11918,0.16801
-0.28788,-0.11857,0.17241
-0.28629,-0.11795,0.17673
-0.28467,-0.11733,0.18098
-0.28303,-0.1167,0.18517
-0.28139,-0.11608,0.18935
