16 16 4
2 4
0 0 0
0
-20.9886 60.1212 19.3703 37.9234 
1
-30.2845 29.8137 22.3411 21.5328 
0 0 1
0
-21.4996 16.6891 -3.50556 45.9979 
1
-23.3046 56.4242 13.9389 31.5597 
0 0 2
0
-20.2402 47.7904 -8.94054 42.5897 
1
-18.6118 65.4288 30.4593 37.0072 
0 0 3
0
-24.4067 18.463 58.6454 13.4324 
1
-1.06036 29.5934 51.9894 30.124 
0 1 0
0
-14.2327 70.2323 28.6259 29.2305 
1
-32.6964 38.8114 -2.51541 59.9 
0 1 1
0
-23.8703 68.8014 27.932 38.0446 
1
-11.9071 58.6337 -10.0201 20.5359 
0 1 2
0
-28.5115 29.5172 -4.15585 66.3834 
1
-14.887 69.6921 27.509 29.7069 
0 1 3
0
-23.5597 33.2978 10.8184 38.8689 
1
-53.2296 32.3939 -0.149862 61.4123 
0 2 0
0
-23.5221 72.7496 30.3258 33.8288 
1
-39.0477 24.7393 5.27028 60.1469 
0 2 1
0
-23.4058 74.4123 32.8661 33.0578 
1
-35.3933 35.0004 0.7697 53.6672 
0 2 2
0
-24.008 71.606 29.9313 35.3796 
1
-37.6148 27.8192 -8.03667 55.7173 
0 2 3
0
-41.1618 51.2613 5.06373 60.3077 
1
-45.9283 39.1818 20.8944 62.4798 
0 3 0
0
-25.2883 75.9626 20.9595 31.7076 
1
-47.5533 23.8664 25.5813 47.7271 
0 3 1
0
-30.3035 8.74725 22.6685 52.3344 
1
-37.6592 55.7996 27.9514 41.6758 
0 3 2
0
-37.0855 33.9623 4.75831 63.2881 
1
-26.3968 74.1738 22.3706 31.569 
0 3 3
0
-54.0651 54.2823 27.8098 65.4858 
1
-22.8385 53.1238 32.6291 72.0543 
0 4 0
0
-0.52973 8.59629 56.0622 24.0356 
1
-35.3759 63.3981 11.9207 36.4282 
0 4 1
0
-32.3784 66.726 10.3473 42.0028 
1
-35.2079 24.0806 -3.82056 47.3691 
0 4 2
0
-33.4581 69.5022 12.9041 37.887 
1
-24.7412 21.7606 22.8176 59.2479 
0 4 3
0
-22.1548 9.03137 13.5564 65.1891 
1
-30.436 55.4501 7.45283 52.6755 
0 5 0
0
-32.8115 78.6024 1.60119 31.0478 
1
-33.0241 27.5638 13.299 66.4284 
0 5 1
0
-39.8403 66.8578 4.76528 34.635 
1
-35.0185 26.6276 12.6926 35.2827 
0 5 2
0
-7.26629 30.6511 -3.28261 60.2065 
1
-33.8137 69.1663 2.23752 38.0494 
0 5 3
0
-34.9568 72.4072 24.5698 43.6629 
1
-52.2635 29.2594 9.2793 68.4429 
0 6 0
0
-35.6675 69.4229 -3.09375 36.4481 
1
-26.6414 14.2832 4.02239 32.1904 
0 6 1
0
-35.0971 79.3829 -4.76799 35.4878 
1
-54.0644 17.8547 6.36893 34.248 
0 6 2
0
-24.4926 44.6821 6.89432 64.8405 
1
-33.9914 78.7214 -3.59432 34.7726 
0 6 3
0
-45.9657 5.85436 8.22565 51.6587 
1
-29.7534 77.7554 11.3724 46.5528 
0 7 0
0
-33.1295 77.975 -0.769999 37.3173 
1
-53.7456 17.7153 4.05396 50.3619 
0 7 1
0
-30.3739 74.6915 -5.18598 42.7612 
1
-16.4265 20.3382 17.8104 16.468 
0 7 2
0
-31.4415 81.8277 -1.82387 39.6883 
1
-37.7205 12.4085 -1.85441 72.7664 
0 7 3
0
-50.5962 12.7655 27.8664 35.7277 
1
-28.4714 75.5884 3.4981 46.2737 
0 8 0
0
-4.91791 46.0441 28.4159 39.6981 
1
-35.9431 64.1168 5.48428 46.6232 
0 8 1
0
-29.4217 68.642 -7.79942 46.4987 
1
-55.4101 5.37907 48.7504 22.1104 
0 8 2
0
-26.1974 9.19294 20.9081 61.1151 
1
-29.1235 74.1842 -9.02506 45.7402 
0 8 3
0
-39.9268 59.1809 28.0537 19.5506 
1
-30.8409 71.9398 -6.10935 48.4462 
0 9 0
0
-22.5349 30.8916 11.3952 40.4848 
1
-26.245 55.9034 16.2716 53.8325 
0 9 1
0
-36.5893 24.9891 33.3502 24.3505 
1
-34.1044 65.008 -7.98773 48.6646 
0 9 2
0
-37.0217 43.6375 -13.4068 57.4652 
1
-32.8845 77.2804 -9.88739 44.0319 
0 9 3
0
-27.5247 34.2384 48.8091 32.4286 
1
-33.1964 65.8048 -9.24935 47.4297 
0 10 0
0
-49.2255 45.2214 43.6407 56.5095 
1
-33.2559 17.7247 3.80451 67.1331 
0 10 1
0
-19.9013 38.0941 29.3265 72.6452 
1
-35.0737 72.7166 -9.76361 46.1474 
0 10 2
0
-34.1515 61.0838 -6.92939 45.9966 
1
-3.05401 17.2102 21.6144 42.5389 
0 10 3
0
-34.2849 67.9026 -8.02391 46.7815 
1
-20.8776 1.18386 50.6048 46.1358 
0 11 0
0
-20.5461 49.0746 36.2513 10.4986 
1
-6.78355 33.2303 1.9285 46.4788 
0 11 1
0
-27.1726 34.3774 22.8758 76.9583 
1
-33.6952 72.902 -0.217321 41.7342 
0 11 2
0
-42.8199 44.3526 32.8893 30.5264 
1
-37.8869 67.2879 -6.29494 47.853 
0 11 3
0
-35.5879 64.8607 -1.5238 44.1686 
1
-23.1287 26.1169 17.9715 52.1677 
0 12 0
0
-51.0064 49.6385 36.5046 30.4093 
1
-57.7787 24.0808 30.0126 41.2588 
0 12 1
0
-40.486 66.1303 -9.07899 49.9064 
1
-16.5772 63.5882 28.413 43.2485 
0 12 2
0
-37.8477 64.5888 2.10206 37.7667 
1
-30.858 38.1725 -9.08093 83.9463 
0 12 3
0
-35.8759 68.0378 -3.05651 53.2055 
1
-30.5946 6.06199 35.0871 45.1974 
0 13 0
0
-1.6754 7.51319 5.88983 62.8105 
1
-24.0945 44.3766 40.7441 84.5966 
0 13 1
0
-3.34591 12.9886 3.49334 17.2879 
1
-36.1772 62.6755 -4.9755 51.5223 
0 13 2
0
-36.3408 72.6845 -11.6744 53.2238 
1
-39.82 7.91209 35.9691 29.2105 
0 13 3
0
-50.408 30.693 12.6 62.1598 
1
-26.4747 69.7526 -5.23762 63.1917 
0 14 0
0
-36.5786 32.978 32.4437 39.7317 
1
-53.5992 43.2513 37.6266 35.6124 
0 14 1
0
-33.6962 73.2205 -10.1693 63.1291 
1
-41.155 48.2386 47.495 53.4377 
0 14 2
0
-33.7847 31.9607 39.7636 62.4733 
1
-34.9112 71.7922 -8.26975 65.1422 
0 14 3
0
-35.2923 68.1592 -3.27372 58.0674 
1
-30.0291 33.5636 4.56885 11.9232 
0 15 0
0
-6.35295 20.2665 28.9775 72.1609 
1
-54.7291 59.1311 50.6096 60.5139 
0 15 1
0
-46.1658 38.7006 40.7053 19.1731 
1
-30.3777 61.7906 -2.89395 60.6224 
0 15 2
0
-33.0802 68.992 0.582743 57.9878 
1
-26.8474 27.2402 54.5305 18.999 
0 15 3
0
-34.812 58.8949 7.00822 60.504 
1
-18.7051 0.930909 3.64149 48.2201 
1 0 0
0
-29.1688 41.8244 -13.1019 40.163 
1
-16.6169 62.2999 24.4555 34.0784 
1 0 1
0
-31.3738 38.9353 -11.8562 43.933 
1
-14.6318 58.8877 26.4815 35.4309 
1 0 2
0
-29.8235 31.6835 -5.01558 15.9505 
1
-21.4276 56.1099 12.7054 34.8009 
1 0 3
0
-34.7632 18.9319 31.6333 32.0509 
1
-31.8499 46.2292 49.2608 61.8686 
1 1 0
0
-20.6668 60.8109 16.6213 36.3269 
1
-3.75308 1.44051 31.6193 41.0455 
1 1 1
0
-20.492 17.5096 0.840424 24.0318 
1
-18.8882 59.5519 17.1426 41.3276 
1 1 2
0
-17.8014 55.4234 -8.77283 22.3075 
1
-21.0841 62.0401 19.5909 38.0589 
1 1 3
0
-13.4917 52.3865 27.6118 65.1334 
1
-28.8332 22.8871 35.9278 28.6052 
1 2 0
0
-30.6654 40.216 -9.50579 47.2786 
1
-25.7642 69.0956 27.4569 36.5956 
1 2 1
0
-31.719 31.212 -7.6723 62.5712 
1
-23.3145 70.8839 31.4948 37.1455 
1 2 2
0
-12.692 35.5449 -5.43317 15.2015 
1
-27.208 63.6952 24.6909 41.1591 
1 2 3
0
-22.0321 43.8257 46.5175 45.3558 
1
-18.8842 52.6475 -1.22957 45.3972 
1 3 0
0
-26.8916 45.9449 -17.7532 29.8956 
1
-28.9926 65.8238 19.697 37.2577 
1 3 1
0
-29.1017 66.5604 23.2246 37.7598 
1
-28.3131 27.6545 -5.08174 59.2995 
1 3 2
0
-25.3889 67.5115 21.6491 39.5904 
1
-36.8549 31.1647 1.05528 57.0356 
1 3 3
0
-24.7656 2.36481 4.11892 60.0194 
1
-21.3344 63.6828 18.777 52.7932 
1 4 0
0
-34.8431 62.849 14.5713 37.3119 
1
-26.3177 47.5093 -16.2776 32.5997 
1 4 1
0
-33.9918 66.5185 18.2302 34.2195 
1
-36.0669 22.4747 -11.6524 52.5897 
1 4 2
0
-40.7757 16.2272 -7.0647 48.7307 
1
-32.8189 64.6121 19.399 41.0399 
1 4 3
0
-21.8731 65.5531 15.7925 52.0778 
1
-40.0285 23.391 53.3495 15.0013 
1 5 0
0
-27.4552 36.5331 -9.9324 43.9465 
1
-35.183 66.7066 4.08479 37.3242 
1 5 1
0
-35.6762 53.1212 3.04035 41.9899 
1
-3.9686 8.23949 18.612 25.112 
1 5 2
0
-32.4781 66.1076 9.82692 45.1757 
1
-6.55288 13.0659 41.2558 48.1566 
1 5 3
0
-26.7995 68.0551 12.9802 49.5297 
1
-22.142 19.5399 31.0641 25.1827 
1 6 0
0
-34.1355 70.7747 -0.928536 36.2936 
1
-20.6522 33.2094 36.1228 67.2677 
1 6 1
0
-28.0501 16.1757 55.3904 26.8242 
1
-32.087 67.9839 2.27953 42.2724 
1 6 2
0
-29.8079 78.072 5.46794 40.9033 
1
-42.0125 19.1107 -4.64023 60.9858 
1 6 3
0
-22.5493 52.7328 17.8424 39.0808 
1
-30.2205 69.8532 8.65176 48.5027 
1 7 0
0
-34.1054 66.1215 -13.0965 47.8375 
1
-29.1034 77.93 18.3065 36.7538 
1 7 1
0
-27.1501 74.9663 -2.24568 42.2238 
1
-12.5947 33.0683 39.5949 44.108 
1 7 2
0
-26.0156 80.9816 -0.424063 41.4581 
1
-31.3393 23.0293 -6.82766 74.7845 
1 7 3
0
-42.9704 15.5635 19.9325 61.7112 
1
-29.1745 75.2158 4.2461 47.3247 
1 8 0
0
-5.92674 63.3303 20.5158 51.6043 
1
-33.942 69.1802 1.0693 40.8181 
1 8 1
0
-28.3688 70.9054 -1.24109 48.249 
1
-25.3301 5.11604 33.2063 79.6208 
1 8 2
0
-31.0341 70.3138 2.67675 51.1954 
1
-43.9701 14.9531 -5.61491 68.517 
1 8 3
0
-8.17992 46.2742 32.2315 31.5137 
1
-31.8255 67.5058 -1.22664 51.1776 
1 9 0
0
-11.589 58.1005 2.97911 58.1794 
1
-41.8634 65.2841 10.8854 43.0499 
1 9 1
0
-33.8466 64.2017 -4.99732 52.744 
1
-56.0172 30.8442 7.77137 17.3237 
1 9 2
0
-32.8012 59.3771 -10.0141 56.1772 
1
-18.1383 5.6318 55.5482 19.6004 
1 9 3
0
-34.2121 62.3821 -17.7499 53.5639 
1
-33.979 72.2189 18.215 48.571 
1 10 0
0
-37.5675 57.2715 30.7159 28.1109 
1
-43.8057 39.5373 53.564 45.6209 
1 10 1
0
-52.7479 37.2597 36.7538 20.389 
1
-34.8033 64.358 -7.23275 54.856 
1 10 2
0
-10.7652 44.3988 34.593 25.4612 
1
-35.5078 63.4945 -9.9755 47.1842 
1 10 3
0
-5.43938 62.5669 39.172 12.5144 
1
-35.0442 62.2939 -5.60914 54.3401 
1 11 0
0
-44.2728 32.5737 21.0405 62.8575 
1
-30.2146 26.2226 33.8975 66.2207 
1 11 1
0
-7.0231 44.7529 52.5864 28.8081 
1
-34.496 65.3882 -1.01619 52.5789 
1 11 2
0
-35.017 69.4243 5.03761 46.5687 
1
-6.56794 6.34481 59.7456 18.0165 
1 11 3
0
-34.5681 65.9663 1.38329 52.514 
1
-19.4851 28.0502 34.2826 50.583 
1 12 0
0
-9.19704 29.5496 25.478 28.2267 
1
-51.0022 54.1404 21.5821 75.2218 
1 12 1
0
-35.4337 65.438 -0.335039 56.4903 
1
-6.57562 26.1286 0.153851 28.9612 
1 12 2
0
-24.3507 5.58531 4.36685 16.5761 
1
-36.2202 66.2671 -1.92998 58.5738 
1 12 3
0
-36.1339 66.706 -1.8519 59.6103 
1
-25.051 29.4876 49.1438 15.3143 
1 13 0
0
-46.9429 3.78022 3.2612 47.2093 
1
-23.4388 11.0698 44.4391 89.4373 
1 13 1
0
-33.0581 69.6719 -6.44096 58.6317 
1
-31.8057 28.9906 52.6209 12.374 
1 13 2
0
-38.5157 71.1627 -14.3283 68.6118 
1
-45.6501 54.1744 33.8205 28.444 
1 13 3
0
-20.4359 39.614 42.8468 54.4006 
1
-34.2919 69.5875 -13.0761 68.8707 
1 14 0
0
-38.9667 34.3834 54.883 85.083 
1
-45.7603 47.1973 58.3825 60.0971 
1 14 1
0
-35.4459 72.7887 -6.32853 62.9632 
1
-23.486 20.6062 42.0816 34.4463 
1 14 2
0
-13.0807 9.44805 18.8772 41.9569 
1
-31.3673 75.0501 -9.25674 60.2647 
1 14 3
0
-34.3747 71.3514 -7.5511 65.1752 
1
-47.4743 15.3344 26.8465 22.8885 
1 15 0
0
-32.2832 52.4151 13.9638 67.8628 
1
-32.9832 5.89516 49.9795 71.9546 
1 15 1
0
-13.6849 31.0011 51.3841 70.0625 
1
-34.2328 70.6165 -2.45176 62.7235 
1 15 2
0
-34.6051 70.0193 4.30578 61.7802 
1
-33.1238 3.73629 33.5529 40.0361 
1 15 3
0
-33.3259 68.3668 -1.82942 61.1145 
1
-6.2765 22.686 17.0635 26.1818 
2 0 0
0
-17.0494 51.1343 31.3479 35.8925 
1
-27.3105 46.3686 -9.68202 35.1693 
2 0 1
0
-44.6102 12.8029 9.97924 13.4676 
1
-17.6085 48.5123 11.2701 35.5662 
2 0 2
0
-20.2735 52.4024 22.059 37.1441 
1
-21.2693 42.5358 -16.7851 28.758 
2 0 3
0
-25.2899 11.2675 36.3034 21.4065 
1
-34.0064 44.5286 15.0192 45.3599 
2 1 0
0
-21.6722 38.8745 -13.9579 40.3911 
1
-17.9824 60.813 28.8962 38.2354 
2 1 1
0
-22.2148 58.5888 13.5308 38.2108 
1
-16.3962 43.6927 -19.0105 17.5913 
2 1 2
0
-21.274 38.3895 -13.7859 42.788 
1
-17.0915 59.7824 26.8864 38.7175 
2 1 3
0
-28.2181 35.3345 5.02895 28.1676 
1
-17.9665 50.7539 23.8453 50.3861 
2 2 0
0
-21.8165 42.6536 -17.7684 30.1036 
1
-22.0339 63.9099 22.9221 38.7788 
2 2 1
0
-20.3771 59.6826 19.1906 41.0206 
1
-17.259 52.069 0.858225 24.1385 
2 2 2
0
-50.93 17.6932 2.17713 12.0383 
1
-21.4764 60.9367 21.8686 41.2175 
2 2 3
0
-22.0193 12.7475 37.6548 21.3497 
1
-16.1571 53.9704 14.212 51.6207 
2 3 0
0
-27.8766 63.9297 15.168 34.9886 
1
-21.2992 46.3866 0.373016 41.6671 
2 3 1
0
-25.2803 66.1818 20.8479 36.9564 
1
-24.0067 40.9057 0.0835561 30.8442 
2 3 2
0
-28.1606 59.5355 22.3368 42.8294 
1
-20.6269 52.7578 -13.7838 28.4062 
2 3 3
0
-15.2564 28.5595 -0.861792 72.7005 
1
-18.4786 66.282 21.0417 49.2057 
2 4 0
0
-33.0921 32.6006 -8.70161 53.8943 
1
-31.1162 66.6533 13.7163 33.1333 
2 4 1
0
-33.2009 58.0587 15.254 39.2808 
1
-4.39125 32.2078 46.3365 14.5706 
2 4 2
0
-25.0283 67.1022 18.9678 40.9953 
1
-28.4473 50.5307 -10.7544 41.8631 
2 4 3
0
-20.9633 63.4375 14.7692 51.5884 
1
-12.858 2.72337 1.2598 23.3233 
2 5 0
0
-10.7497 12.2228 11.1372 61.8191 
1
-34.2746 59.5931 5.95903 36.4713 
2 5 1
0
-22.9306 11.4522 4.26825 23.3234 
1
-31.5662 60.0624 12.3834 40.3331 
2 5 2
0
-25.7413 14.8603 -8.72051 62.8855 
1
-33.6238 61.1668 14.6241 37.9346 
2 5 3
0
-27.0568 64.7551 11.8417 50.2962 
1
-28.6378 30.6836 19.972 26.8134 
2 6 0
0
-26.3495 53.079 -14.2883 51.1809 
1
-33.7903 72.1577 8.32317 36.6147 
2 6 1
0
-25.2781 32.2222 -13.4718 67.1062 
1
-30.3752 70.7431 9.98213 42.2289 
2 6 2
0
-32.3276 61.8893 6.60165 43.5773 
1
-11.0408 2.00958 9.56735 39.3999 
2 6 3
0
-32.2542 68.5845 11.2134 45.8054 
1
-17.5564 35.5758 -13.2735 72.5727 
2 7 0
0
-37.8189 15.6897 32.8888 57.2818 
1
-35.421 74.6536 7.25761 42.1597 
2 7 1
0
-28.3531 66.8819 9.31147 46.0941 
1
-24.5971 47.3725 6.06201 24.5685 
2 7 2
0
-29.7768 72.8233 11.6077 45.7297 
1
-31.1838 28.3998 -15.7561 70.5205 
2 7 3
0
-38.357 3.55771 57.5694 12.0194 
1
-32.3373 69.1851 11.1975 49.2549 
2 8 0
0
-36.8153 67.6621 14.4027 49.4384 
1
-0.0375682 10.4338 26.5305 13.7082 
2 8 1
0
-29.8246 69.6402 1.43555 51.1047 
1
-38.7074 15.5476 45.1453 58.6476 
2 8 2
0
-30.0383 66.8482 7.42622 47.0292 
1
-27.3232 2.65215 24.1797 44.4463 
2 8 3
0
-54.0981 27.5974 20.9883 12.8219 
1
-32.8306 65.1399 3.67438 51.1104 
2 9 0
0
-40.3115 65.7344 14.8825 53.9947 
1
-11.03 10.6422 7.80639 84.3808 
2 9 1
0
-34.5208 64.0929 -0.730067 52.9894 
1
-12.3382 17.581 2.16671 22.6643 
2 9 2
0
-38.4632 56.4691 -3.07575 55.7533 
1
-11.5441 32.5446 56.1292 13.9182 
2 9 3
0
-34.9324 64.0927 -1.11088 52.2329 
1
-8.14063 2.22704 59.3128 30.9924 
2 10 0
0
-11.0542 39.827 13.485 37.435 
1
-30.2133 61.687 8.79315 16.9793 
2 10 1
0
-50.1898 25.6137 26.7902 55.6915 
1
-34.3056 62.323 -8.51037 56.3735 
2 10 2
0
-41.2304 50.4811 -3.93892 48.509 
1
-33.5875 61.9548 -7.61909 57.1158 
2 10 3
0
-34.703 61.042 -7.62123 55.8993 
1
-6.53087 23.7919 11.6631 51.4707 
2 11 0
0
-42.6785 6.93002 3.60096 32.0699 
1
-22.9949 3.95413 13.2149 69.8638 
2 11 1
0
-25.7764 2.7107 55.9334 50.2941 
1
-34.6655 69.6761 -0.175186 56.7589 
2 11 2
0
-32.9927 65.6313 -3.78254 59.7377 
1
-14.6272 1.60551 25.072 60.0314 
2 11 3
0
-35.8325 69.8876 -1.12702 57.9659 
1
-7.6358 29.4738 50.4129 17.5088 
2 12 0
0
-7.33345 14.9072 51.6529 22.7686 
1
-16.4434 8.61946 5.95073 67.5448 
2 12 1
0
-57.4478 5.55906 27.2389 52.0909 
1
-37.5567 67.5823 0.756006 62.5886 
2 12 2
0
-37.9711 67.7042 -6.9491 70.3358 
1
-26.3646 54.0067 48.9858 42.3878 
2 12 3
0
-18.6252 6.24959 23.9626 76.9823 
1
-40.4158 70.6728 -3.23185 67.0141 
2 13 0
0
-37.887 55.7553 6.84939 49.4527 
1
-23.3067 13.2674 42.4406 19.6126 
2 13 1
0
-51.0384 9.94492 16.9052 75.3757 
1
-34.7134 75.2367 0.192308 62.4375 
2 13 2
0
-35.7561 74.0446 -3.59813 67.2523 
1
-44.4715 24.0574 41.0211 52.5726 
2 13 3
0
-12.5722 36.678 31.9876 54.8308 
1
-35.9506 74.2508 -0.826226 64.374 
2 14 0
0
-28.5047 50.9108 26.4967 35.0319 
1
-21.5301 2.24763 49.113 17.8926 
2 14 1
0
-46.407 16.9325 17.9635 25.1134 
1
-32.5874 73.0618 -0.753129 64.3478 
2 14 2
0
-37.5181 8.84386 3.22935 64.8737 
1
-33.4111 76.7109 -2.45043 67.7278 
2 14 3
0
-55.1892 3.70934 46.9168 22.7907 
1
-32.9415 69.7037 -2.98679 63.7121 
2 15 0
0
-54.1212 20.5699 11.5224 51.4977 
1
-40.4844 46.9673 48.8051 37.5155 
2 15 1
0
-8.16695 25.455 25.214 42.3798 
1
-31.2083 72.9024 1.24554 61.1099 
2 15 2
0
-33.0533 73.2734 -1.6933 63.9091 
1
-30.9744 30.9899 8.32487 18.3824 
2 15 3
0
-14.5819 12.8835 37.3691 32.4026 
1
-30.886 72.0463 1.68758 60.0807 
3 0 0
0
-24.0266 28.8017 -10.5748 42.1633 
1
-19.0986 53.3548 15.8853 31.1198 
3 0 1
0
-21.3939 35.5518 -10.8344 48.1037 
1
-16.3756 51.0562 22.3546 28.5651 
3 0 2
0
-14.9647 47.7388 28.2546 34.3046 
1
-24.6854 46.8604 -10.0462 35.8177 
3 0 3
0
-38.1893 44.9442 43.2425 36.6485 
1
-21.3804 8.08493 23.4728 79.2152 
3 1 0
0
-20.1158 47.8682 -10.3276 36.7846 
1
-23.5911 51.3644 39.8242 35.459 
3 1 1
0
-24.5633 33.8089 -11.5312 32.5152 
1
-21.1685 52.0599 23.8495 35.4718 
3 1 2
0
-21.5986 24.229 -14.9173 51.2057 
1
-19.9738 56.207 17.1691 37.1097 
3 1 3
0
-17.7346 15.7292 9.46145 75.6434 
1
-16.8186 57.6904 32.7899 50.3766 
3 2 0
0
-26.5011 47.7166 -14.3616 21.7596 
1
-21.9083 56.5043 14.6494 38.3434 
3 2 1
0
-24.9993 45.1439 -0.926514 26.6544 
1
-20.8386 56.8382 17.2471 43.6115 
3 2 2
0
-38.3414 0.798269 22.3128 36.5614 
1
-20.0034 54.1526 12.7691 41.8962 
3 2 3
0
-16.9999 38.199 -16.7664 60.0746 
1
-16.1923 62.33 26.5658 52.0936 
3 3 0
0
-27.2274 60.2036 16.5053 36.9768 
1
-25.4472 41.3761 -14.6271 41.8538 
3 3 1
0
-22.837 46.2869 -3.44356 32.3496 
1
-25.7644 60.8485 14.1802 43.8813 
3 3 2
0
-25.4621 60.8501 13.3253 44.8009 
1
-29.6645 5.72624 52.5917 27.2681 
3 3 3
0
-3.22805 6.19638 14.9335 10.075 
1
-21.5283 64.5613 12.9205 54.2506 
3 4 0
0
-33.816 48.2102 -9.14239 25.1577 
1
-30.4243 58.7964 9.78021 36.0427 
3 4 1
0
-40.6491 21.5597 -3.14666 49.8362 
1
-30.0343 61.7094 9.66432 38.5768 
3 4 2
0
-27.2687 65.6369 17.7197 43.4212 
1
-28.7706 24.9904 -16.863 57.2799 
3 4 3
0
-25.0596 67.1002 15.9394 51.3392 
1
-45.6966 16.1799 6.23029 54.4436 
3 5 0
0
-28.3655 46.236 -9.92946 56.5959 
1
-34.6384 62.3054 12.8366 30.8625 
3 5 1
0
-23.6892 34.551 -12.5511 60.7885 
1
-33.4111 64.4781 14.5339 39.5756 
3 5 2
0
-21.1089 4.76462 16.1104 15.12 
1
-32.2606 60.7939 11.8142 40.8806 
3 5 3
0
-30.3491 66.1742 16.6713 47.7971 
1
-40.758 36.5439 -8.70325 38.7318 
3 6 0
0
-40.9938 68.4831 16.9059 28.1171 
1
-22.3823 42.95 8.63752 64.1186 
3 6 1
0
-31.3873 63.2701 14.1347 44.361 
1
-31.7903 29.4169 -14.2835 60.9621 
3 6 2
0
-44.1226 23.0656 39.4947 34.7055 
1
-33.3872 60.1025 13.3928 46.2996 
3 6 3
0
-33.8888 29.7269 -16.7426 56.7245 
1
-31.0723 65.3248 13.5117 46.1889 
3 7 0
0
-36.8464 64.0526 15.935 49.3195 
1
-15.0285 37.9676 23.6149 71.7994 
3 7 1
0
-34.0656 61.2417 16.6892 45.6704 
1
-43.8258 18.1043 16.4848 15.5248 
3 7 2
0
-47.0256 8.60433 18.1606 35.8457 
1
-29.7055 63.1437 9.37975 49.7132 
3 7 3
0
-31.6649 35.4897 -14.3284 59.3945 
1
-31.5007 67.318 15.2739 45.9778 
3 8 0
0
-23.7601 60.2018 26.0764 35.8952 
1
-1.74421 45.2051 5.74921 26.3473 
3 8 1
0
-30.7011 67.9594 9.03053 47.6059 
1
-27.8894 14.1822 19.0222 71.8275 
3 8 2
0
-35.1411 66.3705 19.3208 48.1082 
1
-46.3241 47.1374 -10.4934 42.9908 
3 8 3
0
-32.1368 65.2552 3.79437 52.9069 
1
-55.2135 20.8448 47.5968 25.0765 
3 9 0
0
-58.3457 1.81342 27.0216 20.2796 
1
-38.5417 52.6297 37.6462 33.0297 
3 9 1
0
-35.4501 66.8943 7.04105 53.0671 
1
-4.95006 13.0523 29.1976 45.7245 
3 9 2
0
-15.8003 10.2581 42.8432 16.4279 
1
-37.1032 60.7507 1.30688 50.7548 
3 9 3
0
-36.0578 65.4471 6.29141 53.7158 
1
-37.7023 14.8788 41.6337 18.8265 
3 10 0
0
-49.8014 15.7441 41.5021 50.2474 
1
-9.31655 55.8892 44.8052 46.2808 
3 10 1
0
-33.7805 68.6134 2.60507 54.6999 
1
-38.6722 45.2531 -15.2939 67.3777 
3 10 2
0
-51.6003 18.0031 41.1593 36.2924 
1
-32.643 63.451 -4.32584 61.8279 
3 10 3
0
-34.2844 61.5923 -3.0178 61.3685 
1
-18.1712 32.3635 21.44 66.1672 
3 11 0
0
-8.58176 0.712492 46.9056 18.7612 
1
-3.69499 24.6498 0.862627 40.216 
3 11 1
0
-47.2862 14.5427 35.959 25.4672 
1
-33.8729 69.0441 2.38906 61.7306 
3 11 2
0
-38.0777 12.756 38.9451 26.7046 
1
-34.7782 64.7401 -2.73109 65.7253 
3 11 3
0
-18.8469 43.4708 58.4596 41.4361 
1
-35.3288 69.2456 -1.90585 66.0845 
3 12 0
0
-41.0248 57.3025 21.2214 85.3303 
1
-39.8814 45.4098 11.3289 27.5631 
3 12 1
0
-35.5475 67.3967 1.65427 63.4667 
1
-37.1965 2.60915 20.348 42.9707 
3 12 2
0
-46.0829 7.38549 16.9811 44.7045 
1
-39.913 71.0556 0.0654494 64.4444 
3 12 3
0
-35.514 67.3352 2.18209 64.1945 
1
-51.9102 14.2662 17.0889 45.6271 
3 13 0
0
-22.7325 51.5465 23.7274 60.5052 
1
-45.8035 23.8203 11.027 69.2037 
3 13 1
0
-35.7772 73.1283 5.70237 62.0958 
1
-1.82767 22.3155 30.8043 46.6785 
3 13 2
0
-3.85635 54.0602 6.06666 14.927 
1
-36.2244 71.6822 8.18907 60.2197 
3 13 3
0
-41.6941 35.8755 32.5241 46.0214 
1
-36.6418 70.0223 8.74678 59.8129 
3 14 0
0
-47.1376 14.2059 50.562 81.423 
1
-2.07947 30.8795 29.3344 80.3554 
3 14 1
0
-33.2297 71.7576 2.03506 63.4034 
1
-32.9549 8.27014 18.8359 11.3149 
3 14 2
0
-29.6152 72.3559 10.4198 58.7646 
1
-2.79518 26.083 12.2157 12.8923 
3 14 3
0
-18.8347 19.6404 0.647753 69.6507 
1
-34.0646 66.6538 9.33748 57.7875 
3 15 0
0
-10.7692 28.9438 -1.72037 22.9848 
1
-18.2095 2.9502 53.0967 33.1544 
3 15 1
0
-33.0217 72.2514 3.22683 63.4986 
1
-18.2334 3.03082 5.4395 78.8976 
3 15 2
0
-32.1079 70.2954 4.76894 60.8313 
1
-11.909 14.4156 20.3145 42.9678 
3 15 3
0
-35.3866 41.9198 30.2269 21.2497 
1
-32.1421 70.2286 4.24041 61.5309 
4 0 0
0
-22.0724 40.7487 -10.5802 40.4784 
1
-18.7908 43.908 28.4751 42.1871 
4 0 1
0
-17.7494 47.0885 16.9016 35.8284 
1
-22.6645 4.30685 8.51418 61.6579 
4 0 2
0
-17.2374 46.8108 -8.32161 43.8656 
1
-22.9321 46.2657 31.0243 36.0248 
4 0 3
0
-53.3777 48.1686 6.36392 44.5773 
1
-13.9924 45.161 19.1733 72.0774 
4 1 0
0
-16.2274 44.7917 -11.7537 41.0722 
1
-21.6571 52.9959 34.6208 38.9472 
4 1 1
0
-15.6115 30.6622 -17.0943 39.4229 
1
-17.5782 54.4295 13.2263 38.2083 
4 1 2
0
-16.0206 24.1102 -7.88152 62.7676 
1
-19.388 54.2886 21.4009 38.2916 
4 1 3
0
-16.4338 47.0196 13.1935 53.3856 
1
-39.106 31.3843 14.8766 33.0516 
4 2 0
0
-21.4555 14.8715 13.684 58.0333 
1
-21.9488 54.5053 18.8423 39.9396 
4 2 1
0
-21.9308 50.3755 11.4231 48.4328 
1
-36.2504 24.0422 14.9418 26.4778 
4 2 2
0
-12.1336 23.4567 -19.3054 56.6125 
1
-21.122 55.6731 17.2354 46.3803 
4 2 3
0
-49.8152 21.6608 5.53188 35.7976 
1
-16.239 54.9974 12.0698 55.5537 
4 3 0
0
-33.0534 35.7885 9.25634 11.7938 
1
-28.6867 51.0564 11.6523 38.0601 
4 3 1
0
-33.0428 24.9221 2.43008 16.2314 
1
-27.7314 52.3952 7.38104 45.1955 
4 3 2
0
-27.1493 58.5122 10.3377 47.2339 
1
-19.8145 22.7837 -15.6869 64.894 
4 3 3
0
-22.6327 9.90172 34.6455 33.4157 
1
-22.4447 57.2481 7.91463 55.9805 
4 4 0
0
-32.5736 54.4238 8.79115 35.9981 
1
-31.4496 4.6139 40.3522 32.5312 
4 4 1
0
-31.615 59.1207 9.86048 40.2459 
1
-8.26655 9.98988 10.5061 71.4415 
4 4 2
0
-22.9261 29.4016 -16.8748 63.1983 
1
-31.6511 65.7292 14.3796 47.7018 
4 4 3
0
-8.56626 9.81318 56.1816 47.4211 
1
-25.5795 61.1204 9.0015 57.0627 
4 5 0
0
-33.5472 54.4502 9.77721 31.8132 
1
-4.3626 36.5356 15.0874 40.0755 
4 5 1
0
-42.7451 39.3396 -14.2278 24.5238 
1
-31.0095 55.313 8.43066 42.7572 
4 5 2
0
-44.4782 50.1529 38.1071 31.1193 
1
-29.5384 58.8995 3.06343 46.7692 
4 5 3
0
-30.4356 58.0735 8.73673 51.7958 
1
-44.2124 41.7066 16.7052 28.8809 
4 6 0
0
-22.3728 24.9772 26.2407 40.758 
1
-39.7494 60.9087 17.6869 32.8728 
4 6 1
0
-32.399 54.0134 8.51779 53.2577 
1
-27.1073 38.761 7.4708 12.2649 
4 6 2
0
-48.5137 40.9703 -13.3872 23.1497 
1
-33.602 53.0531 9.09684 51.6703 
4 6 3
0
-31.6237 61.6579 11.0424 50.6575 
1
-29.7187 12.6961 4.49739 72.0814 
4 7 0
0
-39.2422 51.8774 21.2166 29.8747 
1
-10.05 43.7708 4.99312 31.0349 
4 7 1
0
-35.2556 50.4924 14.4516 52.9551 
1
-35.5483 30.7186 51.1739 23.8423 
4 7 2
0
-2.84072 28.7622 37.4621 58.4321 
1
-31.5913 52.9896 9.58975 49.5674 
4 7 3
0
-36.0589 33.8143 46.7876 39.5192 
1
-32.517 57.6585 9.18572 51.4331 
4 8 0
0
-7.79012 0.368455 23.4532 57.8621 
1
-51.467 43.0517 42.1884 50.4081 
4 8 1
0
-34.3442 0.871034 27.5534 28.4625 
1
-35.0027 56.9552 14.7209 52.9113 
4 8 2
0
-39.0904 22.3811 13.3459 46.2702 
1
-35.4332 56.7801 14.2721 53.0672 
4 8 3
0
-33.9906 58.2725 12.759 53.6171 
1
-15.2926 36.5171 23.7662 30.016 
4 9 0
0
-46.9419 13.9682 17.5843 15.067 
1
-43.6891 58.2033 42.0855 82.4007 
4 9 1
0
-36.5411 65.1718 13.9366 50.5095 
1
-42.441 2.63491 43.5345 27.6366 
4 9 2
0
-44.4817 62.6619 28.3027 39.8607 
1
-28.1628 67.4374 -2.95425 62.9844 
4 9 3
0
-36.8712 66.3447 15.1349 49.8701 
1
-31.8209 43.814 -14.4508 73.0269 
4 10 0
0
-4.60297 11.0427 57.6925 60.3048 
1
-41.7673 34.0495 37.001 43.128 
4 10 1
0
-35.9465 65.743 4.98018 58.6064 
1
-50.2001 20.4204 16.5722 57.3636 
4 10 2
0
-14.5983 0.517693 48.7152 13.9328 
1
-36.468 68.0823 7.08922 62.5291 
4 10 3
0
-35.3175 66.1177 3.98579 61.818 
1
-34.5044 10.6223 26.5401 33.63 
4 11 0
0
-39.3001 53.237 6.65248 83.7919 
1
-26.8295 24.5769 3.36144 44.5187 
4 11 1
0
-37.6991 70.4666 3.75778 63.1744 
1
-5.95643 4.72276 0.452229 19.4874 
4 11 2
0
-14.3982 51.086 27.2102 18.5963 
1
-33.0361 68.0127 -0.413464 61.478 
4 11 3
0
-34.8425 71.4405 0.256983 69.4066 
1
-33.4455 39.3652 23.768 35.1776 
4 12 0
0
-21.4048 44.9583 38.5166 50.1566 
1
-48.0482 20.0875 32.6206 13.0554 
4 12 1
0
-14.3578 1.95946 4.03145 14.365 
1
-38.4646 68.6867 2.93906 63.7807 
4 12 2
0
-12.7711 56.934 12.0834 56.3611 
1
-38.177 70.6362 4.0462 66.5206 
4 12 3
0
-37.269 68.7105 2.8629 65.3913 
1
-17.7091 7.04087 55.7122 18.2422 
4 13 0
0
-19.9454 22.8255 22.87 34.017 
1
-35.9214 43.8495 42.274 52.1338 
4 13 1
0
-49.2198 19.402 44.5583 26.3631 
1
-38.6303 71.4083 7.56747 60.7543 
4 13 2
0
-38.3706 68.7178 8.76055 59.954 
1
-48.5134 44.9267 47.0594 29.1169 
4 13 3
0
-38.0596 63.2271 15.0979 56.208 
1
-39.5441 47.7977 15.4035 16.716 
4 14 0
0
-15.234 34.4744 47.9334 78.3059 
1
-7.79565 21.1603 28.8113 51.4595 
4 14 1
0
-34.4065 67.6415 8.79029 61.4706 
1
-36.0386 27.8884 47.9056 40.9165 
4 14 2
0
-16.4116 49.7424 45.7303 42.4812 
1
-36.4933 57.5013 7.10392 59.431 
4 14 3
0
-41.3685 21.6385 0.676674 26.3136 
1
-32.7293 63.2235 13.0709 57.9697 
4 15 0
0
-53.1196 4.85292 27.5797 48.6798 
1
-39.1695 3.63019 5.10146 36.1958 
4 15 1
0
-17.5442 5.26069 19.8099 33.6824 
1
-29.2018 67.6365 9.40868 64.3385 
4 15 2
0
-30.5884 76.2164 9.89723 64.9761 
1
-53.9322 18.2123 -0.00933083 68.2925 
4 15 3
0
-29.9221 65.2377 9.92413 63.2387 
1
-39.7286 12.7381 49.1882 38.8262 
5 0 0
0
-23.9273 23.3544 13.3425 62.7545 
1
-39.6134 48.1756 20.9684 18.2668 
5 0 1
0
-20.4576 43.2297 15.9321 28.9031 
1
-9.00747 8.46295 4.87625 51.3965 
5 0 2
0
-19.6586 31.2078 17.1666 45.0427 
1
-13.7688 39.3338 19.5126 50.4363 
5 0 3
0
-30.8218 38.619 32.14 62.929 
1
-45.0534 37.7844 43.8694 25.6694 
5 1 0
0
-16.3277 42.0937 -4.97951 57.655 
1
-21.9813 43.6905 22.2227 33.1054 
5 1 1
0
-20.4674 49.8311 9.91822 44.5142 
1
-25.6484 33.8521 -3.68057 37.2989 
5 1 2
0
-19.5039 51.657 9.37752 44.0089 
1
-33.1505 27.9495 8.88987 43.4654 
5 1 3
0
-12.0084 19.4072 19.0775 20.4204 
1
-21.5277 48.5478 15.7447 56.6425 
5 2 0
0
-28.4457 48.0766 29.4515 40.6484 
1
-24.097 50.3251 -8.86308 43.7449 
5 2 1
0
-29.8019 35.9844 -9.56185 29.3338 
1
-20.86 52.4655 12.0423 48.1778 
5 2 2
0
-24.7019 54.1835 7.97463 51.4497 
1
-27.8205 35.4906 -16.7565 38.2727 
5 2 3
0
-51.8504 23.1132 22.5627 13.3288 
1
-22.3509 56.7605 13.1182 53.8839 
5 3 0
0
-30.423 50.6201 11.1308 36.4053 
1
-30.3787 30.5253 -7.33309 36.2026 
5 3 1
0
-31.0978 59.2021 12.6854 51.7204 
1
-31.4265 35.2881 -10.8344 29.6645 
5 3 2
0
-29.275 56.1471 11.5832 46.6046 
1
-38.992 13.1127 -10.9257 40.1738 
5 3 3
0
-25.5779 56.0523 6.89647 55.5941 
1
-38.8673 31.328 31.4662 33.3722 
5 4 0
0
-35.8659 38.9098 -11.721 37.1365 
1
-33.5496 53.9758 21.3499 37.0533 
5 4 1
0
-34.7878 51.4442 12.0258 37.9764 
1
-25.601 33.1298 2.63894 10.6625 
5 4 2
0
-21.7197 25.0994 -13.2055 71.1131 
1
-29.6223 59.6873 13.9074 45.5983 
5 4 3
0
-23.1986 25.1252 -15.7662 68.8705 
1
-27.2433 64.7698 12.1819 52.8292 
5 5 0
0
-34.5353 46.1455 17.0328 30.9349 
1
-23.0865 8.2204 5.13951 28.8429 
5 5 1
0
-33.1874 53.5352 10.8607 45.6263 
1
-1.96309 58.4686 11.7122 37.2695 
5 5 2
0
-28.6343 1.83441 8.07604 15.1684 
1
-30.5891 55.1219 10.2734 50.801 
5 5 3
0
-32.0111 56.0928 10.3453 52.3117 
1
-15.0256 30.2018 46.9236 24.1646 
5 6 0
0
-19.6249 27.9409 3.50275 10.337 
1
-27.4255 51.3782 18.2715 41.9223 
5 6 1
0
-30.2493 26.5232 -17.8529 69.081 
1
-31.5133 59.6763 16.703 52.2687 
5 6 2
0
-16.708 9.61478 38.6239 44.1222 
1
-32.6205 47.149 2.55304 52.5719 
5 6 3
0
-31.5272 61.8028 16.1424 51.8206 
1
-31.1689 25.1626 -19.0675 69.5103 
5 7 0
0
-19.0155 14.7681 52.9877 38.7719 
1
-42.2244 24.3403 29.8886 66.8138 
5 7 1
0
-41.5416 29.8089 -18.2093 52.3537 
1
-32.0937 54.5833 15.6504 52.1257 
5 7 2
0
-8.03595 25.509 26.0945 39.5325 
1
-34.7421 44.5571 10.9859 59.0907 
5 7 3
0
-49.2038 32.5894 37.0862 22.6231 
1
-31.6706 52.5582 6.31295 55.228 
5 8 0
0
-22.7211 45.2011 33.3491 75.1408 
1
-51.6638 55.915 13.6711 23.3077 
5 8 1
0
-33.8956 52.0012 10.3783 57.8552 
1
-41.2747 54.7039 -8.81512 40.2321 
5 8 2
0
-30.5066 53.3407 10.3833 54.0058 
1
-55.1852 36.9344 17.3972 12.3995 
5 8 3
0
-12.802 15.6526 15.9114 36.3309 
1
-33.1752 53.4524 8.5815 58.3324 
5 9 0
0
-5.34647 54.1398 36.4913 43.1761 
1
-25.0869 12.8793 53.7311 17.246 
5 9 1
0
-36.1585 63.1722 15.2201 54.7665 
1
-36.3071 30.4212 -13.0161 66.6551 
5 9 2
0
-37.7697 60.1775 12.719 59.045 
1
-11.5924 44.1508 41.8289 28.1999 
5 9 3
0
-36.1883 38.4949 5.81998 36.9282 
1
-37.2519 59.5093 11.3811 57.3528 
5 10 0
0
-11.1402 37.1499 51.8607 80.8152 
1
-21.9797 22.4151 48.9106 24.7465 
5 10 1
0
-9.35697 33.4438 18.514 53.6791 
1
-37.9698 63.8017 10.867 60.1703 
5 10 2
0
-38.444 67.2914 10.4029 65.0982 
1
-27.9889 19.2439 17.1438 75.199 
5 10 3
0
-37.1795 66.9358 10.0096 65.3321 
1
-46.0664 35.1031 41.7932 17.5371 
5 11 0
0
-32.9639 3.9259 36.4353 23.4873 
1
-50.3645 49.4462 28.8728 48.1853 
5 11 1
0
-21.7199 20.9512 48.1447 64.3538 
1
-37.5128 66.4773 10.1498 62.3766 
5 11 2
0
-39.045 37.3706 -4.19802 62.3969 
1
-36.5501 70.4699 9.32075 66.4502 
5 11 3
0
-36.3192 72.9205 9.97325 68.3151 
1
-31.994 18.4803 16.2675 23.6216 
5 12 0
0
-5.87249 51.8594 22.9497 33.0354 
1
-34.2862 26.6111 52.8017 74.8319 
5 12 1
0
-36.523 66.6265 8.31461 63.3984 
1
-41.2106 9.00776 47.9044 23.0415 
5 12 2
0
-7.05662 38.3175 24.2419 26.9673 
1
-36.2272 68.0357 8.41069 65.642 
5 12 3
0
-25.933 11.082 44.2666 77.1748 
1
-37.273 69.4891 4.96625 65.9479 
5 13 0
0
-36.2849 31.212 6.77917 26.4681 
1
-40.0561 27.188 59.8688 17.939 
5 13 1
0
-37.9883 63.1256 11.7381 66.7263 
1
-53.9308 24.4525 46.838 17.0294 
5 13 2
0
-38.1329 61.8143 7.65626 63.6316 
1
-9.11094 4.73336 13.8591 37.5435 
5 13 3
0
-39.3879 62.2462 5.59341 63.9615 
1
-47.6519 3.35485 17.3256 73.5869 
5 14 0
0
-48.1453 31.9862 36.1873 54.1717 
1
-46.3578 23.0273 6.88628 24.5661 
5 14 1
0
-46.5981 33.9482 2.11987 22.9914 
1
-32.2946 64.4384 20.6862 55.5167 
5 14 2
0
-40.7311 35.0017 0.154738 53.0744 
1
-39.3194 60.0853 9.88503 65.0409 
5 14 3
0
-3.66888 8.01541 59.013 24.5608 
1
-37.0276 58.0886 9.2424 62.9427 
5 15 0
0
-32.6522 39.056 10.3252 40.3713 
1
-57.4864 21.1873 44.7329 85.2144 
5 15 1
0
-39.2108 31.057 25.5379 69.6947 
1
-36.0611 20.1382 24.185 31.7053 
5 15 2
0
-36.4 61.7811 6.61312 63.1069 
1
-20.7566 5.71281 19.8706 10.5373 
5 15 3
0
-33.5297 64.9274 6.86669 66.4293 
1
-0.15275 25.5741 24.0548 54.515 
6 0 0
0
-33.7631 18.4555 8.59952 51.4401 
1
-45.1153 59.995 46.7676 63.1533 
6 0 1
0
-7.29523 49.7417 0.0835 43.4994 
1
-0.624761 38.5159 32.1533 61.9848 
6 0 2
0
-31.4489 9.33533 49.4016 19.0854 
1
-1.3007 46.1761 12.8172 63.2495 
6 0 3
0
-0.591727 40.073 1.88403 87.2724 
1
-51.9429 45.6736 29.1353 29.3503 
6 1 0
0
-5.95188 30.297 5.63644 12.8164 
1
-22.7801 44.1832 8.10561 44.0299 
6 1 1
0
-20.2475 44.9765 7.85261 42.5873 
1
-8.8672 13.2334 29.4402 14.2036 
6 1 2
0
-31.6147 22.4023 8.18269 43.3062 
1
-19.8774 44.228 11.7352 47.6476 
6 1 3
0
-13.3842 40.3536 3.32052 54.2817 
1
-18.1406 22.4991 55.4837 33.8359 
6 2 0
0
-27.2016 49.2506 8.82818 44.2794 
1
-24.7709 30.449 3.49645 28.1897 
6 2 1
0
-45.7105 29.8112 5.39682 13.6071 
1
-24.9746 59.9797 6.91863 49.0785 
6 2 2
0
-27.3456 54.1692 12.2933 48.5251 
1
-49.1797 16.8117 26.7577 17.632 
6 2 3
0
-25.6615 49.3096 10.8096 48.8261 
1
-21.2816 6.18357 4.50443 13.2097 
6 3 0
0
-5.85382 16.104 30.8352 10.0766 
1
-31.4318 46.5941 8.99706 39.1886 
6 3 1
0
-29.0063 48.5201 10.1627 45.1539 
1
-7.70507 16.1895 37.5801 15.6209 
6 3 2
0
-28.9853 56.6829 15.7484 44.7356 
1
-36.7036 32.9519 -14.5354 30.6907 
6 3 3
0
-21.8642 5.6778 16.9252 27.7734 
1
-25.4637 46.2073 9.55818 51.4373 
6 4 0
0
-30.4405 38.9767 -9.07773 31.754 
1
-36.2708 48.3713 26.4229 37.9862 
6 4 1
0
-27.251 25.3003 -15.8997 63.8714 
1
-30.9701 52.4641 17.4082 41.386 
6 4 2
0
-27.5852 50.3589 15.1004 51.685 
1
-40.7733 30.11 -19.1358 22.7147 
6 4 3
0
-40.7949 30.4579 40.4333 31.226 
1
-25.5482 48.1069 2.19021 56.4039 
6 5 0
0
-46.7636 27.938 10.063 31.4141 
1
-21.6453 34.6851 32.9785 59.9876 
6 5 1
0
-15.2896 0.514163 3.19286 45.0604 
1
-33.5473 46.2601 12.5622 44.0277 
6 5 2
0
-24.9201 26.2351 -17.9999 63.8118 
1
-34.609 48.3832 14.7413 43.4743 
6 5 3
0
-33.0042 52.0805 18.6278 46.1063 
1
-26.025 27.9613 -15.1682 68.346 
6 6 0
0
-49.1605 41.1879 15.9633 33.8944 
1
-26.111 44.6188 30.0403 59.4008 
6 6 1
0
-34.2999 49.4888 11.4696 52.7515 
1
-12.95 16.7386 45.3478 16.4352 
6 6 2
0
-50.1133 41.0491 -4.38266 22.7153 
1
-34.1493 54.1425 17.443 54.9772 
6 6 3
0
-40.9682 0.035095 8.8057 26.5037 
1
-33.5948 50.0131 11.0374 54.5008 
6 7 0
0
-24.188 53.9059 18.7224 27.7833 
1
-26.3726 1.34695 2.03051 45.165 
6 7 1
0
-14.3268 32.2218 34.1003 11.1691 
1
-35.6561 49.3142 9.20494 51.5287 
6 7 2
0
-32.6608 47.7421 1.62209 54.8814 
1
-31.9339 1.36195 14.0195 17.8498 
6 7 3
0
-34.8224 50.6573 9.73101 54.2051 
1
-4.81846 9.96075 30.3185 31.7442 
6 8 0
0
-2.19894 44.7273 26.464 45.2037 
1
-42.2822 58.5071 40.8801 65.5672 
6 8 1
0
-37.364 50.4994 9.63727 57.4311 
1
-18.923 12.0816 29.1786 14.022 
6 8 2
0
-34.0193 34.8156 26.6131 25.0548 
1
-36.5753 51.4651 8.39948 60.2668 
6 8 3
0
-35.3154 57.1448 15.6795 59.6545 
1
-39.0427 27.9178 -16.8516 58.2626 
6 9 0
0
-32.1776 20.9632 38.9608 73.9568 
1
-43.3401 53.9665 2.19621 40.7626 
6 9 1
0
-38.9103 52.5922 10.7251 58.2502 
1
-3.63065 35.2174 37.8885 32.2465 
6 9 2
0
-10.2547 21.0823 39.5216 32.1949 
1
-40.6484 53.2938 12.5062 58.7572 
6 9 3
0
-20.9288 23.3943 22.8415 47.3305 
1
-36.8612 55.4204 11.2829 60.9916 
6 10 0
0
-7.01856 6.78027 24.5107 10.8009 
1
-2.24992 54.8996 54.5736 41.5519 
6 10 1
0
-40.6692 56.4655 10.929 64.6956 
1
-21.5862 51.5684 47.0359 36.9861 
6 10 2
0
-36.6283 22.1412 -8.47767 70.0363 
1
-41.789 57.9403 10.9122 67.8453 
6 10 3
0
-40.9638 58.9207 11.4597 68.2931 
1
-14.0938 19.1535 54.2111 21.7724 
6 11 0
0
-26.4879 34.5491 20.7423 49.0167 
1
-37.6535 8.89641 25.6843 83.6951 
6 11 1
0
-39.5438 61.3637 11.3565 64.5643 
1
-29.8174 16.2885 5.18187 52.7219 
6 11 2
0
-49.8772 20.1315 -0.789904 75.1957 
1
-39.7895 68.5391 14.1668 66.6917 
6 11 3
0
-40.6797 68.9754 13.4098 71.9799 
1
-25.9495 30.0331 2.97757 37.4503 
6 12 0
0
-54.2385 54.0724 34.5973 42.2563 
1
-49.1946 45.5254 28.255 78.7651 
6 12 1
0
-37.6212 58.7857 11.4462 62.8652 
1
-36.9905 17.6069 8.30219 10.7039 
6 12 2
0
-18.7106 29.6429 47.6613 36.3271 
1
-40.3623 66.0933 8.47101 71.872 
6 12 3
0
-53.3626 9.6319 35.464 33.0926 
1
-40.1552 66.2612 5.77057 70.0186 
6 13 0
0
-20.7094 56.9566 33.1403 24.3631 
1
-16.7951 16.8866 6.12356 79.9331 
6 13 1
0
-35.8361 4.87442 11.1061 24.6329 
1
-36.8109 42.4731 12.6977 59.8259 
6 13 2
0
-43.3346 25.3292 37.1642 40.8066 
1
-35.2992 64.8619 4.45499 70.8966 
6 13 3
0
-22.1563 32.5033 5.10415 34.0717 
1
-38.1837 61.4146 0.892805 72.3037 
6 14 0
0
-29.0243 25.7891 39.025 56.7152 
1
-27.0188 0.201926 33.6655 81.7623 
6 14 1
0
-17.8779 32.8879 27.9981 85.5257 
1
-52.9598 57.4783 28.4511 69.776 
6 14 2
0
-41.2047 53.7619 5.28185 66.9552 
1
-9.81675 7.22578 9.12873 66.0248 
6 14 3
0
-40.9278 54.21 15.1782 68.5706 
1
-3.62867 18.2625 58.7735 18.6083 
6 15 0
0
-25.3662 11.841 46.8643 64.038 
1
-50.8907 21.3567 46.3484 75.4529 
6 15 1
0
-54.9625 60.0127 4.40831 49.2461 
1
-56.2764 40.8693 15.4902 15.1261 
6 15 2
0
-12.1726 43.4133 20.5612 67.0089 
1
-12.584 19.8571 36.9388 26.1977 
6 15 3
0
-23.6805 23.0324 5.49682 73.1034 
1
-7.25396 26.166 18.1539 42.9213 
7 0 0
0
-52.9699 2.0829 35.3698 13.1612 
1
-5.74367 37.0672 4.04587 47.921 
7 0 1
0
-10.4508 33.1144 0.751053 44.8325 
1
-1.29133 54.063 14.0559 52.3567 
7 0 2
0
-11.4358 8.63662 57.211 60.0266 
1
-35.5535 37.8284 14.5384 41.4289 
7 0 3
0
-1.51393 5.74571 12.1325 55.7057 
1
-30.5984 3.25503 33.2751 78.9742 
7 1 0
0
-7.82075 19.7421 52.9604 62.7831 
1
-35.2315 35.1716 11.0359 46.8814 
7 1 1
0
-24.4398 51.6631 16.1782 60.0158 
1
-24.5115 28.6491 -6.46503 58.5782 
7 1 2
0
-33.1302 48.9253 4.94951 33.4581 
1
-36.7994 26.8523 27.1234 61.3578 
7 1 3
0
-32.5492 33.1453 33.5715 20.9463 
1
-36.9871 45.4923 13.3668 22.7441 
7 2 0
0
-22.1554 51.7059 -4.95965 48.7888 
1
-34.5285 32.7813 16.1378 47.8963 
7 2 1
0
-25.8599 53.3061 14.404 46.9908 
1
-28.7113 30.0623 -10.0068 33.6824 
7 2 2
0
-26.8424 49.9317 4.15962 45.3341 
1
-31.5111 20.8615 43.5793 21.3536 
7 2 3
0
-30.2074 40.4906 -8.07214 45.0673 
1
-22.8916 51.2027 33.8471 45.2419 
7 3 0
0
-27.5388 35.2461 -4.39394 45.1873 
1
-32.3621 32.3024 38.6479 21.8607 
7 3 1
0
-35.7076 39.9201 42.0897 24.3204 
1
-28.0879 42.1607 -0.522867 45.8861 
7 3 2
0
-29.5418 43.2777 4.48 37.762 
1
-6.08511 34.9852 33.8755 15.1905 
7 3 3
0
-10.2402 16.7258 16.0796 32.7897 
1
-28.3723 46.2784 11.4416 42.8448 
7 4 0
0
-35.9473 35.0028 -6.08028 38.0079 
1
-18.7136 33.5878 46.1302 58.6318 
7 4 1
0
-37.0118 48.1692 20.7702 27.4866 
1
-31.4382 34.9244 -1.06492 48.268 
7 4 2
0
-33.5166 17.5621 -12.2398 53.7913 
1
-28.5833 50.6827 17.6325 41.6849 
7 4 3
0
-28.8551 42.0542 1.48134 43.8525 
1
-27.8028 45.866 36.4742 27.9634 
7 5 0
0
-27.0852 35.407 13.172 39.7802 
1
-31.7215 13.1758 23.7936 13.8478 
7 5 1
0
-44.5074 44.1137 31.1113 28.9691 
1
-26.1541 48.7107 8.70784 57.3695 
7 5 2
0
-10.2306 50.2851 15.5176 14.6614 
1
-33.5888 47.0485 27.5064 36.5909 
7 5 3
0
-33.0727 49.4219 19.5636 44.6204 
1
-4.72936 13.7481 13.9669 27.8627 
7 6 0
0
-32.1423 37.8939 38.127 47.8563 
1
-49.8099 6.2085 53.0969 36.6344 
7 6 1
0
-35.7318 49.1873 15.4307 48.3368 
1
-30.4779 25.2457 10.0634 35.3769 
7 6 2
0
-21.9399 25.1003 37.7238 21.3004 
1
-35.9521 50.0338 15.5263 44.7593 
7 6 3
0
-33.6617 50.7756 14.3706 53.172 
1
-3.10167 9.07413 8.3909 49.0211 
7 7 0
0
-55.9882 14.8889 43.6255 59.0743 
1
-52.317 23.2119 36.9055 66.0248 
7 7 1
0
-35.6815 51.0027 13.3562 55.5688 
1
-50.1215 34.8691 -4.19923 37.8843 
7 7 2
0
-38.6427 51.9679 8.57014 51.6468 
1
-14.9449 1.3951 1.77105 40.6635 
7 7 3
0
-33.4759 55.3725 13.2126 63.1229 
1
-14.5084 12.7182 17.7452 34.8231 
7 8 0
0
-29.1802 32.0988 43.0226 31.1614 
1
-53.4813 0.526964 33.9611 10.4671 
7 8 1
0
-44.3254 21.9991 -16.0929 57.0721 
1
-36.457 53.4692 10.4845 60.518 
7 8 2
0
-6.83712 41.4418 7.77626 26.7498 
1
-38.6186 49.9887 7.97536 61.4911 
7 8 3
0
-36.5296 57.3406 12.3795 62.7729 
1
-42.0139 22.107 -14.2342 59.2861 
7 9 0
0
-31.6821 34.0393 56.2325 60.0647 
1
-54.6494 54.9387 39.5371 16.3189 
7 9 1
0
-40.1583 48.0183 6.01659 63.0455 
1
-23.3238 22.3864 9.34407 26.4267 
7 9 2
0
-41.2576 24.4492 8.94321 29.0794 
1
-43.3603 50.2514 10.6816 66.1757 
7 9 3
0
-38.5076 51.8195 9.20684 64.7448 
1
-7.26519 35.218 43.4554 14.0035 
7 10 0
0
-58.6155 54.3349 6.804 11.2109 
1
-57.3253 54.7389 37.5347 21.1342 
7 10 1
0
-40.1954 48.8269 8.83287 64.7311 
1
-53.1965 2.89971 31.8246 60.0898 
7 10 2
0
-35.3371 55.9686 16.3963 66.8821 
1
-42.1747 23.9085 -13.2471 74.6498 
7 10 3
0
-39.8163 54.4262 12.3951 68.9688 
1
-11.6508 25.5684 22.9763 41.7026 
7 11 0
0
-57.916 36.0006 4.92362 23.1927 
1
-34.2157 50.2804 19.3909 60.3776 
7 11 1
0
-39.4261 52.3258 9.36232 63.6103 
1
-7.84338 10.9086 0.145887 18.759 
7 11 2
0
-39.6117 56.9968 9.43381 70.1457 
1
-54.0325 42.0527 16.0119 22.2059 
7 11 3
0
-24.5034 14.1824 49.5997 21.9912 
1
-43.6173 49.7594 5.77307 74.5784 
7 12 0
0
-42.0964 32.4081 6.16799 26.4923 
1
-52.2296 41.8001 36.5054 26.1177 
7 12 1
0
-41.0142 48.0057 23.7388 57.0816 
1
-0.831767 54.1432 30.8285 10.9029 
7 12 2
0
-40.2033 59.7094 12.9743 71.5543 
1
-28.9632 33.3647 54.7617 12.0279 
7 12 3
0
-43.2956 57.4234 11.3681 75.4751 
1
-46.8697 2.49357 28.7983 25.1836 
7 13 0
0
-27.4186 24.1118 28.4441 11.0682 
1
-50.2319 54.5535 5.80282 78.19 
7 13 1
0
-18.016 7.64524 9.5532 13.3674 
1
-29.3987 37.1724 15.3043 73.4868 
7 13 2
0
-9.24034 3.55964 30.2769 61.162 
1
-32.3243 56.1186 15.5916 64.013 
7 13 3
0
-35.8698 63.9277 23.4326 52.7688 
1
-26.5084 27.7656 43.4174 34.9878 
7 14 0
0
-7.62928 21.8015 26.9844 50.8121 
1
-30.2478 20.4805 8.99176 14.4169 
7 14 1
0
-6.47685 56.152 20.5466 38.0498 
1
-55.031 56.3042 22.7129 18.2761 
7 14 2
0
-46.0201 42.6867 10.2064 85.0925 
1
-13.8036 49.5663 47.3475 83.9948 
7 14 3
0
-49.7209 21.3523 -0.385247 72.7037 
1
-13.8806 16.5 56.7966 58.7795 
7 15 0
0
-24.0725 34.3982 45.4466 53.9922 
1
-1.6345 32.9384 28.4609 43.1596 
7 15 1
0
-18.6281 27.369 24.1199 18.8426 
1
-25.7556 48.3486 14.0944 33.6775 
7 15 2
0
-25.1707 15.0562 40.5501 27.7059 
1
-39.5292 33.9654 5.51372 79.7079 
7 15 3
0
-32.6333 14.9453 50.0933 28.8973 
1
-40.7464 37.847 58.1228 75.5877 
8 0 0
0
-29.8338 35.0814 16.9825 29.5679 
1
-10.9825 31.6788 15.8461 66.8205 
8 0 1
0
-12.6274 34.9708 46.0517 48.3229 
1
-27.6786 6.72664 24.737 66.1881 
8 0 2
0
-0.311742 27.0162 41.5895 37.7203 
1
-15.696 21.0399 11.866 72.0984 
8 0 3
0
-19.5997 31.4516 13.8776 28.2235 
1
-21.5408 0.0577209 40.3909 19.9297 
8 1 0
0
-32.9007 16.609 52.1064 31.097 
1
-18.0497 40.3511 37.1728 29.5882 
8 1 1
0
-57.5295 53.736 45.88 11.5419 
1
-38.3702 49.4387 38.6655 45.5353 
8 1 2
0
-33.2873 42.5393 12.6541 46.0401 
1
-38.0726 8.11237 48.1029 22.0376 
8 1 3
0
-38.227 42.7247 5.91152 70.5554 
1
-27.8042 58.4231 40.9169 26.4187 
8 2 0
0
-10.0273 30.1786 30.0181 74.2659 
1
-41.0235 7.05334 38.3713 65.0113 
8 2 1
0
-29.4549 30.4146 -7.89406 55.2998 
1
-31.0522 47.4644 30.3166 38.3306 
8 2 2
0
-27.5579 41.3815 12.1005 42.7114 
1
-15.4883 11.153 32.6133 46.5802 
8 2 3
0
-41.2491 24.7567 16.5303 10.3045 
1
-28.1649 42.7431 15.8693 39.7612 
8 3 0
0
-24.8782 34.6372 14.088 48.6424 
1
-29.6605 11.7958 58.2267 39.0635 
8 3 1
0
-30.2758 35.776 6.74001 39.1669 
1
-5.34788 11.0995 5.01411 26.8994 
8 3 2
0
-30.0034 27.7956 -14.2502 44.3838 
1
-29.9695 47.2637 26.829 40.6397 
8 3 3
0
-26.5781 25.0941 -7.31331 48.127 
1
-31.1819 44.8153 19.364 39.8057 
8 4 0
0
-26.5692 29.1879 8.99134 42.9931 
1
-19.576 22.182 29.9879 29.0744 
8 4 1
0
-40.4532 32.8477 -10.0147 22.8336 
1
-31.9598 46.5871 16.4396 42.9942 
8 4 2
0
-30.9545 48.7624 19.6597 37.4839 
1
-30.5245 18.0928 -14.8287 44.4294 
8 4 3
0
-1.17965 19.9076 23.1123 37.7377 
1
-31.8764 45.8963 15.0201 41.361 
8 5 0
0
-23.8168 42.1699 21.4026 44.0559 
1
-16.5415 22.6071 34.3835 25.9634 
8 5 1
0
-33.0497 46.2561 17.8392 45.243 
1
-35.1032 12.4279 -16.2937 55.7464 
8 5 2
0
-26.1645 17.7954 -13.4811 65.4259 
1
-34.1671 47.6851 17.2689 38.7124 
8 5 3
0
-26.4331 16.7387 -12.1216 64.7111 
1
-34.1504 49.5122 19.1356 44.6585 
8 6 0
0
-41.4683 15.8084 52.2777 34.5626 
1
-16.0852 39.9716 16.3282 58.8523 
8 6 1
0
-29.3143 19.1337 -12.5086 65.0798 
1
-38.1258 48.5936 19.5834 46.0666 
8 6 2
0
-35.4821 50.1528 18.595 53.1759 
1
-31.7195 22.8794 -13.694 57.6965 
8 6 3
0
-36.4103 48.7562 15.6257 52.7835 
1
-51.8613 37.621 17.2923 22.252 
8 7 0
0
-53.9215 31.1972 17.2893 51.5296 
1
-36.8759 4.76211 5.05175 29.5341 
8 7 1
0
-39.5199 43.3308 13.1794 54.0997 
1
-30.23 43.3405 21.8378 21.8295 
8 7 2
0
-40.1092 48.6612 15.2769 56.7611 
1
-47.7169 41.323 -0.752729 34.2512 
8 7 3
0
-35.4247 3.90777 16.615 42.2999 
1
-37.9392 50.2276 16.1542 61.0343 
8 8 0
0
-49.8515 36.4606 53.698 48.721 
1
-53.3265 32.3201 29.5256 78.7282 
8 8 1
0
-1.4931 58.901 35.0489 26.4325 
1
-42.2645 45.3547 11.6258 58.3994 
8 8 2
0
-40.9556 49.9391 15.0419 61.4857 
1
-44.0466 5.95738 51.8299 26.5478 
8 8 3
0
-5.20317 33.2919 17.9969 23.2995 
1
-40.6074 50.3397 15.4347 62.6994 
8 9 0
0
-52.3899 49.0268 14.1727 30.6048 
1
-34.674 11.6092 35.3637 74.863 
8 9 1
0
-42.9074 43.1111 10.9237 63.0801 
1
-44.9825 27.8069 25.5089 34.3016 
8 9 2
0
-2.25397 32.789 18.3554 46.4152 
1
-40.625 47.3311 14.8613 67.8752 
8 9 3
0
-39.0182 46.5337 15.4383 66.6287 
1
-49.5033 4.37091 48.8615 11.8724 
8 10 0
0
-6.29892 25.3104 35.1019 76.1785 
1
-3.51328 51.0951 39.028 20.8116 
8 10 1
0
-41.2356 47.6235 11.7271 65.2052 
1
-18.4148 4.24853 54.3201 39.4961 
8 10 2
0
-22.9188 48.6265 27.8984 47.957 
1
-44.8421 38.6699 6.71693 73.5683 
8 10 3
0
-2.19469 24.6449 28.8638 50.5078 
1
-39.227 48.7573 13.7811 74.172 
8 11 0
0
-32.6035 21.2956 49.0864 52.8404 
1
-3.75564 32.4407 32.317 31.9266 
8 11 1
0
-38.1289 46.1051 8.46584 64.7423 
1
-8.3337 1.38975 50.8151 55.0679 
8 11 2
0
-31.9658 29.2264 9.43724 37.1779 
1
-39.6734 51.9563 11.6564 73.8669 
8 11 3
0
-34.6118 19.2554 16.6963 30.1118 
1
-42.5867 50.7385 10.2036 75.9119 
8 12 0
0
-34.1032 45.1617 1.99508 39.794 
1
-51.078 30.9027 42.4637 63.6072 
8 12 1
0
-16.3829 50.824 37.8578 16.3041 
1
-15.2402 32.52 5.68296 59.7169 
8 12 2
0
-39.2333 47.3531 14.0124 76.5008 
1
-48.933 60.9723 34.5437 21.98 
8 12 3
0
-17.0651 27.4135 22.8481 64.855 
1
-36.2165 58.6258 13.8801 73.4579 
8 13 0
0
-8.77141 19.1188 45.9692 55.8854 
1
-20.7606 14.1856 22.251 18.2659 
8 13 1
0
-37.3531 10.4549 15.4195 70.7085 
1
-42.5819 39.5719 11.3537 47.0911 
8 13 2
0
-17.9485 45.8274 22.8941 69.5892 
1
-6.49045 22.2827 10.1831 70.417 
8 13 3
0
-35.4759 54.3746 14.0983 76.5036 
1
-30.7831 56.083 45.6386 27.7297 
8 14 0
0
-35.3674 40.4188 4.73567 65.6821 
1
-44.3573 37.3711 27.2131 20.122 
8 14 1
0
-55.5535 15.7168 8.69397 45.1586 
1
-18.0114 5.88701 4.17466 78.5791 
8 14 2
0
-0.679744 54.965 11.3486 27.3149 
1
-53.1823 7.27378 41.5184 24.2094 
8 14 3
0
-39.6583 30.0506 20.8397 69.5682 
1
-7.14566 42.8993 7.37735 32.5687 
8 15 0
0
-4.76281 17.2265 31.3204 81.9056 
1
-28.3871 34.0415 36.8745 52.2484 
8 15 1
0
-1.11213 13.9692 52.8564 77.8723 
1
-6.23821 2.3625 39.7517 85.9557 
8 15 2
0
-50.8641 3.86227 29.857 72.7364 
1
-53.7684 45.0095 27.2456 80.1913 
8 15 3
0
-26.244 13.5986 50.0054 27.1911 
1
-54.7559 30.9788 45.9836 87.7668 
9 0 0
0
-29.9584 38.5991 4.34237 17.0439 
1
-4.65298 36.1431 45.907 57.0095 
9 0 1
0
-4.35672 14.675 22.6681 13.0748 
1
-16.0592 6.03402 0.176732 70.6497 
9 0 2
0
-12.5452 47.165 46.0644 42.7619 
1
-8.21716 4.69498 14.6793 62.0454 
9 0 3
0
-51.0072 50.6541 46.1752 75.6724 
1
-40.905 27.2552 42.5714 67.741 
9 1 0
0
-20.4957 16.8893 58.9673 65.5756 
1
-13.523 58.9975 1.80619 35.63 
9 1 1
0
-49.4604 2.61284 44.8334 15.9999 
1
-48.8508 2.62553 20.0382 64.4102 
9 1 2
0
-36.2718 48.5798 4.50573 67.7826 
1
-40.7475 53.5986 17.1423 85.6856 
9 1 3
0
-30.5231 39.2322 32.9647 13.4192 
1
-19.8223 50.6292 44.54 11.0692 
9 2 0
0
-7.79787 35.7562 37.2508 33.6325 
1
-15.0915 51.5918 18.4648 63.0043 
9 2 1
0
-47.8744 9.71183 49.5592 29.0351 
1
-19.4235 55.1409 17.7334 44.3212 
9 2 2
0
-19.0288 59.5366 3.46049 26.1141 
1
-28.4821 46.6278 20.6415 53.7328 
9 2 3
0
-33.0515 45.2811 13.4452 57.0217 
1
-21.6901 24.4802 3.68875 41.4343 
9 3 0
0
-4.99073 29.8494 23.0648 42.1835 
1
-42.0188 21.149 39.0555 27.7317 
9 3 1
0
-32.3113 23.8228 -10.3468 42.3868 
1
-30.8794 43.1318 21.2247 40.477 
9 3 2
0
-35.2616 43.5591 20.2698 35.4139 
1
-27.7762 26.5644 -5.27783 48.9909 
9 3 3
0
-32.6949 38.2692 13.6238 38.9052 
1
-15.7123 17.8354 21.695 32.4542 
9 4 0
0
-38.1584 46.1191 11.767 68.8128 
1
-16.2089 22.5711 24.209 50.4349 
9 4 1
0
-32.9308 43.9029 12.9587 44.4551 
1
-41.7536 11.777 44.9876 14.4883 
9 4 2
0
-31.923 42.6439 16.6521 42.3895 
1
-35.4835 24.7789 -10.684 37.3831 
9 4 3
0
-34.9684 45.8171 18.2447 42.4314 
1
-25.6432 24.6548 -8.02105 58.5773 
9 5 0
0
-45.4794 37.7141 18.0949 42.5671 
1
-41.2261 1.37737 12.8946 39.1205 
9 5 1
0
-34.4369 42.4185 17.445 48.8726 
1
-30.2797 30.4604 -14.6238 45.7311 
9 5 2
0
-33.9791 13.0082 -14.7215 49.2102 
1
-34.0039 47.5826 12.6713 50.0453 
9 5 3
0
-41.1996 42.2463 37.2853 38.8327 
1
-29.7458 40.6172 -1.33558 54.9832 
9 6 0
0
-41.012 46.5764 10.5236 84.2532 
1
-15.2635 59.8067 5.72579 19.7006 
9 6 1
0
-37.6685 43.3397 16.2357 53.7237 
1
-32.3418 20.7068 40.5706 15.5378 
9 6 2
0
-35.9914 39.9548 14.7791 56.7492 
1
-48.8102 21.3628 -15.7793 32.0661 
9 6 3
0
-38.7962 18.9116 -6.41252 51.3791 
1
-37.4879 47.301 18.9451 54.5685 
9 7 0
0
-55.3198 19.5045 29.8109 37.4592 
1
-51.1218 29.419 48.9771 16.0322 
9 7 1
0
-37.4262 29.6496 -15.1198 54.1771 
1
-38.0494 42.733 16.2587 58.3678 
9 7 2
0
-43.3612 36.6418 16.4115 61.3897 
1
-10.9644 4.14751 59.5349 32.593 
9 7 3
0
-42.131 44.5785 17.3026 60.236 
1
-40.677 17.4296 -11.0127 47.7102 
9 8 0
0
-33.2864 11.1713 26.4026 23.1824 
1
-26.8833 26.3978 38.3717 47.5848 
9 8 1
0
-37.657 49.4054 -0.654533 35.3172 
1
-41.6096 44.2334 15.0632 56.6554 
9 8 2
0
-17.1027 23.3161 10.9598 10.9331 
1
-43.2607 42.6103 17.6183 64.5482 
9 8 3
0
-43.5298 43.1587 17.244 65.5532 
1
-10.6494 60.5357 35.7921 16.5758 
9 9 0
0
-38.5687 30.4318 39.2394 57.2058 
1
-9.32615 3.33884 25.9562 25.1291 
9 9 1
0
-42.4618 49.0283 23.1454 56.6608 
1
-40.1126 25.4151 -8.55926 61.569 
9 9 2
0
-29.369 16.024 27.9057 52.9553 
1
-42.8825 43.1387 20.1735 67.5999 
9 9 3
0
-39.6063 49.9495 25.4785 72.4057 
1
-42.5735 24.8195 -2.85724 72.8606 
9 10 0
0
-31.6032 55.5194 55.2666 41.2647 
1
-21.3206 35.081 36.8202 33.2439 
9 10 1
0
-27.4737 4.98338 21.1582 69.2968 
1
-42.6709 45.4917 17.8056 58.4243 
9 10 2
0
-42.764 44.6351 15.7011 70.0843 
1
-22.1925 4.88592 55.2266 50.383 
9 10 3
0
-42.5585 44.4651 15.7098 73.2828 
1
-0.640411 38.2246 41.0696 40.1323 
9 11 0
0
-59.4121 16.9038 6.29932 10.1374 
1
-34.3938 18.5796 45.9738 54.2175 
9 11 1
0
-46.4488 59.4808 57.8635 21.1622 
1
-42.616 42.5651 21.357 70.0493 
9 11 2
0
-14.4578 47.1756 14.5708 53.6039 
1
-41.5766 45.725 11.3009 73.5149 
9 11 3
0
-14.7625 29.8742 40.3378 13.1568 
1
-41.7553 51.4454 9.42761 72.7808 
9 12 0
0
-46.1789 41.3064 11.0983 23.3751 
1
-55.6464 21.583 48.2228 26.6144 
9 12 1
0
-41.0954 25.872 19.2358 83.8122 
1
-47.3705 41.4212 34.4832 55.9259 
9 12 2
0
-29.381 12.0153 47.7774 18.495 
1
-38.4364 50.55 12.5769 63.344 
9 12 3
0
-11.8711 1.19198 11.8367 48.489 
1
-35.7161 48.4045 20.6048 72.338 
9 13 0
0
-15.8556 29.3307 51.9713 72.3131 
1
-41.5555 15.844 55.3593 71.3836 
9 13 1
0
-21.6403 22.1254 53.9736 57.4329 
1
-58.3749 37.0022 0.466504 30.63 
9 13 2
0
-34.3339 33.6467 45.2049 56.9713 
1
-6.79567 5.02436 5.15748 64.0607 
9 13 3
0
-20.8068 0.132933 41.0552 20.7961 
1
-22.1876 54.8958 43.3416 54.7702 
9 14 0
0
-35.4407 44.9806 1.17487 15.2343 
1
-43.2126 34.4342 23.6195 21.1937 
9 14 1
0
-55.3336 37.7823 5.26175 40.761 
1
-5.11877 2.73261 2.01797 27.2436 
9 14 2
0
-55.318 39.7177 21.958 53.9514 
1
-6.60849 10.9679 12.554 59.683 
9 14 3
0
-39.1821 4.39426 55.486 11.2589 
1
-43.2896 24.8841 30.7023 34.7057 
9 15 0
0
-9.453 28.5687 53.8033 50.1267 
1
-34.0626 11.2013 40.951 11.5575 
9 15 1
0
-25.0239 25.7271 28.5561 72.1595 
1
-24.6324 9.59421 22.6027 40.1 
9 15 2
0
-41.0289 9.11065 40.9925 65.001 
1
-5.05659 9.73392 29.3677 86.8868 
9 15 3
0
-15.6933 16.2589 3.39048 63.4676 
1
-21.338 41.552 36.4571 10.1651 
10 0 0
0
-1.17153 42.9626 59.1365 55.4848 
1
-37.1226 59.6448 13.1709 28.6055 
10 0 1
0
-37.8667 55.7542 27.3081 70.4752 
1
-41.062 11.2561 38.5717 24.6752 
10 0 2
0
-39.2355 23.2598 32.5286 85.0847 
1
-33.1943 5.34716 17.0946 58.0072 
10 0 3
0
-58.6213 24.6366 21.8512 73.452 
1
-44.2731 9.38394 16.1428 68.4736 
10 1 0
0
-27.6554 56.8478 25.8154 70.7966 
1
-43.2922 1.62537 2.37087 54.0782 
10 1 1
0
-10.0685 43.7286 48.1582 37.7772 
1
-6.19458 9.56573 18.9063 15.9499 
10 1 2
0
-47.8659 14.7646 15.0142 89.3523 
1
-42.1703 20.3862 49.5816 78.5546 
10 1 3
0
-35.0612 43.3378 38.1759 65.8375 
1
-3.68306 54.5892 51.0509 76.3224 
10 2 0
0
-45.7228 29.1246 17.3669 14.1497 
1
-9.63239 40.4026 53.4524 44.079 
10 2 1
0
-13.1546 55.4263 24.2031 76.7005 
1
-8.90901 55.6637 18.5119 49.724 
10 2 2
0
-11.7809 39.7224 6.6751 44.3328 
1
-11.2333 11.4175 19.3493 10.665 
10 2 3
0
-8.00825 46.8747 30.4312 42.3095 
1
-22.4207 12.5547 18.3319 52.5157 
10 3 0
0
-13.9275 49.7729 55.4754 61.4673 
1
-37.6772 54.8084 19.745 87.662 
10 3 1
0
-42.8806 9.37888 40.7798 24.0565 
1
-33.9855 34.57 8.74501 43.5608 
10 3 2
0
-42.4524 35.9733 20.1484 34.0219 
1
-28.9315 32.5995 -0.406126 56.5952 
10 3 3
0
-37.148 32.4159 12.1742 40.1253 
1
-10.2 25.786 8.83476 51.1977 
10 4 0
0
-28.9875 4.31097 53.0984 70.7064 
1
-31.2589 30.7117 3.50256 11.4213 
10 4 1
0
-34.1454 38.3954 8.95326 52.5336 
1
-43.6837 24.9056 35.8941 28.9206 
10 4 2
0
-45.4072 6.62674 6.85997 13.3243 
1
-37.6401 34.7549 16.0437 44.9132 
10 4 3
0
-15.3628 26.301 15.295 37.8213 
1
-36.3804 36.5664 14.0886 46.4556 
10 5 0
0
-25.0267 13.4073 31.6438 39.1634 
1
-38.4988 53.12 27.2193 88.4037 
10 5 1
0
-37.2217 39.6582 20.1812 48.5533 
1
-32.8457 25.365 -8.6192 58.2812 
10 5 2
0
-37.8442 35.9138 22.9392 49.7761 
1
-22.6785 20.6012 5.36899 20.5065 
10 5 3
0
-36.6541 36.8236 14.6557 52.0266 
1
-19.5844 30.8421 23.3137 15.6264 
10 6 0
0
-55.0462 31.2621 30.7419 22.7379 
1
-44.0063 50.5948 7.37176 64.2321 
10 6 1
0
-20.8834 1.38211 11.2881 24.9537 
1
-38.7242 37.961 14.1745 55.7479 
10 6 2
0
-24.2009 29.0537 26.2367 22.9706 
1
-39.392 36.8735 17.6504 55.8835 
10 6 3
0
-27.211 24.8536 13.7172 24.2269 
1
-39.2949 39.0396 15.0664 55.602 
10 7 0
0
-40.8416 16.1225 22.8049 85.7657 
1
-9.02217 48.5397 46.392 62.8077 
10 7 1
0
-39.685 37.1173 14.8955 58.4953 
1
-44.2738 16.6615 -9.23532 45.2943 
10 7 2
0
-12.8268 51.1398 10.2181 21.5876 
1
-41.2529 35.9403 15.1047 60.2862 
10 7 3
0
-44.1646 21.9382 -11.1769 42.6128 
1
-40.8184 36.926 15.8244 61.2691 
10 8 0
0
-56.0103 7.76635 6.22042 20.8602 
1
-43.148 23.7509 24.9186 49.6883 
10 8 1
0
-43.1295 43.2091 24.7579 56.1264 
1
-39.273 37.573 -7.8868 50.2494 
10 8 2
0
-22.1857 20.6945 9.65784 34.9022 
1
-43.5491 38.1946 17.662 63.0416 
10 8 3
0
-46.0147 39.0956 20.8536 71.3714 
1
-36.7578 3.74279 28.1482 33.4928 
10 9 0
0
-14.2642 12.4542 10.7701 28.0373 
1
-17.0325 4.63025 9.60124 16.3743 
10 9 1
0
-21.745 4.42748 38.8535 48.3862 
1
-44.6146 40.3343 20.8162 57.3736 
10 9 2
0
-45.5702 20.3869 -2.201 59.9546 
1
-44.3762 42.0844 22.7678 69.8764 
10 9 3
0
-44.9253 42.1526 22.9481 73.2021 
1
-12.2223 24.0773 58.3498 16.5376 
10 10 0
0
-17.8626 52.8089 43.1078 55.6061 
1
-10.8919 46.6945 22.9067 48.0852 
10 10 1
0
-19.3167 0.84429 6.03814 47.4044 
1
-43.3194 37.381 21.1192 54.9502 
10 10 2
0
-20.1957 42.0873 30.7537 11.7119 
1
-45.1687 42.5411 20.3456 64.8727 
10 10 3
0
-42.4281 49.2388 24.1096 64.4433 
1
-43.5963 28.8785 1.56347 65.8712 
10 11 0
0
-5.11105 30.9111 33.0274 15.0158 
1
-22.2916 34.5388 35.125 51.7611 
10 11 1
0
-34.9685 48.2629 3.80717 16.688 
1
-19.8689 14.2887 23.6159 68.4817 
10 11 2
0
-46.8755 40.1677 7.49625 63.4442 
1
-25.4024 42.8571 28.8291 53.1411 
10 11 3
0
-43.2303 43.5143 13.8779 59.3443 
1
-16.364 19.0951 16.513 54.9231 
10 12 0
0
-53.5981 53.6295 34.1483 40.3154 
1
-57.0787 5.55893 35.4374 22.2974 
10 12 1
0
-31.5048 49.4017 28.0129 85.1817 
1
-25.3895 13.8253 27.3165 21.4274 
10 12 2
0
-36.0087 38.7413 2.92812 17.0664 
1
-28.0211 45.114 19.0683 72.0056 
10 12 3
0
-37.9189 29.6141 21.3564 73.0711 
1
-35.1736 7.48491 5.30292 28.7701 
10 13 0
0
-27.399 13.9006 48.8112 69.1092 
1
-23.7336 42.2006 32.8516 41.8701 
10 13 1
0
-54.7385 23.4099 4.01119 59.2657 
1
-59.055 31.8291 25.5219 50.5531 
10 13 2
0
-48.3325 7.68113 56.6584 83.3555 
1
-4.54857 38.6222 26.6741 37.0865 
10 13 3
0
-36.5338 35.6132 35.9106 10.2365 
1
-38.4869 18.3697 35.7172 64.7204 
10 14 0
0
-14.7026 35.9772 26.974 11.8257 
1
-32.105 46.6271 0.110436 46.9256 
10 14 1
0
-16.0161 50.6417 18.0279 14.6945 
1
-43.9205 47.0451 43.5424 38.7695 
10 14 2
0
-1.96993 42.1156 34.0558 33.6762 
1
-49.8074 43.9214 5.29714 35.6935 
10 14 3
0
-25.1541 1.74531 18.0529 23.382 
1
-11.6974 42.8785 23.3584 70.809 
10 15 0
0
-36.1042 37.0267 54.8255 46.1758 
1
-51.4121 14.4701 42.2579 15.0112 
10 15 1
0
-11.9589 19.2948 59.8067 40.0994 
1
-17.1948 30.4459 7.24476 65.9243 
10 15 2
0
-24.4782 56.4086 19.1713 44.4131 
1
-30.7979 51.9549 31.6161 71.5019 
10 15 3
0
-1.73451 41.2863 29.4232 26.4201 
1
-29.9114 47.1388 29.9994 78.3078 
11 0 0
0
-14.8915 53.9004 9.63073 63.8108 
1
-35.0338 8.80609 45.8876 65.9006 
11 0 1
0
-44.2034 17.9002 10.2097 49.0196 
1
-23.4651 42.7863 3.98186 23.7769 
11 0 2
0
-45.5473 27.9309 5.19801 86.3689 
1
-4.95673 16.9912 13.1538 81.425 
11 0 3
0
-51.6278 45.3614 45.0429 31.1801 
1
-42.4722 15.5658 39.45 64.6783 
11 1 0
0
-8.57744 33.2571 56.9205 63.4565 
1
-46.9273 35.1478 21.5101 50.4295 
11 1 1
0
-5.99432 16.6331 26.8259 76.3416 
1
-0.692401 53.5804 49.755 68.2954 
11 1 2
0
-8.34056 4.25917 53.4183 68.8923 
1
-23.4865 28.9709 50.8816 46.926 
11 1 3
0
-43.8002 59.0834 31.448 24.7387 
1
-59.2133 12.6287 18.6967 24.866 
11 2 0
0
-34.9316 56.0704 54.2062 20.4709 
1
-57.1684 49.5766 21.2757 84.8077 
11 2 1
0
-14.8368 0.249529 35.7768 21.5744 
1
-12.8676 38.4805 1.14986 67.81 
11 2 2
0
-52.4009 39.7599 7.80527 61.1269 
1
-42.4715 3.17339 1.13793 31.6132 
11 2 3
0
-48.2591 8.25177 2.54769 64.1488 
1
-56.8703 21.3935 34.7228 79.642 
11 3 0
0
-42.6389 26.485 38.4412 42.4412 
1
-24.7845 54.6798 16.7283 12.3618 
11 3 1
0
-10.6685 6.3837 22.1207 12.4826 
1
-35.744 29.1352 8.08039 42.8195 
11 3 2
0
-34.0457 19.8741 28.3659 51.3842 
1
-39.235 36.1812 2.14935 43.7644 
11 3 3
0
-29.2885 21.5503 10.0891 47.834 
1
-45.0142 41.5992 9.94321 22.4063 
11 4 0
0
-20.1702 56.6303 34.9183 70.2768 
1
-6.40425 5.85135 55.3355 22.3483 
11 4 1
0
-41.8687 28.8474 28.1629 33.3147 
1
-33.831 28.9504 -1.16181 50.7255 
11 4 2
0
-39.1886 26.6079 20.1588 38.0698 
1
-34.2693 13.906 -10.5639 45.3282 
11 4 3
0
-42.8136 24.6114 34.1596 31.6598 
1
-35.3792 28.2096 -1.72811 47.9438 
11 5 0
0
-57.2804 39.9547 27.0497 64.1069 
1
-36.6385 25.5214 51.5603 20.0802 
11 5 1
0
-39.225 31.572 26.2617 46.6953 
1
-38.0997 26.4014 -7.50321 44.5867 
11 5 2
0
-43.8799 13.6637 -9.82846 44.8348 
1
-37.3091 35.2831 20.8232 47.624 
11 5 3
0
-2.31708 1.27188 22.3923 30.6887 
1
-40.2233 28.6493 16.1965 46.5392 
11 6 0
0
-57.8109 35.9924 2.13572 68.811 
1
-12.9977 47.7751 8.59811 34.011 
11 6 1
0
-40.1092 30.5852 15.1894 49.276 
1
-34.2036 12.6056 46.9338 18.2918 
11 6 2
0
-37.8254 32.6862 20.0699 58.3524 
1
-49.0641 15.5873 -7.46555 34.2493 
11 6 3
0
-37.5531 36.2374 24.4332 50.0421 
1
-43.1512 17.5783 -10.3746 45.9652 
11 7 0
0
-0.923438 1.63457 54.3866 47.339 
1
-13.6353 51.1561 57.126 72.6273 
11 7 1
0
-45.9143 21.3034 -6.37173 46.9063 
1
-39.7068 37.8122 24.4119 54.3417 
11 7 2
0
-45.4537 17.9491 -0.0430887 53.5301 
1
-38.5768 41.317 23.5647 53.7058 
11 7 3
0
-40.8094 32.5782 15.6232 59.0885 
1
-15.1007 51.7405 2.42976 24.1979 
11 8 0
0
-37.9388 16.9217 11.7145 11.4284 
1
-50.6015 42.09 49.257 32.2868 
11 8 1
0
-38.701 30.749 55.5075 20.7157 
1
-45.682 32.9056 15.8692 53.7449 
11 8 2
0
-44.4225 41.1124 22.0806 67.3004 
1
-47.0224 15.1792 -2.02203 56.5877 
11 8 3
0
-47.1642 12.3281 -4.68909 56.8714 
1
-44.6738 36.73 23.3629 67.6394 
11 9 0
0
-2.26701 1.96614 48.1723 34.6477 
1
-28.0316 56.061 0.27511 74.0659 
11 9 1
0
-47.6443 34.4733 20.4256 59.4995 
1
-32.565 3.69169 48.3268 28.5873 
11 9 2
0
-45.9544 34.8736 38.7489 17.392 
1
-47.6047 33.4849 18.2565 66.9738 
11 9 3
0
-35.6875 39.9905 46.6483 21.0485 
1
-48.0644 37.5095 24.3052 69.5698 
11 10 0
0
-7.54642 29.6516 22.595 78.537 
1
-2.26566 48.1869 39.9952 75.1995 
11 10 1
0
-47.1022 34.0703 16.6357 59.3055 
1
-41.6865 1.76396 57.3278 11.7463 
11 10 2
0
-46.1732 38.3708 21.4901 60.6549 
1
-11.2274 9.18745 44.094 56.6208 
11 10 3
0
-59.5867 10.5866 24.8602 15.3389 
1
-41.8405 42.7437 16.166 60.2219 
11 11 0
0
-5.5649 23.8925 58.6633 78.0523 
1
-16.7917 54.1024 50.4766 15.4007 
11 11 1
0
-44.1042 6.94136 23.9532 60.2604 
1
-28.4582 9.96045 56.5525 76.6662 
11 11 2
0
-39.244 33.3595 16.6307 61.0428 
1
-20.1691 25.9053 13.743 23.7581 
11 11 3
0
-23.3306 13.5439 45.9913 22.7129 
1
-40.1828 43.5017 21.5343 52.7848 
11 12 0
0
-1.7926 47.6602 55.2336 66.5802 
1
-38.978 50.0151 55.225 62.6411 
11 12 1
0
-59.6943 37.8632 11.2504 30.4421 
1
-32.3742 40.4903 59.5062 62.2762 
11 12 2
0
-35.8702 38.4787 3.61123 40.8601 
1
-45.8354 17.007 47.6858 34.3188 
11 12 3
0
-14.9042 11.4394 22.691 70.4738 
1
-48.7818 23.6057 38.2097 70.3517 
11 13 0
0
-8.56166 40.0469 36.6614 65.1623 
1
-50.9853 6.63072 46.9747 71.0671 
11 13 1
0
-36.1335 27.3639 12.0546 34.5965 
1
-35.624 46.3844 41.8662 67.8629 
11 13 2
0
-46.1431 51.2165 19.3242 72.9357 
1
-10.3342 39.1111 5.5945 61.6171 
11 13 3
0
-44.2906 18.851 13.6533 89.6357 
1
-56.1217 38.5351 35.2916 56.9931 
11 14 0
0
-8.49009 27.5857 20.5608 73.2188 
1
-55.2117 4.04428 44.5505 22.4036 
11 14 1
0
-40.144 0.887752 14.2926 59.902 
1
-58.6741 3.75646 34.501 11.3759 
11 14 2
0
-45.6227 44.6901 48.1994 18.5377 
1
-10.5036 24.7694 21.1616 54.1389 
11 14 3
0
-17.4745 42.5717 31.5317 11.1661 
1
-53.2226 22.8199 35.4203 26.3397 
11 15 0
0
-51.6015 34.7623 20.6933 42.0195 
1
-27.8576 56.0723 35.86 23.2395 
11 15 1
0
-57.4339 35.22 15.101 18.7944 
1
-10.2055 43.1025 2.0012 67.7849 
11 15 2
0
-5.79884 56.6679 16.8076 86.5013 
1
-20.996 57.8485 6.79792 17.586 
11 15 3
0
-6.89189 18.6416 49.6477 13.5268 
1
-50.6729 57.997 59.3578 45.1916 
12 0 0
0
-40.9411 0.589296 23.3905 68.9614 
1
-5.96398 4.15303 38.2982 18.91 
12 0 1
0
-39.6129 27.5113 34.4741 52.5687 
1
-17.6875 28.3223 49.3607 89.6537 
12 0 2
0
-50.1148 40.8467 41.5303 38.4655 
1
-39.279 9.91407 0.0679566 13.6539 
12 0 3
0
-3.67165 34.56 10.8076 33.3222 
1
-0.796342 22.6473 5.07917 34.4233 
12 1 0
0
-57.0949 45.4521 53.6833 67.068 
1
-45.5982 8.97441 59.4779 12.674 
12 1 1
0
-52.7699 28.5936 35.0257 87.0432 
1
-19.2589 29.7159 50.561 27.8752 
12 1 2
0
-57.9665 30.0157 9.9528 78.9161 
1
-51.1645 6.90877 40.3719 34.2539 
12 1 3
0
-24.923 12.0712 42.7167 77.4614 
1
-13.7188 3.02581 26.8332 68.6217 
12 2 0
0
-2.2085 29.5195 21.1254 44.7099 
1
-34.5656 5.81038 29.8623 32.1711 
12 2 1
0
-11.124 57.3714 35.8787 39.3805 
1
-32.591 16.1059 24.7182 67.3044 
12 2 2
0
-49.7961 35.0458 51.9591 59.4094 
1
-21.389 10.7711 50.5025 44.2403 
12 2 3
0
-37.4694 48.74 5.19694 30.6311 
1
-44.7348 51.9241 12.803 81.3291 
12 3 0
0
-6.43125 49.8886 35.7006 18.7723 
1
-17.8035 20.0573 56.0236 14.2442 
12 3 1
0
-36.3959 25.6693 6.55618 59.751 
1
-42.015 34.5134 36.0261 36.1402 
12 3 2
0
-34.5805 43.636 1.64493 33.2686 
1
-37.5923 24.5206 27.4189 34.5121 
12 3 3
0
-25.6186 53.4487 27.1048 13.1112 
1
-40.4403 27.689 12.9624 44.3169 
12 4 0
0
-20.5716 0.336944 58.8954 77.2228 
1
-15.7811 52.1063 50.7163 45.486 
12 4 1
0
-33.4836 36.1522 0.4758 48.9298 
1
-41.2701 21.4664 28.2283 33.1053 
12 4 2
0
-44.2388 21.6865 23.7302 29.1982 
1
-34.7397 29.3527 -1.44867 49.2939 
12 4 3
0
-37.7074 28.9912 0.679263 47.3976 
1
-37.3946 26.6163 42.0051 26.4574 
12 5 0
0
-14.1264 40.9553 46.5325 25.1456 
1
-17.6221 41.7061 25.1828 17.5972 
12 5 1
0
-42.349 15.5471 -4.39584 42.6729 
1
-37.9488 33.1576 21.8529 45.4189 
12 5 2
0
-37.7697 27.866 6.49904 50.5843 
1
-42.4226 19.5645 40.8968 18.5198 
12 5 3
0
-48.5699 19.5853 25.6841 28.9536 
1
-35.7401 30.5112 6.4031 52.5624 
12 6 0
0
-39.1305 50.458 57.584 25.2521 
1
-57.7463 54.4809 0.598611 21.9659 
12 6 1
0
-14.4546 8.93511 10.517 51.9133 
1
-41.2037 27.1955 12.2458 46.6799 
12 6 2
0
-51.4421 24.4459 25.8721 26.7229 
1
-37.1379 28.6434 8.32613 53.767 
12 6 3
0
-47.8639 24.7325 37.4549 32.7753 
1
-38.6269 27.8179 1.21771 51.3937 
12 7 0
0
-0.613284 47.5486 59.3721 59.8131 
1
-45.4957 42.7606 57.2432 50.7128 
12 7 1
0
-41.2275 31.8976 11.1031 51.7797 
1
-52.9479 14.1009 24.3076 32.8221 
12 7 2
0
-43.1029 31.204 15.5608 52.8555 
1
-20.3337 2.02773 26.6242 28.8077 
12 7 3
0
-46.042 21.1217 0.489494 42.649 
1
-32.2734 37.3435 18.0399 65.4068 
12 8 0
0
-35.6727 32.1539 10.1122 66.3065 
1
-8.72674 40.8794 3.29701 73.4934 
12 8 1
0
-45.191 31.8706 11.1997 53.1797 
1
-32.4852 33.9117 2.19788 23.3027 
12 8 2
0
-28.4911 30.2928 13.34 35.2133 
1
-44.3684 36.1151 14.5619 61.0184 
12 8 3
0
-48.3728 24.0306 14.2947 57.2818 
1
-25.5632 66.2644 20.4013 49.3412 
12 9 0
0
-50.6119 47.7155 16.557 85.3756 
1
-43.9433 17.4915 54.2047 24.5089 
12 9 1
0
-45.4575 13.9895 28.5758 36.3736 
1
-44.5636 34.3518 14.9089 57.9135 
12 9 2
0
-46.5544 34.093 17.9811 65.3003 
1
-43.6761 44.9763 19.8788 21.0136 
12 9 3
0
-43.9309 45.2698 23.6483 66.8195 
1
-50.3116 7.97844 4.32421 66.2292 
12 10 0
0
-19.6123 4.06553 47.6473 60.6317 
1
-5.36752 30.007 34.6502 44.5129 
12 10 1
0
-54.2115 31.8923 34.0019 66.8136 
1
-42.3927 54.5237 50.324 14.7516 
12 10 2
0
-26.2997 53.5498 42.1005 47.7912 
1
-50.0728 17.0788 10.3251 57.5939 
12 10 3
0
-7.07471 16.3558 56.9322 24.5877 
1
-46.0686 31.0249 17.2094 63.3048 
12 11 0
0
-43.0062 18.005 47.2648 10.2466 
1
-55.7484 40.0428 4.74687 48.2198 
12 11 1
0
-51.4064 59.7516 20.136 39.5487 
1
-24.5215 40.8404 49.6305 86.6976 
12 11 2
0
-12.0993 50.2883 39.5163 62.2095 
1
-49.9689 8.9942 32.4417 77.3492 
12 11 3
0
-33.4364 43.5977 20.5048 62.0555 
1
-39.7572 57.9386 57.5369 26.7065 
12 12 0
0
-32.3825 40.3315 56.1601 39.0109 
1
-7.12479 25.6638 3.19456 49.0218 
12 12 1
0
-36.7938 51.236 25.2107 47.4603 
1
-35.1113 8.76211 11.6362 75.6461 
12 12 2
0
-27.2475 30.6023 10.4935 77.5101 
1
-58.0207 33.6778 22.1299 40.0357 
12 12 3
0
-27.5777 52.9351 29.3285 13.6545 
1
-22.3967 28.1487 41.196 49.4718 
12 13 0
0
-16.5735 7.93559 55.9178 88.0593 
1
-35.3422 31.5103 8.20922 34.4686 
12 13 1
0
-58.7479 5.41223 12.4631 33.0005 
1
-27.0763 42.0666 26.5386 18.4825 
12 13 2
0
-6.45985 46.3931 21.7126 79.1569 
1
-34.9272 23.3332 40.8825 23.8524 
12 13 3
0
-26.7708 21.1769 21.2793 41.4448 
1
-52.4064 6.86152 2.55196 27.6732 
12 14 0
0
-23.7027 4.00513 31.9242 54.047 
1
-30.0913 53.0831 29.3669 32.7819 
12 14 1
0
-18.4741 49.2743 46.5248 82.6019 
1
-38.2907 33.6608 51.9834 72.1829 
12 14 2
0
-15.3114 22.1562 4.85719 51.2567 
1
-46.847 19.918 51.5155 74.1842 
12 14 3
0
-10.0077 39.5975 41.3427 43.3447 
1
-1.65024 16.6732 1.89203 49.4072 
12 15 0
0
-31.9228 40.8145 30.7675 62.8313 
1
-37.9604 24.9803 21.7179 69.2954 
12 15 1
0
-35.7724 10.3634 54.4508 54.2519 
1
-11.3168 1.88349 37.4953 16.1209 
12 15 2
0
-41.9683 47.6899 38.2359 37.4411 
1
-20.2518 44.633 21.0837 38.317 
12 15 3
0
-57.3221 27.4827 30.1965 13.1656 
1
-2.10006 52.6828 20.2054 23.3035 
13 0 0
0
-45.479 50.8187 56.6803 88.4145 
1
-12.8295 21.9515 35.0558 17.1253 
13 0 1
0
-32.7216 7.61246 18.1712 75.3519 
1
-32.6575 4.68078 5.73289 51.2265 
13 0 2
0
-50.5481 26.0233 17.9369 31.7968 
1
-1.64851 8.42606 59.9752 46.8712 
13 0 3
0
-42.4739 31.0115 40.1978 33.5115 
1
-59.4924 51.635 45.6244 44.1179 
13 1 0
0
-50.767 0.851414 47.3197 12.6791 
1
-34.2045 53.3539 14.1525 10.0374 
13 1 1
0
-59.166 20.0534 19.4275 27.096 
1
-43.3548 57.5722 46.1264 28.4813 
13 1 2
0
-30.1264 17.7889 30.4026 49.0112 
1
-36.3648 33.9187 27.5284 46.6597 
13 1 3
0
-33.1624 20.1809 6.60454 50.5773 
1
-23.7981 50.2428 44.9055 23.6256 
13 2 0
0
-50.3041 30.9091 29.2296 61.311 
1
-49.1734 11.7748 10.8975 49.0343 
13 2 1
0
-10.2729 9.10545 43.8314 70.7409 
1
-0.994593 16.3531 7.86765 63.3675 
13 2 2
0
-38.2369 34.914 3.97483 62.1158 
1
-27.3219 16.4289 20.3835 12.1385 
13 2 3
0
-16.644 1.05238 50.3569 30.8837 
1
-31.5722 36.9841 9.60073 31.1415 
13 3 0
0
-22.7784 44.587 23.2957 57.3679 
1
-29.5223 23.0486 22.5555 22.5054 
13 3 1
0
-23.2942 36.3406 -2.03292 64.814 
1
-39.0815 36.5472 37.2567 33.6845 
13 3 2
0
-46.2864 4.92875 25.6501 24.3718 
1
-30.0609 46.3997 17.2011 29.8649 
13 3 3
0
-33.3577 9.09426 45.6133 24.3244 
1
-29.1143 32.7668 19.4407 55.5751 
13 4 0
0
-35.4765 57.48 8.79276 79.453 
1
-11.9935 40.1254 26.7453 33.2293 
13 4 1
0
-46.8177 14.6339 29.4112 34.0554 
1
-22.3373 42.6448 3.16159 61.7833 
13 4 2
0
-41.5515 28.3917 19.678 39.0834 
1
-48.9308 8.79672 8.15177 11.9956 
13 4 3
0
-48.5176 19.8196 40.3831 31.6279 
1
-35.9377 37.92 6.98057 50.9183 
13 5 0
0
-45.0757 56.3096 26.7312 45.0112 
1
-46.8389 31.1612 4.60737 41.2368 
13 5 1
0
-36.5988 31.9603 8.15924 49.9785 
1
-49.5384 17.1882 31.7184 27.6658 
13 5 2
0
-39.7969 32.7842 11.4352 47.6924 
1
-51.7672 10.0178 23.6995 24.5811 
13 5 3
0
-41.8782 26.9932 16.8538 42.4053 
1
-9.06026 22.2729 25.4528 31.5179 
13 6 0
0
-15.2077 18.6719 53.001 76.5611 
1
-8.4374 22.1559 23.54 10.1263 
13 6 1
0
-13.6199 55.9045 31.4344 19.2776 
1
-44.4182 21.2621 15.6457 42.3554 
13 6 2
0
-50.5938 19.3859 34.8711 28.6886 
1
-37.8651 32.4272 12.0944 50.2536 
13 6 3
0
-21.407 29.416 12.9734 62.3086 
1
-46.3704 21.608 18.7354 37.0063 
13 7 0
0
-14.743 37.9427 32.7544 59.4858 
1
-45.6494 18.9516 58.5683 20.6765 
13 7 1
0
-42.5011 28.4884 12.5669 43.3055 
1
-36.9339 13.5164 15.908 19.9881 
13 7 2
0
-37.8986 47.4773 4.18824 43.1613 
1
-45.2546 13.9413 10.4197 51.8399 
13 7 3
0
-42.345 33.285 14.797 50.0425 
1
-13.1943 26.6338 12.0873 57.0901 
13 8 0
0
-36.0787 47.1012 8.56761 77.9435 
1
-27.4047 47.2639 1.34289 11.6542 
13 8 1
0
-43.6448 30.7239 9.32373 50.5265 
1
-25.3609 5.46174 21.0601 39.0907 
13 8 2
0
-44.2183 0.771293 8.79053 13.7612 
1
-43.6559 40.4325 5.27911 50.8675 
13 8 3
0
-45.1949 29.6648 15.4778 63.318 
1
-22.5346 48.8225 -0.877081 35.0294 
13 9 0
0
-50.612 52.7257 2.25827 50.8845 
1
-41.9683 12.173 40.6875 30.4224 
13 9 1
0
-46.5345 14.8849 28.9136 64.9607 
1
-31.7404 62.4407 46.8986 16.5129 
13 9 2
0
-43.3467 35.1753 15.4929 67.4049 
1
-10.9661 19.7656 41.4699 64.7254 
13 9 3
0
-37.5468 28.0062 15.0621 32.8924 
1
-47.132 38.4578 14.3567 67.8155 
13 10 0
0
-51.6608 2.71572 21.0002 55.5449 
1
-21.5221 24.2314 14.9391 14.2056 
13 10 1
0
-50.085 32.6541 23.3929 20.0385 
1
-53.2363 26.3153 29.5323 61.7201 
13 10 2
0
-5.78841 24.8304 51.1366 17.9261 
1
-44.12 29.2121 15.1141 58.0553 
13 10 3
0
-0.652699 8.08712 9.97713 36.3352 
1
-40.6583 27.5027 17.7209 62.2652 
13 11 0
0
-41.0437 28.0232 47.1211 37.1481 
1
-8.42481 53.4221 1.46331 69.8411 
13 11 1
0
-49.3559 23.4338 5.97085 75.308 
1
-59.1192 8.24093 3.39067 44.4289 
13 11 2
0
-6.82778 53.6419 8.73054 69.3486 
1
-56.6311 16.0909 43.5154 49.5825 
13 11 3
0
-22.1792 40.5279 18.1753 74.6632 
1
-10.226 49.6068 9.56395 21.2451 
13 12 0
0
-22.758 14.7413 20.5967 63.7719 
1
-33.664 24.0086 7.24555 14.0744 
13 12 1
0
-48.7296 16.9094 56.0666 56.7747 
1
-26.8269 34.6813 42.8562 32.7409 
13 12 2
0
-22.1331 49.6081 11.6566 28.295 
1
-54.6477 30.4728 20.6436 85.8559 
13 12 3
0
-16.4375 50.6668 24.1835 33.548 
1
-2.47117 0.469849 41.8549 64.004 
13 13 0
0
-7.4893 25.8862 48.6694 45.0008 
1
-18.0008 59.6803 35.3095 69.8084 
13 13 1
0
-55.9025 19.4503 32.3822 43.6663 
1
-21.6891 10.5495 22.4803 39.3146 
13 13 2
0
-19.4272 48.0246 32.9651 82.3046 
1
-55.0443 50.1336 31.1307 26.7896 
13 13 3
0
-41.2941 6.75911 6.92699 10.6733 
1
-54.8079 18.3319 37.3449 84.4944 
13 14 0
0
-33.8175 24.2331 48.7185 13.7136 
1
-36.1959 34.9502 11.4272 77.5517 
13 14 1
0
-47.8374 0.180559 48.593 35.8602 
1
-31.4392 24.2424 58.7443 43.5107 
13 14 2
0
-52.4113 11.9458 12.461 70.5197 
1
-32.1025 3.80435 50.5912 27.7287 
13 14 3
0
-40.3333 53.2148 53.4082 69.0402 
1
-38.3817 0.370205 5.87433 21.2267 
13 15 0
0
-22.5135 18.1636 28.1603 45.8887 
1
-29.3515 27.7965 34.3929 76.0086 
13 15 1
0
-16.3675 2.93223 46.7072 31.91 
1
-26.1523 15.381 26.0634 86.8647 
13 15 2
0
-21.6918 55.0239 45.9565 89.1319 
1
-54.253 34.7392 37.1364 56.8154 
13 15 3
0
-12.5811 48.6577 2.69635 40.0052 
1
-19.4966 54.7615 38.6003 69.7713 
14 0 0
0
-26.5269 44.3515 34.1445 40.6813 
1
-43.6815 55.7247 13.8262 28.786 
14 0 1
0
-4.63509 29.1705 58.2172 37.0715 
1
-3.77883 53.0467 4.55117 22.0644 
14 0 2
0
-17.2922 17.132 16.4703 79.7315 
1
-1.12171 36.504 8.31004 51.4867 
14 0 3
0
-39.4905 44.4195 31.7591 54.9703 
1
-23.3879 19.4556 20.0864 78.0955 
14 1 0
0
-13.3637 37.0315 58.2406 40.6953 
1
-56.811 55.3651 55.6527 81.6522 
14 1 1
0
-34.7701 11.9728 24.8353 31.9954 
1
-42.4758 27.1756 53.6807 47.061 
14 1 2
0
-43.7021 44.9969 14.6289 62.1614 
1
-38.0674 50.5149 32.2216 50.6379 
14 1 3
0
-25.1408 9.33377 54.9221 18.2049 
1
-24.8129 50.4037 1.72606 84.1853 
14 2 0
0
-4.53718 50.5434 43.1836 41.4147 
1
-31.8343 44.8993 37.9096 30.4407 
14 2 1
0
-28.8622 52.1635 39.3011 54.2432 
1
-23.9834 52.8284 46.3738 41.8025 
14 2 2
0
-31.8295 22.7687 13.244 73.7776 
1
-8.76681 27.9804 24.8462 64.9835 
14 2 3
0
-39.874 30.3138 28.6421 48.669 
1
-50.9349 20.9379 0.626503 87.861 
14 3 0
0
-7.0076 1.53234 22.5309 26.2532 
1
-28.0711 35.0367 10.4565 63.5645 
14 3 1
0
-30.3148 42.35 22.4333 62.7011 
1
-33.8438 11.4203 47.1521 36.7556 
14 3 2
0
-52.506 42.6783 4.66952 33.7932 
1
-49.1457 46.8282 45.2483 37.4324 
14 3 3
0
-18.9641 16.3018 13.0653 80.2767 
1
-53.7428 40.3033 13.1501 23.7861 
14 4 0
0
-20.1924 49.1454 39.9003 38.1279 
1
-48.0974 29.6512 16.7618 22.9601 
14 4 1
0
-12.8967 33.2676 8.08557 67.9572 
1
-47.548 23.2335 28.2009 33.5686 
14 4 2
0
-22.2072 56.0231 9.87246 60.0812 
1
-50.7369 11.7019 34.1817 27.5883 
14 4 3
0
-14.9763 3.43263 0.675799 48.6837 
1
-46.6382 29.3903 27.1212 34.3754 
14 5 0
0
-40.6325 11.9268 37.6343 48.442 
1
-52.3393 51.1794 43.4197 78.8178 
14 5 1
0
-8.07868 8.43031 50.8135 27.5436 
1
-42.8328 29.1021 25.3871 41.4976 
14 5 2
0
-55.8959 2.80105 10.9198 19.6937 
1
-45.6654 28.6179 28.288 41.6382 
14 5 3
0
-38.2808 43.9434 21.7042 47.6762 
1
-46.9242 10.9365 35.6179 35.7896 
14 6 0
0
-24.5431 57.6343 1.90597 33.3836 
1
-27.0353 39.1113 21.0294 61.6585 
14 6 1
0
-47.4486 22.9772 37.5665 32.6247 
1
-32.7828 37.2958 3.8185 54.604 
14 6 2
0
-38.7219 34.5404 11.9669 51.0891 
1
-50.0115 14.9062 37.2311 32.7943 
14 6 3
0
-40.682 33.0722 18.7514 44.9948 
1
-41.8187 15.5598 20.4069 34.0209 
14 7 0
0
-25.3587 36.1201 46.5868 21.6202 
1
-8.5902 55.0316 12.116 44.0902 
14 7 1
0
-24.3098 34.8915 49.5758 13.2745 
1
-40.5583 30.2964 12.7499 46.2864 
14 7 2
0
-45.2098 2.02689 17.4838 14.1383 
1
-38.4582 38.5539 10.8132 44.1779 
14 7 3
0
-46.8941 22.7283 22.3444 52.8877 
1
-50.0024 50.534 4.551 19.9994 
14 8 0
0
-49.401 19.096 18.9367 82.6335 
1
-37.8548 5.42752 38.6886 55.3158 
14 8 1
0
-30.0553 49.5428 19.2987 37.3695 
1
-44.9872 10.5877 23.6555 44.1843 
14 8 2
0
-0.0945586 35.0397 29.7127 51.3804 
1
-45.2997 30.9827 12.171 54.1356 
14 8 3
0
-40.8319 45.1206 20.8367 58.7313 
1
-46.1706 25.471 12.9843 55.8716 
14 9 0
0
-25.8673 6.45519 27.4983 28.0558 
1
-7.09201 3.5907 51.2702 74.0286 
14 9 1
0
-47.4035 11.1169 9.33103 52.7419 
1
-31.2024 31.3445 27.018 55.7121 
14 9 2
0
-48.0734 35.5715 19.5994 63.2294 
1
-25.0791 14.5047 51.4732 29.606 
14 9 3
0
-26.0596 60.844 14.4711 64.5949 
1
-49.378 16.9376 19.2866 62.0863 
14 10 0
0
-22.942 14.8282 25.5312 74.1598 
1
-32.497 49.8042 11.2502 50.6249 
14 10 1
0
-15.83 37.3517 10.4695 70.2803 
1
-32.743 5.26176 13.0258 47.2318 
14 10 2
0
-30.7543 29.7603 43.0846 22.1088 
1
-37.9119 30.5159 10.8538 68.4239 
14 10 3
0
-41.0915 3.26548 25.5869 17.8563 
1
-36.0954 31.9536 14.4897 73.5973 
14 11 0
0
-46.8716 5.55646 42.9963 41.6791 
1
-52.3229 56.3839 45.1202 13.5374 
14 11 1
0
-38.4854 13.3289 9.52284 41.0256 
1
-7.30039 0.0316433 0.399064 34.3117 
14 11 2
0
-30.7652 35.4238 33.9658 48.1763 
1
-15.1862 28.9003 39.9196 31.4641 
14 11 3
0
-34.6418 33.3119 19.0129 37.278 
1
-27.7388 38.3274 40.8276 11.4428 
14 12 0
0
-38.2584 53.8925 27.0073 73.8974 
1
-10.2873 56.0897 17.1947 89.7278 
14 12 1
0
-50.4713 59.1486 37.7256 62.4433 
1
-42.3351 4.73955 40.1943 79.2056 
14 12 2
0
-29.955 54.7446 30.1681 70.315 
1
-5.48871 15.2549 23.4757 26.2966 
14 12 3
0
-30.3786 41.75 50.6188 49.6712 
1
-33.8354 34.1791 36.0267 28.3761 
14 13 0
0
-22.5805 1.63314 32.5052 35.4867 
1
-20.2716 59.494 1.48641 13.7219 
14 13 1
0
-32.9673 31.4593 55.6458 22.4239 
1
-9.71761 54.1022 10.1852 54.8864 
14 13 2
0
-7.14676 45.8161 31.607 37.0983 
1
-41.2988 14.2699 49.7321 21.8514 
14 13 3
0
-9.94835 22.1413 17.2239 25.4209 
1
-42.6587 5.52314 46.8038 13.8641 
14 14 0
0
-5.56265 56.5246 49.8716 89.4557 
1
-9.48054 55.4198 24.2665 24.6926 
14 14 1
0
-20.1059 45.4672 18.8541 82.6059 
1
-36.1161 56.1312 10.4204 50.2614 
14 14 2
0
-22.4383 29.1002 0.0853183 26.0458 
1
-25.3078 1.48044 15.9691 71.5418 
14 14 3
0
-48.2249 25.9261 43.0214 67.6763 
1
-53.5342 36.6412 58.9478 45.225 
14 15 0
0
-19.1217 49.4236 20.6066 65.0502 
1
-19.0407 27.1864 37.3427 76.1656 
14 15 1
0
-0.120541 29.0898 46.001 28.0608 
1
-59.211 44.0871 44.0468 42.2408 
14 15 2
0
-49.8562 33.8363 0.789067 43.5109 
1
-6.09828 2.19487 9.77063 29.0269 
14 15 3
0
-20.7596 31.4278 26.9134 75.2666 
1
-16.1984 21.3157 42.2131 60.3595 
15 0 0
0
-45.1571 53.0745 5.94913 56.6794 
1
-48.9233 32.4989 25.587 67.9668 
15 0 1
0
-17.6731 34.6239 57.5894 57.0665 
1
-33.0916 57.735 28.5012 13.3667 
15 0 2
0
-15.2813 9.37644 0.758129 22.7303 
1
-38.6331 54.1167 58.7325 35.7255 
15 0 3
0
-59.7783 15.9364 51.92 87.942 
1
-39.7119 36.6124 41.8694 13.3297 
15 1 0
0
-34.371 5.92177 21.3712 60.8692 
1
-52.6855 18.1019 32.1812 38.9101 
15 1 1
0
-8.69339 20.5866 39.4987 58.9315 
1
-53.2007 34.0728 48.5428 57.0204 
15 1 2
0
-42.9852 19.9396 10.9157 33.6772 
1
-18.0641 5.71884 50.8641 19.9497 
15 1 3
0
-14.4985 55.0405 19.7057 29.9182 
1
-22.6705 12.7918 52.3519 60.1953 
15 2 0
0
-31.9007 16.8519 12.2963 32.7355 
1
-42.9365 41.8938 52.7262 11.0308 
15 2 1
0
-41.1134 58.4748 29.7318 13.734 
1
-4.44285 1.91267 5.49773 28.4624 
15 2 2
0
-46.1027 44.2674 53.0173 65.0428 
1
-17.8144 38.3612 57.6668 83.1701 
15 2 3
0
-54.4062 2.2444 29.3949 47.9407 
1
-52.8921 58.1826 44.937 52.4659 
15 3 0
0
-43.786 36.0141 23.8516 13.6698 
1
-14.2752 0.907043 46.135 35.9329 
15 3 1
0
-52.7905 51.101 10.6202 12.2143 
1
-35.2703 43.0149 34.7813 51.0845 
15 3 2
0
-2.15989 2.89735 49.8342 34.5467 
1
-46.381 49.5081 44.6313 61.8963 
15 3 3
0
-50.9739 15.4199 36.7856 66.1663 
1
-44.4805 42.0926 37.8388 75.7421 
15 4 0
0
-28.4767 34.851 29.0532 42.5761 
1
-59.9374 2.1997 36.785 41.2368 
15 4 1
0
-41.0622 33.366 25.4772 56.7164 
1
-42.9464 14.7596 40.7583 45.0393 
15 4 2
0
-47.9972 40.6111 38.3651 40.1622 
1
-26.751 11.2831 54.0299 63.4877 
15 4 3
0
-41.4928 51.3386 18.01 64.0227 
1
-34.8555 32.405 49.9851 51.682 
15 5 0
0
-0.202266 33.0379 22.3529 17.4076 
1
-5.26455 57.4031 56.4844 74.5842 
15 5 1
0
-3.34963 25.923 -1.01346 61.3677 
1
-47.4592 29.2822 30.17 38.5918 
15 5 2
0
-49.2917 11.9095 40.7145 34.1505 
1
-37.2323 40.0529 8.26589 61.2011 
15 5 3
0
-44.4053 29.8269 25.9544 39.0639 
1
-32.1525 13.9527 43.5807 22.9338 
15 6 0
0
-53.698 1.76136 38.6915 33.1758 
1
-54.8534 38.1591 52.2328 89.4995 
15 6 1
0
-33.013 54.9985 37.5339 37.1624 
1
-46.0242 16.0618 24.6589 47.1659 
15 6 2
0
-40.3532 40.4885 28.4319 40.3323 
1
-40.9933 16.8766 7.54729 52.7741 
15 6 3
0
-33.9293 20.8575 27.1904 27.2643 
1
-45.7922 24.964 21.9612 41.1592 
15 7 0
0
-59.2698 40.7162 15.3083 58.845 
1
-59.5684 21.0936 21.8126 28.9791 
15 7 1
0
-32.7425 13.2082 22.2276 18.2453 
1
-45.0981 33.5439 26.1695 50.5705 
15 7 2
0
-40.068 35.8303 12.3113 53.9065 
1
-49.9406 3.61159 18.5926 46.1564 
15 7 3
0
-45.7121 23.8111 27.5047 53.2235 
1
-29.7421 48.8107 21.5348 50.9023 
15 8 0
0
-41.2041 40.2249 13.3183 36.8591 
1
-32.9525 20.6628 47.5118 31.4678 
15 8 1
0
-54.4651 17.9511 46.1955 64.4843 
1
-6.90152 31.6657 6.1977 48.5448 
15 8 2
0
-49.628 32.7556 17.4303 59.4736 
1
-27.9961 17.8646 34.1091 10.1258 
15 8 3
0
-41.8363 16.0626 32.908 25.2934 
1
-49.5565 39.834 9.31703 63.2596 
15 9 0
0
-14.83 17.0154 58.3837 41.3081 
1
-13.5012 17.6503 38.5116 33.6916 
15 9 1
0
-5.22791 41.2965 5.6618 47.9938 
1
-53.782 12.5254 11.0122 73.967 
15 9 2
0
-30.5602 44.7323 0.381805 24.6234 
1
-28.1998 32.1575 17.7998 64.8824 
15 9 3
0
-30.6264 11.3542 56.1448 36.4146 
1
-28.7307 31.8396 13.5375 73.5748 
15 10 0
0
-46.0584 52.0556 1.70638 24.9095 
1
-53.3813 48.5717 12.9829 80.522 
15 10 1
0
-7.13483 21.0643 11.3513 69.1363 
1
-46.9085 20.3795 2.86921 22.3171 
15 10 2
0
-10.8033 12.495 58.54 19.2153 
1
-41.3086 44.225 16.5992 56.5096 
15 10 3
0
-47.2646 34.0074 9.28078 77.8855 
1
-33.7294 34.9981 39.9572 56.8859 
15 11 0
0
-32.6716 50.7382 46.3234 63.1965 
1
-19.5078 39.2215 26.466 21.9241 
15 11 1
0
-16.4121 50.377 18.07 28.2567 
1
-45.1662 32.3952 24.6867 59.9861 
15 11 2
0
-46.5267 52.3713 48.3 24.1846 
1
-57.2115 21.1924 19.2791 36.7729 
15 11 3
0
-4.06649 9.31773 56.1534 30.3617 
1
-26.8691 49.9013 29.9149 29.5249 
15 12 0
0
-58.3715 8.30718 50.734 17.1344 
1
-28.3234 7.50896 57.5447 20.5525 
15 12 1
0
-4.11712 16.662 5.20739 10.533 
1
-18.8305 48.468 21.7353 50.457 
15 12 2
0
-23.5785 24.6112 25.7921 89.7543 
1
-37.0719 33.9817 0.343716 89.3897 
15 12 3
0
-3.98943 53.6439 29.1573 10.8403 
1
-2.14396 57.2382 5.77426 36.1582 
15 13 0
0
-18.9731 42.36 59.4208 84.9194 
1
-29.8142 17.5124 45.8813 76.4047 
15 13 1
0
-41.2525 2.27454 55.7489 48.9535 
1
-50.4198 59.6721 41.623 13.3165 
15 13 2
0
-34.1135 43.1002 10.947 19.9211 
1
-0.853913 4.65849 17.3697 53.6681 
15 13 3
0
-21.7488 30.9788 27.4509 66.9167 
1
-17.7806 44.4159 15.674 35.9441 
15 14 0
0
-40.78 36.2767 21.1378 35.548 
1
-43.1211 21.1983 50.0816 74.629 
15 14 1
0
-13.4153 25.2441 26.1143 66.1923 
1
-50.5076 38.9032 15.348 39.8893 
15 14 2
0
-6.14473 31.4267 50.3186 51.3321 
1
-21.0403 4.71138 15.7744 39.7319 
15 14 3
0
-45.9652 49.4631 13.4197 35.7153 
1
-31.3546 1.57549 6.55807 16.4284 
15 15 0
0
-2.72877 23.6079 19.9623 15.6459 
1
-0.382143 50.5732 50.3035 37.7358 
15 15 1
0
-17.9396 50.9221 6.74286 76.4692 
1
-42.6036 48.4486 41.7891 63.6129 
15 15 2
0
-44.2245 33.5041 4.56027 79.3275 
1
-1.10419 30.1309 24.6021 21.0337 
15 15 3
0
-45.4531 37.5619 30.0527 41.6385 
1
-4.01854 18.3036 1.10527 36.7717 
