16 16 4
2 4
0 0 0
0
-50.8366 41.187 57.0134 83.5234 
1
-30.2845 29.8137 22.3411 21.5328 
0 0 1
0
-12.1465 24.6614 -4.67609 58.5944 
1
-20.2089 53.1881 14.4994 20.4143 
0 0 2
0
-19.8324 33.7476 -3.92659 60.1089 
1
-33.0357 77.0089 17.5709 28.2702 
0 0 3
0
-24.4067 18.463 58.6454 13.4324 
1
-28.4469 84.6437 5.89065 45.6363 
0 1 0
0
-56.8198 21.6163 44.4735 54.2403 
1
-28.6377 16.1325 27.5348 52.7012 
0 1 1
0
-20.7206 70.9478 16.8951 38.9405 
1
-13.9586 43.0316 -11.6533 20.0799 
0 1 2
0
-11.9841 1.31326 5.50449 74.2683 
1
-24.2508 78.0693 -1.14983 33.8239 
0 1 3
0
-23.5597 33.2978 10.8184 38.8689 
1
-24.0033 60.892 19.5928 48.4049 
0 2 0
0
-20.5358 52.3715 40.7735 47.232 
1
-26.4161 27.0266 17.4482 61.5686 
0 2 1
0
-13.185 78.8051 26.6591 17.5968 
1
-32.2766 59.309 4.58362 42.4411 
0 2 2
0
-0.91447 46.8722 49.1716 48.7287 
1
-40.2592 81.5957 -7.54433 35.1666 
0 2 3
0
-37.1888 48.1141 -6.54807 76.0355 
1
-45.9283 39.1818 20.8944 62.4798 
0 3 0
0
-46.5416 54.4249 44.8652 78.446 
1
-54.9398 14.8421 49.0255 23.4564 
0 3 1
0
-24.4438 6.78351 38.9179 41.1073 
1
-30.9949 74.3675 13.627 27.9743 
0 3 2
0
-58.9777 0.940236 29.8916 70.8813 
1
-27.4065 81.3526 -4.34811 39.1377 
0 3 3
0
-48.0948 66.1846 14.351 63.3416 
1
-20.6373 56.984 35.454 55.6196 
0 4 0
0
-0.52973 8.59629 56.0622 24.0356 
1
-41.0415 4.05412 3.87812 56.5091 
0 4 1
0
-38.5668 48.1203 0.945302 56.1863 
1
-27.4643 85.9995 4.90096 23.5439 
0 4 2
0
-43.8767 77.5218 -14.4055 54.7861 
1
-10.6834 24.3241 32.857 57.0818 
0 4 3
0
-22.1548 9.03137 13.5564 65.1891 
1
-45.7107 62.8603 8.61672 64.9145 
0 5 0
0
-49.8862 48.2992 40.4896 22.575 
1
-5.87747 7.23453 46.4221 84.119 
0 5 1
0
-27.9774 76.1977 -7.41162 55.2034 
1
-35.5598 30.2466 21.6312 23.3517 
0 5 2
0
-1.97826 35.3832 1.04341 61.2206 
1
-35.9412 87.1922 -7.42698 50.7894 
0 5 3
0
-33.033 55.3011 39.1881 51.7774 
1
-41.8143 65.9087 -5.722 73.2976 
0 6 0
0
-24.6187 35.7313 13.7666 55.6444 
1
-26.6414 14.2832 4.02239 32.1904 
0 6 1
0
-43.4331 73.0034 3.23663 47.2771 
1
-57.4851 19.3546 24.8749 15.0477 
0 6 2
0
-38.8873 76.9449 11.9019 50.002 
1
-57.4974 44.6739 49.7193 24.0418 
0 6 3
0
-45.8137 5.32324 12.1976 47.7344 
1
-20.3888 58.6776 35.2484 67.0857 
0 7 0
0
-20.1932 31.4973 57.5006 24.3725 
1
-56.0569 10.0584 10.9483 45.9627 
0 7 1
0
-25.5786 73.3956 -1.09045 38.0778 
1
-16.4265 20.3382 17.8104 16.468 
0 7 2
0
-20.5984 62.6181 5.99098 37.0912 
1
-33.889 2.72282 4.58246 80.4071 
0 7 3
0
-50.371 13.0297 28.7688 34.4591 
1
-19.1181 46.2283 41.4357 80.4791 
0 8 0
0
-5.1069 39.2398 32.1836 41.3397 
1
-54.086 13.8147 53.2217 80.2193 
0 8 1
0
-33.6607 71.5438 8.33074 49.2938 
1
-51.866 4.71431 43.8071 26.9058 
0 8 2
0
-23.1803 9.19551 22.8167 59.6675 
1
-45.643 58.2744 8.02836 61.3893 
0 8 3
0
-35.9157 59.2957 37.3648 15.5931 
1
-16.1492 48.7059 51.3628 59.4244 
0 9 0
0
-22.5349 30.8916 11.3952 40.4848 
1
-14.0666 43.1647 34.7625 62.0245 
0 9 1
0
-35.6122 57.0656 27.2038 34.5461 
1
-25.7863 23.6415 -3.67171 66.9458 
0 9 2
0
-33.5111 82.0924 3.05092 66.1461 
1
-20.586 43.105 14.1879 71.1482 
0 9 3
0
-27.5247 34.2384 48.8091 32.4286 
1
-42.4847 62.2366 -1.13328 52.4828 
0 10 0
0
-50.5034 37.1415 50.7839 60.0427 
1
-33.2559 17.7247 3.80451 67.1331 
0 10 1
0
-18.0001 38.3779 30.6321 72.2716 
1
-43.9291 76.9349 -1.60206 43.9808 
0 10 2
0
-39.5791 48.0727 10.9773 61.7363 
1
-3.05401 17.2102 21.6144 42.5389 
0 10 3
0
-31.8271 40.0281 29.9058 43.9163 
1
-20.8776 1.18386 50.6048 46.1358 
0 11 0
0
-20.5461 49.0746 36.2513 10.4986 
1
-5.21691 30.0506 3.07969 46.352 
0 11 1
0
-21.3089 33.8941 36.3314 79.4449 
1
-28.1645 73.8098 18.5294 49.5561 
0 11 2
0
-42.5256 45.4033 33.4662 31.1292 
1
-48.8657 74.3043 29.7414 51.0535 
0 11 3
0
-28.0814 55.5798 42.2826 47.8346 
1
-23.1287 26.1169 17.9715 52.1677 
0 12 0
0
-51.0064 49.6385 36.5046 30.4093 
1
-57.7787 24.0808 30.0126 41.2588 
0 12 1
0
-58.2 35.607 0.882953 30.5225 
1
-6.49476 57.4768 36.4555 43.5686 
0 12 2
0
-39.5193 73.7881 3.09764 60.0126 
1
-21.5767 25.8845 -2.20029 79.4962 
0 12 3
0
-11.1314 32.1844 38.09 74.609 
1
-30.5946 6.06199 35.0871 45.1974 
0 13 0
0
-1.6754 7.51319 5.88983 62.8105 
1
-24.0945 44.3766 40.7441 84.5966 
0 13 1
0
-3.34591 12.9886 3.49334 17.2879 
1
-46.4156 10.1167 15.7124 44.6653 
0 13 2
0
-38.6395 71.1633 -3.16742 57.4112 
1
-38.6278 7.65268 34.9299 28.4538 
0 13 3
0
-52.7246 16.726 16.517 79.7298 
1
-8.44344 37.2216 38.0203 80.1472 
0 14 0
0
-36.5786 32.978 32.4437 39.7317 
1
-53.5992 43.2513 37.6266 35.6124 
0 14 1
0
-29.4093 50.5236 11.5325 88.8417 
1
-43.5304 47.4983 57.0453 64.971 
0 14 2
0
-39.2257 31.7493 23.4806 74.0884 
1
-25.9965 55.3463 25.4284 55.5542 
0 14 3
0
-57.3327 34.3954 12.9214 26.5447 
1
-30.0291 33.5636 4.56885 11.9232 
0 15 0
0
-6.35295 20.2665 28.9775 72.1609 
1
-54.7291 59.1311 50.6096 60.5139 
0 15 1
0
-46.8453 40.1789 40.1026 13.4849 
1
-25.2266 14.163 5.18839 72.4633 
0 15 2
0
-21.8697 66.0008 4.05178 45.6652 
1
-24.6421 28.4901 54.9406 17.4448 
0 15 3
0
-52.5656 3.04636 50.5006 85.5881 
1
-18.7051 0.930909 3.64149 48.2201 
1 0 0
0
-48.2007 52.5694 32.1736 65.8556 
1
-49.0675 31.7075 35.4192 23.136 
1 0 1
0
-21.3301 17.0704 -6.86349 66.7626 
1
-31.5743 54.4962 32.3788 28.7718 
1 0 2
0
-38.2078 25.4844 -1.9489 29.6029 
1
-12.2159 42.4864 55.0298 28.321 
1 0 3
0
-34.7632 18.9319 31.6333 32.0509 
1
-34.4018 58.6232 44.7132 53.6543 
1 1 0
0
-32.2202 38.2408 49.3798 66.1559 
1
-3.75308 1.44051 31.6193 41.0455 
1 1 1
0
-21.8543 15.6626 4.02498 25.0938 
1
-11.8549 60.9023 20.2985 29.1958 
1 1 2
0
-21.8836 73.9527 31.4939 45.0867 
1
-15.0935 38.6021 9.47172 65.0301 
1 1 3
0
-28.4203 62.1006 -5.16223 57.0476 
1
-28.8332 22.8871 35.9278 28.6052 
1 2 0
0
-49.7427 1.4971 42.0196 89.4427 
1
-51.7468 45.5845 34.5443 69.0826 
1 2 1
0
-7.99719 48.0288 -14.0263 30.7524 
1
-23.7683 57.739 5.9414 35.3318 
1 2 2
0
-28.4634 79.9846 0.446375 43.5151 
1
-5.042 5.45462 20.7901 31.1019 
1 2 3
0
-23.5437 19.0463 43.6544 34.602 
1
-17.983 51.0953 1.41519 44.3385 
1 3 0
0
-43.5682 38.3726 10.7571 54.2281 
1
-19.9689 44.7576 31.8951 15.5853 
1 3 1
0
-14.6239 78.1769 21.4635 23.4186 
1
-27.0793 37.5696 -18.0972 35.7127 
1 3 2
0
-33.8722 81.7956 4.59976 41.904 
1
-32.3852 20.3189 14.9789 66.6069 
1 3 3
0
-16.5825 12.9672 -7.91076 60.3351 
1
-34.8353 55.5945 26.7692 39.383 
1 4 0
0
-15.4441 53.3225 33.7287 72.7292 
1
-23.5607 53.4691 4.84826 87.038 
1 4 1
0
-24.1888 73.8467 18.284 47.7227 
1
-30.4175 30.2431 -12.2254 55.514 
1 4 2
0
-44.4364 24.5731 10.5093 38.0713 
1
-33.5653 70.9708 4.58723 42.8088 
1 4 3
0
-28.5856 60.2803 7.10994 66.8936 
1
-39.6252 22.5851 53.6622 13.265 
1 5 0
0
-25.9127 53.8044 50.679 83.6625 
1
-0.848701 54.4883 35.3526 28.7436 
1 5 1
0
-32.5691 75.3323 11.7279 32.7339 
1
-3.9686 8.23949 18.612 25.112 
1 5 2
0
-37.2029 66.9461 0.93959 55.47 
1
-6.55288 13.0659 41.2558 48.1566 
1 5 3
0
-32.4274 64.6652 31.1929 65.662 
1
-22.142 19.5399 31.0641 25.1827 
1 6 0
0
-56.4245 55.1097 43.7421 37.275 
1
-5.12236 19.1446 53.1942 69.5901 
1 6 1
0
-39.7019 13.9484 44.2258 30.4214 
1
-21.674 71.5524 -7.99764 44.903 
1 6 2
0
-36.4474 80.3467 2.70721 45.8117 
1
-51.9047 20.3498 1.24672 79.2204 
1 6 3
0
-22.5493 52.7328 17.8424 39.0808 
1
-41.0635 63.2161 2.96342 74.6212 
1 7 0
0
-37.5982 41.6767 5.35796 36.8921 
1
-6.41673 45.3926 48.773 32.1394 
1 7 1
0
-19.7367 62.5283 -15.7677 43.4704 
1
-40.3751 74.6049 10.8871 49.5252 
1 7 2
0
-38.4492 74.1208 3.50808 49.012 
1
-23.3639 17.6876 17.8202 71.8734 
1 7 3
0
-42.1273 30.8693 9.97534 78.7131 
1
-6.41097 37.7556 20.3444 60.3131 
1 8 0
0
-4.35998 54.9394 24.3085 46.8745 
1
-54.4612 55.6162 18.8031 23.3369 
1 8 1
0
-54.4721 6.83477 27.6955 52.7523 
1
-42.9708 82.1757 9.09034 37.093 
1 8 2
0
-25.2546 58.5979 -2.09303 55.7158 
1
-42.5637 6.33964 -2.7209 73.636 
1 8 3
0
-23.8756 64.1649 2.64424 59.4016 
1
-28.7295 41.4184 39.8006 29.8032 
1 9 0
0
-11.2464 57.3592 6.66946 54.6603 
1
-42.1992 51.245 11.4018 44.1863 
1 9 1
0
-27.1075 79.3281 14.1514 48.1133 
1
-56.6725 33.1581 5.48287 16.1237 
1 9 2
0
-33.2212 68.9033 2.03422 52.0895 
1
-18.1383 5.6318 55.5482 19.6004 
1 9 3
0
-40.6914 58.6173 3.36084 70.8388 
1
-4.68228 55.3262 59.4832 39.2392 
1 10 0
0
-37.3366 52.7346 36.4215 26.6269 
1
-43.358 32.3737 55.2048 45.8332 
1 10 1
0
-43.5824 70.5375 17.0519 32.3413 
1
-56.977 20.8331 37.7919 55.5053 
1 10 2
0
-10.7652 44.3988 34.593 25.4612 
1
-35.7254 74.7909 1.65435 54.8435 
1 10 3
0
-3.1145 57.1349 38.6422 11.271 
1
-52.95 47.7905 11.5813 72.2799 
1 11 0
0
-44.7255 29.3586 23.2212 63.6128 
1
-30.2146 26.2226 33.8975 66.2207 
1 11 1
0
-6.72345 43.2348 52.5126 29.3685 
1
-50.0854 66.3602 12.5937 60.7884 
1 11 2
0
-31.2487 62.3767 -10.1817 73.4056 
1
-6.56794 6.34481 59.7456 18.0165 
1 11 3
0
-24.9903 4.76581 52.6159 66.4235 
1
-19.4851 28.0502 34.2826 50.583 
1 12 0
0
-9.19704 29.5496 25.478 28.2267 
1
-51.0022 54.1404 21.5821 75.2218 
1 12 1
0
-35.5064 64.8311 0.921928 61.4311 
1
-6.57562 26.1286 0.153851 28.9612 
1 12 2
0
-24.3507 5.58531 4.36685 16.5761 
1
-28.8491 45.5513 -2.43504 56.7241 
1 12 3
0
-20.9132 44.8534 7.02743 42.3117 
1
-26.5008 24.0695 49.4606 11.3638 
1 13 0
0
-46.9429 3.78022 3.2612 47.2093 
1
-23.4388 11.0698 44.4391 89.4373 
1 13 1
0
-20.423 42.8872 24.9362 77.9783 
1
-29.9876 30.3772 52.882 10.3025 
1 13 2
0
-26.7224 65.6094 3.45921 50.8224 
1
-42.2959 56.6807 22.9852 31.7528 
1 13 3
0
-16.6322 39.6943 40.9164 58.951 
1
-51.394 67.0266 5.00895 80.0085 
1 14 0
0
-38.9667 34.3834 54.883 85.083 
1
-45.7603 47.1973 58.3825 60.0971 
1 14 1
0
-40.1905 16.349 7.89255 27.7958 
1
-23.1554 14.088 46.3358 29.5178 
1 14 2
0
-13.0807 9.44805 18.8772 41.9569 
1
-31.4363 72.138 -2.65811 67.8516 
1 14 3
0
-11.2069 13.583 19.7532 82.9577 
1
-46.8798 15.6546 25.0949 21.638 
1 15 0
0
-32.2832 52.4151 13.9638 67.8628 
1
-32.9832 5.89516 49.9795 71.9546 
1 15 1
0
-6.6611 27.5048 59.3585 82.6265 
1
-58.6683 16.0492 34.5255 84.359 
1 15 2
0
-25.7939 52.4981 8.08177 58.8957 
1
-36.5541 0.127693 45.279 34.0707 
1 15 3
0
-29.3158 32.3601 5.99753 78.184 
1
-6.2765 22.686 17.0635 26.1818 
2 0 0
0
-39.3755 24.0581 45.2761 18.9669 
1
-23.1741 43.9895 18.4544 21.85 
2 0 1
0
-49.8142 10.0136 14.7555 12.5937 
1
-22.2372 45.5792 11.6922 45.2477 
2 0 2
0
-15.1203 27.0481 37.2259 50.4953 
1
-8.3296 54.6631 5.32343 17.611 
2 0 3
0
-25.2899 11.2675 36.3034 21.4065 
1
-50.0489 42.2561 10.8521 36.9424 
2 1 0
0
-50.025 52.6922 1.43843 69.806 
1
-55.3152 10.0723 55.6679 70.4809 
2 1 1
0
-48.1646 17.8929 11.022 21.0292 
1
-13.3479 44.3721 2.4146 41.6765 
2 1 2
0
-30.9437 39.5489 11.5257 61.6981 
1
-7.88541 69.2837 25.0437 36.5575 
2 1 3
0
-28.2181 35.3345 5.02895 28.1676 
1
-44.8897 16.0196 37.407 41.0318 
2 2 0
0
-51.4246 41.7394 10.6862 62.37 
1
-42.679 29.939 34.0258 72.3223 
2 2 1
0
-11.878 64.3617 31.4534 36.0515 
1
-16.5379 43.0321 -19.5819 37.8133 
2 2 2
0
-51.7245 17.258 2.74002 11.2596 
1
-26.8004 47.036 18.7614 33.2586 
2 2 3
0
-22.0193 12.7475 37.6548 21.3497 
1
-22.7958 51.0463 3.23629 65.9958 
2 3 0
0
-31.7496 35.8245 47.4285 31.6565 
1
-23.9952 10.2481 51.8029 58.6945 
2 3 1
0
-21.0609 60.6596 3.10867 23.4503 
1
-28.1641 29.8217 -6.82864 54.2761 
2 3 2
0
-35.3563 3.41126 12.7154 60.3745 
1
-27.2888 79.6974 9.1554 40.0275 
2 3 3
0
-14.476 23.884 23.2667 78.5544 
1
-31.637 65.9977 21.1967 65.0627 
2 4 0
0
-13.5051 54.6757 14.132 19.5715 
1
-16.5519 34.8308 41.0565 17.1124 
2 4 1
0
-36.1363 31.4923 -12.0895 33.0389 
1
-30.3544 61.5852 21.4755 43.7422 
2 4 2
0
-7.64641 11.2769 57.5979 47.7928 
1
-41.9696 70.8057 1.86895 45.9872 
2 4 3
0
-24.4986 53.7105 -10.6822 71.8751 
1
-12.858 2.72337 1.2598 23.3233 
2 5 0
0
-10.5098 10.681 18.1987 59.7558 
1
-40.6621 45.3596 45.5599 52.4721 
2 5 1
0
-22.9306 11.4522 4.26825 23.3234 
1
-19.9656 65.0352 1.19637 39.1387 
2 5 2
0
-9.95956 3.18569 12.3599 68.7463 
1
-30.0124 67.4029 5.28699 50.4734 
2 5 3
0
-6.16573 33.0728 27.8331 27.3706 
1
-28.798 71.4668 1.06669 79.0313 
2 6 0
0
-14.2025 57.0263 4.49829 78.0729 
1
-19.7083 51.9302 52.0699 80.1205 
2 6 1
0
-8.23108 3.3782 16.7036 66.5834 
1
-23.5463 80.5695 17.4969 45.8897 
2 6 2
0
-30.8776 66.2901 3.17504 48.0036 
1
-11.0408 2.00958 9.56735 39.3999 
2 6 3
0
-29.741 69.2661 8.31273 72.9875 
1
-5.15726 4.95657 4.27884 88.4243 
2 7 0
0
-40.5613 12.754 53.2055 45.7004 
1
-53.33 57.7283 45.6183 17.0257 
2 7 1
0
-31.218 64.5573 -2.24759 41.53 
1
-24.5971 47.3725 6.06201 24.5685 
2 7 2
0
-36.5011 56.0984 -8.96697 51.5977 
1
-38.355 76.2699 14.3975 39.3723 
2 7 3
0
-38.357 3.55771 57.5694 12.0194 
1
-44.9808 72.1855 -1.12097 82.4582 
2 8 0
0
-55.4667 42.5144 45.015 64.7075 
1
-0.0375682 10.4338 26.5305 13.7082 
2 8 1
0
-45.0599 70.6658 -6.56456 39.4658 
1
-33.7238 3.30958 58.6733 70.034 
2 8 2
0
-28.5433 75.3811 8.48858 53.5284 
1
-27.3232 2.65215 24.1797 44.4463 
2 8 3
0
-54.0981 27.5974 20.9883 12.8219 
1
-42.8931 78.9157 8.30103 76.428 
2 9 0
0
-45.5364 50.6595 16.2197 55.5513 
1
-8.98985 10.7046 8.38286 84.0641 
2 9 1
0
-26.7787 50.3805 24.7909 56.4746 
1
-25.9779 51.4583 -1.47683 28.6876 
2 9 2
0
-32.6391 83.1485 5.68234 50.6737 
1
-14.7341 44.6942 54.6095 18.5844 
2 9 3
0
-34.2709 43.665 4.01531 49.8165 
1
-8.14063 2.22704 59.3128 30.9924 
2 10 0
0
-11.0542 39.827 13.485 37.435 
1
-29.7384 56.6502 5.54209 11.09 
2 10 1
0
-52.3588 23.5279 20.1137 75.7216 
1
-39.4048 86.5406 4.60923 69.0516 
2 10 2
0
-41.6602 22.6826 8.74679 44.7467 
1
-41.4163 74.133 1.50764 59.9431 
2 10 3
0
-42.9529 46.1246 34.6806 53.997 
1
-6.53087 23.7919 11.6631 51.4707 
2 11 0
0
-42.6785 6.93002 3.60096 32.0699 
1
-22.9949 3.95413 13.2149 69.8638 
2 11 1
0
-23.5653 1.20014 56.2417 51.5386 
1
-43.8577 30.5531 -0.547542 43.0707 
2 11 2
0
-30.3954 70.6613 3.5661 58.9968 
1
-14.6272 1.60551 25.072 60.0314 
2 11 3
0
-40.9162 66.6068 20.5614 66.984 
1
-7.6358 29.4738 50.4129 17.5088 
2 12 0
0
-7.33345 14.9072 51.6529 22.7686 
1
-16.4434 8.61946 5.95073 67.5448 
2 12 1
0
-57.8821 4.2864 25.1505 53.4855 
1
-54.319 23.8358 8.49603 70.0248 
2 12 2
0
-41.2245 70.0489 8.41523 50.7067 
1
-34.2377 27.6365 33.0739 71.3828 
2 12 3
0
-18.6252 6.24959 23.9626 76.9823 
1
-51.7556 51.948 -5.55956 74.9065 
2 13 0
0
-38.6263 59.0779 9.81458 52.6791 
1
-23.3067 13.2674 42.4406 19.6126 
2 13 1
0
-54.4507 3.77468 17.3522 85.9055 
1
-26.5666 38.5271 21.6506 80.4961 
2 13 2
0
-22.6631 71.9243 -8.84783 53.6263 
1
-55.5211 13.0462 45.7925 55.0611 
2 13 3
0
-13.6798 42.04 51.1412 53.6722 
1
-27.6726 50.6319 19.8781 54.8644 
2 14 0
0
-28.2306 53.7103 31.5837 36.7009 
1
-21.5301 2.24763 49.113 17.8926 
2 14 1
0
-46.407 16.9325 17.9635 25.1134 
1
-28.8288 20.7307 41.7348 53.2183 
2 14 2
0
-56.8225 5.48853 17.3987 73.5733 
1
-32.8615 73.4253 -1.7332 64.3138 
2 14 3
0
-55.1972 3.12174 46.7324 21.5326 
1
-40.2634 48.5825 18.0154 64.1983 
2 15 0
0
-56.6137 20.0927 14.9923 54.9449 
1
-40.4844 46.9673 48.8051 37.5155 
2 15 1
0
-8.16695 25.455 25.214 42.3798 
1
-43.9209 34.6499 17.9165 62.2598 
2 15 2
0
-40.343 64.0426 5.40345 66.3618 
1
-30.9744 30.9899 8.32487 18.3824 
2 15 3
0
-14.5819 12.8835 37.3691 32.4026 
1
-16.2706 34.7982 45.7277 30.0542 
3 0 0
0
-21.9849 25.4767 11.3804 61.5692 
1
-54.0363 23.1621 58.0582 43.5428 
3 0 1
0
-13.3037 15.7041 3.63223 60.584 
1
-19.9172 52.1429 5.09324 13.3202 
3 0 2
0
-33.2843 47.1819 48.5473 69.6069 
1
-32.8481 58.3434 20.2535 39.2422 
3 0 3
0
-57.8909 40.8214 45.2126 27.6118 
1
-24.9282 0.31149 33.8531 78.2378 
3 1 0
0
-55.0959 18.5013 48.4841 83.5229 
1
-41.3084 16.7309 55.1143 20.2061 
3 1 1
0
-30.9013 46.3074 17.1905 51.7514 
1
-37.1408 20.4508 -9.24454 36.8005 
3 1 2
0
-47.6404 12.6575 -4.005 73.4584 
1
-18.6048 52.5918 23.7531 52.1719 
3 1 3
0
-24.2655 8.14768 23.0129 76.669 
1
-40.1867 30.7899 47.289 55.7262 
3 2 0
0
-59.3201 57.5907 41.0069 15.6664 
1
-8.06033 23.6119 54.5587 84.1313 
3 2 1
0
-30.1914 30.2861 -12.5164 34.122 
1
-20.2469 50.2571 28.7689 33.6131 
3 2 2
0
-38.3414 0.798269 22.3128 36.5614 
1
-19.8999 42.2072 7.60179 56.514 
3 2 3
0
-25.2126 61.2267 -4.26753 54.7377 
1
-18.9927 12.7874 51.8906 68.1342 
3 3 0
0
-38.0999 51.4311 7.58768 72.1983 
1
-41.6028 46.8417 7.63792 48.0572 
3 3 1
0
-20.941 30.2282 -17.7937 34.1526 
1
-19.3613 57.7042 15.3413 41.4121 
3 3 2
0
-26.483 55.1632 8.73808 45.7577 
1
-23.8468 2.88706 57.0719 27.4049 
3 3 3
0
-3.22805 6.19638 14.9335 10.075 
1
-33.5511 64.0218 3.57412 63.9585 
3 4 0
0
-39.5397 49.8938 6.54433 31.0518 
1
-46.621 28.8557 53.5276 86.2454 
3 4 1
0
-26.9595 61.0962 15.72 43.088 
1
-20.6666 30.0797 -17.1004 47.7911 
3 4 2
0
-27.457 58.7611 16.1464 42.3396 
1
-28.4108 27.4861 -10.273 48.0248 
3 4 3
0
-22.0843 61.7019 -4.12187 74.0231 
1
-52.4324 19.6253 4.67761 54.6515 
3 5 0
0
-19.8144 46.7552 17.47 65.6432 
1
-26.7906 56.0484 40.8399 48.6012 
3 5 1
0
-27.0123 66.6437 11.8029 33.6313 
1
-32.2114 50.0176 -17.7445 33.0753 
3 5 2
0
-21.1089 4.76462 16.1104 15.12 
1
-18.1296 68.4453 7.21048 54.6665 
3 5 3
0
-22.2689 62.9671 -0.807362 69.2394 
1
-29.6985 55.7587 36.0293 34.0253 
3 6 0
0
-45.9829 57.3251 15.4097 13.1527 
1
-18.4508 23.8679 21.9793 58.2755 
3 6 1
0
-30.2943 48.0704 -5.73305 40.9258 
1
-26.2154 65.391 20.119 44.9783 
3 6 2
0
-42.0419 24.3303 16.7052 27.0445 
1
-38.9851 63.2548 12.4994 42.0847 
3 6 3
0
-35.1481 54.8306 6.67031 76.1094 
1
-33.2888 19.3372 56.0655 54.1912 
3 7 0
0
-37.8189 50.3169 35.9122 80.7002 
1
-13.9286 40.474 26.8605 70.983 
3 7 1
0
-32.4897 71.0116 9.61939 45.1337 
1
-43.8258 18.1043 16.4848 15.5248 
3 7 2
0
-47.0256 8.60433 18.1606 35.8457 
1
-29.8047 75.405 7.68462 49.9137 
3 7 3
0
-33.6945 57.1378 -4.68216 76.8518 
1
-7.46118 57.4678 28.8728 37.734 
3 8 0
0
-8.54564 45.3708 43.4817 21.0726 
1
-1.74421 45.2051 5.74921 26.3473 
3 8 1
0
-31.3834 73.1828 5.08171 62.6528 
1
-37.6115 49.159 21.3214 32.9186 
3 8 2
0
-34.5782 26.8635 33.4914 52.227 
1
-34.2204 78.2171 9.94626 53.887 
3 8 3
0
-44.8399 72.0585 13.1542 61.2837 
1
-58.7461 16.2332 52.4247 17.838 
3 9 0
0
-58.3457 1.81342 27.0216 20.2796 
1
-42.8047 36.9675 50.0707 24.3073 
3 9 1
0
-43.0768 59.8443 3.55097 42.5551 
1
-4.95006 13.0523 29.1976 45.7245 
3 9 2
0
-15.8003 10.2581 42.8432 16.4279 
1
-26.0046 70.3191 2.30124 64.1569 
3 9 3
0
-39.2422 59.2587 -5.03082 71.7524 
1
-37.7023 14.8788 41.6337 18.8265 
3 10 0
0
-49.8014 15.7441 41.5021 50.2474 
1
-5.19597 49.841 47.8368 45.5034 
3 10 1
0
-41.9205 67.5871 3.78883 41.8989 
1
-41.9065 19.392 18.7628 55.089 
3 10 2
0
-45.9214 16.3487 53.9942 28.0582 
1
-39.0717 71.0376 7.73943 64.4999 
3 10 3
0
-40.5741 80.5613 17.6676 68.8155 
1
-18.1712 32.3635 21.44 66.1672 
3 11 0
0
-8.58176 0.712492 46.9056 18.7612 
1
-3.69499 24.6498 0.862627 40.216 
3 11 1
0
-56.4342 13.5895 39.7125 17.8687 
1
-50.224 56.1705 1.36171 47.9207 
3 11 2
0
-38.0777 12.756 38.9451 26.7046 
1
-26.2115 61.2437 -3.00428 59.755 
3 11 3
0
-10.031 37.8379 59.7207 50.9645 
1
-41.7067 61.8564 10.8471 69.4366 
3 12 0
0
-41.0248 57.3025 21.2214 85.3303 
1
-39.8814 45.4098 11.3289 27.5631 
3 12 1
0
-23.3946 47.5222 51.0218 76.656 
1
-44.654 9.04119 4.4982 33.596 
3 12 2
0
-46.0829 7.38549 16.9811 44.7045 
1
-36.8176 62.2832 1.97378 62.7086 
3 12 3
0
-50.2621 60.985 29.2598 74.6228 
1
-51.7808 14.86 19.0299 46.1948 
3 13 0
0
-22.7325 51.5465 23.7274 60.5052 
1
-47.3977 23.6941 14.4434 74.5631 
3 13 1
0
-22.5167 57.8504 15.3568 48.0795 
1
-1.82767 22.3155 30.8043 46.6785 
3 13 2
0
-3.85635 54.0602 6.06666 14.927 
1
-31.6229 80.2455 -2.40955 49.7413 
3 13 3
0
-44.5263 27.4063 39.7899 50.4645 
1
-28.3864 45.1946 4.99771 87.4068 
3 14 0
0
-48.8758 13.0414 58.248 88.102 
1
-2.07947 30.8795 29.3344 80.3554 
3 14 1
0
-17.2305 26.0639 27.8805 15.0067 
1
-32.9549 8.27014 18.8359 11.3149 
3 14 2
0
-36.6803 64.1078 -5.31117 71.7336 
1
-2.79518 26.083 12.2157 12.8923 
3 14 3
0
-20.3313 21.4023 4.40952 72.1648 
1
-27.3963 55.2988 35.5229 62.5535 
3 15 0
0
-8.57989 29.3709 0.31933 23.3528 
1
-18.2095 2.9502 53.0967 33.1544 
3 15 1
0
-45.6782 46.7077 36.2673 81.2486 
1
-18.2334 3.03082 5.4395 78.8976 
3 15 2
0
-31.2416 75.794 8.94712 61.6306 
1
-11.909 14.4156 20.3145 42.9678 
3 15 3
0
-35.3866 41.9198 30.2269 21.2497 
1
-33.6322 70.8358 48.0876 45.6558 
4 0 0
0
-35.9686 35.9074 2.37401 67.1862 
1
-17.0803 34.8917 23.9067 74.0958 
4 0 1
0
-18.9653 17.8737 1.87003 89.2901 
1
-25.8517 0.68089 13.5166 59.8326 
4 0 2
0
-25.0049 53.9175 7.45939 45.4278 
1
-56.2518 53.5491 33.7741 54.5932 
4 0 3
0
-53.3777 48.1686 6.36392 44.5773 
1
-17.0842 46.639 23.9578 74.9689 
4 1 0
0
-45.6742 38.026 2.66846 74.2845 
1
-50.2587 36.5853 44.1653 10.6542 
4 1 1
0
-23.5153 54.5953 17.3326 36.3564 
1
-35.546 5.53488 46.4539 31.6649 
4 1 2
0
-27.3453 1.62526 13.0036 84.7693 
1
-37.8608 57.0937 -2.55235 52.8179 
4 1 3
0
-52.2427 16.8733 19.6178 84.5535 
1
-39.106 31.3843 14.8766 33.0516 
4 2 0
0
-16.2241 10.9994 18.9022 53.3787 
1
-39.2293 28.2354 44.8048 53.6156 
4 2 1
0
-17.9682 29.8023 -12.3336 31.341 
1
-17.6974 54.3443 20.258 43.0539 
4 2 2
0
-11.025 45.6139 4.49922 64.22 
1
-39.4723 26.3691 48.4346 38.8239 
4 2 3
0
-50.3657 17.8592 6.94383 44.824 
1
-48.9056 44.0114 59.4294 75.4606 
4 3 0
0
-33.0534 35.7885 9.25634 11.7938 
1
-43.7263 50.2569 45.6564 53.6837 
4 3 1
0
-33.0428 24.9221 2.43008 16.2314 
1
-19.3959 40.9011 10.3926 43.917 
4 3 2
0
-24.1823 56.8938 8.96637 39.742 
1
-21.8953 16.4305 -11.9376 66.5807 
4 3 3
0
-21.2962 9.9759 34.379 32.7583 
1
-21.6446 39.4369 -2.34797 67.8796 
4 4 0
0
-41.4204 5.13488 10.7919 87.0422 
1
-29.9955 4.00247 39.9209 33.6232 
4 4 1
0
-27.4447 30.9919 -13.6337 49.7931 
1
-14.1658 70.7953 31.9977 45.4697 
4 4 2
0
-23.0318 59.3824 15.8891 58.3769 
1
-30.7011 65.9728 1.72037 28.4562 
4 4 3
0
-0.965956 3.68662 57.9653 51.3187 
1
-27.0723 62.3254 2.33435 59.8204 
4 5 0
0
-49.4064 32.565 52.8471 52.9886 
1
-4.3626 36.5356 15.0874 40.0755 
4 5 1
0
-25.7053 45.5074 -3.21157 47.8828 
1
-39.1616 37.4792 -17.9122 24.2751 
4 5 2
0
-46.3816 23.2383 30.8893 23.9396 
1
-22.3865 66.764 10.0284 56.6492 
4 5 3
0
-30.5079 73.4131 12.4158 77.4679 
1
-39.302 49.5975 25.6574 30.8741 
4 6 0
0
-22.3728 24.9772 26.2407 40.758 
1
-52.9922 59.6305 11.2769 21.2606 
4 6 1
0
-28.7341 64.8586 4.79166 54.4137 
1
-27.1073 38.761 7.4708 12.2649 
4 6 2
0
-38.0599 60.4327 -1.34619 36.2812 
1
-13.0251 39.7212 -13.1773 75.2636 
4 6 3
0
-19.8537 72.1509 -7.63627 90.4688 
1
-36.0119 11.3139 31.7816 60.0222 
4 7 0
0
-27.546 46.2398 25.7187 25.5372 
1
-10.05 43.7708 4.99312 31.0349 
4 7 1
0
-31.565 52.5469 18.0828 54.5071 
1
-35.6594 28.8375 53.4286 20.9306 
4 7 2
0
-2.52245 25.8349 36.4419 59.9246 
1
-35.5129 62.3246 -6.83687 62.3709 
4 7 3
0
-32.3695 21.4105 54.7722 40.6866 
1
-33.9037 77.2868 -0.466249 87.8197 
4 8 0
0
-7.79012 0.368455 23.4532 57.8621 
1
-55.4778 32.689 54.4296 55.4337 
4 8 1
0
-34.3442 0.871034 27.5534 28.4625 
1
-35.8089 57.6856 -5.29983 55.7388 
4 8 2
0
-35.5823 71.0129 16.3393 62.48 
1
-39.702 33.9042 14.404 25.4862 
4 8 3
0
-38.2995 69.9966 4.00742 72.015 
1
-15.2926 36.5171 23.7662 30.016 
4 9 0
0
-46.9419 13.9682 17.5843 15.067 
1
-45.2335 55.9159 43.9842 84.4676 
4 9 1
0
-43.4323 52.4761 15.4555 48.9249 
1
-41.3967 2.15559 43.0919 25.8569 
4 9 2
0
-35.8304 47.0127 47.3923 39.5086 
1
-35.2409 62.1263 -3.41532 63.7799 
4 9 3
0
-34.7393 67.7723 -6.98676 75.6986 
1
-6.57817 52.9433 53.588 53.1164 
4 10 0
0
-4.60297 11.0427 57.6925 60.3048 
1
-43.1521 29.7548 38.4772 41.9311 
4 10 1
0
-51.2335 57.4956 8.35802 38.5057 
1
-56.2404 30.3164 -5.30456 30.9747 
4 10 2
0
-14.5983 0.517693 48.7152 13.9328 
1
-36.1829 72.5041 5.95738 71.4269 
4 10 3
0
-32.1782 47.0821 -12.4496 80.0856 
1
-34.5044 10.6223 26.5401 33.63 
4 11 0
0
-39.3001 53.237 6.65248 83.7919 
1
-26.8295 24.5769 3.36144 44.5187 
4 11 1
0
-36.5455 3.53477 7.56223 63.8745 
1
-5.95643 4.72276 0.452229 19.4874 
4 11 2
0
-14.3982 51.086 27.2102 18.5963 
1
-41.8904 63.9123 -1.05252 62.6469 
4 11 3
0
-41.7148 42.6162 13.9639 89.4991 
1
-33.4455 39.3652 23.768 35.1776 
4 12 0
0
-21.4048 44.9583 38.5166 50.1566 
1
-48.0482 20.0875 32.6206 13.0554 
4 12 1
0
-14.3578 1.95946 4.03145 14.365 
1
-1.55704 56.8697 31.9918 50.9147 
4 12 2
0
-11.993 64.7564 8.40621 58.8217 
1
-39.1934 56.0798 -1.59659 48.8495 
4 12 3
0
-34.3106 49.4068 8.19086 37.7763 
1
-17.7091 7.04087 55.7122 18.2422 
4 13 0
0
-19.9454 22.8255 22.87 34.017 
1
-36.4484 45.8863 49.0649 55.6497 
4 13 1
0
-47.9072 10.8593 57.9771 21.1989 
1
-22.5631 14.9335 34.9068 44.324 
4 13 2
0
-29.9911 75.3629 1.0654 72.9274 
1
-55.7782 53.1434 46.9613 13.939 
4 13 3
0
-33.2407 59.8987 -2.735 53.7674 
1
-39.5441 47.7977 15.4035 16.716 
4 14 0
0
-13.5268 35.4988 55.3355 84.6483 
1
-7.79565 21.1603 28.8113 51.4595 
4 14 1
0
-3.19564 23.7842 52.14 72.7781 
1
-31.5873 28.565 55.5695 44.753 
4 14 2
0
-12.6385 45.0352 45.5793 48.7476 
1
-31.6731 58.4231 11.7879 56.9811 
4 14 3
0
-41.3685 21.6385 0.676674 26.3136 
1
-31.7522 64.802 13.1051 50.5413 
4 15 0
0
-55.5038 2.67832 32.7837 51.8228 
1
-39.1695 3.63019 5.10146 36.1958 
4 15 1
0
-17.5442 5.26069 19.8099 33.6824 
1
-15.0637 46.0303 20.9688 71.3377 
4 15 2
0
-39.3181 61.6743 20.6976 79.9382 
1
-54.8364 18.9153 0.621182 69.6317 
4 15 3
0
-27.2595 19.9891 27.8629 63.4731 
1
-39.7286 12.7381 49.1882 38.8262 
5 0 0
0
-37.6396 12.3277 21.4445 85.9581 
1
-48.2861 47.7206 29.4329 17.3947 
5 0 1
0
-35.6586 41.3033 18.9041 18.0758 
1
-8.56879 3.2578 10.2073 47.269 
5 0 2
0
-19.6586 31.2078 17.1666 45.0427 
1
-18.0844 35.034 51.8112 75.4443 
5 0 3
0
-37.2511 36.7088 32.657 63.8363 
1
-45.0534 37.7844 43.8694 25.6694 
5 1 0
0
-2.25697 0.774717 3.93214 85.6351 
1
-19.5809 53.941 12.2839 48.2782 
5 1 1
0
-21.7837 21.1129 23.2065 55.6335 
1
-38.0544 50.7798 34.6103 54.4679 
5 1 2
0
-13.8047 56.412 25.2473 63.2297 
1
-44.0515 26.8994 38.4806 63.6425 
5 1 3
0
-12.0084 19.4072 19.0775 20.4204 
1
-46.4961 59.1633 45.1839 87.4304 
5 2 0
0
-59.9686 44.306 57.2596 41.51 
1
-5.24595 42.2689 35.1451 79.7343 
5 2 1
0
-13.6313 30.681 -17.8794 31.167 
1
-31.1441 48.6253 30.4632 42.842 
5 2 2
0
-4.56558 3.55807 53.6338 22.5161 
1
-15.5633 42.3888 -0.425397 58.7526 
5 2 3
0
-52.7199 22.0157 17.0386 11.6225 
1
-34.6647 24.0378 35.8416 22.1292 
5 3 0
0
-6.38335 35.0743 7.03885 55.5 
1
-31.3363 35.9251 5.16291 49.5845 
5 3 1
0
-21.5421 41.6903 20.9526 38.1771 
1
-42.4108 27.392 -9.74844 40.3881 
5 3 2
0
-19.7139 60.0804 22.7176 55.7459 
1
-13.2796 24.4025 -10.0665 59.1175 
5 3 3
0
-9.2238 52.3773 50.1077 56.048 
1
-33.6742 20.5099 30.7544 48.6022 
5 4 0
0
-59.0596 39.0514 27.1686 81.0249 
1
-36.3476 56.1298 22.2197 25.6605 
5 4 1
0
-24.1326 44.4912 23.7368 41.3853 
1
-25.601 33.1298 2.63894 10.6625 
5 4 2
0
-23.8582 29.135 -10.4722 55.9613 
1
-19.961 54.0031 17.0357 43.8323 
5 4 3
0
-34.4704 46.2523 8.08716 77.5961 
1
-30.8374 58.8912 4.95344 78.4961 
5 5 0
0
-41.8713 17.3875 43.6589 54.532 
1
-23.0865 8.2204 5.13951 28.8429 
5 5 1
0
-38.0829 36.3386 -18.0582 27.0648 
1
-29.0117 50.8939 30.1942 39.4402 
5 5 2
0
-28.6343 1.83441 8.07604 15.1684 
1
-20.656 58.4164 5.92566 51.5788 
5 5 3
0
-14.166 65.9478 4.75543 86.0329 
1
-12.7216 29.4525 46.4434 24.6905 
5 6 0
0
-19.6249 27.9409 3.50275 10.337 
1
-11.2697 48.1788 14.3541 52.1297 
5 6 1
0
-0.0520949 27.8989 3.55902 56.7129 
1
-47.8177 42.7767 7.73172 39.0776 
5 6 2
0
-16.708 9.61478 38.6239 44.1222 
1
-21.53 62.7553 10.8766 64.1329 
5 6 3
0
-19.894 65.2627 7.12483 79.6302 
1
-49.247 37.9773 5.08175 58.7178 
5 7 0
0
-19.0155 14.7681 52.9877 38.7719 
1
-45.5116 4.79436 38.7337 84.7001 
5 7 1
0
-41.4063 49.8293 -9.53567 27.6827 
1
-37.8128 39.4945 11.7627 56.8594 
5 7 2
0
-8.03595 25.509 26.0945 39.5325 
1
-22.2346 59.357 17.8425 66.3794 
5 7 3
0
-50.1251 34.7169 38.2939 15.019 
1
-35.7066 63.7147 3.56659 87.6612 
5 8 0
0
-19.7624 43.9148 37.0043 78.2279 
1
-51.6638 55.915 13.6711 23.3077 
5 8 1
0
-39.4932 56.081 8.58835 48.4244 
1
-49.5522 35.6501 -3.84792 36.6782 
5 8 2
0
-38.5458 62.2314 9.77314 62.4485 
1
-54.9265 33.8372 19.999 13.174 
5 8 3
0
-12.802 15.6526 15.9114 36.3309 
1
-26.1858 57.2745 -4.64103 74.3819 
5 9 0
0
-2.88379 53.0576 36.7201 41.6898 
1
-25.0869 12.8793 53.7311 17.246 
5 9 1
0
-55.9867 46.9391 48.2971 13.0899 
1
-36.1577 34.072 17.818 53.0274 
5 9 2
0
-31.241 63.1979 16.0397 67.8547 
1
-9.42265 41.6897 41.4116 29.1007 
5 9 3
0
-33.3671 40.411 9.70665 34.9512 
1
-33.2437 58.4102 8.74937 59.5067 
5 10 0
0
-11.1402 37.1499 51.8607 80.8152 
1
-21.9797 22.4151 48.9106 24.7465 
5 10 1
0
-9.35697 33.4438 18.514 53.6791 
1
-48.8894 36.1538 7.76131 43.3782 
5 10 2
0
-21.5437 63.7841 14.745 36.2224 
1
-38.6917 60.604 5.56453 68.1058 
5 10 3
0
-40.3812 58.3366 2.37181 83.4098 
1
-47.8281 24.2024 38.2577 17.5205 
5 11 0
0
-32.9639 3.9259 36.4353 23.4873 
1
-50.3645 49.4462 28.8728 48.1853 
5 11 1
0
-20.0841 21.0248 49.6817 63.951 
1
-42.2995 26.1792 15.1645 78.75 
5 11 2
0
-27.4346 82.3139 -9.0667 50.6542 
1
-50.716 48.6423 39.9809 55.2596 
5 11 3
0
-25.1942 62.8709 17.6793 60.322 
1
-31.994 18.4803 16.2675 23.6216 
5 12 0
0
-5.87249 51.8594 22.9497 33.0354 
1
-34.2862 26.6111 52.8017 74.8319 
5 12 1
0
-52.6306 26.5678 36.3888 53.4974 
1
-41.2106 9.00776 47.9044 23.0415 
5 12 2
0
-7.05662 38.3175 24.2419 26.9673 
1
-38.1465 65.5597 5.79081 64.7316 
5 12 3
0
-33.6 44.609 1.21182 63.5485 
1
-36.8941 40.925 40.6934 46.1864 
5 13 0
0
-36.2849 31.212 6.77917 26.4681 
1
-40.0561 27.188 59.8688 17.939 
5 13 1
0
-39.9546 4.96158 50.5201 74.334 
1
-53.9308 24.4525 46.838 17.0294 
5 13 2
0
-47.4608 36.7019 7.94201 61.7599 
1
-9.11094 4.73336 13.8591 37.5435 
5 13 3
0
-38.6585 65.1356 6.79562 74.5038 
1
-47.6519 3.35485 17.3256 73.5869 
5 14 0
0
-48.1453 31.9862 36.1873 54.1717 
1
-46.3578 23.0273 6.88628 24.5661 
5 14 1
0
-43.3038 36.9019 3.55337 15.5257 
1
-10.6631 59.6494 45.3832 32.691 
5 14 2
0
-40.7311 35.0017 0.154738 53.0744 
1
-50.6339 35.8696 6.84566 78.4014 
5 14 3
0
-3.66888 8.01541 59.013 24.5608 
1
-25.1207 35.7217 9.97395 42.5986 
5 15 0
0
-32.6522 39.056 10.3252 40.3713 
1
-57.4864 21.1873 44.7329 85.2144 
5 15 1
0
-42.4159 1.34956 34.1685 75.6062 
1
-36.0611 20.1382 24.185 31.7053 
5 15 2
0
-47.308 50.1047 20.7689 70.9988 
1
-20.7566 5.71281 19.8706 10.5373 
5 15 3
0
-50.9645 54.2753 22.2494 83.4751 
1
-0.15275 25.5741 24.0548 54.515 
6 0 0
0
-33.7631 18.4555 8.59952 51.4401 
1
-45.1153 59.995 46.7676 63.1533 
6 0 1
0
-7.29523 49.7417 0.0835 43.4994 
1
-0.624761 38.5159 32.1533 61.9848 
6 0 2
0
-31.4489 9.33533 49.4016 19.0854 
1
-1.3007 46.1761 12.8172 63.2495 
6 0 3
0
-0.591727 40.073 1.88403 87.2724 
1
-51.9429 45.6736 29.1353 29.3503 
6 1 0
0
-5.95188 30.297 5.63644 12.8164 
1
-53.0283 8.38838 8.24996 65.925 
6 1 1
0
-16.7331 17.2681 52.1167 10.8042 
1
-8.8672 13.2334 29.4402 14.2036 
6 1 2
0
-45.7021 10.3389 48.4336 71.0247 
1
-19.4699 7.99983 46.6859 72.6401 
6 1 3
0
-3.11552 42.2708 6.40214 72.6823 
1
-18.1406 22.4991 55.4837 33.8359 
6 2 0
0
-34.2596 43.0955 41.3587 14.729 
1
-24.7709 30.449 3.49645 28.1897 
6 2 1
0
-43.8761 47.0615 -3.8697 17.2843 
1
-29.4837 42.9758 39.0058 40.5376 
6 2 2
0
-33.066 46.1139 -0.7253 56.0434 
1
-48.5853 29.6721 30.0055 16.5021 
6 2 3
0
-7.51663 53.5884 22.4922 40.0101 
1
-21.2816 6.18357 4.50443 13.2097 
6 3 0
0
-5.85382 16.104 30.8352 10.0766 
1
-22.3769 26.7354 28.1712 79.6628 
6 3 1
0
-25.8218 25.7342 -3.8952 45.4143 
1
-7.70507 16.1895 37.5801 15.6209 
6 3 2
0
-19.0431 26.186 -8.48397 65.4203 
1
-30.6356 53.9335 -8.69816 35.7853 
6 3 3
0
-21.8642 5.6778 16.9252 27.7734 
1
-33.9331 36.4086 35.0311 23.3362 
6 4 0
0
-10.4503 47.8211 29.4088 39.6385 
1
-34.5686 29.4942 28.0396 15.7874 
6 4 1
0
-25.4401 38.715 10.2903 42.5218 
1
-30.9227 30.5144 -10.2409 26.5398 
6 4 2
0
-23.8947 50.295 10.2379 58.1114 
1
-39.1536 20.1275 -14.5831 34.8998 
6 4 3
0
-37.5056 14.6709 34.8885 35.4281 
1
-37.6614 50.1497 29.4639 72.6233 
6 5 0
0
-59.8108 7.98776 31.8376 57.2872 
1
-7.37829 11.5292 35.9724 89.5495 
6 5 1
0
-15.2896 0.514163 3.19286 45.0604 
1
-33.2793 44.172 8.69947 28.7528 
6 5 2
0
-27.4443 20.749 -15.6851 66.3527 
1
-31.3325 57.3057 16.4253 50.8532 
6 5 3
0
-10.2934 25.514 51.9306 45.792 
1
-26.6666 42.1517 1.40873 92.24 
6 6 0
0
-48.6745 40.4722 19.0828 38.3256 
1
-23.6411 35.9026 25.0734 65.269 
6 6 1
0
-40.2941 31.8027 -9.12144 33.8256 
1
-30.7577 41.5879 27.064 47.523 
6 6 2
0
-49.1586 25.6441 -17.1328 26.2257 
1
-28.7113 55.4296 14.8012 58.4035 
6 6 3
0
-40.9682 0.035095 8.8057 26.5037 
1
-28.7405 68.655 19.8569 82.6187 
6 7 0
0
-19.6798 53.7297 23.5191 20.3378 
1
-26.3726 1.34695 2.03051 45.165 
6 7 1
0
-14.3268 32.2218 34.1003 11.1691 
1
-44.3978 47.4405 -1.83134 46.8868 
6 7 2
0
-26.9174 62.4893 -0.895804 63.9423 
1
-31.9339 1.36195 14.0195 17.8498 
6 7 3
0
-26.8252 72.6941 18.8584 89.0596 
1
-4.81846 9.96075 30.3185 31.7442 
6 8 0
0
-2.19894 44.7273 26.464 45.2037 
1
-45.0871 58.6222 46.1788 65.6943 
6 8 1
0
-47.5756 46.5066 22.6603 42.3155 
1
-18.923 12.0816 29.1786 14.022 
6 8 2
0
-46.8462 22.6979 4.26723 35.9106 
1
-43.3217 52.9228 18.9742 54.7859 
6 8 3
0
-27.6514 36.5237 40.5794 18.5213 
1
-27.4171 68.9157 13.593 65.2014 
6 9 0
0
-31.7997 17.3032 39.3815 74.8622 
1
-43.3401 53.9665 2.19621 40.7626 
6 9 1
0
-46.3397 37.8887 24.5023 37.3198 
1
-3.63065 35.2174 37.8885 32.2465 
6 9 2
0
-9.11563 38.848 46.6792 26.0441 
1
-33.6788 58.5192 9.95983 71.0264 
6 9 3
0
-41.5465 54.6775 16.439 74.4523 
1
-35.8787 38.4775 55.2138 18.3112 
6 10 0
0
-7.01856 6.78027 24.5107 10.8009 
1
-2.24992 54.8996 54.5736 41.5519 
6 10 1
0
-41.656 21.2056 33.9105 50.0667 
1
-33.1884 57.0693 16.6877 51.8338 
6 10 2
0
-31.2868 52.8576 2.32896 61.5311 
1
-22.4885 22.9594 41.2232 54.8145 
6 10 3
0
-32.6623 72.6468 8.10309 77.5341 
1
-10.8378 8.47439 53.8885 22.2649 
6 11 0
0
-26.4879 34.5491 20.7423 49.0167 
1
-37.6535 8.89641 25.6843 83.6951 
6 11 1
0
-51.6759 14.6577 25.0663 47.6294 
1
-29.8174 16.2885 5.18187 52.7219 
6 11 2
0
-37.4896 44.2445 -1.26416 72.9956 
1
-49.846 50.9189 40.193 47.8913 
6 11 3
0
-40.4338 57.6369 11.7828 71.4759 
1
-25.9495 30.0331 2.97757 37.4503 
6 12 0
0
-54.2385 54.0724 34.5973 42.2563 
1
-49.1946 45.5254 28.255 78.7651 
6 12 1
0
-22.2236 30.6897 9.93135 15.4626 
1
-42.8144 19.444 7.33973 21.0563 
6 12 2
0
-18.7106 29.6429 47.6613 36.3271 
1
-35.5823 49.1131 16.3625 52.5728 
6 12 3
0
-53.3626 9.6319 35.464 33.0926 
1
-39.1917 39.3395 14.0687 74.0963 
6 13 0
0
-20.7094 56.9566 33.1403 24.3631 
1
-16.7951 16.8866 6.12356 79.9331 
6 13 1
0
-35.8361 4.87442 11.1061 24.6329 
1
-31.7106 7.26897 4.90456 44.5559 
6 13 2
0
-43.3346 25.3292 37.1642 40.8066 
1
-38.6056 57.2545 2.11475 53.4084 
6 13 3
0
-22.1563 32.5033 5.10415 34.0717 
1
-58.381 36.2883 5.04339 50.1231 
6 14 0
0
-29.0243 25.7891 39.025 56.7152 
1
-27.0188 0.201926 33.6655 81.7623 
6 14 1
0
-17.8779 32.8879 27.9981 85.5257 
1
-51.1536 59.0729 37.6992 66.3976 
6 14 2
0
-51.3057 25.4642 21.5945 58.4424 
1
-9.81675 7.22578 9.12873 66.0248 
6 14 3
0
-47.5531 33.029 57.9308 63.51 
1
-3.62867 18.2625 58.7735 18.6083 
6 15 0
0
-25.3662 11.841 46.8643 64.038 
1
-50.8907 21.3567 46.3484 75.4529 
6 15 1
0
-54.6562 58.7975 2.79055 46.1244 
1
-56.2764 40.8693 15.4902 15.1261 
6 15 2
0
-0.347761 39.7133 28.8883 70.6034 
1
-12.584 19.8571 36.9388 26.1977 
6 15 3
0
-18.0472 8.36673 5.71872 79.977 
1
-7.25396 26.166 18.1539 42.9213 
7 0 0
0
-52.9699 2.0829 35.3698 13.1612 
1
-5.74367 37.0672 4.04587 47.921 
7 0 1
0
-10.4508 33.1144 0.751053 44.8325 
1
-1.29133 54.063 14.0559 52.3567 
7 0 2
0
-11.4358 8.63662 57.211 60.0266 
1
-35.5535 37.8284 14.5384 41.4289 
7 0 3
0
-1.51393 5.74571 12.1325 55.7057 
1
-30.5984 3.25503 33.2751 78.9742 
7 1 0
0
-7.84328 16.1578 56.1317 60.754 
1
-52.392 9.76352 49.8553 69.995 
7 1 1
0
-21.1035 41.1075 37.2743 85.639 
1
-23.6594 37.5057 4.84366 87.7839 
7 1 2
0
-38.327 48.3357 26.7145 41.6953 
1
-50.3006 14.204 56.7328 80.1552 
7 1 3
0
-32.5492 33.1453 33.5715 20.9463 
1
-39.9441 52.5915 21.8862 21.551 
7 2 0
0
-8.67616 56.9434 1.80891 56.6014 
1
-52.1689 36.6646 38.7765 89.5005 
7 2 1
0
-28.6731 29.573 49.4896 15.9962 
1
-16.0835 54.5426 2.78409 21.2428 
7 2 2
0
-21.5743 51.9147 27.6424 64.775 
1
-30.1101 12.8805 42.6072 18.8424 
7 2 3
0
-45.2021 59.7816 4.3252 53.9164 
1
-7.69686 36.171 49.2181 41.4818 
7 3 0
0
-2.59574 10.5743 45.2648 79.9164 
1
-28.5352 20.8696 56.8085 20.4797 
7 3 1
0
-30.1109 15.0223 40.1487 12.1493 
1
-28.336 30.7235 7.5134 44.1452 
7 3 2
0
-29.51 59.833 15.0096 50.9128 
1
-6.08511 34.9852 33.8755 15.1905 
7 3 3
0
-10.2402 16.7258 16.0796 32.7897 
1
-4.08481 39.7562 56.269 35.6897 
7 4 0
0
-31.0762 53.4657 4.2984 70.6403 
1
-14.9243 28.8282 59.3019 66.5482 
7 4 1
0
-39.7877 24.9131 28.7316 19.5942 
1
-25.1103 30.8856 -11.233 47.0593 
7 4 2
0
-37.0581 40.952 19.102 24.5148 
1
-28.5531 44.5471 16.4054 49.3012 
7 4 3
0
-19.6732 68.0641 12.0309 81.726 
1
-18.8957 42.6983 26.1146 27.8366 
7 5 0
0
-5.04839 47.1381 33.3467 57.5189 
1
-31.7215 13.1758 23.7936 13.8478 
7 5 1
0
-34.1458 41.6139 36.6648 34.725 
1
-34.4964 20.9325 -11.0036 40.4502 
7 5 2
0
-21.7745 48.7586 9.59369 51.7252 
1
-49.3798 23.3606 -11.0936 43.817 
7 5 3
0
-29.78 55.9234 4.27696 65.4903 
1
-4.72936 13.7481 13.9669 27.8627 
7 6 0
0
-27.7004 30.3269 50.5651 45.4146 
1
-50.1082 5.39336 54.371 37.0247 
7 6 1
0
-43.2509 40.8392 13.2324 48.418 
1
-30.4779 25.2457 10.0634 35.3769 
7 6 2
0
-18.9214 26.5182 36.1225 21.8248 
1
-29.5083 39.003 -2.67979 59.7633 
7 6 3
0
-31.6545 53.2776 12.7531 83.2998 
1
-3.10167 9.07413 8.3909 49.0211 
7 7 0
0
-55.9882 14.8889 43.6255 59.0743 
1
-59.3341 7.62205 47.6264 66.4962 
7 7 1
0
-40.231 31.9379 19.8084 44.715 
1
-49.9727 29.3772 -16.843 25.9074 
7 7 2
0
-33.7214 51.8474 13.3632 64.5071 
1
-45.0429 31.7515 5.48382 57.2387 
7 7 3
0
-38.2919 49.9359 14.5239 71.439 
1
-14.5084 12.7182 17.7452 34.8231 
7 8 0
0
-26.3881 19.9407 55.5823 15.0599 
1
-53.4813 0.526964 33.9611 10.4671 
7 8 1
0
-48.2074 12.7742 -1.98958 49.0593 
1
-46.2735 50.5584 18.7811 38.3804 
7 8 2
0
-3.85688 38.173 -3.88625 39.7482 
1
-40.9117 64.9685 9.47239 65.1906 
7 8 3
0
-19.186 50.5636 10.5235 66.4293 
1
-42.638 33.6664 -6.14958 78.582 
7 9 0
0
-31.2657 31.3953 57.9952 59.8907 
1
-54.6494 54.9387 39.5371 16.3189 
7 9 1
0
-46.7233 22.7187 4.76722 59.0096 
1
-23.3238 22.3864 9.34407 26.4267 
7 9 2
0
-34.3057 40.4779 -0.486162 63.029 
1
-0.75769 29.4136 35.9343 32.1395 
7 9 3
0
-40.596 59.3471 11.285 80.5509 
1
-7.26519 35.218 43.4554 14.0035 
7 10 0
0
-58.6155 54.3349 6.804 11.2109 
1
-57.3253 54.7389 37.5347 21.1342 
7 10 1
0
-52.0641 12.0043 18.5759 55.9486 
1
-54.7432 13.1864 35.6229 50.5294 
7 10 2
0
-48.4884 36.9201 6.57427 57.9481 
1
-49.115 51.2611 4.37056 61.3102 
7 10 3
0
-41.7686 40.581 8.34079 67.4437 
1
-11.6508 25.5684 22.9763 41.7026 
7 11 0
0
-57.916 36.0006 4.92362 23.1927 
1
-34.2157 50.2804 19.3909 60.3776 
7 11 1
0
-30.1777 31.701 44.0329 47.6364 
1
-7.84338 10.9086 0.145887 18.759 
7 11 2
0
-35.3939 53.5392 7.0676 65.2362 
1
-54.0325 42.0527 16.0119 22.2059 
7 11 3
0
-24.5034 14.1824 49.5997 21.9912 
1
-27.6114 58.2024 5.54424 45.0752 
7 12 0
0
-42.0964 32.4081 6.16799 26.4923 
1
-52.2296 41.8001 36.5054 26.1177 
7 12 1
0
-59.2412 10.8823 34.8292 39.3203 
1
-0.831767 54.1432 30.8285 10.9029 
7 12 2
0
-15.0346 35.6615 8.45358 64.1667 
1
-28.9632 33.3647 54.7617 12.0279 
7 12 3
0
-53.7119 44.107 27.5929 42.1392 
1
-46.8697 2.49357 28.7983 25.1836 
7 13 0
0
-27.4186 24.1118 28.4441 11.0682 
1
-50.2319 54.5535 5.80282 78.19 
7 13 1
0
-18.016 7.64524 9.5532 13.3674 
1
-24.9654 18.8116 4.46083 76.6456 
7 13 2
0
-31.1794 8.08312 33.7103 57.6212 
1
-18.097 50.6942 1.71492 55.5638 
7 13 3
0
-52.8288 51.6097 36.2672 22.0585 
1
-26.5084 27.7656 43.4174 34.9878 
7 14 0
0
-7.62928 21.8015 26.9844 50.8121 
1
-30.2478 20.4805 8.99176 14.4169 
7 14 1
0
-6.47685 56.152 20.5466 38.0498 
1
-55.031 56.3042 22.7129 18.2761 
7 14 2
0
-49.4104 46.3788 14.3142 86.0334 
1
-14.6302 47.9686 47.4174 88.0796 
7 14 3
0
-55.2254 3.69097 0.332817 70.7116 
1
-14.7125 12.6176 57.5194 61.1221 
7 15 0
0
-24.0725 34.3982 45.4466 53.9922 
1
-1.6345 32.9384 28.4609 43.1596 
7 15 1
0
-18.6281 27.369 24.1199 18.8426 
1
-25.7556 48.3486 14.0944 33.6775 
7 15 2
0
-25.1707 15.0562 40.5501 27.7059 
1
-45.2753 25.0485 20.559 67.6895 
7 15 3
0
-32.6333 14.9453 50.0933 28.8973 
1
-40.7464 37.847 58.1228 75.5877 
8 0 0
0
-29.8338 35.0814 16.9825 29.5679 
1
-10.9825 31.6788 15.8461 66.8205 
8 0 1
0
-12.6274 34.9708 46.0517 48.3229 
1
-27.6786 6.72664 24.737 66.1881 
8 0 2
0
-0.311742 27.0162 41.5895 37.7203 
1
-15.696 21.0399 11.866 72.0984 
8 0 3
0
-19.5997 31.4516 13.8776 28.2235 
1
-21.5408 0.0577209 40.3909 19.9297 
8 1 0
0
-32.9007 16.609 52.1064 31.097 
1
-18.7949 30.4219 51.4388 19.3556 
8 1 1
0
-57.5295 53.736 45.88 11.5419 
1
-49.7311 46.5076 58.322 44.2521 
8 1 2
0
-41.7918 35.731 17.6933 45.0407 
1
-38.0726 8.11237 48.1029 22.0376 
8 1 3
0
-39.3852 44.7715 6.30449 74.9225 
1
-27.8042 58.4231 40.9169 26.4187 
8 2 0
0
-5.46107 12.8796 44.957 84.5033 
1
-44.1796 0.0360366 50.0932 81.4744 
8 2 1
0
-51.946 21.0846 1.81111 69.4738 
1
-40.3403 40.842 38.7287 31.1392 
8 2 2
0
-45.4867 52.5206 29.3226 71.9106 
1
-15.4883 11.153 32.6133 46.5802 
8 2 3
0
-41.2491 24.7567 16.5303 10.3045 
1
-30.6256 46.9302 33.4326 19.8361 
8 3 0
0
-5.20863 37.3496 53.6652 76.4901 
1
-29.6605 11.7958 58.2267 39.0635 
8 3 1
0
-37.8682 41.8161 37.6271 44.5225 
1
-5.34788 11.0995 5.01411 26.8994 
8 3 2
0
-24.2442 45.55 4.25575 48.8625 
1
-20.6516 51.6994 59.9182 11.6877 
8 3 3
0
-53.9749 14.3696 10.312 63.306 
1
-30.765 31.8773 40.3036 23.5545 
8 4 0
0
-9.91892 33.1043 24.4759 57.9341 
1
-19.576 22.182 29.9879 29.0744 
8 4 1
0
-38.0713 46.3237 33.9873 47.7979 
1
-36.3092 35.6316 22.7975 34.7886 
8 4 2
0
-21.1267 31.873 12.5141 62.8605 
1
-31.5029 41.9004 -5.45012 32.7781 
8 4 3
0
-1.17965 19.9076 23.1123 37.7377 
1
-22.8758 8.05303 23.2158 38.5722 
8 5 0
0
-8.16105 57.8417 41.1767 56.285 
1
-16.5415 22.6071 34.3835 25.9634 
8 5 1
0
-31.8897 37.168 26.7903 26.967 
1
-45.342 16.9349 -14.3764 27.6036 
8 5 2
0
-35.4311 16.9683 -8.44355 51.3655 
1
-24.664 32.2676 3.47509 46.4471 
8 5 3
0
-53.0658 4.11913 16.5361 60.2722 
1
-20.5715 34.3094 15.5358 82.4742 
8 6 0
0
-41.3298 15.4959 53.5088 34.8443 
1
-11.6854 33.7332 20.0357 53.5706 
8 6 1
0
-37.735 19.0553 6.70779 41.4741 
1
-37.3303 50.1522 17.2175 34.0115 
8 6 2
0
-25.9925 65.2989 31.8386 35.2994 
1
-46.9252 23.6242 -4.63791 34.8963 
8 6 3
0
-10.1552 54.8399 12.3306 33.2115 
1
-34.6949 31.8752 4.13108 68.0788 
8 7 0
0
-57.8432 22.3787 18.5027 47.5284 
1
-36.8759 4.76211 5.05175 29.5341 
8 7 1
0
-31.9926 30.5024 41.9583 32.8864 
1
-44.3375 33.433 -2.12243 34.574 
8 7 2
0
-33.6706 31.9852 3.88843 69.3796 
1
-24.3781 28.9597 38.2939 39.735 
8 7 3
0
-35.4247 3.90777 16.615 42.2999 
1
-32.898 33.1256 3.74373 82.0762 
8 8 0
0
-49.8515 36.4606 53.698 48.721 
1
-56.3909 23.2035 35.3202 81.6271 
8 8 1
0
-0.777012 54.1857 33.3373 26.5623 
1
-38.2493 27.9768 17.6501 46.2075 
8 8 2
0
-45.4204 19.6601 -17.2528 57.7449 
1
-35.8291 52.2652 25.486 67.0978 
8 8 3
0
-5.20317 33.2919 17.9969 23.2995 
1
-34.5055 51.5977 13.6016 64.648 
8 9 0
0
-54.8502 51.4013 11.4626 31.4763 
1
-34.674 11.6092 35.3637 74.863 
8 9 1
0
-33.1049 46.3347 12.2486 64.7712 
1
-48.5496 22.7309 30.9552 29.8415 
8 9 2
0
-2.25397 32.789 18.3554 46.4152 
1
-43.617 37.483 7.06812 61.0858 
8 9 3
0
-41.6603 38.2315 8.90404 58.9625 
1
-49.5033 4.37091 48.8615 11.8724 
8 10 0
0
-4.12613 24.505 36.9898 82.6506 
1
-3.51328 51.0951 39.028 20.8116 
8 10 1
0
-27.3982 26.6597 -3.56155 65.385 
1
-30.6073 9.18416 52.1273 34.6947 
8 10 2
0
-53.2658 40.5491 24.5067 61.7334 
1
-24.7348 15.4504 14.3128 76.2495 
8 10 3
0
-2.19469 24.6449 28.8638 50.5078 
1
-46.6032 43.9891 9.37764 55.5177 
8 11 0
0
-33.3243 20.0486 52.5126 56.7452 
1
-3.75564 32.4407 32.317 31.9266 
8 11 1
0
-47.4731 34.3876 29.9971 88.562 
1
-8.3337 1.38975 50.8151 55.0679 
8 11 2
0
-31.9658 29.2264 9.43724 37.1779 
1
-41.4857 39.9898 17.8878 71.6953 
8 11 3
0
-34.6118 19.2554 16.6963 30.1118 
1
-36.173 52.7678 1.51018 62.5731 
8 12 0
0
-34.1032 45.1617 1.99508 39.794 
1
-51.078 30.9027 42.4637 63.6072 
8 12 1
0
-12.1009 48.785 41.9686 11.367 
1
-1.50169 18.3151 0.0460523 51.4256 
8 12 2
0
-26.1275 29.9552 43.0253 66.223 
1
-56.703 57.4842 36.7482 18.446 
8 12 3
0
-21.1518 70.5413 17.4735 63.5417 
1
-20.3627 0.328298 59.0175 80.721 
8 13 0
0
-8.77141 19.1188 45.9692 55.8854 
1
-20.7606 14.1856 22.251 18.2659 
8 13 1
0
-37.3531 10.4549 15.4195 70.7085 
1
-43.8543 38.2052 10.2703 49.6729 
8 13 2
0
-1.88234 34.4312 25.9242 72.9015 
1
-6.49045 22.2827 10.1831 70.417 
8 13 3
0
-13.529 59.3167 13.1024 73.1849 
1
-30.9654 56.2418 47.7229 28.5226 
8 14 0
0
-35.3674 40.4188 4.73567 65.6821 
1
-44.3573 37.3711 27.2131 20.122 
8 14 1
0
-55.5535 15.7168 8.69397 45.1586 
1
-18.0114 5.88701 4.17466 78.5791 
8 14 2
0
-0.599623 53.7403 8.93128 27.4835 
1
-51.7036 5.55039 37.0654 40.58 
8 14 3
0
-39.5966 24.9236 20.0431 70.5046 
1
-7.14566 42.8993 7.37735 32.5687 
8 15 0
0
-4.76281 17.2265 31.3204 81.9056 
1
-28.3871 34.0415 36.8745 52.2484 
8 15 1
0
-1.11213 13.9692 52.8564 77.8723 
1
-6.23821 2.3625 39.7517 85.9557 
8 15 2
0
-50.8641 3.86227 29.857 72.7364 
1
-53.7684 45.0095 27.2456 80.1913 
8 15 3
0
-26.244 13.5986 50.0054 27.1911 
1
-54.7559 30.9788 45.9836 87.7668 
9 0 0
0
-29.9584 38.5991 4.34237 17.0439 
1
-4.65298 36.1431 45.907 57.0095 
9 0 1
0
-4.35672 14.675 22.6681 13.0748 
1
-16.0592 6.03402 0.176732 70.6497 
9 0 2
0
-12.5452 47.165 46.0644 42.7619 
1
-8.21716 4.69498 14.6793 62.0454 
9 0 3
0
-51.0072 50.6541 46.1752 75.6724 
1
-40.905 27.2552 42.5714 67.741 
9 1 0
0
-20.4957 16.8893 58.9673 65.5756 
1
-13.523 58.9975 1.80619 35.63 
9 1 1
0
-49.4604 2.61284 44.8334 15.9999 
1
-48.8508 2.62553 20.0382 64.4102 
9 1 2
0
-36.2718 48.5798 4.50573 67.7826 
1
-40.7475 53.5986 17.1423 85.6856 
9 1 3
0
-30.5231 39.2322 32.9647 13.4192 
1
-19.8223 50.6292 44.54 11.0692 
9 2 0
0
-7.79787 35.7562 37.2508 33.6325 
1
-11.0734 58.2819 23.0898 69.2935 
9 2 1
0
-54.8766 1.46702 59.9176 33.0846 
1
-11.0308 58.8398 41.6754 29.9169 
9 2 2
0
-19.0288 59.5366 3.46049 26.1141 
1
-31.1147 53.4097 44.8058 88.879 
9 2 3
0
-43.9999 38.6243 10.1154 89.3946 
1
-21.6901 24.4802 3.68875 41.4343 
9 3 0
0
-4.17735 27.5174 23.953 38.8449 
1
-46.1244 21.4661 59.4178 26.9095 
9 3 1
0
-43.9009 42.9143 18.8014 59.03 
1
-7.16894 41.9928 40.7364 35.7476 
9 3 2
0
-16.5963 46.3809 -2.34943 71.4795 
1
-27.8571 59.9421 4.50552 42.3277 
9 3 3
0
-54.1244 28.8755 42.4491 48.8608 
1
-15.7123 17.8354 21.695 32.4542 
9 4 0
0
-42.544 56.4351 19.8923 85.0741 
1
-16.2089 22.5711 24.209 50.4349 
9 4 1
0
-27.3928 30.2939 -6.00787 36.8008 
1
-36.9442 20.4454 40.914 32.8945 
9 4 2
0
-46.0897 2.79592 0.273997 40.3585 
1
-29.6719 46.9434 16.9003 52.7044 
9 4 3
0
-16.8456 12.6729 52.8089 61.4048 
1
-50.9241 45.4709 41.7262 69.7638 
9 5 0
0
-46.8211 41.8563 23.3947 45.7424 
1
-41.2261 1.37737 12.8946 39.1205 
9 5 1
0
-21.7894 45.9451 2.63225 47.3195 
1
-44.8005 21.9128 38.3874 32.5871 
9 5 2
0
-31.6374 17.0989 -15.9519 44.5502 
1
-37.1842 41.0722 32.4601 43.2545 
9 5 3
0
-36.2178 19.9014 53.4769 17.1887 
1
-46.2893 53.1299 0.948869 39.8053 
9 6 0
0
-41.5283 43.2575 11.8896 87.6557 
1
-15.2635 59.8067 5.72579 19.7006 
9 6 1
0
-47.3689 19.6249 -6.80799 27.6746 
1
-35.1242 20.1529 33.1085 22.4662 
9 6 2
0
-33.4228 38.1674 15.4656 59.5783 
1
-37.9435 35.0531 -6.49765 38.2518 
9 6 3
0
-24.4222 46.073 23.8438 48.1745 
1
-29.3693 56.6082 14.7949 28.6721 
9 7 0
0
-59.673 8.92565 36.3492 28.3128 
1
-50.6176 28.2253 49.9409 14.2334 
9 7 1
0
-12.2965 15.0765 37.2917 70.5774 
1
-50.8698 16.2781 -5.39816 29.9346 
9 7 2
0
-40.4077 8.67919 -14.1132 62.3542 
1
-38.9833 45.2502 18.4023 62.5176 
9 7 3
0
-21.4724 48.784 8.21329 27.2751 
1
-33.5031 47.2452 8.70594 81.8507 
9 8 0
0
-33.2864 11.1713 26.4026 23.1824 
1
-21.7488 15.4449 46.9091 40.8275 
9 8 1
0
-38.4966 54.5904 4.74729 48.5318 
1
-46.1117 20.8294 23.4365 48.5561 
9 8 2
0
-11.1088 24.8615 8.76688 10.1101 
1
-41.6386 36.8841 9.12669 64.3149 
9 8 3
0
-45.0671 31.1019 7.25916 67.6906 
1
-9.955 55.0846 43.0846 14.4964 
9 9 0
0
-38.1721 28.9626 41.7107 63.5757 
1
-9.32615 3.33884 25.9562 25.1291 
9 9 1
0
-19.0094 54.7773 11.8508 37.0908 
1
-40.2001 29.5142 19.1958 43.4036 
9 9 2
0
-29.369 16.024 27.9057 52.9553 
1
-42.8546 48.3714 21.5247 67.4625 
9 9 3
0
-17.4109 26.3623 53.3047 80.1409 
1
-52.4866 58.5247 35.8774 77.6827 
9 10 0
0
-32.214 58.0371 59.3727 43.8962 
1
-21.3206 35.081 36.8202 33.2439 
9 10 1
0
-18.6574 0.289398 33.8435 67.3692 
1
-50.8302 32.7769 39.2557 32.9131 
9 10 2
0
-34.5338 53.4294 6.43645 62.0036 
1
-22.1925 4.88592 55.2266 50.383 
9 10 3
0
-33.4554 46.3637 24.0487 61.1047 
1
-0.640411 38.2246 41.0696 40.1323 
9 11 0
0
-59.4121 16.9038 6.29932 10.1374 
1
-35.3115 17.0338 49.0576 58.2738 
9 11 1
0
-46.4488 59.4808 57.8635 21.1622 
1
-47.35 59.3286 55.5581 87.602 
9 11 2
0
-18.5971 54.9679 24.6836 57.3357 
1
-35.6687 13.3338 39.2678 61.3691 
9 11 3
0
-14.7625 29.8742 40.3378 13.1568 
1
-20.6053 51.1233 20.5229 52.0716 
9 12 0
0
-46.1789 41.3064 11.0983 23.3751 
1
-55.6464 21.583 48.2228 26.6144 
9 12 1
0
-39.6193 20.3608 20.4446 86.3082 
1
-49.9951 38.1198 36.4804 58.6563 
9 12 2
0
-39.9052 9.0587 34.5379 39.41 
1
-29.7944 54.0515 6.85471 49.6447 
9 12 3
0
-11.8711 1.19198 11.8367 48.489 
1
-7.88156 24.838 58.262 83.597 
9 13 0
0
-15.8556 29.3307 51.9713 72.3131 
1
-41.5555 15.844 55.3593 71.3836 
9 13 1
0
-21.6403 22.1254 53.9736 57.4329 
1
-58.3749 37.0022 0.466504 30.63 
9 13 2
0
-29.5934 23.1393 56.6516 49.6725 
1
-6.79567 5.02436 5.15748 64.0607 
9 13 3
0
-20.8068 0.132933 41.0552 20.7961 
1
-12.7488 52.6077 54.0674 46.6199 
9 14 0
0
-35.4407 44.9806 1.17487 15.2343 
1
-43.2126 34.4342 23.6195 21.1937 
9 14 1
0
-55.3336 37.7823 5.26175 40.761 
1
-5.11877 2.73261 2.01797 27.2436 
9 14 2
0
-54.8463 39.25 23.173 49.2289 
1
-6.60849 10.9679 12.554 59.683 
9 14 3
0
-39.1821 4.39426 55.486 11.2589 
1
-40.9987 22.1729 33.2398 27.0724 
9 15 0
0
-9.453 28.5687 53.8033 50.1267 
1
-34.0626 11.2013 40.951 11.5575 
9 15 1
0
-25.0239 25.7271 28.5561 72.1595 
1
-24.6324 9.59421 22.6027 40.1 
9 15 2
0
-41.0289 9.11065 40.9925 65.001 
1
-5.05659 9.73392 29.3677 86.8868 
9 15 3
0
-15.6933 16.2589 3.39048 63.4676 
1
-21.338 41.552 36.4571 10.1651 
10 0 0
0
-1.17153 42.9626 59.1365 55.4848 
1
-37.1226 59.6448 13.1709 28.6055 
10 0 1
0
-37.8667 55.7542 27.3081 70.4752 
1
-41.062 11.2561 38.5717 24.6752 
10 0 2
0
-39.2355 23.2598 32.5286 85.0847 
1
-33.1943 5.34716 17.0946 58.0072 
10 0 3
0
-58.6213 24.6366 21.8512 73.452 
1
-44.2731 9.38394 16.1428 68.4736 
10 1 0
0
-27.6554 56.8478 25.8154 70.7966 
1
-43.2922 1.62537 2.37087 54.0782 
10 1 1
0
-10.0685 43.7286 48.1582 37.7772 
1
-6.19458 9.56573 18.9063 15.9499 
10 1 2
0
-47.8659 14.7646 15.0142 89.3523 
1
-42.1703 20.3862 49.5816 78.5546 
10 1 3
0
-35.0612 43.3378 38.1759 65.8375 
1
-3.68306 54.5892 51.0509 76.3224 
10 2 0
0
-45.7228 29.1246 17.3669 14.1497 
1
-9.63239 40.4026 53.4524 44.079 
10 2 1
0
-9.55767 54.0192 29.2487 85.6004 
1
-8.90901 55.6637 18.5119 49.724 
10 2 2
0
-7.77112 33.5956 6.45276 43.5048 
1
-11.2333 11.4175 19.3493 10.665 
10 2 3
0
-2.86465 42.8974 37.3486 40.8733 
1
-22.4207 12.5547 18.3319 52.5157 
10 3 0
0
-13.9275 49.7729 55.4754 61.4673 
1
-37.6772 54.8084 19.745 87.662 
10 3 1
0
-41.6294 1.53896 40.226 23.0814 
1
-15.348 28.939 25.45 61.3667 
10 3 2
0
-56.2713 44.442 20.2953 61.7027 
1
-29.8039 46.761 11.6065 75.7478 
10 3 3
0
-59.506 48.372 58.7718 62.69 
1
-10.384 24.6556 8.7594 51.042 
10 4 0
0
-28.9875 4.31097 53.0984 70.7064 
1
-31.2589 30.7117 3.50256 11.4213 
10 4 1
0
-33.3014 33.7172 7.88118 29.5034 
1
-39.4366 33.7664 44.0681 27.1412 
10 4 2
0
-45.4072 6.62674 6.85997 13.3243 
1
-32.8318 40.444 14.0444 44.7085 
10 4 3
0
-15.3628 26.301 15.295 37.8213 
1
-49.1512 20.5762 11.047 63.6322 
10 5 0
0
-25.0267 13.4073 31.6438 39.1634 
1
-38.4988 53.12 27.2193 88.4037 
10 5 1
0
-42.9746 16.6022 31.2316 21.8978 
1
-25.1163 18.8925 20.2281 47.6978 
10 5 2
0
-36.9189 34.953 15.3419 42.5207 
1
-22.6785 20.6012 5.36899 20.5065 
10 5 3
0
-50.7853 10.386 28.37 64.2283 
1
-19.5844 30.8421 23.3137 15.6264 
10 6 0
0
-55.0462 31.2621 30.7419 22.7379 
1
-45.3046 49.2631 8.23039 62.7111 
10 6 1
0
-20.8834 1.38211 11.2881 24.9537 
1
-39.582 34.7964 14.5807 38.2401 
10 6 2
0
-33.6569 54.4626 24.6893 42.5938 
1
-43.6162 18.8094 8.93533 49.6294 
10 6 3
0
-27.211 24.8536 13.7172 24.2269 
1
-27.8398 46.1136 24.1423 78.8892 
10 7 0
0
-40.6534 10.145 23.397 89.7487 
1
-9.02217 48.5397 46.392 62.8077 
10 7 1
0
-31.3545 59.1178 13.1418 40.8292 
1
-54.4304 12.1342 20.4847 27.8648 
10 7 2
0
-7.79013 42.9515 11.1847 11.4918 
1
-34.5258 48.7102 12.0227 53.8499 
10 7 3
0
-44.3438 39.1893 13.7926 67.3067 
1
-41.6883 24.6167 57.7452 15.1898 
10 8 0
0
-56.0103 7.76635 6.22042 20.8602 
1
-43.3064 18.9199 25.8284 48.2493 
10 8 1
0
-17.778 40.6914 53.7476 25.093 
1
-47.9584 29.4777 30.5743 49.8781 
10 8 2
0
-22.1857 20.6945 9.65784 34.9022 
1
-47.6448 38.289 2.47591 54.1184 
10 8 3
0
-33.4983 24.5504 3.61429 28.0718 
1
-49.1418 32.0726 20.067 76.6358 
10 9 0
0
-8.84378 7.26902 7.35663 28.378 
1
-17.0325 4.63025 9.60124 16.3743 
10 9 1
0
-21.745 4.42748 38.8535 48.3862 
1
-19.3446 60.6332 39.8479 79.4761 
10 9 2
0
-54.0233 14.4083 7.88795 54.1427 
1
-46.1944 44.9356 9.07427 65.1778 
10 9 3
0
-45.6567 32.5645 18.9196 79.7219 
1
-17.9141 38.5979 57.3382 17.4871 
10 10 0
0
-16.9618 55.0285 45.8763 59.8152 
1
-10.8919 46.6945 22.9067 48.0852 
10 10 1
0
-19.3167 0.84429 6.03814 47.4044 
1
-20.8084 4.01678 37.8881 60.9731 
10 10 2
0
-20.1957 42.0873 30.7537 11.7119 
1
-42.4673 19.3514 3.524 64.6686 
10 10 3
0
-19.8202 42.1661 57.6197 48.0327 
1
-33.4927 41.3002 45.6568 59.6457 
10 11 0
0
-5.11105 30.9111 33.0274 15.0158 
1
-21.878 34.7486 37.0155 55.5473 
10 11 1
0
-35.9494 49.9824 2.2526 16.616 
1
-9.93567 10.9686 28.6668 68.4396 
10 11 2
0
-55.7235 19.7009 18.4168 51.0361 
1
-23.8005 51.9857 18.1103 57.868 
10 11 3
0
-42.2757 26.7159 14.7677 74.5941 
1
-16.364 19.0951 16.513 54.9231 
10 12 0
0
-53.5981 53.6295 34.1483 40.3154 
1
-57.0787 5.55893 35.4374 22.2974 
10 12 1
0
-28.3079 52.8746 31.7504 86.595 
1
-25.3895 13.8253 27.3165 21.4274 
10 12 2
0
-36.0087 38.7413 2.92812 17.0664 
1
-1.14585 56.4122 36.9522 82.0733 
10 12 3
0
-21.9263 9.4016 48.9162 82.6167 
1
-35.1736 7.48491 5.30292 28.7701 
10 13 0
0
-27.399 13.9006 48.8112 69.1092 
1
-23.7336 42.2006 32.8516 41.8701 
10 13 1
0
-54.7385 23.4099 4.01119 59.2657 
1
-59.055 31.8291 25.5219 50.5531 
10 13 2
0
-48.0244 6.52808 59.1944 83.272 
1
-4.54857 38.6222 26.6741 37.0865 
10 13 3
0
-36.5338 35.6132 35.9106 10.2365 
1
-37.6355 17.8065 37.0975 63.6085 
10 14 0
0
-14.7026 35.9772 26.974 11.8257 
1
-32.105 46.6271 0.110436 46.9256 
10 14 1
0
-16.0161 50.6417 18.0279 14.6945 
1
-43.9205 47.0451 43.5424 38.7695 
10 14 2
0
-1.96993 42.1156 34.0558 33.6762 
1
-49.8074 43.9214 5.29714 35.6935 
10 14 3
0
-25.1541 1.74531 18.0529 23.382 
1
-11.6974 42.8785 23.3584 70.809 
10 15 0
0
-36.1042 37.0267 54.8255 46.1758 
1
-51.4121 14.4701 42.2579 15.0112 
10 15 1
0
-11.9589 19.2948 59.8067 40.0994 
1
-17.1948 30.4459 7.24476 65.9243 
10 15 2
0
-24.4782 56.4086 19.1713 44.4131 
1
-30.7979 51.9549 31.6161 71.5019 
10 15 3
0
-1.73451 41.2863 29.4232 26.4201 
1
-29.9114 47.1388 29.9994 78.3078 
11 0 0
0
-14.8915 53.9004 9.63073 63.8108 
1
-35.0338 8.80609 45.8876 65.9006 
11 0 1
0
-44.2034 17.9002 10.2097 49.0196 
1
-23.4651 42.7863 3.98186 23.7769 
11 0 2
0
-45.5473 27.9309 5.19801 86.3689 
1
-4.95673 16.9912 13.1538 81.425 
11 0 3
0
-51.6278 45.3614 45.0429 31.1801 
1
-42.4722 15.5658 39.45 64.6783 
11 1 0
0
-8.57744 33.2571 56.9205 63.4565 
1
-46.9273 35.1478 21.5101 50.4295 
11 1 1
0
-5.99432 16.6331 26.8259 76.3416 
1
-0.692401 53.5804 49.755 68.2954 
11 1 2
0
-8.34056 4.25917 53.4183 68.8923 
1
-23.4865 28.9709 50.8816 46.926 
11 1 3
0
-43.8002 59.0834 31.448 24.7387 
1
-59.2133 12.6287 18.6967 24.866 
11 2 0
0
-34.9316 56.0704 54.2062 20.4709 
1
-57.1684 49.5766 21.2757 84.8077 
11 2 1
0
-14.8368 0.249529 35.7768 21.5744 
1
-11.1521 39.8135 0.675058 70.6456 
11 2 2
0
-54.0075 41.2004 7.88975 63.401 
1
-42.4715 3.17339 1.13793 31.6132 
11 2 3
0
-48.2591 8.25177 2.54769 64.1488 
1
-58.8525 21.2906 37.0692 83.4719 
11 3 0
0
-42.6389 26.485 38.4412 42.4412 
1
-24.7845 54.6798 16.7283 12.3618 
11 3 1
0
-10.6685 6.3837 22.1207 12.4826 
1
-16.0731 32.5085 28.3303 76.7263 
11 3 2
0
-35.0808 18.7197 36.5291 62.8938 
1
-44.5938 50.0637 53.395 70.8507 
11 3 3
0
-28.4609 19.0545 52.911 38.5681 
1
-41.0765 39.9747 16.4889 14.0541 
11 4 0
0
-20.1702 56.6303 34.9183 70.2768 
1
-6.40425 5.85135 55.3355 22.3483 
11 4 1
0
-46.889 53.7531 55.2831 62.4408 
1
-17.2229 50.2844 9.16886 81.1106 
11 4 2
0
-39.642 38.2225 38.1545 26.8328 
1
-37.0137 24.3429 -8.38658 53.6379 
11 4 3
0
-52.7679 4.63762 57.0776 23.9458 
1
-43.9571 4.92068 44.453 67.7121 
11 5 0
0
-57.2804 39.9547 27.0497 64.1069 
1
-36.6385 25.5214 51.5603 20.0802 
11 5 1
0
-40.8367 30.4299 43.9386 32.8316 
1
-44.2255 18.0422 -4.02325 38.2378 
11 5 2
0
-36.2327 41.2448 18.1619 46.777 
1
-46.7053 11.2639 8.99339 19.2568 
11 5 3
0
-2.31708 1.27188 22.3923 30.6887 
1
-33.6137 28.6946 11.9835 68.446 
11 6 0
0
-57.8109 35.9924 2.13572 68.811 
1
-12.9977 47.7751 8.59811 34.011 
11 6 1
0
-3.18467 37.0282 41.5528 19.8495 
1
-46.139 18.476 25.2535 28.7022 
11 6 2
0
-53.0048 17.5971 18.0322 44.8149 
1
-26.7337 57.984 14.9125 61.3502 
11 6 3
0
-58.852 29.1703 59.5645 27.5076 
1
-51.1336 31.1881 30.506 72.437 
11 7 0
0
-0.923438 1.63457 54.3866 47.339 
1
-13.6353 51.1561 57.126 72.6273 
11 7 1
0
-41.9166 33.0742 41.4048 21.4243 
1
-51.8874 7.86833 37.7493 23.8465 
11 7 2
0
-33.9849 21.7424 -8.64291 60.583 
1
-49.9595 30.4539 26.8912 46.5418 
11 7 3
0
-47.6897 43.4969 25.6585 70.6172 
1
-15.6409 50.2945 2.39149 24.5288 
11 8 0
0
-37.9388 16.9217 11.7145 11.4284 
1
-50.6015 42.09 49.257 32.2868 
11 8 1
0
-37.0088 27.338 57.1374 15.1134 
1
-36.2105 39.7325 50.3915 40.043 
11 8 2
0
-26.0361 56.7733 6.67413 40.04 
1
-44.0946 33.0333 12.0324 65.7581 
11 8 3
0
-33.5027 49.8099 15.4794 58.2473 
1
-50.2971 33.2201 46.6377 20.5509 
11 9 0
0
-2.26701 1.96614 48.1723 34.6477 
1
-28.0316 56.061 0.27511 74.0659 
11 9 1
0
-38.0631 37.8587 28.1243 68.1483 
1
-32.565 3.69169 48.3268 28.5873 
11 9 2
0
-51.3459 24.8207 43.5943 19.2567 
1
-30.3736 64.4439 23.1446 65.4138 
11 9 3
0
-29.7511 48.4058 52.6363 23.8838 
1
-50.6332 12.8949 15.9211 61.9421 
11 10 0
0
-7.54642 29.6516 22.595 78.537 
1
-2.26566 48.1869 39.9952 75.1995 
11 10 1
0
-35.5182 41.3465 4.91019 70.2498 
1
-41.6865 1.76396 57.3278 11.7463 
11 10 2
0
-26.5712 30.0669 18.8702 63.7846 
1
-11.2274 9.18745 44.094 56.6208 
11 10 3
0
-59.5867 10.5866 24.8602 15.3389 
1
-25.3822 23.5248 29.9582 61.8818 
11 11 0
0
-5.5649 23.8925 58.6633 78.0523 
1
-16.7917 54.1024 50.4766 15.4007 
11 11 1
0
-44.1042 6.94136 23.9532 60.2604 
1
-26.3892 8.75586 59.6094 77.4121 
11 11 2
0
-37.0381 23.0022 10.3302 60.7086 
1
-20.1691 25.9053 13.743 23.7581 
11 11 3
0
-23.3306 13.5439 45.9913 22.7129 
1
-57.171 51.9883 5.94366 17.5563 
11 12 0
0
-1.7926 47.6602 55.2336 66.5802 
1
-38.978 50.0151 55.225 62.6411 
11 12 1
0
-59.6943 37.8632 11.2504 30.4421 
1
-32.3742 40.4903 59.5062 62.2762 
11 12 2
0
-36.6223 38.0388 6.04883 34.5862 
1
-50.9551 7.96687 52.0636 25.9412 
11 12 3
0
-14.9042 11.4394 22.691 70.4738 
1
-59.7353 11.2636 51.6058 77.3972 
11 13 0
0
-8.56166 40.0469 36.6614 65.1623 
1
-50.9853 6.63072 46.9747 71.0671 
11 13 1
0
-36.1335 27.3639 12.0546 34.5965 
1
-35.624 46.3844 41.8662 67.8629 
11 13 2
0
-45.7141 52.466 19.7999 72.2772 
1
-10.3342 39.1111 5.5945 61.6171 
11 13 3
0
-43.7595 18.3144 13.8161 89.8988 
1
-56.1217 38.5351 35.2916 56.9931 
11 14 0
0
-8.49009 27.5857 20.5608 73.2188 
1
-55.2117 4.04428 44.5505 22.4036 
11 14 1
0
-40.144 0.887752 14.2926 59.902 
1
-58.6741 3.75646 34.501 11.3759 
11 14 2
0
-45.6227 44.6901 48.1994 18.5377 
1
-10.5036 24.7694 21.1616 54.1389 
11 14 3
0
-17.4745 42.5717 31.5317 11.1661 
1
-53.2226 22.8199 35.4203 26.3397 
11 15 0
0
-51.6015 34.7623 20.6933 42.0195 
1
-27.8576 56.0723 35.86 23.2395 
11 15 1
0
-57.4339 35.22 15.101 18.7944 
1
-10.2055 43.1025 2.0012 67.7849 
11 15 2
0
-5.79884 56.6679 16.8076 86.5013 
1
-20.996 57.8485 6.79792 17.586 
11 15 3
0
-6.89189 18.6416 49.6477 13.5268 
1
-50.6729 57.997 59.3578 45.1916 
12 0 0
0
-40.9411 0.589296 23.3905 68.9614 
1
-5.96398 4.15303 38.2982 18.91 
12 0 1
0
-39.6129 27.5113 34.4741 52.5687 
1
-17.6875 28.3223 49.3607 89.6537 
12 0 2
0
-50.1148 40.8467 41.5303 38.4655 
1
-39.279 9.91407 0.0679566 13.6539 
12 0 3
0
-3.67165 34.56 10.8076 33.3222 
1
-0.796342 22.6473 5.07917 34.4233 
12 1 0
0
-57.0949 45.4521 53.6833 67.068 
1
-45.5982 8.97441 59.4779 12.674 
12 1 1
0
-52.7699 28.5936 35.0257 87.0432 
1
-19.2589 29.7159 50.561 27.8752 
12 1 2
0
-57.9665 30.0157 9.9528 78.9161 
1
-51.1645 6.90877 40.3719 34.2539 
12 1 3
0
-24.923 12.0712 42.7167 77.4614 
1
-13.7188 3.02581 26.8332 68.6217 
12 2 0
0
-2.2085 29.5195 21.1254 44.7099 
1
-34.2283 4.02243 30.7403 32.9786 
12 2 1
0
-9.36953 58.7004 37.1204 40.6238 
1
-32.5329 15.5586 26.2239 70.0976 
12 2 2
0
-51.8162 36.0678 58.1538 64.1995 
1
-21.389 10.7711 50.5025 44.2403 
12 2 3
0
-37.4694 48.74 5.19694 30.6311 
1
-45.6972 54.3868 13.3075 85.3008 
12 3 0
0
-4.3931 50.7653 36.9315 18.7698 
1
-17.8035 20.0573 56.0236 14.2442 
12 3 1
0
-38.7141 16.432 15.6228 75.949 
1
-35.9647 42.5278 44.4316 48.8775 
12 3 2
0
-30.0805 59.1474 6.8028 22.4001 
1
-34.3649 41.1274 45.7989 35.1225 
12 3 3
0
-25.6186 53.4487 27.1048 13.1112 
1
-47.649 35.2386 36.4588 74.5575 
12 4 0
0
-20.5716 0.336944 58.8954 77.2228 
1
-14.3082 53.117 52.8549 47.0984 
12 4 1
0
-22.4606 53.0532 3.71346 48.8062 
1
-28.6915 30.8332 26.7451 59.4049 
12 4 2
0
-32.8227 53.5248 13.7728 70.1396 
1
-13.4295 30.2805 13.2184 78.4948 
12 4 3
0
-39.1204 35.1794 28.7605 83.0959 
1
-27.6305 33.4694 59.4138 15.1568 
12 5 0
0
-14.1264 40.9553 46.5325 25.1456 
1
-17.6221 41.7061 25.1828 17.5972 
12 5 1
0
-52.3746 34.2945 44.728 56.6987 
1
-28.1508 39.566 55.9238 13.3716 
12 5 2
0
-46.492 35.8566 9.198 47.5392 
1
-34.48 17.4158 44.0739 11.0354 
12 5 3
0
-49.4598 33.4648 28.3654 59.5013 
1
-10.9289 35.2111 13.5976 68.0871 
12 6 0
0
-39.1305 50.458 57.584 25.2521 
1
-57.7463 54.4809 0.598611 21.9659 
12 6 1
0
-1.76271 7.71388 15.1238 48.0893 
1
-35.233 36.3396 35.5761 20.349 
12 6 2
0
-46.8872 36.3614 37.9802 45.351 
1
-37.4998 24.7185 0.17706 60.3285 
12 6 3
0
-47.2656 15.5129 49.9781 19.0389 
1
-25.0575 39.315 21.9459 55.3802 
12 7 0
0
-0.613284 47.5486 59.3721 59.8131 
1
-45.4957 42.7606 57.2432 50.7128 
12 7 1
0
-59.3447 1.83417 55.8527 69.7089 
1
-52.9148 12.2986 23.3547 33.4001 
12 7 2
0
-27.4619 39.6471 3.87206 58.9942 
1
-20.3337 2.02773 26.6242 28.8077 
12 7 3
0
-22.4669 49.5827 9.91254 69.6556 
1
-18.3261 12.2892 12.5114 71.5489 
12 8 0
0
-35.6727 32.1539 10.1122 66.3065 
1
-8.72674 40.8794 3.29701 73.4934 
12 8 1
0
-21.4858 13.8994 0.539762 48.3683 
1
-32.4852 33.9117 2.19788 23.3027 
12 8 2
0
-28.4911 30.2928 13.34 35.2133 
1
-42.244 31.7509 23.2971 45.2926 
12 8 3
0
-43.8367 20.3628 8.86952 38.7179 
1
-38.002 48.9839 26.196 55.6479 
12 9 0
0
-50.6119 47.7155 16.557 85.3756 
1
-43.9433 17.4915 54.2047 24.5089 
12 9 1
0
-45.4575 13.9895 28.5758 36.3736 
1
-13.9205 27.3315 39.2527 57.6522 
12 9 2
0
-39.4361 27.7924 1.70808 49.673 
1
-41.6806 42.3756 16.6744 12.6559 
12 9 3
0
-40.9367 30.4387 14.6117 69.3227 
1
-32.7724 10.2803 3.52547 66.6684 
12 10 0
0
-19.6123 4.06553 47.6473 60.6317 
1
-5.36752 30.007 34.6502 44.5129 
12 10 1
0
-58.9459 42.9059 55.4229 76.1249 
1
-42.3927 54.5237 50.324 14.7516 
12 10 2
0
-19.8093 53.3893 46.1447 40.2738 
1
-50.1624 14.6843 11.1938 33.5529 
12 10 3
0
-7.07471 16.3558 56.9322 24.5877 
1
-24.6008 51.6097 2.37646 58.0432 
12 11 0
0
-43.0062 18.005 47.2648 10.2466 
1
-55.7484 40.0428 4.74687 48.2198 
12 11 1
0
-51.4064 59.7516 20.136 39.5487 
1
-24.5215 40.8404 49.6305 86.6976 
12 11 2
0
-8.76551 46.9964 49.7343 67.9485 
1
-52.6119 14.2026 40.5477 82.5273 
12 11 3
0
-28.792 59.9323 37.9671 62.9386 
1
-41.576 57.052 59.032 23.3815 
12 12 0
0
-32.3825 40.3315 56.1601 39.0109 
1
-7.12479 25.6638 3.19456 49.0218 
12 12 1
0
-36.7938 51.236 25.2107 47.4603 
1
-35.1113 8.76211 11.6362 75.6461 
12 12 2
0
-29.9623 26.5 10.7249 78.9172 
1
-59.1262 33.5789 20.5266 39.8491 
12 12 3
0
-27.5777 52.9351 29.3285 13.6545 
1
-20.7675 22.6995 48.2675 46.1761 
12 13 0
0
-16.5735 7.93559 55.9178 88.0593 
1
-35.3422 31.5103 8.20922 34.4686 
12 13 1
0
-58.7479 5.41223 12.4631 33.0005 
1
-27.0763 42.0666 26.5386 18.4825 
12 13 2
0
-6.45985 46.3931 21.7126 79.1569 
1
-34.9272 23.3332 40.8825 23.8524 
12 13 3
0
-26.7708 21.1769 21.2793 41.4448 
1
-52.4064 6.86152 2.55196 27.6732 
12 14 0
0
-23.7027 4.00513 31.9242 54.047 
1
-30.0913 53.0831 29.3669 32.7819 
12 14 1
0
-18.4741 49.2743 46.5248 82.6019 
1
-38.2907 33.6608 51.9834 72.1829 
12 14 2
0
-15.3114 22.1562 4.85719 51.2567 
1
-46.847 19.918 51.5155 74.1842 
12 14 3
0
-10.0077 39.5975 41.3427 43.3447 
1
-1.65024 16.6732 1.89203 49.4072 
12 15 0
0
-31.9228 40.8145 30.7675 62.8313 
1
-37.9604 24.9803 21.7179 69.2954 
12 15 1
0
-35.7724 10.3634 54.4508 54.2519 
1
-11.3168 1.88349 37.4953 16.1209 
12 15 2
0
-41.9683 47.6899 38.2359 37.4411 
1
-20.2518 44.633 21.0837 38.317 
12 15 3
0
-57.3221 27.4827 30.1965 13.1656 
1
-2.10006 52.6828 20.2054 23.3035 
13 0 0
0
-45.479 50.8187 56.6803 88.4145 
1
-12.8295 21.9515 35.0558 17.1253 
13 0 1
0
-32.7216 7.61246 18.1712 75.3519 
1
-32.6575 4.68078 5.73289 51.2265 
13 0 2
0
-50.5481 26.0233 17.9369 31.7968 
1
-1.64851 8.42606 59.9752 46.8712 
13 0 3
0
-42.4739 31.0115 40.1978 33.5115 
1
-59.4924 51.635 45.6244 44.1179 
13 1 0
0
-50.767 0.851414 47.3197 12.6791 
1
-34.2045 53.3539 14.1525 10.0374 
13 1 1
0
-59.166 20.0534 19.4275 27.096 
1
-43.3548 57.5722 46.1264 28.4813 
13 1 2
0
-30.1264 17.7889 30.4026 49.0112 
1
-36.3648 33.9187 27.5284 46.6597 
13 1 3
0
-33.1624 20.1809 6.60454 50.5773 
1
-23.7981 50.2428 44.9055 23.6256 
13 2 0
0
-50.9182 30.6384 30.0694 63.8801 
1
-49.1734 11.7748 10.8975 49.0343 
13 2 1
0
-6.38167 6.24764 48.8105 77.2258 
1
-0.994593 16.3531 7.86765 63.3675 
13 2 2
0
-38.5281 35.9163 2.99271 67.3107 
1
-27.3219 16.4289 20.3835 12.1385 
13 2 3
0
-16.644 1.05238 50.3569 30.8837 
1
-31.4285 38.1913 9.83609 30.8958 
13 3 0
0
-21.7285 45.1431 23.7767 59.6986 
1
-29.5223 23.0486 22.5555 22.5054 
13 3 1
0
-31.4219 30.5901 -5.98811 56.8228 
1
-32.7992 46.849 43.7066 44.2963 
13 3 2
0
-47.7501 2.08424 29.1444 23.1062 
1
-22.7572 47.8952 19.7867 21.8297 
13 3 3
0
-31.4643 8.9534 44.6031 25.0875 
1
-17.3127 35.6307 39.9907 78.0284 
13 4 0
0
-35.1942 58.8156 8.39704 83.1188 
1
-11.9935 40.1254 26.7453 33.2293 
13 4 1
0
-43.3472 7.77 53.0523 72.4372 
1
-13.3274 28.9115 9.71643 66.3334 
13 4 2
0
-33.8705 49.7729 21.4805 54.3168 
1
-48.9968 9.66577 12.279 11.0366 
13 4 3
0
-51.3308 28.2677 55.6663 43.3759 
1
-42.8016 37.82 36.4156 55.5921 
13 5 0
0
-45.0757 56.3096 26.7312 45.0112 
1
-46.8389 31.1612 4.60737 41.2368 
13 5 1
0
-30.0146 15.038 17.408 53.1712 
1
-52.2527 19.1029 26.8371 25.4074 
13 5 2
0
-49.9515 51.5636 13.8815 58.0456 
1
-50.0666 26.6114 49.4615 57.9401 
13 5 3
0
-59.0385 21.4592 53.6739 75.2011 
1
-9.06026 22.2729 25.4528 31.5179 
13 6 0
0
-15.2077 18.6719 53.001 76.5611 
1
-8.4374 22.1559 23.54 10.1263 
13 6 1
0
-9.98914 47.9434 36.7258 11.2558 
1
-55.9061 35.542 31.1771 51.2972 
13 6 2
0
-49.0823 8.43039 21.2828 30.8799 
1
-37.9743 25.6833 9.04796 49.7176 
13 6 3
0
-11.2898 10.888 21.3902 60.8567 
1
-44.9038 10.0499 10.0931 81.9381 
13 7 0
0
-14.743 37.9427 32.7544 59.4858 
1
-45.6494 18.9516 58.5683 20.6765 
13 7 1
0
-13.3696 56.8251 11.7625 82.1955 
1
-36.9339 13.5164 15.908 19.9881 
13 7 2
0
-39.7933 36.3319 29.0298 44.2181 
1
-40.963 13.0916 -6.57193 46.2857 
13 7 3
0
-26.4704 56.9742 15.9351 58.512 
1
-13.1943 26.6338 12.0873 57.0901 
13 8 0
0
-36.0787 47.1012 8.56761 77.9435 
1
-27.4047 47.2639 1.34289 11.6542 
13 8 1
0
-14.3766 38.8243 19.1038 78.3224 
1
-25.3609 5.46174 21.0601 39.0907 
13 8 2
0
-44.2183 0.771293 8.79053 13.7612 
1
-49.6513 28.8402 19.9535 57.147 
13 8 3
0
-43.4728 36.1417 33.886 27.5673 
1
-42.3594 53.1865 10.3339 40.5556 
13 9 0
0
-50.612 52.7257 2.25827 50.8845 
1
-41.9683 12.173 40.6875 30.4224 
13 9 1
0
-37.434 5.52653 48.5413 81.5761 
1
-31.6145 58.8794 54.8799 12.7314 
13 9 2
0
-49.7522 18.9613 34.1974 46.3628 
1
-20.4219 31.3333 34.0763 73.8471 
13 9 3
0
-37.5468 28.0062 15.0621 32.8924 
1
-49.5404 24.9157 -2.03027 46.3261 
13 10 0
0
-51.6608 2.71572 21.0002 55.5449 
1
-21.5221 24.2314 14.9391 14.2056 
13 10 1
0
-50.085 32.6541 23.3929 20.0385 
1
-54.4187 27.5604 35.4133 62.4196 
13 10 2
0
-5.78841 24.8304 51.1366 17.9261 
1
-28.2706 40.5955 25.5502 14.5217 
13 10 3
0
-0.652699 8.08712 9.97713 36.3352 
1
-32.1597 23.1213 47.211 67.3748 
13 11 0
0
-41.0437 28.0232 47.1211 37.1481 
1
-8.42481 53.4221 1.46331 69.8411 
13 11 1
0
-49.3559 23.4338 5.97085 75.308 
1
-59.1192 8.24093 3.39067 44.4289 
13 11 2
0
-5.86033 53.616 13.1309 72.2874 
1
-57.4407 18.7886 57.9753 40.9714 
13 11 3
0
-6.92687 53.2237 27.6925 83.7777 
1
-10.226 49.6068 9.56395 21.2451 
13 12 0
0
-22.758 14.7413 20.5967 63.7719 
1
-33.664 24.0086 7.24555 14.0744 
13 12 1
0
-48.7296 16.9094 56.0666 56.7747 
1
-26.8269 34.6813 42.8562 32.7409 
13 12 2
0
-22.1331 49.6081 11.6566 28.295 
1
-54.6477 30.4728 20.6436 85.8559 
13 12 3
0
-16.4375 50.6668 24.1835 33.548 
1
-2.47117 0.469849 41.8549 64.004 
13 13 0
0
-7.4893 25.8862 48.6694 45.0008 
1
-18.0008 59.6803 35.3095 69.8084 
13 13 1
0
-55.9025 19.4503 32.3822 43.6663 
1
-21.6891 10.5495 22.4803 39.3146 
13 13 2
0
-19.4272 48.0246 32.9651 82.3046 
1
-55.0443 50.1336 31.1307 26.7896 
13 13 3
0
-41.2941 6.75911 6.92699 10.6733 
1
-54.8079 18.3319 37.3449 84.4944 
13 14 0
0
-33.8175 24.2331 48.7185 13.7136 
1
-36.1959 34.9502 11.4272 77.5517 
13 14 1
0
-47.8374 0.180559 48.593 35.8602 
1
-31.4392 24.2424 58.7443 43.5107 
13 14 2
0
-52.4113 11.9458 12.461 70.5197 
1
-32.1025 3.80435 50.5912 27.7287 
13 14 3
0
-40.3333 53.2148 53.4082 69.0402 
1
-38.3817 0.370205 5.87433 21.2267 
13 15 0
0
-22.5135 18.1636 28.1603 45.8887 
1
-29.3515 27.7965 34.3929 76.0086 
13 15 1
0
-16.3675 2.93223 46.7072 31.91 
1
-26.1523 15.381 26.0634 86.8647 
13 15 2
0
-21.6918 55.0239 45.9565 89.1319 
1
-54.253 34.7392 37.1364 56.8154 
13 15 3
0
-12.5811 48.6577 2.69635 40.0052 
1
-19.4966 54.7615 38.6003 69.7713 
14 0 0
0
-26.5269 44.3515 34.1445 40.6813 
1
-43.6815 55.7247 13.8262 28.786 
14 0 1
0
-4.63509 29.1705 58.2172 37.0715 
1
-3.77883 53.0467 4.55117 22.0644 
14 0 2
0
-17.2922 17.132 16.4703 79.7315 
1
-1.12171 36.504 8.31004 51.4867 
14 0 3
0
-39.4905 44.4195 31.7591 54.9703 
1
-23.3879 19.4556 20.0864 78.0955 
14 1 0
0
-13.3637 37.0315 58.2406 40.6953 
1
-56.811 55.3651 55.6527 81.6522 
14 1 1
0
-34.7701 11.9728 24.8353 31.9954 
1
-42.4758 27.1756 53.6807 47.061 
14 1 2
0
-43.7021 44.9969 14.6289 62.1614 
1
-38.0674 50.5149 32.2216 50.6379 
14 1 3
0
-25.1408 9.33377 54.9221 18.2049 
1
-24.8129 50.4037 1.72606 84.1853 
14 2 0
0
-3.34768 49.7638 42.6551 43.327 
1
-31.3318 45.4744 39.274 31.1437 
14 2 1
0
-28.9012 52.611 40.0245 59.5072 
1
-23.9834 52.8284 46.3738 41.8025 
14 2 2
0
-31.3267 22.0059 13.1174 77.1003 
1
-7.91912 25.3775 22.8359 68.8005 
14 2 3
0
-39.874 30.3138 28.6421 48.669 
1
-50.9349 20.9379 0.626503 87.861 
14 3 0
0
-7.0076 1.53234 22.5309 26.2532 
1
-27.9945 32.9811 6.96438 70.1907 
14 3 1
0
-24.4539 44.9562 21.3735 72.9204 
1
-30.1443 11.4369 47.2879 40.8545 
14 3 2
0
-52.506 42.6783 4.66952 33.7932 
1
-47.7303 60.3606 38.139 50.7205 
14 3 3
0
-15.7297 8.01315 13.6189 86.9874 
1
-54.4151 48.1538 1.51922 23.7317 
14 4 0
0
-18.9643 49.1519 40.7113 41.0366 
1
-48.0974 29.6512 16.7618 22.9601 
14 4 1
0
-8.00566 26.9535 9.08422 68.4006 
1
-50.1105 21.5641 10.104 64.2344 
14 4 2
0
-10.7804 50.671 2.64669 74.6047 
1
-55.6607 6.22137 42.3671 25.5669 
14 4 3
0
-14.9763 3.43263 0.675799 48.6837 
1
-41.6297 45.0426 45.6649 25.7753 
14 5 0
0
-40.6325 11.9268 37.6343 48.442 
1
-52.3393 51.1794 43.4197 78.8178 
14 5 1
0
-8.07868 8.43031 50.8135 27.5436 
1
-9.82185 46.0155 41.2078 47.9223 
14 5 2
0
-56.805 2.8936 14.5475 19.4868 
1
-43.8327 45.2641 20.7386 62.2678 
14 5 3
0
-31.6273 58.4794 35.5964 43.4643 
1
-31.2777 18.6449 38.7653 74.7725 
14 6 0
0
-24.5431 57.6343 1.90597 33.3836 
1
-27.0353 39.1113 21.0294 61.6585 
14 6 1
0
-28.1409 54.6221 37.2546 30.0921 
1
-6.49012 21.0546 5.03665 88.0914 
14 6 2
0
-34.2768 28.6313 17.2363 47.8944 
1
-46.8182 29.8742 28.2686 38.1724 
14 6 3
0
-7.40677 40.3563 6.68592 43.5784 
1
-21.748 28.7023 3.72743 51.8026 
14 7 0
0
-25.3587 36.1201 46.5868 21.6202 
1
-8.5902 55.0316 12.116 44.0902 
14 7 1
0
-20.0532 35.3793 53.7547 11.4905 
1
-7.53626 44.3455 11.3938 77.9282 
14 7 2
0
-45.2098 2.02689 17.4838 14.1383 
1
-39.798 20.6056 17.9231 63.6569 
14 7 3
0
-48.955 18.8194 46.3735 63.0611 
1
-58.1924 42.2745 6.80899 17.6599 
14 8 0
0
-49.401 19.096 18.9367 82.6335 
1
-37.8548 5.42752 38.6886 55.3158 
14 8 1
0
-25.1629 32.0476 42.7226 30.1907 
1
-31.8932 8.46588 36.2653 38.1401 
14 8 2
0
-14.5102 43.2729 17.0519 41.3077 
1
-33.3713 16.5213 28.1562 62.8518 
14 8 3
0
-46.3123 36.9546 38.1451 65.0312 
1
-16.8783 61.1254 2.59169 69.1679 
14 9 0
0
-25.8673 6.45519 27.4983 28.0558 
1
-7.09201 3.5907 51.2702 74.0286 
14 9 1
0
-34.9789 23.9996 1.38371 65.2197 
1
-29.9995 21.6086 32.2034 55.7022 
14 9 2
0
-57.5657 58.962 32.5243 80.192 
1
-25.0791 14.5047 51.4732 29.606 
14 9 3
0
-24.6142 53.6536 29.313 66.8967 
1
-43.6606 16.1343 23.3371 69.8823 
14 10 0
0
-22.942 14.8282 25.5312 74.1598 
1
-32.497 49.8042 11.2502 50.6249 
14 10 1
0
-7.96713 39.9709 8.01273 71.4295 
1
-32.743 5.26176 13.0258 47.2318 
14 10 2
0
-30.7543 29.7603 43.0846 22.1088 
1
-25.9638 29.2745 5.81587 71.7942 
14 10 3
0
-41.0915 3.26548 25.5869 17.8563 
1
-14.0158 19.8738 41.6987 70.8051 
14 11 0
0
-46.8716 5.55646 42.9963 41.6791 
1
-52.3229 56.3839 45.1202 13.5374 
14 11 1
0
-38.4854 13.3289 9.52284 41.0256 
1
-7.30039 0.0316433 0.399064 34.3117 
14 11 2
0
-27.8074 38.2123 47.6949 42.4924 
1
-15.1862 28.9003 39.9196 31.4641 
14 11 3
0
-33.5849 35.0648 25.4097 26.2501 
1
-27.7388 38.3274 40.8276 11.4428 
14 12 0
0
-38.2584 53.8925 27.0073 73.8974 
1
-10.2873 56.0897 17.1947 89.7278 
14 12 1
0
-50.4713 59.1486 37.7256 62.4433 
1
-42.3351 4.73955 40.1943 79.2056 
14 12 2
0
-29.955 54.7446 30.1681 70.315 
1
-5.48871 15.2549 23.4757 26.2966 
14 12 3
0
-30.3786 41.75 50.6188 49.6712 
1
-33.8354 34.1791 36.0267 28.3761 
14 13 0
0
-22.5805 1.63314 32.5052 35.4867 
1
-20.2716 59.494 1.48641 13.7219 
14 13 1
0
-32.9673 31.4593 55.6458 22.4239 
1
-9.71761 54.1022 10.1852 54.8864 
14 13 2
0
-7.14676 45.8161 31.607 37.0983 
1
-41.2988 14.2699 49.7321 21.8514 
14 13 3
0
-9.94835 22.1413 17.2239 25.4209 
1
-42.6587 5.52314 46.8038 13.8641 
14 14 0
0
-5.56265 56.5246 49.8716 89.4557 
1
-9.48054 55.4198 24.2665 24.6926 
14 14 1
0
-20.1059 45.4672 18.8541 82.6059 
1
-36.1161 56.1312 10.4204 50.2614 
14 14 2
0
-22.4383 29.1002 0.0853183 26.0458 
1
-25.3078 1.48044 15.9691 71.5418 
14 14 3
0
-48.2249 25.9261 43.0214 67.6763 
1
-53.5342 36.6412 58.9478 45.225 
14 15 0
0
-19.1217 49.4236 20.6066 65.0502 
1
-19.0407 27.1864 37.3427 76.1656 
14 15 1
0
-0.120541 29.0898 46.001 28.0608 
1
-59.211 44.0871 44.0468 42.2408 
14 15 2
0
-49.8562 33.8363 0.789067 43.5109 
1
-6.09828 2.19487 9.77063 29.0269 
14 15 3
0
-20.7596 31.4278 26.9134 75.2666 
1
-16.1984 21.3157 42.2131 60.3595 
15 0 0
0
-45.1571 53.0745 5.94913 56.6794 
1
-48.9233 32.4989 25.587 67.9668 
15 0 1
0
-17.6731 34.6239 57.5894 57.0665 
1
-33.0916 57.735 28.5012 13.3667 
15 0 2
0
-15.2813 9.37644 0.758129 22.7303 
1
-38.6331 54.1167 58.7325 35.7255 
15 0 3
0
-59.7783 15.9364 51.92 87.942 
1
-39.7119 36.6124 41.8694 13.3297 
15 1 0
0
-34.371 5.92177 21.3712 60.8692 
1
-52.6855 18.1019 32.1812 38.9101 
15 1 1
0
-8.69339 20.5866 39.4987 58.9315 
1
-53.2007 34.0728 48.5428 57.0204 
15 1 2
0
-42.9852 19.9396 10.9157 33.6772 
1
-18.0641 5.71884 50.8641 19.9497 
15 1 3
0
-14.4985 55.0405 19.7057 29.9182 
1
-22.6705 12.7918 52.3519 60.1953 
15 2 0
0
-31.9007 16.8519 12.2963 32.7355 
1
-44.8501 40.4153 52.9688 10.4879 
15 2 1
0
-42.8796 58.3361 28.1163 13.4095 
1
-4.44285 1.91267 5.49773 28.4624 
15 2 2
0
-48.2721 42.9806 53.2834 68.8645 
1
-17.8144 38.3612 57.6668 83.1701 
15 2 3
0
-54.4062 2.2444 29.3949 47.9407 
1
-52.8921 58.1826 44.937 52.4659 
15 3 0
0
-45.7682 34.0604 21.7609 13.3401 
1
-14.2752 0.907043 46.135 35.9329 
15 3 1
0
-52.7905 51.101 10.6202 12.2143 
1
-45.1776 32.6831 33.1421 67.9372 
15 3 2
0
-2.15989 2.89735 49.8342 34.5467 
1
-53.4115 49.1746 53.2678 68.1358 
15 3 3
0
-50.9739 15.4199 36.7856 66.1663 
1
-48.2032 40.8359 45.147 81.2165 
15 4 0
0
-29.2218 32.8034 27.3828 44.5823 
1
-59.9374 2.1997 36.785 41.2368 
15 4 1
0
-36.9704 26.5922 29.7568 82.907 
1
-37.9465 17.3998 37.4259 54.8678 
15 4 2
0
-49.9892 56.0004 57.8899 51.6853 
1
-22.3136 11.3631 57.5007 70.1176 
15 4 3
0
-39.368 51.2038 25.2579 73.8561 
1
-17.299 57.91 56.9718 77.9001 
15 5 0
0
-0.202266 33.0379 22.3529 17.4076 
1
-5.26455 57.4031 56.4844 74.5842 
15 5 1
0
-0.941589 20.6451 0.309757 58.2956 
1
-52.943 59.8879 43.7181 29.2514 
15 5 2
0
-41.502 25.2514 29.1562 60.61 
1
-24.2287 12.1598 22.5543 71.8254 
15 5 3
0
-38.4708 43.3506 30.0222 20.7394 
1
-27.052 15.9216 42.0812 21.6701 
15 6 0
0
-53.698 1.76136 38.6915 33.1758 
1
-54.8534 38.1591 52.2328 89.4995 
15 6 1
0
-28.1999 55.5763 46.5952 34.0064 
1
-41.8528 22.839 32.2083 77.8507 
15 6 2
0
-42.7799 39.3878 17.1526 33.3012 
1
-44.818 10.6191 25.6532 60.4589 
15 6 3
0
-33.9293 20.8575 27.1904 27.2643 
1
-50.1875 6.88086 12.9248 42.1449 
15 7 0
0
-59.2698 40.7162 15.3083 58.845 
1
-59.5684 21.0936 21.8126 28.9791 
15 7 1
0
-32.7425 13.2082 22.2276 18.2453 
1
-49.4808 51.3836 45.3428 62.9906 
15 7 2
0
-38.1838 47.8719 18.7939 59.5174 
1
-49.061 2.17437 14.8985 48.2248 
15 7 3
0
-28.3133 46.4294 40.6189 67.7343 
1
-31.4476 45.4055 22.5677 52.6439 
15 8 0
0
-41.2041 40.2249 13.3183 36.8591 
1
-32.9525 20.6628 47.5118 31.4678 
15 8 1
0
-54.6731 19.6081 59.7213 74.4904 
1
-6.51209 29.0122 7.05417 49.3241 
15 8 2
0
-42.312 49.5442 12.2919 77.6453 
1
-27.9961 17.8646 34.1091 10.1258 
15 8 3
0
-41.8363 16.0626 32.908 25.2934 
1
-40.3496 56.213 15.6586 67.5957 
15 9 0
0
-14.83 17.0154 58.3837 41.3081 
1
-13.5012 17.6503 38.5116 33.6916 
15 9 1
0
-5.22791 41.2965 5.6618 47.9938 
1
-52.7905 12.8659 8.03239 80.3437 
15 9 2
0
-30.5602 44.7323 0.381805 24.6234 
1
-0.578187 37.9738 22.3324 68.8143 
15 9 3
0
-30.6264 11.3542 56.1448 36.4146 
1
-1.75719 37.2679 12.868 88.1157 
15 10 0
0
-46.0584 52.0556 1.70638 24.9095 
1
-53.3813 48.5717 12.9829 80.522 
15 10 1
0
-4.13767 21.1191 10.036 69.7181 
1
-46.9085 20.3795 2.86921 22.3171 
15 10 2
0
-10.8033 12.495 58.54 19.2153 
1
-37.7863 55.2543 21.3488 50.5894 
15 10 3
0
-46.9474 39.5385 10.0923 83.4681 
1
-33.7294 34.9981 39.9572 56.8859 
15 11 0
0
-32.6716 50.7382 46.3234 63.1965 
1
-19.5078 39.2215 26.466 21.9241 
15 11 1
0
-16.4121 50.377 18.07 28.2567 
1
-45.1662 32.3952 24.6867 59.9861 
15 11 2
0
-48.4891 50.6284 52.3574 20.4674 
1
-57.0851 23.8142 20.0323 30.4528 
15 11 3
0
-4.06649 9.31773 56.1534 30.3617 
1
-21.6388 55.9872 36.3481 17.6793 
15 12 0
0
-58.3715 8.30718 50.734 17.1344 
1
-28.3234 7.50896 57.5447 20.5525 
15 12 1
0
-4.11712 16.662 5.20739 10.533 
1
-18.8305 48.468 21.7353 50.457 
15 12 2
0
-23.5785 24.6112 25.7921 89.7543 
1
-37.0719 33.9817 0.343716 89.3897 
15 12 3
0
-3.98943 53.6439 29.1573 10.8403 
1
-2.14396 57.2382 5.77426 36.1582 
15 13 0
0
-18.9731 42.36 59.4208 84.9194 
1
-29.8142 17.5124 45.8813 76.4047 
15 13 1
0
-41.2525 2.27454 55.7489 48.9535 
1
-50.4198 59.6721 41.623 13.3165 
15 13 2
0
-34.1135 43.1002 10.947 19.9211 
1
-0.853913 4.65849 17.3697 53.6681 
15 13 3
0
-21.7488 30.9788 27.4509 66.9167 
1
-17.7806 44.4159 15.674 35.9441 
15 14 0
0
-40.78 36.2767 21.1378 35.548 
1
-43.1211 21.1983 50.0816 74.629 
15 14 1
0
-13.4153 25.2441 26.1143 66.1923 
1
-50.5076 38.9032 15.348 39.8893 
15 14 2
0
-6.14473 31.4267 50.3186 51.3321 
1
-21.0403 4.71138 15.7744 39.7319 
15 14 3
0
-45.9652 49.4631 13.4197 35.7153 
1
-31.3546 1.57549 6.55807 16.4284 
15 15 0
0
-2.72877 23.6079 19.9623 15.6459 
1
-0.382143 50.5732 50.3035 37.7358 
15 15 1
0
-17.9396 50.9221 6.74286 76.4692 
1
-42.6036 48.4486 41.7891 63.6129 
15 15 2
0
-44.2245 33.5041 4.56027 79.3275 
1
-1.10419 30.1309 24.6021 21.0337 
15 15 3
0
-45.4531 37.5619 30.0527 41.6385 
1
-4.01854 18.3036 1.10527 36.7717 
