0.084736
0.1647
0.24039
0.31225
0.38065
0.4459
0.50829
0.56804
0.62539
0.6805
0.73355
0.7847
0.83406
0.88176
0.92792
0.97261
1.0159
1.058
1.0988
1.1385
1.1772
1.2147
1.2514
1.2871
1.3219
1.3559
1.3891
1.4215
1.4532
1.4843
1.5146
1.5443
1.5735
1.602
1.6299
1.6574
1.6843
1.7107
1.7366
1.762
1.7871
1.8116
1.8358
1.8595
1.8829
1.9059
1.9285
1.9508
1.9727
1.9943
1.9845
1.9635
1.9429
1.9225
1.9025
1.8827
1.8632
1.8439
1.825
1.8062
1.7877
1.7695
1.7515
1.7337
1.7161
1.6987
1.6816
1.6646
1.6479
1.6313
1.615
1.5988
1.5828
1.567
1.5514
1.5359
1.5206
1.5055
1.4905
1.4757
1.461
1.4465
1.4321
1.4179
1.4038
1.3898
1.376
1.3623
1.3488
1.3354
1.3221
1.3089
1.2959
1.2829
1.2701
1.2574
1.2448
1.2323
1.22
1.2077
1.1956
1.1835
1.1716
1.1597
1.148
1.1363
1.1247
1.1133
1.1019
1.0906
1.0794
1.0683
1.0573
1.0463
1.0355
1.0247
1.014
1.0034
0.99288
0.98242
0.97204
0.96174
0.95151
0.94136
0.93127
0.92126
0.91132
0.90145
0.89164
0.88191
0.87224
0.86263
0.85309
0.84361
0.8342
0.82484
0.81555
0.80632
0.79715
0.78804
0.77899
0.76999
0.76105
0.75217
0.74334
0.73456
0.72584
0.71718
0.70856
0.7
0.69149
0.68303
0.67462
0.66626
0.65794
0.64968
0.64147
0.6333
0.62518
0.6171
0.60907
0.60109
0.59315
0.58525
0.5774
0.56959
0.56183
0.5541
0.54642
0.53878
0.53118
0.52362
0.5161
0.50862
0.50118
0.49378
0.48642
0.47909
0.47181
0.46456
0.45734
0.45017
0.44302
0.43592
0.42885
0.42182
0.41482
0.40785
0.40092
0.39402
0.38716
0.38033
0.37353
0.36676
0.36003
0.35332
0.34665
0.34001
0.3334
0.32683
0.32028
0.31376
0.30727
0.30081
0.29439
0.28799
0.28161
0.27527
0.26896
0.26267
0.25641
0.25018
0.24398
0.2378
0.23165
0.22552
0.21943
0.21335
0.20731
0.20129
0.19529
0.18932
0.18338
0.17746
0.17157
0.1657
0.15985
0.15403
0.14823
0.14245
0.1367
0.13097
0.12527
0.11958
0.11392
0.10829
0.10267
0.097079
0.091508
0.085958
0.080431
0.074925
0.06944
0.063976
0.058533
0.053111
0.04771
0.042329
0.036968
0.031627
0.026307
0.021006
0.015726
0.010464
0.0052225
0.000