6.00084185524
-3.6266633903
0.592596020355
1.4443083749
2.82062083301
-4.62988693891
0.533243602063
0.347124126286
-0.897477269647
1.59619416319
-2.53510016961
0.772312469038
0.79712867341
4.91532206901
-4.32710811892
1.81493163137
1.94065231485
2.37410120686
-2.50102298692
-1.74488855838
0.928789327176
-0.860805305746
0.146381160967
-4.30725465552
0.987543242755
0.199843429862
3.64381079459
-2.34434004633
0.764380231989
3.24293941458
3.31463695703
-1.3347402378
-1.72747407224
1.79064217396
-0.818658048092
-0.956178077293
94.0448748637
-65.662770244
10.2857235148
24.3299397406
52.6662131096
-92.9532705929
14.8455748247
1.4770281173
-11.2186280306
15.1713953756
-39.4922118055
9.64069006539
12.4588927666
70.477485246
-65.6310996727
30.5546116051
22.6395532473
38.9128219072
-34.1970335386
-18.8389443194
10.7054202554
-4.78724627267
-3.51834308476
-51.1424885618
12.0844379441
-4.1291659393
34.1554331211
-23.766269525
7.21377560944
28.0588495321
34.6550006619
-6.2388760475
-15.2929071649
20.1219308629
-4.86748877338
-4.2016851298
361.756775338
-235.282554123
37.7314627857
104.787308251
202.522225099
-333.289200246
69.2137469634
3.0568374239
-11.9722617851
3.90553314564
-93.3903458935
26.7746073797
44.7354559366
163.295665414
-153.106105804
96.889100611
41.7218086305
120.092462831
-71.9660324831
-26.9520173363
20.4562839604
19.5984581268
-27.6663304418
-103.285846199
22.5438782593
-26.1624990311
56.6145880009
-51.359967846
15.7842735753
36.9721854015
82.8662958308
-5.71501947504
-1.81111793497
39.2415817505
13.4415350771
7.05327908477
647.750765215
-337.420257623
55.0368166247
196.883657955
339.439215666
-520.519486794
94.1818559485
-18.0641552949
2.93266849615
-53.9588574898
-99.7645143908
30.0245348701
83.5265427916
184.839142036
-121.705294944
145.083831861
44.8708453247
195.98051365
-58.8748339846
-12.9311345847
-1.12953465305
63.205105978
-78.5020751419
-94.6015174484
-15.1981912486
-25.3147771795
27.9727022287
-33.5039050969
13.1846008189
43.1574887353
100.912738543
19.3235935522
34.7598882187
34.0231483816
49.7014592844
6.8723486778
756.905721816
-268.784034291
49.2568810081
227.331276225
376.525094682
-495.975340589
98.7316413316
-60.5995449639
28.481092782
-97.5279727318
-47.7945128646
-15.1536966657
85.2383825755
142.854882146
-14.4757427949
125.771601228
31.2766224518
239.437488689
-14.9838848124
27.1677031324
-31.0255812115
106.589323555
-113.774448175
-28.2572531591
-82.1284212678
-7.92003416242
-29.9327660613
9.59166738004
-19.8679806348
41.3110288423
77.9321229626
56.4535965542
55.569102924
29.5773286014
75.8559800977
14.6283737181
881.059509706
-173.891133984
-67.8612130459
312.232077651
391.589711891
-455.45297425
66.3660430498
-85.5284326101
0.0407496140867
-47.8577863024
-46.2048822922
-92.4266641324
92.7768204206
180.264476576
64.4571415334
80.7464343437
68.8434540959
281.52063073
32.6232088825
6.97183199425
-24.0237281874
75.7921106795
-110.449325053
-24.3711290184
-115.815683622
-31.7953512815
-22.2885248879
46.186520771
-24.8920057059
64.6546689275
94.561714222
101.960462326
58.6356271453
50.3753219113
59.282347425
15.2389802147
1493.26743873
-196.984671656
-699.741638785
790.321081152
609.420569226
-738.566605602
-75.3003993964
-18.9666923673
-124.699809563
205.301021666
-203.947991702
-188.814774425
175.542918835
438.532348367
232.218230897
-108.702508488
150.728716749
520.667409208
99.2684439449
-278.784113507
-5.72534446625
25.6808561163
-105.616603057
-208.737328734
-167.328517874
-49.8010841215
29.9974778384
212.680067709
-36.3657232816
96.0089392172
324.402587956
285.580203429
-39.4228542173
41.5624685298
84.7657193955
-8.7121850564
2653.4759662
-409.91420697
-1894.44242657
1683.59998756
1142.38314131
-1390.52101035
-323.116871491
109.832407521
-146.931935612
662.03377082
-558.252267421
-296.56743791
388.446519642
889.392328551
439.793855246
-549.298918666
209.630513071
1045.71459245
144.290451201
-831.511225773
-29.6348504841
126.964982834
38.1502269729
-525.828798232
-307.645849716
67.9681817532
222.227244899
437.076029992
-198.555607064
60.1882358196
706.489000947
554.384928704
-339.497003006
-71.5323055196
177.055902795
108.093708265
3794.1181479
-702.153296361
-2957.57616888
2780.4787822
1809.891814
-2146.19196545
-563.125770195
231.699473709
34.5446119147
993.139426182
-1084.85379495
-492.757039597
797.086443561
1325.98383896
435.189820897
-978.184371253
399.014674728
1699.83336118
106.885076652
-1319.14083364
-30.0844198955
384.097361954
162.713456963
-857.806024498
-528.969764798
233.135542112
485.227038088
453.539510763
-404.222284474
114.29803998
1101.43987146
657.002529614
-566.477650016
-85.7422899388
305.595153638
181.068542046
4451.79001762
-982.094811168
-3666.61162688
3630.30918182
2130.78543249
-2819.16531543
-527.386035963
323.793905831
49.6578757378
1328.9169058
-1419.79310895
-719.314424104
1170.91284166
1490.65393642
409.222242642
-1164.15147213
411.696868985
2052.78016575
73.7009966105
-1541.62852289
34.5784413775
401.305333035
158.806059803
-833.323332065
-608.860564821
172.66813821
539.031298126
577.03831238
-425.936516936
28.5139124679
1229.58218306
706.935625811
-584.45369229
8.82508892475
231.248612774
123.741635321
5414.73396206
-1246.24105264
-4485.51430502
4444.01127675
2419.6673377
-3406.615274
-426.223995376
154.714509483
-12.0665557232
1817.90642977
-1770.70881449
-936.995301477
1408.78357481
1772.26978021
600.440910604
-1362.28478215
298.752300821
2527.70450765
170.433850897
-1836.8753749
-20.8689178554
364.48633499
283.872441393
-885.674545937
-811.235537644
32.7207809347
763.30989033
785.961036801
-527.679975319
-105.620630452
1478.45472103
1007.59537575
-643.428230763
-112.24522679
186.671526116
327.788496497
6129.16567903
-1837.07375843
-5060.69153419
5264.87932323
2641.23881484
-3968.67676683
-501.011429137
318.779803618
297.835105055
1885.29207154
-2169.2091041
-894.280840262
1663.75288645
1947.9375088
434.753655867
-1741.47545044
407.550868089
2912.34046453
-19.2501276361
-2144.28111315
-3.84561535721
583.937507468
470.585051428
-1044.79290127
-999.201091263
230.924208233
1042.78899491
679.967973572
-709.17712905
-157.761541001
1579.24481968
1049.78657105
-837.176163458
-341.185047246
274.691392686
468.577178798
6764.16107028
-2385.42142919
-5532.66728528
6373.73752158
2979.00520948
-4755.70812489
-565.398421563
844.529824759
314.234026481
1630.2273514
-2496.64561815
-839.933954064
1858.18122511
2118.2730295
331.9942194
-2029.1888513
821.851123285
3364.77399949
-172.647842382
-2359.64040863
199.360672942
778.281321523
487.819808513
-1322.20221968
-1181.56054911
406.631928181
1003.67139872
650.201114855
-844.791739697
-175.249963598
1892.58594491
1248.18484349
-984.893145023
-277.113397947
543.792997466
537.333799525
7356.75558677
-2879.96295546
-6184.38197659
7074.79711139
3172.57666907
-5646.60824683
-747.046305087
1330.17034784
413.779953983
1468.18849502
-2646.02862856
-669.769994662
2148.6009479
2259.55074938
105.646593926
-2285.88543129
1019.37177767
3544.29341305
-551.972931008
-2756.02546785
261.675587132
1008.85816496
335.47490857
-1560.90453647
-1087.08363378
692.678411073
1180.02589724
559.035007135
-917.35578375
-23.5975824292
2045.96861113
1060.95535973
-1277.24709995
-408.779560953
669.199035959
461.118755915
7283.25050564
-2968.63566974
-6142.09180083
7409.57220971
3426.58687806
-5832.35610237
-561.68247462
1579.12878951
469.284500736
1271.53371845
-2694.87216505
-632.811199186
2132.40142558
2161.6378167
22.3216100279
-2208.10785571
959.966766218
3884.520631
-626.821622962
-2779.89099589
595.765239593
1193.81812023
150.913073764
-1421.59987231
-1047.70842208
552.375977739
1262.20406085
327.360873593
-914.879271172
-81.8158594141
2091.70631202
1085.08065929
-1239.90638649
-361.339790642
900.794851789
470.211485007
7362.85360616
-2951.14804015
-6154.83701218
7231.12719909
3344.13399329
-5977.17232864
-601.31496043
1420.58420909
503.106820802
1255.75264631
-2821.2442121
-480.548262279
2167.6024405
2093.01477689
50.812610469
-2168.29779202
802.960914193
4057.1046472
-878.111983068
-2971.35241785
712.565227806
1051.08453511
29.8947402466
-1433.42337722
-1126.31094298
636.507950437
1427.85421411
132.159913147
-844.732682837
28.2558259481
2100.85666461
1037.11526818
-1437.10003611
-367.045163922
949.328589937
377.206359439
7536.04398468
-3184.81837808
-6266.27922834
8161.56495105
3079.52503344
-6829.95275641
114.771026947
1958.52725036
-111.648149564
1187.36332981
-2720.37774921
-276.884596172
2579.33209082
1606.85897535
-129.163084028
-1629.70150658
1184.50929626
3730.55256711
-1190.92629779
-2784.56057256
1241.8084752
838.429767948
-429.572939735
-1289.08168637
-899.975117431
901.350651288
1097.27910394
-94.9375501459
-460.502777145
427.210575605
1892.83856936
786.211846439
-1314.8824158
10.1684727126
941.527654572
-159.544728021
7995.49511442
-3079.65329813
-6728.1692668
9424.0706837
2128.49727165
-8174.78777306
1801.80210644
2656.90916257
-2053.29704649
1503.14514574
-1847.10038129
-526.85583808
2724.68728916
684.218763465
-30.9059380909
-777.728898125
1175.71260988
2824.80499489
-1221.13684615
-2173.35669686
1619.1414085
217.718842012
-1030.49491842
-603.615544323
-600.597788715
721.196854283
416.336025802
7.3354310827
158.087081661
388.517317372
1343.12144638
668.502002003
-926.168261698
315.186719912
755.623144523
-692.981514056
8581.3741216
-2586.70048966
-7088.0272695
10000.0
1487.40445863
-8505.86152183
2896.03190024
2546.76639865
-3337.07613651
2013.42565858
-1056.34225041
-811.994637836
2588.11308445
547.501056382
476.430981635
-384.60641655
1020.16872146
2342.61545884
-923.648451492
-1767.68580062
1512.97526424
-210.241276005
-1064.46985907
-161.402748459
-585.058573385
496.734137022
287.787172735
297.779096309
286.16964576
405.17364681
1099.61971341
731.204745643
-610.762400742
281.040655815
547.140619129
-702.371921982
7713.32018748
-2237.73526408
-5917.72030985
7903.43795602
1477.86558384
-6341.57549593
1862.97719038
1888.19392287
-2380.06799883
1873.81135476
-1051.364878
-777.530539246
1744.31620053
1033.08884597
429.082341285
-824.469736678
931.930553841
2005.34694801
-397.792248657
-1652.65734339
1082.24699534
-137.656598819
-486.226723869
-210.624792814
-720.981713281
230.20805958
500.012137663
442.242145022
-334.013266131
494.050124028
882.642833882
727.468744086
-467.961656102
64.092863567
413.555229459
-270.975001119
6375.69952582
-1994.1099568
-4282.73227112
5084.99101904
2007.88692953
-3912.63452234
-101.955248648
1291.67286678
-811.688614861
1536.5159246
-1342.05655837
-575.621025061
1204.30689448
1815.68417658
240.458215727
-1140.28675583
968.365078328
1850.24815939
208.746789229
-1824.95240502
649.795947821
91.7398039323
50.2663707099
-461.292052992
-846.491348989
54.3236166703
835.607693047
621.901743862
-844.764138237
607.219402004
884.824316085
914.435025993
-445.193714371
-126.521142608
334.382982985
125.642746005
5564.4141186
-1974.16365994
-3499.41987645
3648.74841625
2267.71956252
-3027.24110774
-950.624525634
1003.79772393
-156.789020836
1367.81442979
-1519.04682381
-643.418872249
1117.04584474
1942.22464565
-135.867158389
-1072.17035953
706.548665156
1637.07316741
362.356716166
-1876.6803508
248.701061521
222.292308182
196.51129825
-572.270780752
-746.10600082
-80.1427415761
976.787551653
576.748152195
-822.453757748
481.619947575
780.731578686
804.567567843
-389.107628331
-236.482524135
84.300445705
260.979450609
4994.35946894
-1713.33255734
-3255.72290478
3475.65643968
2135.1621551
-2815.37504471
-641.606990827
828.750533204
-233.508701047
1328.03686581
-1247.84539822
-841.804530528
1149.8375148
1608.6388851
-135.878507594
-585.329607765
434.719883118
1349.07015796
535.27464217
-1403.05230724
73.8340220583
196.519899632
82.6699274665
-315.881552844
-576.772529668
-334.899769083
808.613163252
505.861575327
-515.264675175
359.109345506
590.662225654
664.905342907
16.8715383775
-132.27949008
-66.3816047004
252.441609739
4826.39895906
-1356.59710786
-3327.42143463
3182.67570453
1921.38316596
-2719.04987464
-504.18847863
664.800668694
-432.700437997
1305.11400823
-919.562437892
-876.037368653
1069.30553604
1404.14855636
20.6911115527
-325.85883948
205.071904969
1051.79635897
545.336592979
-1170.86270117
-102.162627799
42.4911030889
-69.408047624
-178.899075513
-399.637684116
-414.95729114
649.01351794
590.127685092
-237.484261654
311.598636939
454.755143798
546.823447832
120.084255183
-107.585754816
-202.241215532
81.4540912054
4858.93388258
-1233.0609009
-3547.50795755
3124.0486265
2192.45083413
-2513.2602715
-703.786239561
707.605368388
-281.574535268
1311.77088987
-977.084856741
-935.651323528
1043.6108561
1476.48582163
89.4944478101
-503.718961123
233.687263021
1144.42616184
699.463441774
-1305.96158806
-69.8083797527
232.088116814
-71.2847015341
-254.167388806
-409.651430906
-373.826615823
523.612865587
691.821553371
-402.34626141
289.238514046
554.201052391
613.69043762
62.8212902198
-91.8582532566
-47.1539713721
77.0786529457
5266.61548879
-1434.64416678
-3989.42862938
3150.70819146
2576.68549599
-2650.39383883
-1312.58730845
809.740554908
-18.6062181195
1420.60223846
-1343.79753072
-964.690537548
1225.3306737
1808.95698714
18.0409770729
-899.270897376
361.958267483
1412.06308882
734.548663889
-1824.74215911
-90.2411506388
421.779988043
47.4802988383
-534.839973062
-582.212241919
-176.714429515
731.354826096
751.265792198
-674.940217788
377.050226412
743.954717172
780.552174989
-231.88726174
-240.161159765
77.5939139006
198.280002942
5333.90689252
-1614.61053758
-4091.90808758
3356.12806653
3057.34549487
-2869.02394681
-1525.74355855
1022.91533529
296.957262118
1261.67091339
-1584.9594389
-906.431961198
1359.31623045
1929.17591643
-227.578130548
-945.405174789
483.570668365
1695.59652935
622.790152832
-1862.07535268
-36.5159581511
605.880257609
183.560270308
-761.27282744
-642.353764381
-91.8372431018
867.669054397
469.031611693
-682.491088503
337.752175968
853.487314272
793.936914239
-288.363601774
-193.764687152
164.046368562
357.151145999
5016.57676598
-1350.2599993
-3995.13780342
3205.72086391
3026.35065613
-2964.00637066
-1491.97803236
1058.04309286
268.813884412
907.72675263
-1368.29554391
-836.90815366
1329.10737071
1749.47737139
-217.202411059
-744.417762094
473.068982029
1633.0170776
429.69847046
-1576.35789298
-83.9076239687
524.777744502
36.957668771
-669.527896256
-635.14731678
-148.735744727
843.506912869
357.419699449
-496.84208781
313.985047843
868.040740632
696.747121608
-131.51259993
-175.358486676
156.402225113
303.939152545
4862.1151498
-1146.53991968
-3943.97883291
3165.34338137
2966.55953025
-2920.93807528
-1392.87162707
1138.58546275
146.81349631
815.841529742
-1135.37459511
-854.264325158
1312.19900822
1718.9253727
-136.476742012
-760.835483226
528.607632188
1633.1644177
350.997772489
-1549.42459279
-40.6658110178
541.878245849
-70.3487440939
-558.232523907
-680.281864512
-137.820404241
870.698972114
377.306746037
-588.044640932
329.426980024
961.190254154
645.676984425
-148.70054262
-208.665761353
255.606427393
280.383243979
4653.11991754
-1228.5687679
-3557.55366562
3032.97799204
2609.57981341
-2653.66141051
-1422.77106092
1163.08584559
146.720903388
844.490739756
-1162.16874084
-838.309941757
1269.04002556
1659.13816384
-139.978189135
-942.133655223
672.143678
1600.44360302
355.671212752
-1670.16828412
81.3748113231
667.585796785
-120.928369363
-610.702221517
-641.612265227
-2.40983589028
730.900724796
404.830604139
-743.054748104
390.094080698
980.005019584
553.92863331
-272.543337842
-127.067070247
398.124599094
196.306325175
4571.56359895
-1344.94891702
-3084.17957077
2879.62919618
2324.59105782
-2388.95158394
-1499.28149318
1068.19176455
57.9747778288
925.653558388
-1322.981678
-744.163984276
1212.12913699
1710.94653955
-111.374223102
-910.428640172
812.525441826
1558.30397107
515.156480749
-1827.49363226
206.472684474
662.598002269
-189.560094374
-792.002518157
-577.241728579
-29.7279793408
568.060697325
453.270785477
-864.939788798
551.768296714
993.182812076
621.003737502
-296.139204029
61.7888516494
458.217165048
197.983752119
4490.44850771
-1454.5599254
-2795.50889728
2498.20569295
2178.60427714
-2351.60607285
-1489.06266419
939.073340782
60.4437064051
985.566063601
-1273.64140164
-578.139321662
1078.25157174
1768.20101191
-148.348498469
-776.84504827
684.168638565
1444.87863536
440.60272062
-1786.13099047
195.54879332
511.201442519
-220.297491305
-797.611674838
-344.725305113
-109.923970582
548.611281015
478.811166531
-670.033152789
540.1828531
898.302525763
526.389766555
-309.472571417
156.599030286
283.128937095
85.9149448815
4160.68533965
-1169.39401184
-2463.3674972
2116.10245903
2218.87043027
-2031.53447862
-1289.32281944
786.896305779
-25.2365843729
922.79775276
-963.984263726
-648.80336273
775.810468995
1662.66382462
0.149063720451
-655.573382675
513.543359977
1377.36975566
507.90618009
-1447.65289306
176.064373689
499.409316608
-305.993308089
-603.952229301
-224.641959917
-316.930552905
355.345362504
493.821632952
-569.7417498
322.434997105
899.011002682
454.658775722
-155.062615293
263.695902901
330.046278057
66.9536044647
4145.84642431
-944.68738201
-2268.27440327
1780.96236033
2159.45964099
-1939.4613264
-1407.51918078
705.480996025
-146.271070864
757.735732508
-837.898884438
-577.075583081
681.586242065
1618.98725604
173.800540941
-595.191068135
566.909257308
1366.35449042
455.167417939
-1386.6034476
114.301808048
437.485572016
-439.596521744
-643.848955604
-303.381180839
-276.260235071
314.197815099
483.687798106
-470.323358796
359.651554102
977.568549456
492.2969368
-117.209179557
202.618467385
391.232157089
33.3464107002
4048.07122454
-1119.25939372
-2127.88188137
1856.82405051
2145.24737289
-1975.42684675
-1315.20259393
945.650097086
-150.426677186
638.662528824
-770.03077587
-448.00737267
691.82727759
1597.83414268
72.144595093
-660.482743426
757.392850616
1291.52213483
304.975634969
-1247.43609996
211.578050668
405.95616828
-305.105727059
-594.453203786
-384.585010533
-142.576817531
340.688104868
363.620966636
-496.356573418
349.540615962
911.224780387
481.881483255
-133.691098266
196.647629853
419.39100131
73.5605014686
4260.64770952
-1350.48347535
-2099.95139528
2106.25591809
2080.30866662
-2165.74960205
-1270.0496573
1126.63190132
-396.061460663
542.33750286
-746.353043535
-511.766364483
610.657323013
1772.84082567
-55.0612412217
-708.206504859
1021.19159173
1305.56120603
220.892827002
-1127.89727747
274.475811555
252.103250556
-184.814835627
-717.047521321
-501.38916083
-185.349077543
369.752305161
286.896785702
-561.182126623
390.340038121
973.355640677
605.964110065
-211.774213331
328.263810478
459.072558517
157.426779112
4478.22325185
-1642.65232632
-2145.50581282
2414.56082637
1994.91664461
-2465.66397799
-1198.75374105
1244.4518878
-499.209128177
549.49597969
-763.320033239
-486.056497045
750.821639731
1971.31250992
-289.837091021
-627.537574934
1219.29284098
1322.67892267
78.0021937984
-1190.89654361
323.356366519
256.797616197
-145.387428194
-961.974303134
-466.84039004
-65.1577839999
443.163025449
134.283593345
-584.257415335
548.632077985
1054.02460861
580.019283467
-339.805231495
423.581515819
518.810621995
172.876172655
4148.81173647
-1676.83778496
-1919.51047998
2483.55750753
1534.88157659
-2409.99028514
-940.36028335
1231.66600918
-518.560223298
532.68541017
-754.624480297
-414.889434131
917.964752826
1695.10978532
-459.917502379
-435.610046524
1335.64160117
1026.56008427
1.20182283062
-1039.81589747
356.596338204
279.941955722
-215.853969065
-939.015115967
-384.939281435
144.085192286
249.610840704
33.407615106
-481.101932901
650.399649458
896.410500589
376.029962606
-234.105348042
451.399077816
545.665893731
11.3635656508
4022.37231002
-1463.39616887
-1802.07357588
2505.73475511
1155.97403708
-2126.2588221
-792.65999522
1110.63215893
-755.308708011
637.144733927
-735.396330296
-524.518140571
961.246636766
1462.1510676
-367.867342315
-328.202927923
1426.32570377
741.186718948
209.889256155
-894.509821933
348.366568455
231.548114445
-273.885680734
-812.903390213
-469.649074998
132.790242898
1.47331768534
110.781274547
-541.325224042
647.204886173
789.05489073
375.045877996
-61.6600445722
477.708595164
586.418122951
-17.5875703475
4089.77900088
-1475.28974099
-1754.92612365
2392.84825918
971.211497114
-2007.60883772
-792.952732753
959.930954795
-863.799859042
768.248412835
-728.61522443
-530.425548394
948.325727171
1436.95120602
-257.359884751
-250.831581987
1325.29822078
686.513341202
282.131692572
-874.478222294
297.022611869
110.486818267
-300.164264702
-741.045270297
-425.217723497
-12.8274271746
26.2211478341
205.215443124
-477.412550484
612.222407228
744.129150278
386.887802048
-24.0408882511
494.99688617
423.343987721
-21.4707729454
3987.62260964
-1537.3367892
-1799.37449284
2327.94052713
1016.93929818
-1912.68143064
-672.375203714
819.220852483
-824.696496794
868.236274375
-610.008822848
-685.428051
861.071554298
1497.58918984
-264.185532851
-282.801164269
1114.80820957
754.152683153
266.081180815
-762.75631752
277.856271742
95.6043469836
-232.162292827
-589.418356171
-375.563997037
-213.318436719
125.490652203
190.647091406
-527.604890305
464.426341166
732.540999178
317.765690821
-5.39035608394
546.471113514
336.790187839
73.0831776785
4183.91362623
-1534.94315388
-1932.78723617
2432.84121862
1130.70392187
-2030.7590787
-708.540184642
717.357486177
-869.149254008
797.540146776
-664.80471112
-839.972618021
836.589845087
1574.82217984
-261.403044837
-294.470941627
1164.91484041
946.087359212
253.145309039
-716.767877351
293.21846387
96.8730944646
-265.874524509
-628.014185922
-512.736363568
-306.015019617
158.534058885
78.6096759712
-574.267841525
465.777793774
794.012505245
357.31417577
61.4942765067
553.019684815
418.354982601
176.033901393
4031.13575515
-1474.0007368
-1869.57684013
2304.55626836
1184.94267516
-2034.37490244
-854.381117589
738.706445473
-690.210834764
651.326945881
-721.872094389
-604.236468248
870.361790395
1520.52608038
-176.297861906
-294.126556321
1161.23315789
1001.75121448
232.194663576
-853.016147651
312.183976402
204.373782107
-302.419821003
-765.742209472
-455.715224303
-115.117987657
78.5903708705
38.5173908022
-490.914864529
517.463447512
765.920505745
408.162914258
-26.0836497426
509.07896074
546.464186825
118.252419787
3666.85275442
-1250.45845228
-1675.97960444
1960.60113167
1228.55254691
-1864.492858
-1005.15538187
813.114887648
-546.316046096
415.729674602
-748.50729237
-356.112493282
719.211477631
1324.37623695
-126.555354819
-219.228756525
1065.72731271
957.212541663
309.768850765
-918.152960228
350.978695656
313.183952611
-322.364542454
-946.999498531
-276.958024559
-30.6152864967
-136.595762493
5.9074635743
-411.596572982
476.713366276
678.362204148
457.116348743
-132.114541887
575.150988215
631.841855199
102.736175004
3561.33273419
-1015.45247093
-1614.75795692
1886.99632236
1328.71005901
-1828.26589627
-1112.04233953
821.83011024
-488.228034011
224.874068791
-719.547655928
-322.242429348
688.262811606
1323.77841089
-150.608406946
-76.4847088615
1071.58025847
989.806624646
338.860034249
-832.68496855
329.104553263
355.832718797
-305.810312762
-1084.96290182
-216.481092395
-34.7221836997
-227.824476919
-110.336768336
-298.470557437
424.48802675
660.562204209
483.138465261
-93.8656288834
642.033022605
649.204735226
139.901910457
3370.51086019
-819.271179411
-1663.39958904
1750.71854486
1270.41353588
-1795.69230285
-1171.77403158
783.873469725
-423.582797339
106.564721433
-513.896565034
-422.644432292
685.584948224
1408.13679982
-205.655591532
-46.2268312481
1075.9383
936.864460021
229.093929915
-680.261866349
175.965067796
291.499497384
-224.040610407
-1109.7861483
-244.261310244
72.3755871957
-232.157719582
-179.807970228
-94.2088717674
355.085867198
624.533377798
491.702533902
-90.1335833672
569.887130806
640.253054959
84.3023444072
3283.61547284
-722.104002189
-1844.83769853
1774.31155388
1360.79845045
-1827.63494577
-1238.19774816
925.496582171
-381.364065825
-24.5392704026
-360.512788576
-547.052069311
659.270462203
1492.09820212
-369.755847294
-88.6868594303
1153.13867142
909.843948875
136.456644843
-600.920024056
218.989942856
327.370628894
-160.130827022
-1171.82550147
-211.394180484
167.14195318
-323.129725926
-311.397389395
-80.8466247258
324.76774726
562.618519828
433.872385269
-144.924263784
637.341080528
719.71007213
85.7362309428
3315.3343524
-676.417038029
-1735.26561379
1826.2569673
1262.72178513
-1863.96714134
-1208.37630984
945.543148248
-465.151756184
-212.916252846
-396.623306379
-454.055537558
618.249976612
1341.15980472
-354.747164369
69.1093752881
1204.79101049
917.237057781
104.879833205
-505.76508585
362.342980682
265.576728736
-295.339721608
-1130.49462622
-153.904622777
50.3178587628
-387.67947693
-358.267846295
-51.9994844559
385.580479195
500.357840659
365.880000173
-0.892922571473
721.840265052
621.697451632
88.8709307
3260.98690906
-766.269719485
-1570.69377472
1742.86135966
1101.50432393
-1754.79362083
-1152.98416049
918.886124365
-438.043879111
-220.894543282
-448.049827504
-233.482062986
607.088546514
1204.68340577
-272.208523294
49.0702998969
1150.9531825
896.47964516
4.45748156249
-591.74771403
482.064793945
226.508876407
-373.775944444
-1029.50588894
-94.5670365735
56.7381018618
-296.132557067
-340.339811037
-111.131345134
493.209461375
473.484015587
270.649598031
-42.9026281135
705.910898729
572.161049983
50.7493831017
3289.25328567
-952.74269301
-1376.87408059
1794.77557656
1101.37311636
-1847.37548442
-1021.49637156
1114.02832362
-535.920573505
-315.546406049
-540.932846809
-72.0460209736
478.17397167
1044.97815776
-323.17926053
23.5512702631
1242.14135305
868.813434982
-57.0574447633
-523.027276948
699.12012799
214.596378649
-415.3608687
-921.555208162
-69.240810511
18.4059866804
-345.56386307
-387.138471013
-231.163245366
497.791450195
398.983247628
180.602067144
-27.659631969
733.413045278
613.280238463
63.0281951036
3472.50164254
-1001.40033717
-1289.07276628
1901.91254569
1328.65054174
-2049.54015791
-1009.71045273
1221.36290989
-682.212690559
-312.82689347
-670.016813549
-73.3211369384
458.893855469
1105.64961659
-293.706481975
-84.5619596558
1404.63895513
971.97492314
-25.5259866175
-553.558035001
799.504274694
265.63451372
-488.199859338
-846.79340219
-171.636256554
-50.6264805053
-330.985032807
-330.963402932
-389.333587754
481.901069216
517.258093773
162.639869756
-13.75384131
736.947935726
686.639470305
50.5414269501
3586.17176008
-983.365763981
-1508.19655349
1925.26783887
1637.89363831
-2294.5315212
-1121.37952435
1308.96714435
-614.437861603
-313.225698582
-747.716626485
-149.807781299
525.726709973
1193.56850468
-335.0584877
-250.750656164
1429.59827259
1139.43551563
-89.0763512325
-673.568071694
812.661434812
422.22086469
-548.385114831
-844.332786109
-146.028088253
-65.0973198116
-253.19592084
-319.76386438
-482.702445696
411.423763137
625.083077837
92.057800368
-136.04903599
734.034613161
724.771054546
51.0680201989
3652.63569298
-893.997599462
-1624.82527155
2131.81109021
1802.95824805
-2374.09213415
-1081.63737008
1331.2187193
-592.604533409
-336.036327039
-819.10698387
-255.041004029
520.795806787
1181.93766804
-440.457655665
-227.39533713
1441.20341436
1193.08747681
-48.8705961788
-595.898075586
939.007306011
444.431372087
-470.621418677
-825.404956539
-83.6643936204
-159.105001805
-284.610481886
-389.446298337
-557.323456322
394.169801006
483.979445115
84.1865752268
-140.058383697
840.669735587
641.684164967
138.132306187
3735.01885415
-959.913371839
-1405.02327662
2158.48086953
1509.72470627
-2253.07642785
-889.184405295
1098.66887576
-794.418297145
-127.599236514
-866.264755084
-367.413461286
465.026692754
1256.65390591
-529.056637119
-73.787478307
1474.51409173
1036.3373661
0.250243524253
-451.510651958
995.768839123
105.725294554
-325.710190832
-764.229258534
-67.2106754755
-317.779713883
-257.316044234
-329.957793284
-533.297021787
504.968789895
282.854109164
152.770494294
-62.8952412093
967.39041888
343.021089732
140.416888295
4046.13800285
-1377.23031256
-1380.17193464
2332.14018321
1250.31586835
-2252.49648809
-671.216382909
1028.64507523
-992.627765949
211.147788124
-846.864898713
-509.077714721
531.535959646
1410.39546827
-758.145397601
-40.1813094
1552.11511615
834.620591929
-91.7406034964
-400.027680361
1113.7832932
-120.026974769
-237.852626377
-707.73291932
37.8780964187
-358.144347737
-233.217902357
-304.634681649
-551.902835622
604.564866232
137.362776296
86.1013479964
-99.8494617513
1088.16775827
167.559787304
81.0825680491
4325.5207845
-1610.50134089
-1267.29408198
2517.64135185
1152.56903999
-2294.43354667
-439.606295772
1067.03595482
-1191.20700038
224.972069473
-832.960633949
-541.327518207
394.253769221
1316.92815306
-816.352343636
69.3137767845
1500.21285554
812.049249114
-35.6790182374
-245.371311228
1181.39247571
-106.517216682
-208.818157563
-639.065594069
132.30459679
-482.223547586
-282.643129096
-327.194834872
-519.671973188
410.725279615
104.022517318
92.3727874704
-88.1867609266
1031.21342519
201.377120919
181.480825795
4279.46672387
-1590.93172787
-1131.93770973
2534.14907375
1224.63221113
-2324.73160507
-441.897686782
1167.27077736
-1233.0403339
70.6526206413
-835.649470625
-371.461690942
295.197767727
1180.01558099
-701.466365431
100.225543143
1435.91472406
814.563118442
-37.3181170675
-227.173677876
1198.03609994
-37.8150501104
-316.04756452
-593.524639966
238.501891697
-512.108629621
-336.098737178
-283.050585172
-412.790630609
292.480441081
130.07345754
87.0599937991
-90.9683613108
964.201178622
206.631408263
129.351324517
4306.50121153
-1594.39218805
-1154.03229205
2435.51153401
1431.18139126
-2400.00451029
-473.333257838
1332.09260741
-1221.55211281
4.87055699461
-827.966501689
-305.341550327
177.036716792
1134.76564046
-759.371709225
62.5943072432
1388.31786975
813.096115779
-105.352574664
-168.474045818
1212.29344896
15.8515791467
-280.409548254
-561.219386352
337.1636891
-506.667681338
-326.30170272
-346.555368658
-362.195243709
192.130730089
65.7334573319
3.25453884592
-115.968255218
938.364274561
153.405871412
152.360170527
4262.7194543
-1432.50569876
-1106.77564333
2534.62987144
1485.67964542
-2295.43413505
-420.662074769
1270.53077184
-1162.17239091
-54.4844215332
-805.044312076
-503.849982489
238.273673545
1064.87810742
-862.560437484
126.812011033
1395.06054339
817.546311887
-83.2884617428
50.3360870513
1156.54124773
120.499565881
-210.091675809
-501.34359872
295.330101409
-469.458157153
-378.410315672
-421.965292094
-336.619417993
80.1739221682
56.3570800397
-85.4140825232
-9.49390734798
861.63340236
196.370170558
160.217214309
4144.88583871
-1225.95665193
-1155.04834103
2616.16779862
1260.16222149
-2105.87284721
-431.777472992
1142.77316484
-1094.90232216
-104.038868999
-719.960055981
-721.365794285
415.993983892
950.006626187
-953.33679103
207.886061424
1404.02232947
718.439778771
-128.613501166
173.237652852
1034.72164418
154.724836927
-240.376299686
-449.468917328
276.006187637
-365.241901425
-457.152608315
-407.33000324
-242.529070928
47.5662758459
24.3246687169
-177.56654297
89.7673007346
760.042086057
160.204799551
59.4139231067
4198.56052481
-1218.07858569
-1276.94384983
2850.35555032
1181.84889546
-2046.86993655
-343.153540682
1176.57617358
-1032.84302714
-113.961615345
-673.931120027
-853.047818772
533.322310635
855.080072135
-1161.11372991
220.801336316
1479.7368479
547.278918685
-221.062595723
358.90316599
1089.79821048
143.152233352
-142.51762161
-314.439448846
283.567753358
-225.999806799
-487.428185894
-492.32779406
-205.534734717
59.8002902486
-217.522422155
-269.619551005
145.698598811
640.229870596
43.6061342009
107.47165088
4174.03654285
-1220.06600368
-1025.86079545
2885.95277287
1102.67799851
-1792.25282372
-209.93474833
1122.1751806
-1052.55584021
-81.7073502494
-790.492318149
-863.845769897
431.951429444
673.765439456
-1244.6065491
238.041754151
1524.72360148
355.780278458
-146.088891006
522.116380958
1196.18978511
-8.16452970823
66.3096221612
-190.353285253
249.657380392
-204.491693337
-478.014214531
-501.047998873
-254.497633326
117.39451898
-463.369777858
-182.170174271
142.865764998
590.691101636
-88.9485285951
234.666333109
4140.81177696
-1421.32007119
-725.722292806
2815.74244785
969.075257219
-1656.52015261
-111.211386535
1098.6726297
-1152.5631756
41.8232379925
-821.080352404
-725.673287031
356.350588058
657.388911364
-1244.95959638
339.849824358
1484.31106767
166.646318606
-126.717386943
565.220082339
1238.81984173
-309.696643022
206.764299883
-183.506417476
280.769242084
-318.052579985
-396.41010233
-436.870281874
-225.634596789
179.952015659
-579.695613084
-27.4468661787
117.636664922
605.712332658
-268.982356319
363.465480546
4167.71030899
-1665.55124071
-575.55350535
2798.57617032
864.86513144
-1655.62565588
28.6990081709
1083.67599446
-1180.37260992
75.0345830065
-795.692333435
-705.392126524
325.761103681
558.439913063
-1279.03053529
434.683088016
1356.11386191
111.659204086
-122.382238678
711.842270289
1105.1576247
-282.108564725
326.221898771
-112.814921541
279.947154777
-323.994065546
-293.941173199
-491.183255425
-165.830339184
-1.2541792761
-552.837143084
-82.8066664706
108.562246049
411.700215186
-222.219799649
424.374662504
3915.83130303
-1632.89408229
-312.015021054
2844.90829985
778.938833342
-1464.60822562
113.963934604
1125.3616761
-1166.68698667
66.2387765173
-822.174125314
-631.528720966
224.404934098
361.355854547
-1217.59534539
443.333833886
1169.8325272
7.86088566051
36.8951260825
751.152479788
1007.48670268
-225.954661927
482.066433758
-40.6798119243
275.605825258
-292.542360048
-224.311926207
-413.832811109
-186.051225685
-101.459273063
-536.858640334
-34.9833797654
10.861703865
281.793298441
-205.196005773
451.503991441
3741.39349033
-1663.75654186
-183.224315933
2847.57566112
755.476893141
-1442.42582952
231.715196523
1151.68145029
-1100.09902994
49.3180141703
-781.011078029
-577.189813853
197.495553249
249.31277443
-1250.28327937
502.53426369
1038.4233415
-107.882212761
62.0578691499
776.782994152
906.009772974
-234.843934264
559.361313435
-1.68608677571
319.042310943
-251.984232268
-199.331468797
-329.273998875
-147.483428177
-144.379898801
-587.559900772
25.2782537621
-55.9996845077
186.539065649
-251.934331288
442.421433503
3751.2513588
-1819.31508988
-67.1421017825
2948.78352403
795.392452436
-1462.90759666
408.767885049
1262.8991869
-1141.53093002
131.066392888
-826.811134323
-496.629679098
172.589667628
107.879329107
-1339.94557898
586.750194172
963.337551201
-317.810338657
152.663060764
868.221867767
863.213464168
-194.674909579
672.287627268
43.8378700064
425.893921931
-197.760653847
-231.722304576
-263.823732857
-92.4555696844
-259.229980179
-653.086191523
70.8821795733
-144.104421092
80.2074390062
-230.853111957
425.645819759
3691.63702422
-1857.01889467
62.4979153923
2872.59858524
833.9141674
-1433.50746802
455.53338357
1412.67237961
-1241.33295578
129.346298221
-861.508435629
-338.809566294
134.372391596
-121.474988786
-1192.37209649
626.424450567
938.164438965
-458.448334899
245.596524253
871.447766782
793.921008313
-134.870899794
535.235448778
97.1168206658
464.326473668
-221.597682427
-348.780138703
-124.768247143
-45.9524246378
-314.821105529
-592.534392329
124.619959168
-86.9415449538
69.4823638417
-171.604225334
334.586111191
3796.77830601
-1989.54907359
28.4125504109
2768.56606484
898.632098985
-1538.03238896
306.136141703
1547.68721124
-1237.97606356
98.6176214804
-915.978274059
-137.911506744
224.779580441
-194.163364242
-1110.38495083
668.798916234
961.627040411
-450.316063902
125.305934516
833.751840409
845.221088764
-151.677345214
318.847937081
117.906550492
586.906086359
-302.80768367
-400.803270872
-83.933010501
63.3077414693
-319.087960771
-607.322965009
93.3590383783
1.79587176904
79.9843125748
-279.33340849
307.47545538
3720.54540014
-1910.70981707
-16.7338094029
2610.85644445
993.325868273
-1399.62027883
230.041125964
1485.2804378
-993.927408831
62.5845399073
-936.824517111
-147.93513968
244.689190438
-233.969479711
-1173.77101836
573.978593882
904.020717918
-387.755677573
-33.7200183005
847.429843193
858.951682415
-81.989921092
317.033700222
221.195049981
617.305329307
-207.866978116
-298.459739901
-126.445945708
123.348743029
-321.257726827
-611.362699994
-14.2612998309
19.5552060579
-44.602614312
-309.411880733
267.383084247
3400.83525388
-1748.68165824
36.4873267785
2458.9264806
1073.84151667
-1286.01470898
351.715204221
1399.50311234
-827.234530484
76.2350433038
-838.772516351
-142.053734411
138.456650194
-158.184467325
-1279.40594448
549.762946445
805.587991545
-474.617810665
-126.99264149
977.716793039
744.396426524
-207.058711527
465.57863864
341.448993771
511.930315828
-182.041149084
-138.526471894
-132.582317237
192.639277545
-387.47544875
-610.309578973
25.0599975223
55.4453319423
-266.540460426
-334.794627119
381.63536489
3324.41714249
-1875.95861248
36.2011241484
2557.94067692
1157.43870281
-1443.60563775
495.062598561
1498.47178847
-743.38324742
-10.545931527
-829.794705983
-23.0476896401
98.1158550551
-257.872601993
-1445.12325413
685.36928893
779.384661427
-714.283153199
-220.350094288
1175.49916764
709.270175009
-390.575338016
539.275615895
562.337992223
540.638756849
-242.196805262
-55.3694968418
15.3679779948
272.844990111
-516.248330789
-655.998281317
125.053411656
55.6356003249
-504.927647179
-438.541491745
466.736533078
3244.03839314
-2085.32474703
82.7698287538
2672.77394144
1180.24126301
-1527.53154786
654.274941836
1677.22180691
-632.932063529
-58.0254862182
-809.105752416
286.484927013
-3.43040021647
-456.22981533
-1395.31329637
783.522447969
524.760088271
-913.291934183
-160.885615367
1125.54821215
652.448602408
-521.609489057
633.312668867
700.360200743
592.421230997
-328.42976181
157.321695405
255.171938153
191.089833283
-531.286152267
-491.55958378
218.853790877
-164.330893239
-521.745280229
-428.709527851
446.851953586
3061.28057568
-2285.04186835
247.975868797
2650.2453301
919.066171653
-1572.53096673
956.241925846
1764.90464168
-797.282405148
-0.0343904531015
-640.188081997
542.726562316
-280.80628952
-537.927148513
-1135.23218225
883.194257379
132.512110551
-1003.51427836
132.384876191
931.203569428
457.112746577
-602.534854084
866.802994274
601.342955166
546.371235933
-412.913098419
406.196986981
356.419574772
6.43592156738
-491.979345932
-296.701467617
327.352577721
-485.376451327
-400.793090235
-378.275337702
452.094384124
2980.77959329
-2494.31082847
456.697108215
2772.19741176
691.314021292
-1711.62984745
1343.38962035
1791.45015247
-998.661242986
82.5150714701
-490.05548976
660.682280199
-442.829227703
-570.32085305
-1082.93798213
1012.0264057
-122.554622916
-1141.51673626
290.555701006
929.744721348
307.465827779
-705.085740812
1082.18839086
573.183300824
541.035497991
-445.653951704
574.482170958
433.106400799
-15.4088659682
-502.179787544
-247.211675704
444.164519968
-629.091287166
-433.947346523
-397.096278196
529.180758435
2737.42042726
-2498.64984359
570.300132235
2740.45721454
553.880202743
-1619.0035488
1458.92827953
1749.4441465
-970.1654026
148.554789211
-382.991354629
667.702999676
-424.289897089
-568.732179894
-1007.29507579
996.266650832
-148.467323123
-1166.77621105
317.312570446
878.84834187
245.261503605
-715.303230771
1078.78330432
562.373681289
476.279805612
-386.371408576
579.732225946
468.018592679
-38.6373147137
-396.261933089
-203.047825563
462.672083774
-588.309694709
-376.464463253
-330.962120799
468.018314465
2560.6720807
-2273.29423414
569.766501245
2575.40852503
449.481453079
-1404.61444455
1331.09867352
1648.94009163
-1002.81774993
265.709434118
-319.616562945
534.532845308
-373.853770407
-467.774515668
-893.448109616
841.473401512
-62.3870198976
-1094.48398196
402.429282297
750.959316895
260.889346759
-639.38900603
1081.88075563
460.730260909
451.321953096
-276.790540459
492.328167908
473.324724015
-110.468607081
-303.095829578
-240.485245541
476.772575334
-654.753343718
-285.373542622
-298.190771304
398.873551948
2472.70847644
-2125.6379345
584.80372485
2454.95463796
456.118143597
-1283.19638813
1328.08756922
1647.15547856
-1019.60485176
279.677148477
-187.428934891
449.545880566
-366.251531242
-481.996948341
-811.224031768
791.220697033
-139.912709909
-1133.33970767
454.987594109
705.655775984
95.093842737
-552.844315988
1091.8824308
423.573643232
388.863778438
-164.182612254
492.431286319
549.569111665
-101.454876504
-268.450755985
-120.984881746
504.868641083
-689.37330773
-308.392237337
-156.975006529
249.99368022
2311.97491446
-2117.89975484
635.609185451
2234.53319893
364.690766732
-1190.34879764
1225.60380037
1728.93931749
-1169.18509298
434.972584551
-138.455872224
528.326849656
-436.667708517
-348.415509125
-654.286845374
670.788278212
-95.1189779738
-1146.06367565
621.730252808
471.238743703
96.4472261257
-567.072036916
1161.73472293
195.46119711
338.589858417
-17.8503780135
377.818998418
502.964090076
-182.15697405
-56.9407141594
-249.030480716
549.475121931
-741.566690369
-127.752953551
-151.948257079
166.484078405
2354.46055457
-2108.20877364
786.551156397
1929.29162839
503.192917105
-1149.65921286
1196.80777967
1609.80558913
-1164.00982257
463.596221112
-166.699219147
463.534157495
-538.314961536
-181.535207389
-719.210145889
597.343006336
-149.58643606
-932.902968313
488.265357846
443.137646456
121.859699275
-466.402793688
1147.48924663
100.200923888
434.000205932
-18.9683531245
476.754741242
313.155323431
-19.7747538188
-68.2597029776
-213.11713189
428.469006878
-660.755561593
-105.742323884
-253.516206974
194.538271018
2145.85628223
-1951.30297447
726.443093969
1837.67847593
441.853248354
-982.836340757
1131.88440215
1550.46988391
-978.31081567
418.304131851
-1.84367802905
444.518536309
-436.793361921
-206.091242489
-533.448264782
489.98129877
-193.942163926
-794.704571806
335.522465406
448.960199133
-18.5075509746
-387.934709956
924.550231437
205.522882196
308.581169315
-32.2835737829
541.018693945
281.328453363
35.3801789157
-98.5928790135
13.8672415054
298.96845285
-466.404759861
-136.405715323
-124.93427616
157.555068592
1900.75211541
-1722.6030249
695.326138032
1541.34406137
371.717444933
-842.478628122
957.497734451
1347.13178662
-915.043586716
359.947996694
-32.2876521197
447.360033771
-470.910400369
-144.837653808
-406.75404197
472.532076387
-220.432618035
-585.059276602
343.783253069
413.104255026
-4.66362557361
-268.537356187
821.516800142
146.246707021
287.34906802
-96.2935067466
501.431172969
145.183026778
18.560142853
-172.246361995
47.9411268973
172.272246018
-434.5506856
-89.8825486083
-103.235902267
138.714621084
1855.57402768
-1510.43341044
689.370985595
1461.75665544
438.295356618
-779.805618149
954.755756288
1214.79523165
-824.182762947
328.25273428
-90.3894731889
389.840325538
-492.959987705
-173.155414543
-474.933355763
485.867686558
-307.655987136
-577.204960851
388.451443363
390.916911585
-73.5620312899
-169.916382845
889.623592133
85.6597806191
335.913978432
6.01167865387
507.422342736
146.063780825
54.0983487313
-173.853688221
78.7955539977
172.008384007
-533.709258391
-67.8131923563
-65.0944500324
23.2394591797
1723.19008264
-1399.11045701
675.424928035
1320.5360983
422.723019883
-705.398794101
998.586549265
1082.3932995
-683.977390685
385.752056273
-27.7575177857
376.788939582
-432.494926897
-73.6312803479
-470.014009197
493.13515902
-322.266164228
-583.728701749
423.321282488
283.657121962
-186.209345818
-148.403845488
885.139557031
-65.6258004521
224.562849306
151.335514687
424.751140889
110.059473697
55.3556708644
-18.8207580475
68.6002299795
200.922462255
-479.542827307
16.0465593519
38.6121324113
-79.5680658735
1654.6643737
-1211.11416354
644.114297124
1085.11763578
401.354641256
-612.816765608
816.018301502
889.444338059
-589.819254171
390.096082708
-165.180525646
378.7199095
-418.035250884
-12.5578007908
-474.242176205
482.99351679
-209.476326185
-573.452842622
518.873719664
223.198159501
-81.9577971404
-173.149824637
924.215071484
-107.904471859
196.174525181
182.780210576
329.458063009
105.903592326
-47.9292034309
22.0672986382
-48.8732783827
226.058643716
-541.136886859
32.2916426068
34.1149519456
-72.7976614993
1570.49905229
-1072.40295376
677.141469039
1012.94285255
473.039316251
-556.048767775
852.563849619
826.094575195
-484.290173384
314.907504292
-87.1999390862
334.146164453
-444.715196205
-32.965374577
-456.724197037
431.613006227
-305.516567193
-506.505510068
416.173154058
235.852029115
-155.388785284
-110.718497428
847.391340503
-53.8947963882
177.337904805
195.133930888
417.518967144
84.1131654431
34.5057646885
22.275871648
81.1121285207
133.17130843
-429.501911445
7.68111199241
34.2780306405
-105.771232414
1387.79500819
-943.022974668
588.126245513
909.729951927
422.299025313
-551.778507283
864.986552736
671.012302479
-380.31698173
292.318659141
26.3906586048
260.30037013
-314.39711043
5.51568288014
-403.914408285
454.597001983
-337.820311353
-341.625794462
283.980250991
297.977172402
-274.026926039
26.1135603619
632.471837565
-24.5053057229
129.203527072
174.944928243
354.414708528
17.0012360293
106.381993217
-75.9955846595
179.464938622
6.33787765245
-261.574653183
-46.37204339
116.497074246
-150.293442469
1402.21690476
-869.980288081
663.993461595
801.547807711
517.339837949
-623.542997366
1010.74542787
434.852873088
-354.981203668
303.628198851
-3.83928339522
118.401152901
-315.016196313
67.3158050848
-557.087335798
532.211849192
-432.00147433
-208.86556172
189.99251475
419.059960517
-336.027382015
180.706174929
608.364215463
-13.8469957802
192.697647141
188.214674924
367.998645917
-45.3150561118
207.052762572
-194.386435085
205.36571795
-61.3018714381
-246.839314405
-148.425936859
121.21872777
-174.638993425
1370.4309382
-915.885514287
774.124871991
729.584251529
600.453936
-671.472344698
1209.55402679
343.682956173
-289.271341971
370.273387337
44.5126840488
113.390059458
-328.018233112
138.806033765
-628.424930243
548.516132212
-502.442304502
-207.026733557
107.894452788
417.01973261
-389.106965057
117.785692849
635.843468087
-29.6539690649
189.891817298
184.829916132
451.1548596
-65.1950956843
262.237973773
-144.205829997
214.926865747
-6.56643883057
-211.020569511
-149.026958165
97.7081398795
-91.2645212758
1221.36186089
-946.347896219
855.941331561
579.647863926
562.754466286
-585.018635317
1187.21816357
210.996452752
-197.613347459
368.006894579
4.47133817989
127.395543997
-319.525359575
188.62303099
-608.377896172
527.101104191
-464.765184184
-114.276024092
57.9770526587
411.242554601
-304.525008517
118.152654002
595.276104798
-31.8395490203
197.721435403
161.786156002
417.075016301
-146.463475099
281.248198346
-153.403414698
127.245022815
-63.7447662716
-128.691337764
-187.284305368
46.851917569
-43.9435306845
1222.47117935
-964.436392271
968.842572967
535.582205028
627.457903178
-448.735381454
1157.90197057
176.578834516
-104.957478992
383.180364694
-99.8514715202
132.230391787
-380.913159969
193.146822354
-692.90149473
470.630538521
-504.593945732
-64.8284018197
-2.98321744614
398.85089014
-242.263897849
173.665243313
622.040919367
-17.4090265958
303.882081466
210.559082581
450.810354138
-176.354062454
355.960634096
-156.661277211
88.6431016538
-118.320524354
-133.377862124
-208.596473668
-38.8448132728
-102.084199463
1137.65559923
-933.542433633
911.374519755
478.296577672
676.873734527
-383.599130788
1152.31974038
191.660022822
6.05270367088
393.798095959
-4.84282448432
130.469140978
-317.772229477
202.495646826
-635.093817688
385.387732592
-503.25553015
-67.1730709216
-65.1564358143
290.37306798
-262.632989203
161.989182473
512.523020705
-42.7448443333
294.801391399
235.5179181
416.214923101
-104.576752685
374.897010944
-62.0755863694
119.871868405
-65.9359478062
-91.4707252439
-128.477177224
-52.8339048552
-120.484529859
981.74620548
-744.884621346
656.88152286
390.38651313
607.355381355
-456.524012867
957.910069122
175.96001373
-0.873507700074
269.592791247
95.2220563261
85.2301585266
-224.249554623
184.445699946
-481.539101333
326.372976796
-366.714963706
-48.4932670813
-13.6536205191
267.31571225
-217.383412937
147.313909578
436.158574509
-53.9943977585
228.042811354
192.716064116
301.595942441
-113.330883795
283.44587729
-84.4973564657
60.1541160016
-58.9303692873
-104.439860568
-98.1142283965
-40.3268959784
-79.4024442404
823.113571592
-450.691425682
507.81277885
400.257589223
562.013640149
-384.411885468
786.485143454
174.647406143
-21.1974507571
138.044107986
127.116434257
-39.5503690994
-220.783018615
93.4508042381
-415.355714827
180.328988734
-273.36940396
-39.6125371184
-22.2901831647
260.929491119
-126.136091268
161.223578179
390.331801487
27.7553751916
207.880016964
203.645405859
262.589708476
-88.3032813796
226.964188508
-75.6939846025
-3.80703068791
-89.8394801436
-97.3923213567
-144.849107876
-81.9714704682
-70.3593965721
685.96159061
-374.422481437
448.374187664
353.757052812
494.243986481
-336.302915877
716.875908923
169.596205216
-0.356255719161
125.046188839
149.78810918
-60.4499567502
-192.106128931
93.4400929639
-383.352270019
104.906865499
-210.690782618
-44.8972676499
-88.1668645835
237.173757745
-83.9922317442
93.9342162817
310.861104374
93.5768558802
158.774796952
165.499020945
255.110518237
-45.9454118559
168.328609903
-30.4824670674
-2.3281560955
-85.2812546604
-58.4932456009
-133.147658895
-95.8630703226
-49.7393790467
591.240647446
-336.699846683
334.211505184
343.084419974
419.093433345
-310.566984569
605.776649718
211.925455247
-46.467718338
99.9178236852
171.158566949
-63.837533122
-175.019055155
103.852748722
-311.659357787
33.9618653497
-113.718074955
-66.8026060781
-113.102169969
205.791316464
-22.7475146611
1.34362433921
258.87386032
146.620322719
88.8224056353
119.123383828
256.144661985
-0.512768359206
77.7861230667
35.0354802736
6.68588918574
-76.0559887915
-54.1168266202
-85.2546983106
-107.507607919
-41.654019043
503.322343814
-258.758612444
183.416455777
350.629414651
351.129178749
-270.219178477
494.20307173
255.934653026
-68.1586053759
86.2168552988
189.664397395
-44.8905401358
-147.597698772
97.3410693616
-224.778057458
-0.350691037623
-78.490214515
-73.3880260194
-98.7988363608
150.885975334
-13.2424947374
-34.8223407486
218.329671424
128.805440429
58.455752295
83.6398240139
249.174739946
2.68716558727
49.3112614953
57.6940770275
38.0867373542
-66.5159163106
-45.7711928573
-34.5988673041
-89.4875230132
-36.792738519
452.673312228
-217.503661054
105.676450033
282.694029737
314.086755819
-224.01250839
391.320513803
202.283509219
-33.1040111299
46.928792362
155.76289859
0.757108667517
-128.728731604
68.8371518404
-152.628532653
34.6201162868
-102.595656786
-18.7607918472
-80.215409555
119.177770811
-25.2769336418
6.72530298953
145.300005653
102.711213362
56.7741181036
55.2086132459
194.744506634
6.57051382925
52.7993287884
14.8250238122
62.7540380063
-65.5493978096
-26.8449677651
-44.9528840363
-39.5491060519
-53.0847299324
475.070581428
-279.56881745
151.837467755
150.889610944
363.945158968
-247.559802109
335.856223727
155.286199687
17.2778808128
-10.6453021699
106.201013974
80.1445016841
-180.261114802
63.8307692864
-132.209040599
70.8969014582
-167.030571782
46.3559344104
-93.6056829341
105.843825248
-35.4508392277
49.6158164766
84.6800989436
106.602092602
66.955052952
41.7734700398
155.03679883
24.4019701249
57.2769849184
-20.1286675594
79.238946222
-67.7811921201
-13.8812267799
-66.3226833575
-6.56214071869
-75.146441742
487.778106667
-336.211246185
208.196606471
82.1152041245
369.960519577
-273.822939831
316.268928938
164.132438618
-8.40393808266
-2.82354221503
79.3760099686
106.92543482
-189.427618871
82.1962039132
-124.759249907
73.9488202237
-133.710241353
25.3460414069
-71.9606261152
94.1183694173
-32.6900550961
29.1167078999
69.5606804085
94.0130071134
41.3461250154
41.3172230887
97.8278305096
44.046748252
45.6678993485
-23.8211129676
54.2358638229
-20.639069496
-8.93384529251
-68.4081467688
17.3971775101
-43.8957779381
470.627378117
-346.673406297
209.542847321
147.45080314
273.723777721
-313.217161353
308.335166754
195.572082013
-117.636072296
24.3181512491
54.3993726018
56.2861010622
-132.854168682
54.6338861645
-136.574585852
99.5910041108
-14.7170176365
-89.89813212
7.61704375517
158.314139386
-25.6261922884
-25.7461900282
129.306392742
88.6818015547
7.7611012052
37.8868369576
29.1541400108
46.5720890109
31.9402935992
-74.7976107441
-20.4691208881
52.5849941162
-33.1632431047
-109.455668092
35.0694665289
24.9820600966
-31.5221022495
-13.4755199551
38.112227767
40.8797010539
42.8061416754
8.66151581145
11.5895654609
83.2542852926
26.6855333169
-41.3473982448
12.8507030139
46.606466629
-34.9672847786
-48.0668032251
-2.76435640442
-3.12355072652
-20.479292123
-28.3751420023
-15.0481611667
25.6202885698
21.0645187026
-18.8966928558
13.4726209774
58.2270850033
18.7367364689
-9.99854417803
23.9088517679
31.469433408
0.267283787981
-15.3056909582
-8.54302103719
2.29088540447
-5.93650276547
-31.3823269806
-21.6074349682
9.18116060232
-2.25139139957
-22.882472618
0.610308372157
22.8174185266
9.16250453769
-0.334147426869
11.7394790713
21.7939404577
14.5582972018
-0.596242518091
-0.519919016057
11.3142584164
3.73014968496
-15.0643184737
-10.7283030655
2.13189487416
-5.18415751179
-15.2139344854
-7.62880293671
2.85803776389
1.46098537052
-3.8006976419
-0.0123976171622
9.47423929471
9.44873625286
1.37457870679
2.20998006734
9.33156819791
6.33003982298
-2.15417938774
-1.92201113558
2.37546379743
-0.0149706924318
-5.47343134863
-5.25694958621
-1.00360609365
-0.610283403504
-3.91904616436
-3.21827913436
1.48788530208
2.52776528861
-0.212325417389
0.238979171678
3.47304575259
3.54422520757
0.913848712646
0.433093873639
1.98325503759
1.83040899983
-0.417069799846
-1.27959386551
-0.049048278822
0.159289058287
-1.32038039069
-1.63323064653
-0.348465536533
0.232555886787
-0.500500058771
-0.584185578424
0.441704487396
0.916135976597
0.365441110005
0.145771131512
0.628255929001
0.867267698
0.360328278676
-0.0134471458278
0.231322305859
0.350009360471
-0.0608765659982
-0.328128911985
-0.176629832471
-0.0032803481572
-0.141343188914
-0.26658359069
-0.0993849699771
0.0781583190894
0.0110058691279
-0.0700070682906
-0.0224940771345
0.0607743715028
0.042055020116
-0.024120822744
-0.0115852422993
0.038863385872
0.0100997643559
-0.0620254372675
-0.0589241654041
-0.0559779571339
-0.0531790592772
-0.0505201063134
-0.0479941009977
-0.0455943959478
-0.0433146761504
-0.0411489423429
-0.0390914952258
-0.0371369204645
-0.0352800744412
-0.0335160707192
-0.0318402671832
-0.0302482538241
-0.0287358411329
-0.0272990490762
-0.0259340966224
-0.0246373917913
-0.0234055222017
-0.0222352460916
-0.0211234837871
-0.0200673095977
-0.0190639441178
-0.0181107469119
-0.0172052095663
-0.016344949088
-0.0155277016336
-0.0147513165519
-0.0140137507243
-0.0133130631881
-0.0126474100287
-0.0120150395273
-0.0114142875509
-0.0108435731734
-0.0103013945147
-0.00978632478896
-0.00929700854952
-0.00883215812204
-0.00839055021594
-0.00797102270514
-0.00757247156988
-0.00719384799139
-0.00683415559182
-0.00649244781223
-0.00616782542162
-0.00585943415054
-0.00556646244301
-0.00528813932086
-0.00502373235482
-0.00477254573708
-0.00453391845022
-0.00430722252771
-0.00409186140133
-0.00388726833126
-0.0036929049147
-0.00350825966896
-0.00333284668551
-0.00316620435124
-0.00300789413368
-0.00285749942699
-0.00271462445564
-0.00257889323286
-0.00244994857122
-0.00232745114266
-0.00221107858552
-0.00210052465625
-0.00199549842344
-0.00189572350226
-0.00180093732715
-0.00171089046079
-0.00162534593775
-0.00154407864087
-0.00146687470882
-0.00139353097338
-0.00132385442471
-0.00125766170348
-0.0011947786183
-0.00113503968739
-0.00107828770302
-0.00102437331787
-0.000973154651974
-0.000924496919375
-0.000878272073406
-0.000834358469736
-0.000792640546249
-0.000753008518937
-0.00071535809299
-0.00067959018834
-0.000645610678923
-0.000613330144977
-0.000582663637728
-0.000553530455842
-0.00052585393305
-0.000499561236397
-0.000474583174577
-0.000450854015849
-0.000428311315056
-0.000406895749303
-0.000386550961838
-0.000367223413746
-0.000348862243059
-0.000331419130906
-0.000314848174361
-0.000299105765643
-0.000284150477361
-0.000269942953493
-0.000256445805818
-0.000243623515527
-0.000231442339751
-0.000219870222763
-0.000208876711625
-0.000198432876044
-0.000188511232242
-0.000179085670629
-0.000170131387098
-0.000161624817743
-0.000153543576856
-0.000145866398013
-0.000138573078112
-0.000131644424207
-0.000125062202997
-0.000118809092847
-0.000112868638204
-0.000107225206294
-0.000101863945979
-9.67707486805e-05
-9.19322112464e-05
-8.73356006841e-05
-8.29688206499e-05
-7.88203796174e-05
-7.48793606365e-05
-7.11353926047e-05
-6.75786229745e-05
-6.41996918258e-05
-6.09897072345e-05
-5.79402218727e-05
-5.50432107791e-05
-5.22910502401e-05
-4.96764977281e-05
-4.71926728417e-05
-4.48330391996e-05
-4.25913872397e-05
-4.04618178777e-05
-3.84387269838e-05
-3.65167906346e-05
-3.46909511029e-05
-3.29564035477e-05
-3.13085833703e-05
-2.97431542018e-05
-2.82559964917e-05
-2.68431966672e-05
-2.55010368338e-05
-2.42259849921e-05
-2.30146857425e-05
-2.18639514554e-05
-2.07707538826e-05
-1.97322161885e-05
-1.87456053791e-05
-1.78083251101e-05
-1.69179088546e-05
-1.60720134119e-05
-1.52684127413e-05
-1.45049921042e-05
-1.3779742499e-05
-1.3090755374e-05
-1.24362176053e-05
-1.18144067251e-05
-1.12236863888e-05
-1.06625020694e-05
-1.01293769659e-05
-9.62290811762e-06
-9.14176271174e-06
-8.68467457615e-06
-8.25044084734e-06
-7.83791880498e-06
-7.44602286473e-06
-7.07372172149e-06
-6.72003563542e-06
-6.38403385364e-06
-6.06483216096e-06
-5.76159055291e-06
-5.47351102527e-06
-5.19983547401e-06
-4.93984370031e-06
-4.69285151529e-06
-4.45820893953e-06
-4.23529849255e-06
-4.02353356792e-06
-3.82235688953e-06
-3.63123904505e-06
-3.4496770928e-06
-3.27719323816e-06
-3.11333357625e-06
-2.95766689744e-06
-2.80978355256e-06
-2.66929437494e-06
-2.53582965619e-06
-2.40903817338e-06
-2.28858626471e-06
-2.17415695148e-06
-2.0654491039e-06
-1.96217664871e-06
-1.86406781627e-06
-1.77086442546e-06
-1.68232120419e-06
-1.59820514398e-06
-1.51829488678e-06
-1.44238014244e-06
-1.37026113532e-06
-1.30174807855e-06
-1.23666067462e-06
-1.17482764089e-06
-1.11608625885e-06
-1.0602819459e-06
-1.00726784861e-06
-9.56904456179e-07
-9.0905923337e-07
-8.63606271702e-07
-8.20425958117e-07
-7.79404660211e-07
-7.404344272e-07
-7.0341270584e-07
-6.68242070548e-07
-6.34829967021e-07
-6.0308846867e-07
-5.72934045236e-07
-5.44287342974e-07
-5.17072975826e-07
-4.91219327034e-07
-4.66658360683e-07
-4.43325442649e-07
-4.21159170516e-07
-4.0010121199e-07
-3.80096151391e-07
