6.30134183521
-3.80827328812
0.622271038717
1.5166339999
2.96186709882
-4.86173456396
0.559946470694
0.3645068195
-0.942419614081
1.67612566707
-2.66204861594
0.810987022887
0.83704593105
5.16146323035
-4.54379369978
1.90581669916
2.0378330098
2.49298742022
-2.62626497389
-1.83226612797
0.975299663716
-0.903911253774
0.153711388458
-4.52294604832
1.03699575822
0.209850850174
3.82627937103
-2.46173593077
0.802657568727
3.405333834
3.48062172437
-1.40157909548
-1.81397958874
1.88031091551
-0.85965341724
-1.00405994121
-4.09719569393
-0.993289517242
-0.375930809051
1.74394875155
-2.20520219486
0.180958062598
3.3926831946
3.25153232969
0.282581274711
-0.141983608773
2.0206709715
0.529302423205
-0.712075039936
-3.21353277352
-1.51813957854
-1.01696296481
-0.412447438258
-2.28092844366
-0.694543863737
1.69851046443
2.31113553892
0.880558389678
0.710949341621
2.30531550498
1.57639639766
300.23985823
-182.896842015
32.957784335
69.7540060848
165.353820693
-261.999787982
34.7247701312
-10.2268614738
-19.9647489199
16.6485022422
-94.1714451748
20.7735300904
35.8271131635
160.643610795
-131.75551456
82.0183461524
43.9000781911
104.270662288
-61.7144481679
-36.235051731
13.4043233645
1.21562091656
-18.7136654997
-105.776041055
17.7304386591
-22.4290176391
61.2068403465
-42.4818830107
17.3386605884
43.2707260038
77.9068651939
0.359135905487
-12.8789338553
36.3592832573
0.505665716681
2.38399396798
-55.4799466728
-17.4961692255
-21.409621824
9.53752132506
-35.9248802901
-9.57724941655
17.6960538645
27.9045017829
18.7983882292
3.54888089826
26.4173667442
19.3180978824
17.4552717341
-16.5228121737
-4.84328593111
-9.67803560681
-5.89497418731
-20.0496646433
-19.1408349466
-5.87503330722
2.44559583466
3.8104813528
-1.64050996221
12.7496536587
13.1549760155
805.15885637
-316.747108072
81.0587310907
233.150382676
432.55013322
-544.610254064
90.9297536589
-60.6199482362
-4.70317842024
-94.260373317
-119.204676075
-16.6538496062
66.1381349092
178.610790697
-86.7741709777
154.099305153
48.4673229052
250.444326355
-17.0692228213
17.3205617752
-4.31596718688
95.2529517584
-93.3465142633
-81.0282298489
-55.352433645
-37.5964505908
-8.91637909385
-30.8520248555
-11.8848435375
33.8154120054
96.5972054897
41.2698759175
53.0229488308
41.3727151892
76.7457928519
22.6442733606
0.717748979966
-37.7249871014
3.53230686344
-43.250085489
-31.0905848658
-54.4974466102
-9.76974157018
-17.4736335277
20.4490775608
-1.58816982206
31.4658011198
34.8698931963
46.424087546
25.2556402927
20.3712950651
19.6313920482
4.79641835728
-2.75860613086
-27.028357445
-11.7259779787
-29.6277089168
-8.98274730513
-26.9497177956
1.6439197174
-9.46811931647
941.822313316
-125.768580915
-77.95620306
410.918314973
450.073425423
-414.580022271
76.1527264134
-62.7912562221
-40.9456629575
-47.7487895681
-102.595445259
-139.717046064
35.8049257393
166.045890421
40.1196844109
67.9473330194
72.5793899176
310.345047166
66.9403006588
28.1558331576
13.9567225674
93.0978364453
-87.593878871
-26.3033991365
-113.905627563
-58.1732760414
-31.9064535956
19.8447496328
-40.5182420726
40.5686488556
91.138481713
95.5484787791
63.4723926065
56.0481727391
72.038632907
27.0726311201
7.90912145886
-42.9969765715
-22.3338115883
-62.9671999599
-18.5787562792
-53.2801316158
-8.79066340216
-8.00577752726
45.3430197494
23.9044896614
50.9947277435
45.3562256716
48.8802802575
29.5750790207
11.9832307059
1.22947793923
-20.0597778271
-19.4019952287
-35.0368779096
-23.0978523415
-26.5167621824
-2.43230187416
0.24944629988
17.4532597385
21.5795889206
2630.87743515
-145.296558579
-1596.28029365
1666.44408997
1088.55813569
-1235.5684596
-304.979162422
-29.9443544414
-386.491137479
457.501742545
-574.818650924
-434.229846218
257.563294375
812.862488299
551.059479296
-382.953718902
319.024371482
1079.83025554
272.643359965
-651.26352057
-15.6607468127
34.0877795391
-105.349383156
-542.164409627
-426.433832168
-98.9270113419
58.5169231933
407.003472449
-146.908308915
95.1218121808
727.429421692
636.829521871
-149.958295706
29.5507322316
216.906603493
75.8792516147
-301.938442751
-580.427564
-162.25209667
-176.118912414
-67.5878183461
-197.088026242
-60.088806908
284.817770382
533.519959327
188.411760213
61.0032769734
349.753629597
289.226216256
43.5431666879
-353.650613603
-163.142586414
-140.570901689
-205.958489298
-323.253299082
-248.705743178
-8.33120318649
183.17058769
161.544208248
42.2849411848
282.302718401
5106.4411244
84.2341173905
-3448.8764472
3281.59388015
2092.14131291
-2436.7014755
-859.711245063
-435.646777528
-708.608615205
1074.86797514
-1302.22644198
-1035.84528051
825.092322408
1780.55837962
1146.54086864
-836.237539163
600.013177102
2260.00737281
501.960630596
-1368.84420824
-275.54682134
20.7445803916
-77.7642019566
-1045.1970832
-1039.92829114
-171.93819741
398.231836835
728.764181163
-273.404736357
180.761657952
1459.40404454
1109.94344973
-258.149366533
46.6939745357
267.256371797
103.055116318
-493.790460865
-1011.34979908
-430.589410718
-195.414810989
-127.555374706
-285.476103693
-70.0361368736
505.004346311
873.760013801
310.65624196
207.537119077
529.748377824
385.792818254
18.1310468616
-423.843724337
-329.166983933
-287.825374764
-340.792085901
-454.51652376
-327.550039229
-47.2039788518
254.915573368
228.480179954
183.213946101
427.87707412
6663.07739909
-219.037483918
-4536.90285155
4758.89316223
2525.5597635
-3641.41564329
-689.848492897
-572.233023795
-1023.6389682
1726.66376211
-1964.48465646
-1374.32225539
1393.87270487
2184.42886386
1319.4222021
-977.648647418
682.133746932
3033.73584476
540.032562722
-1789.86615091
-134.784745227
-77.4303117555
-77.1590799825
-1191.18032827
-1320.8201958
-378.059220837
585.655258839
896.811909449
-384.521802516
89.1105518433
1817.81469773
1452.15058624
-341.357235876
91.3341686945
244.432628863
259.009963154
-493.470311218
-1218.48418322
-668.795942943
-194.266903399
-58.9574624244
-362.654915217
-278.966724595
486.009609919
1199.17811416
361.249615281
155.395340236
515.764926408
594.467575088
167.174503219
-471.902883509
-500.487545547
-294.91850102
-217.589268442
-506.773962554
-502.740496367
-181.06687732
404.859483302
309.16123163
114.798000403
321.772237645
7995.60808795
-869.355030566
-5324.75177222
6080.39875259
2746.825393
-4566.54421357
-611.198673939
-156.746777698
-1081.44108198
1599.48781309
-2330.66228757
-1145.03445174
1501.57527371
2416.14168983
1310.41088335
-1364.64842532
994.540369169
3527.87909094
268.723290561
-2131.13104529
-25.1838498525
34.6647383742
31.2574666351
-1473.46339651
-1519.38020905
-111.509751121
748.72782712
900.572338888
-473.081574991
55.2233787032
2055.79658572
1629.71011143
-589.849561826
-83.6973500227
397.533944502
330.303845209
-578.521508978
-1419.48202391
-620.685437978
-34.1042619244
12.7624660252
-417.137559446
-299.676401014
648.262418234
1332.6437003
351.114829467
21.4392597768
565.955004297
642.186773432
158.687299131
-653.492971334
-555.868655985
-214.9100803
-231.9367801
-546.53527249
-538.9899536
-105.643496376
481.86801406
363.494297765
44.0426822952
380.552092511
9021.93510827
-1289.03870186
-6373.7585041
7123.98314824
3325.67365431
-5697.09538145
-766.400562122
308.386574184
-1083.32697111
1382.9194069
-2450.35095366
-1249.49193321
1737.97943626
2708.36501727
1259.21949876
-1681.7550553
1133.29677789
4132.8711329
8.34616703664
-2527.30939998
124.891121396
377.77833969
-192.635370106
-1586.61977256
-1571.37839859
-44.6991506618
979.877026727
807.216347007
-569.453242553
65.9236032814
2361.98237782
1649.44095562
-733.394373976
-209.37936194
696.78743573
327.203246155
-799.278303208
-1388.7359198
-620.526098001
82.6185812233
0.630175272468
-452.455241198
-320.321328675
837.30405781
1354.91597012
304.917992457
-72.6744398476
623.129935266
703.798004883
-24.6048238849
-675.915858839
-562.396252187
-171.941920673
-222.11660963
-520.452654957
-513.475861465
25.380916662
540.355947154
373.628781264
58.0187164451
357.248397477
9260.26227872
-1668.06930035
-6330.22434365
6943.9452179
3348.54205787
-5971.52878301
-584.937228697
232.76473897
-928.115554044
1445.57375143
-2454.02167496
-943.950931482
1802.2216894
2723.98463699
1124.69069706
-1578.98774816
873.319482492
4385.66132994
-419.432031985
-2727.71694881
496.636206857
304.582229302
-348.480948862
-1407.34098958
-1454.31831161
101.65160502
1344.1479082
495.325692338
-415.712515421
255.503851832
2338.16208998
1496.82338231
-998.42564193
-174.379145488
795.300230055
142.092868828
-972.725677379
-1249.63190942
-560.767723795
314.410930696
-67.4842957054
-530.10661461
-81.585041588
963.739826337
1268.0192374
136.314368116
-82.3121822044
710.451499637
676.422810138
-244.90678063
-701.84961269
-507.069215004
-82.6647677965
-224.430176136
-646.233012054
-435.010543513
195.375490226
559.454522702
260.97655536
50.4049701617
437.20707734
10000.0
-2038.12526966
-7093.72389814
9185.25594024
2504.21299394
-8121.19705441
1130.98445391
1410.31066847
-3051.19859306
1715.56232429
-1792.92862795
-1173.12329173
2710.39753147
1711.85212546
966.043711202
-338.99221653
1394.13228665
3394.99552867
-684.033683747
-2307.40501228
1107.04810304
-359.729302466
-1364.22379406
-872.226257199
-1145.23369394
266.575158705
575.298256678
422.825053947
461.348489776
677.804823994
1812.77570167
1250.0316118
-616.682575226
321.029603161
638.302011102
-868.476082428
-748.085174478
-877.421825358
-749.208839861
-110.41072674
-349.423514999
-126.082308543
463.629180339
695.122961137
952.207293148
629.341197694
304.007301997
747.501391695
242.590866078
-379.935513375
-349.64071041
-537.200746783
-511.117130423
-492.5578003
-510.855720861
-169.823756706
137.322882351
278.516740412
471.42611015
443.605388551
546.575250196
9479.07030599
-1794.92666718
-6391.16213596
9286.10729441
1415.31550196
-7995.39018411
1771.0289921
1400.88048169
-3868.87339945
1585.95044442
-1104.95643451
-1218.27821844
2380.46173501
1504.78349959
1112.9631799
-53.5876702967
1513.96449092
2600.68600631
-379.077017474
-1763.35515521
948.449117297
-624.991695323
-1309.54277149
-612.275263849
-1154.08743957
-33.9675263223
364.52933389
533.920296656
184.925028009
830.842149264
1416.27603428
1132.35154763
-161.177739975
293.583922451
479.895698332
-594.034492493
-471.606662061
-873.769179615
-624.746395512
-370.729897759
-135.01125131
-302.742212102
187.310760715
602.688805575
701.852756809
585.766386074
310.356685158
663.216694742
218.156658532
36.3958093739
-319.021961013
-358.051192163
-410.682964171
-371.877566004
-401.720754797
-365.467621455
52.4819271239
106.74017266
327.861750266
226.93962416
457.84114256
6940.4883526
-1015.94338582
-3820.39272859
4616.46122794
1838.89240812
-3439.7398704
-895.256490732
274.97725417
-1352.04863583
1015.36487237
-1555.23711955
-1106.46634485
1109.27370562
2028.22001059
710.370958115
-802.05422484
1248.04997148
2060.157086
532.52172822
-1665.30314928
213.018818755
-183.911486188
-356.667551958
-728.656119673
-1340.1007943
-357.64258989
651.820857514
632.704104749
-731.658702006
699.519866066
1133.55290408
1133.72676197
-44.8440383181
-55.9569124569
342.323518763
101.844864954
-250.822174949
-1052.53499851
-480.466366399
-328.957442098
177.327559718
-552.685992066
-181.265687065
491.220153429
730.054091108
439.613526699
94.3915230865
518.153453287
324.44882068
333.182566138
-409.384881119
-341.659021276
-295.85673635
-147.233588491
-392.584241461
-507.300788982
-59.1043259706
125.972300805
315.362038329
30.0389173785
329.412663037
5836.44192219
-556.463486243
-3077.34890968
3622.16293182
1807.60883127
-2704.74338935
-782.774041173
63.3037535815
-1181.1916316
1003.56521485
-1282.52194784
-1183.82640155
1082.60694094
1676.29346279
522.123002581
-54.4687617344
785.639338558
1545.69369791
865.196011455
-1189.78245933
-77.3742607513
-165.810695617
-374.60015256
-519.489239776
-937.114347182
-679.735908892
571.723353885
573.079494227
-324.521706889
593.856626803
830.782804221
940.814461112
382.035059161
49.1052666883
-19.0104172553
158.882116378
-257.610969701
-701.662415754
-572.931532026
-446.199569348
8.68099278505
-204.136057761
-100.512628849
248.928607679
622.108789512
470.030584087
392.1931777
307.86562939
238.821371935
233.138221837
-151.97588525
-331.517314121
-383.292425386
-261.208618219
-329.068805488
-270.346587006
-194.743480841
60.0885904288
236.744667428
246.331978172
295.827917669
5508.17158188
-503.479689817
-3033.81230541
3579.18794933
1919.99314436
-2772.44539978
-803.081246111
317.193062622
-1076.64826617
863.208889814
-1238.31755706
-1022.53249387
1122.57858585
1542.41940859
473.098411332
82.4607844103
735.919359777
1406.44238113
920.564266639
-1134.61355407
-63.0422863271
-59.6338736162
-465.088864492
-563.856076321
-709.130609101
-658.378090805
323.290293487
629.260214438
-225.996022755
550.100021262
774.962016559
864.901522478
387.180711415
155.648527312
10.851330722
31.3969891157
-204.580019147
-637.672792796
-468.010210581
-520.234579055
-69.7692997407
-136.832367684
-46.8252004016
195.88019805
536.753410774
499.905535431
347.540642749
412.503763061
183.194062684
195.470846219
-107.755501062
-245.979718792
-380.670548633
-294.417780092
-294.313596925
-290.775239381
-122.882426681
-15.4972131725
228.540238022
210.360899362
316.194087381
6065.57918726
-648.245042975
-3895.49735016
3763.11475421
2729.44729992
-2857.21951773
-1597.56777758
447.341492207
-626.115505465
966.176618097
-1652.30054724
-1313.67277883
1345.86042017
1998.53013915
403.42132188
-520.142734087
903.329989824
1925.2263078
1049.69413192
-1703.18580901
-135.501579324
333.098551955
-306.659563808
-913.803114701
-1043.22749469
-479.815356285
538.20264096
625.951774118
-634.369804605
540.890470216
1098.08008908
1095.97441603
104.658891482
-8.38710110441
285.659287593
272.001247853
-301.086669603
-937.410340585
-449.288848827
-351.762557881
-6.53186291374
-453.907401242
-192.093614119
337.705831865
710.270104752
407.889737769
196.741698003
493.267680443
412.888025864
296.62157892
-277.195473695
-277.704023941
-277.717976289
-196.45378948
-437.078774622
-444.735171316
-160.003836607
76.7217839324
204.848809574
81.4311956162
304.126704887
5955.50102415
-241.797082228
-3756.20830816
3471.12243106
3063.16656354
-2820.72241734
-1629.40737323
455.859708073
-632.979355795
540.015416384
-1559.7575742
-1233.53184267
1112.54247999
1850.11280235
324.584724165
-275.532068669
868.634957452
1986.84959476
889.66866942
-1318.05288197
-75.7244302232
271.488082249
-300.448279456
-921.511936486
-1052.43293067
-596.994732768
537.585503906
295.853676005
-484.11101094
457.305854395
1100.88251739
1037.94225023
252.598115472
104.898510158
341.159515076
379.104990327
-328.711875297
-759.170744205
-584.808645457
-314.654006261
-143.761432537
-485.753913843
-308.523189145
310.710002145
632.659144235
362.931344728
315.818377991
457.27485713
536.332582553
330.817871836
-133.353773572
-279.850369222
-201.531751438
-221.924018573
-456.379788532
-500.087470963
-269.396256411
41.2373902513
92.6413796654
64.4046258163
242.583525519
5699.6876357
-152.331245838
-3223.38889987
3327.99064594
2788.97446171
-2494.57286732
-1426.34540634
454.175073536
-755.901709036
467.531568668
-1413.51172325
-1321.78685044
933.954597372
1724.33322864
369.95205016
-404.632409111
995.86470075
2019.70917794
891.788529765
-1222.40533555
116.080349509
400.606574538
-379.223025389
-792.998721662
-1064.67299076
-554.215864183
401.796809263
290.108767152
-675.781157418
450.756345397
1146.2587372
907.455203931
198.809427235
176.913716423
548.705265354
311.887798791
-233.726047324
-719.047674909
-381.353846171
-329.234950433
-211.587083297
-515.561222822
-326.815262992
288.792254227
464.307363125
272.935396245
209.820162983
597.02507186
457.012903769
289.436088324
-54.4705704941
-97.542050707
-118.807131584
-223.532819109
-382.144059797
-448.889940023
-171.957831741
-88.4375686974
12.579115864
-9.87136773136
233.722679162
5444.12708901
-449.842284085
-2844.20040518
3172.69997413
2551.80113947
-2017.5775232
-1494.93144942
496.339490527
-561.048744739
750.296227278
-1566.66326461
-1400.49684323
919.975073311
1780.04869385
175.5477147
-664.662889843
1076.273663
1965.15667366
1045.43081927
-1470.02697044
297.424897711
684.991511221
-290.474662185
-889.354379561
-856.022521264
-463.963804862
278.795884965
324.05622423
-985.960643195
470.156287035
1086.71885733
769.50391847
-4.22981771564
329.598251541
636.283790883
362.321868484
-179.090387702
-664.1777395
-96.1629721367
-358.146008715
-231.255654851
-575.360854799
-306.267734045
166.877023285
395.124966005
86.3997960145
136.598379942
692.833708564
378.441726849
299.451217934
6.32555918413
64.7188817155
-75.3697545823
-132.110515469
-388.734997935
-388.17556051
-156.015647238
-164.371120145
-49.5429546746
-100.588067803
217.143594502
4943.15054486
-346.190139636
-2287.21675882
2615.69685423
2566.52870712
-1759.44946182
-1345.49330628
370.890217859
-644.536711551
680.408156805
-1267.91112207
-1391.59446301
519.726828775
1689.36034877
181.640570872
-513.997655674
865.096396144
1770.69196313
973.71811098
-1095.77458541
288.890791668
553.052500378
-424.256403713
-736.817910862
-586.196628183
-712.100405813
39.655910636
314.564240023
-764.642877749
249.21908398
1029.24273611
598.743177217
100.075270847
513.82175364
558.516023247
221.144733378
-109.318568421
-378.701437334
-211.375611453
-401.068788174
-339.782242231
-415.408639418
-349.582072388
41.44813287
303.840414643
71.3310591717
191.511110803
644.305385177
392.14183207
207.286117824
216.22207848
99.3871538059
-92.6902160339
-136.180787996
-298.620887001
-382.590858182
-226.281597571
-178.569189481
-155.361028483
-79.0150284688
135.018249951
4830.68284631
-453.935734949
-1857.3793728
2444.81674937
2643.87881378
-1716.69190275
-1205.33182914
586.854019386
-736.65487776
398.792811775
-1196.72893027
-1286.35329672
259.241870598
1540.10384517
65.4913701707
-589.913076971
1009.06594442
1729.84601917
827.046404681
-837.255738233
435.360179961
542.688560425
-289.189086448
-674.074315932
-704.308539597
-604.404732165
13.2477282533
106.164384673
-794.219805574
169.978052457
940.875015101
603.912167473
105.959160123
457.482344551
669.176971366
337.842053084
-7.86861537668
-335.720695954
-227.331067311
-271.552468965
-297.986195511
-547.10221564
-418.022318996
46.5408030189
184.594671823
36.5773205853
164.944141493
529.027945892
448.258441762
313.058461192
187.609004382
112.652704761
34.8176119895
-83.488327183
-284.765235273
-372.555648058
-240.878886242
-188.402204267
-190.897215771
-130.949543284
74.9630670901
5076.00226728
-938.901509998
-1784.84853027
2845.17459794
2547.85581871
-1823.83865788
-1075.00555056
955.037175072
-968.066833612
365.874322525
-1177.66665089
-1273.53054733
136.038198406
1751.00379236
-209.597071081
-705.886832397
1357.65836305
1671.69582278
696.432739565
-706.296723882
619.438142023
413.085347101
49.9106861229
-826.174831978
-760.087101335
-504.581581853
102.197706436
-61.6339758784
-953.283731818
231.993357193
931.364716242
710.622834456
-136.484471205
613.678290764
747.982466635
505.341578788
-22.3190796226
-358.001312475
-168.503594028
-137.188917708
-262.241199062
-863.533205711
-356.312339018
39.7078934456
198.260014854
-176.499354221
133.055728359
578.252432048
573.829285392
334.898801848
93.1811276365
272.004959713
149.598135055
24.2088511715
-435.71621374
-368.598636736
-207.95704373
-159.877885047
-352.293504271
-275.926525951
104.923036869
4896.06501404
-931.466798778
-1677.40656219
3077.43247645
2140.93570864
-1481.78312993
-863.636770345
921.337902977
-876.165175927
538.850786308
-1253.08591276
-1384.33833749
408.795616237
1493.48059651
-457.758294085
-622.1194465
1523.81443299
1372.04727963
734.533680418
-556.759932019
619.71775815
593.303985282
91.8087370301
-841.484285882
-752.406582804
-168.203984398
-117.912806848
-231.929185671
-933.706249747
327.297669471
772.19731729
453.37076608
-51.5522484515
600.893902369
857.370816432
344.551034301
91.4598151684
-291.026539353
69.3267398223
-142.190221256
-389.768954011
-724.107087354
-274.982960413
21.9438034536
-139.302584618
-95.4305649573
85.1590764219
563.296569869
381.361013
307.21406896
207.840268845
351.734537215
219.711857379
-71.7583895557
-199.290570936
-269.359001243
-119.533475844
-317.808666236
-305.558785077
-229.014492094
30.5991280449
4448.01497256
-1009.21618468
-1656.46448641
3051.34598795
1726.84969775
-1339.87722879
-580.087860362
912.017591942
-835.525102466
641.341633956
-1105.99234376
-1345.24164433
525.952470824
1137.71058964
-519.426169491
-532.913023286
1352.80083786
1013.57266598
682.410417628
-449.472576884
590.332829223
562.473604739
27.9073520127
-581.285031875
-556.986918506
-181.568810141
-181.126147765
-124.030360387
-875.792047114
227.233631339
572.54382464
269.517382051
-24.061769047
555.372901101
646.927721376
270.811597108
226.884108613
-179.161067609
64.8399126001
-109.203204687
-255.152523444
-569.912254277
-247.588219877
-72.7687577257
-126.326324176
-92.8363457136
37.3529664898
397.853646223
275.42092768
290.442346108
212.920354992
290.365816845
154.769124559
44.0836983175
-123.473577301
-211.418840817
-125.071548175
-235.77705631
-249.668318555
-206.43275912
-17.4005501814
4313.32048659
-1197.62018967
-1704.37382808
2948.84484827
1656.82227282
-1391.96230666
-473.927427011
790.358364469
-917.71444316
775.591459638
-987.219203301
-1464.52818246
459.980007819
1256.76315302
-564.164561174
-547.948017626
1171.13876182
1027.15392213
583.671489176
-380.644457458
584.597177896
442.368363839
61.9469889316
-444.518713225
-524.567589953
-385.378160328
-29.8779624817
-140.684160644
-919.677970266
164.8984609
569.171181175
205.296758098
1.53116504912
598.520076651
533.518858517
364.777060875
285.136015824
-122.783046864
8.04150566937
-17.4057517506
-222.383559012
-593.627783699
-292.092352446
-111.462006801
-143.952604364
-182.527270473
21.1995655233
316.50138992
289.109678143
314.057770292
242.435782415
290.244350781
242.32755833
138.274172102
-119.024385653
-184.056886027
-113.108595233
-226.883399605
-306.893261429
-263.376980182
-101.290671381
4066.67152151
-1088.31143142
-1651.0602057
2643.77831195
1847.87247979
-1233.52241669
-583.547950157
870.184529646
-577.797546058
609.458162149
-1054.13547215
-1161.40396932
334.627592229
1051.47959991
-490.859736011
-643.17106352
1006.22959635
1108.67258277
596.456186151
-544.869633787
653.718394181
686.480433545
93.6549420702
-568.419481397
-370.715954785
-118.780398811
-155.200879202
-213.829212753
-822.748534851
137.268619448
460.118180742
242.648229726
-166.178934278
501.8419658
725.034470078
324.329226807
106.237948161
-31.1108818603
262.892386831
-100.569355931
-272.457984571
-514.682759714
-172.975831728
-144.422309668
-207.791645815
-205.643897609
-7.81904244278
374.356070174
218.353025274
206.786097914
204.487301902
455.18861519
193.852693772
23.7667266404
-53.6782836465
-53.5011894458
-104.4108696
-293.699575368
-262.758377361
-240.566968587
-36.8967624689
3822.86347171
-858.959672572
-1717.82248357
2540.43898527
2035.27504383
-1180.90543793
-922.689069857
1106.12377897
-307.782213915
250.175998495
-993.049499962
-981.132049614
305.576222569
997.142557909
-497.891513837
-620.624065079
1014.74141721
1161.88105242
564.829755991
-626.883125088
665.488061564
872.011676946
89.9734080498
-811.201525662
-177.809127597
56.8799943776
-290.429677974
-304.887051251
-678.787402537
87.6712210939
436.687189187
249.173230839
-295.698376498
536.860399797
782.329139204
292.981782893
-15.6276049173
93.6852593163
293.326282148
-82.8011228841
-293.761552353
-486.536897218
-109.101817908
-144.982600488
-227.300422381
-261.440684316
46.6535934294
300.63423674
211.267540575
152.080855656
212.828538786
432.12923286
209.206479925
28.4063077455
-54.9570136829
10.4589528593
-116.051083514
-244.614791322
-267.376896364
-195.843773704
-74.4096158644
3633.24953726
-775.606687603
-1802.4822953
2386.58466398
2026.20525765
-1243.26635335
-1048.51586248
1173.51499583
-190.438761443
80.9149098994
-784.78940849
-1038.01320145
292.072569367
1180.57390108
-743.838691962
-528.973043343
1051.25088913
1072.47949351
380.670379965
-491.468169054
582.490878815
783.096439433
203.008780941
-995.570882406
-129.45799571
196.795485167
-385.448014608
-504.277243356
-446.113845715
45.0179130615
353.488969491
238.000109216
-353.126505812
589.798634067
811.972112781
234.019011632
-152.323394355
306.526378123
296.448173047
-132.869180957
-317.999674224
-460.154526062
-37.8938188209
-175.63457766
-335.768663072
-344.624775314
162.846047813
222.607635171
129.861177294
110.188602445
271.694193584
489.827022531
216.773774685
9.37281230318
-5.04562772119
175.567808935
-135.771506495
-272.038443192
-271.523865624
-146.421783723
-114.217099841
3560.06352245
-1016.39840624
-1765.71071341
2465.04837162
1815.85199295
-1306.06691348
-1013.7202066
1404.24185118
-115.168235718
-69.0290207654
-804.952681112
-720.100045633
356.116387846
925.857467747
-845.826664769
-474.233981334
1062.54499481
925.109448925
111.380446007
-563.803082606
809.459105768
701.366595526
16.7224214015
-887.482720257
100.326181441
255.848666714
-341.445020661
-508.925873246
-372.372659619
249.500542727
230.244899536
31.2658464038
-302.412718651
634.924332095
599.610234277
114.934366623
-157.344589641
308.964334051
317.885809215
-173.218545299
-319.750924109
-286.622980859
75.2865972977
-210.122488042
-269.595805198
-231.639792485
203.20450493
183.442310218
60.5053533876
75.2431639783
285.179703659
384.977587356
72.9041053792
1.57060539424
16.3300513785
117.696026323
-159.365711486
-229.27481535
-202.805075081
-68.974332668
-91.6664075452
3600.78458991
-1171.85895504
-1465.15155432
2481.46256743
1762.33425097
-1451.3723276
-934.368981718
1551.16206562
-332.78560517
-213.704977434
-930.640449549
-463.772339917
245.869549006
806.143468
-759.923185731
-482.229937565
1250.94394124
953.423757966
37.4623287608
-529.432511785
1064.62755337
643.830003114
-87.6223559411
-757.229484181
38.4133243649
196.629240372
-330.507450187
-531.771366809
-568.333808175
345.675790806
246.327613912
-37.433406841
-279.373188079
666.544186474
708.115403849
133.275723407
-39.8772468635
255.8081017
433.560696753
-108.245616055
-299.547746842
-361.581180342
16.4312132685
-135.274104141
-355.730253191
-325.242506991
73.9559777646
271.433281522
17.4928822039
52.9505110859
259.843881788
453.278698708
191.99210381
38.5655678822
46.9646655018
121.125334163
-2.77682333159
-237.390142949
-249.567290759
-139.153626894
-62.2960447629
3618.77795389
-1261.9718792
-1631.23310642
2490.89644529
2236.25969124
-1813.86446148
-838.4225755
1727.49952721
-199.93092058
-89.9932662986
-934.406347609
-501.638270419
371.49696191
949.077751152
-828.186158418
-732.706870184
1298.98314302
1116.82860834
-100.193094389
-606.968639385
1069.57747101
816.640599852
-182.359123499
-595.183126066
35.883394618
156.257059931
-154.42315591
-418.398655614
-680.989542006
245.461165738
447.184926961
-149.399858959
-348.057082269
608.890231026
716.418098284
83.6152695043
-1.02658411663
271.121490546
368.78410607
-2.81985501885
-239.292329472
-315.609814795
-54.8478682465
-62.4309569415
-318.181851082
-365.42275391
14.3031548731
239.435357428
6.27685654299
-18.0008059875
256.560888678
396.092433532
187.419805503
76.5609298562
92.5591085048
121.131452547
29.0313438221
-148.115477172
-230.2096558
-132.669175953
-67.5722381845
3721.90402281
-1318.22032891
-1845.18600566
2576.0495127
2197.70480632
-1895.93330329
-778.872864255
1658.81783094
-246.666606955
147.925445536
-950.851153594
-585.734409576
447.259055152
1082.45509542
-933.71123196
-706.611268849
1299.35961538
999.251036594
-125.610331445
-647.014365588
1101.62482637
574.136274913
-76.3661206635
-566.58691807
105.870177178
67.9100141565
-75.5554465027
-326.110743652
-697.403641348
385.665115155
251.339731043
-94.3711725965
-376.412499688
711.849022701
403.663037157
68.4402994374
79.2154349306
210.751085157
294.002054549
-91.6766505537
-40.9257103964
-371.525667424
102.553393091
-182.985357786
-179.863990448
-291.994473829
91.0807888678
129.912650336
-61.8874772776
143.401768842
138.017578281
337.139477948
26.4279360697
216.805819909
-14.3393127562
116.87548608
-37.1945431949
-95.7528577692
-136.914481001
-132.341314231
-25.1304068308
3943.65744022
-1744.58896805
-1573.40626846
2952.84100014
1380.50615627
-1720.57595777
-594.201828466
1605.6011789
-816.152617812
512.978139304
-1053.71304815
-727.187660988
565.402760668
1004.92118044
-1111.46402423
-511.758809093
1627.93814442
470.938034204
-65.7885092041
-454.387965151
1377.37588057
79.7831669091
-41.81134385
-450.572768567
165.565335676
-48.3745758159
-339.075698861
-239.254613322
-748.884328642
604.325687988
-146.48356013
-96.7803463193
-260.108888894
967.084771893
137.167148731
-27.4350020264
366.679388077
282.759370453
302.216215173
-278.466273506
154.204830907
-395.674567456
209.542464764
-431.15468797
-225.594349236
-246.165073277
93.4640815667
-4.66759091032
-232.349021498
304.057795298
124.243959071
385.246962525
-88.5362989379
389.742276617
67.504689324
192.79959278
-55.7690651737
-79.5136026754
-34.8363680649
-171.21142694
-52.7601352299
3879.49383409
-2006.28569132
-1420.02336296
2944.5850605
1176.3830963
-1852.53627028
-333.87668659
1771.64025766
-957.565520258
450.158321228
-813.445169073
-423.413546348
415.278541857
865.391099459
-981.537351705
-363.213143836
1394.50569053
401.207061275
-166.806848256
-372.224655728
1287.26685282
75.2794652396
-162.881615528
-327.321416281
403.860018232
-166.617154513
-252.337274253
-118.928824353
-454.548171188
342.150498484
-15.8423916445
-71.2771853582
-251.453195731
791.947172223
104.717995235
-22.435460334
204.11139071
389.705540429
101.881456605
-163.246380134
113.465813517
-174.480036397
51.2028907154
-279.519536255
-77.8510976301
-219.45810495
103.152035143
-45.6750374794
-62.8666863534
104.745766519
200.106789575
188.906165118
-22.2957518539
250.599075204
87.6352696722
105.893404992
-78.9780207325
45.1075304112
-91.2290388953
-63.9060905892
-96.805949745
4184.08544466
-2162.17264659
-1231.69839742
2828.39921153
1534.21137228
-2104.12562193
-336.956086507
1918.82778219
-1063.0910974
400.194891183
-927.657343328
-267.805118379
223.232285233
1014.01637278
-1161.47009916
-184.428282443
1398.87910168
461.172096294
-221.986806212
-229.593138937
1378.93242683
22.6724959119
-34.5863962436
-418.905502087
573.251370836
-264.364051808
-221.979521451
-262.365340258
-331.986026699
259.883860323
-100.178706639
-93.9298793059
-236.69346723
862.4908002
-18.8470313226
69.116523043
212.120838447
524.03983594
31.9746922485
-57.6623111985
117.44979909
-124.905234542
75.2156034018
-342.39397604
-88.6369922065
-242.989203634
117.278460424
-207.014403549
-35.0575106453
76.8884391965
195.332391145
132.137920012
23.7216335203
282.404670591
111.526088893
156.525722179
-66.56688101
109.587325012
-81.2634594724
-29.178302887
-140.623374843
3843.80459341
-1891.57711115
-1314.61810953
2807.88732244
1224.52458792
-1939.99732244
-268.130135876
1664.92676025
-790.911547008
252.211283685
-642.388768211
-540.83105825
547.212751712
860.878560657
-1303.77530049
43.068616509
1306.26393938
364.386411155
-388.88662494
94.9594626459
1094.27177899
110.298256567
-124.323122859
-294.954820139
508.532881437
-141.324446771
-324.738598361
-312.78872408
-115.20848745
110.236874286
-103.037657195
-290.4572597
21.9082108275
634.408499924
-28.9793919578
-48.2938064346
349.060000958
504.925553523
-40.0928771385
25.1269686452
107.276491123
56.2926603152
-34.0729554204
-250.969995058
-178.761234863
-65.6530839103
-29.9231319311
-274.374549152
-83.0253319165
88.8530778381
115.632580173
-15.4924563534
88.6108998772
229.727313849
195.425356452
77.2293343462
51.5035124749
133.593953651
46.3270031874
-41.5266751594
-114.291220483
3826.59979723
-1895.36435584
-1258.15657652
2835.54562026
961.083712475
-1889.73710072
-166.984534404
1538.5187754
-811.069913734
169.488718766
-609.537338051
-495.211985496
629.227909257
681.593806384
-1333.73367974
195.169675899
1432.03910916
31.069911516
-409.052123935
306.364724734
1087.9315299
-225.321309981
-19.4988007322
-169.094348258
368.740472304
-95.6471573064
-369.139283755
-287.83141876
-76.041387302
273.406193485
-429.335367379
-108.407796938
145.596463361
541.123380595
-224.440902594
113.2917826
400.668764509
292.469640054
10.2751904297
-50.335476134
237.825803134
-88.0716114222
45.9074790275
-353.947618591
-0.892777680344
-92.258079189
-53.8624194877
-245.869179643
-17.1509309876
182.661155548
-51.1254847335
87.0394559111
45.0786838845
312.338551274
-5.99180511704
138.804716937
9.59488476369
129.379855322
-12.8785241501
-80.2380956598
-40.1318062627
3815.01052029
-2090.18133293
-920.586437801
2926.78524984
589.706335987
-1529.97829677
-153.725927313
1674.16191926
-1187.95907508
386.84758735
-702.143005284
-370.861368814
460.337303708
485.050650567
-1217.0872257
242.968770044
1434.83942233
-325.272838562
-148.901041308
390.568138772
1193.655557
-550.824020111
317.580408084
-81.8647799528
366.476435177
-184.84166998
-311.66384325
-186.732575004
-170.31490713
265.554441087
-660.48894808
88.9736765748
30.5981190458
461.022322434
-369.616255583
337.410906577
349.733651666
255.242260117
74.0139180378
80.4535077901
320.810157588
-112.82340921
139.408387791
-361.491366947
117.724126506
-222.848566669
-58.9399923668
-319.984128069
25.687714395
17.6787013607
-103.052448606
79.227710686
49.2964030684
280.543191215
-12.1746111276
253.340707259
31.2284420544
230.852982528
-15.1455548169
44.7519525814
-40.4134185246
3627.72057178
-2130.59815039
-508.035694308
2669.0959906
489.128566713
-1488.15964214
29.7793464471
1549.30073865
-1149.34746477
425.536963768
-652.104769245
-157.847700356
318.210011562
509.692497993
-1144.30639003
477.993614652
1080.65025145
-237.153333106
-29.4077288133
484.638242797
896.259415623
-496.717597905
498.320235559
-129.212850134
365.404879691
-262.993106738
-63.9338897885
-213.013811958
-39.2867341692
63.8363917735
-449.497071468
139.797930047
-12.3934440331
313.2742701
-297.450767896
432.588990645
149.126638048
269.090902619
15.1341628888
220.95494781
190.595808684
-35.565345837
116.577484533
-208.081010345
135.514856781
-231.065619832
11.6282464695
-269.906685216
85.6469130585
-100.704816264
-35.8139489098
26.9028646556
60.6300467564
159.194781873
-14.3909355367
228.988370026
14.4548666577
212.106184928
-34.8477737418
119.32168869
-32.062321735
3718.38214298
-2287.35158006
-305.152309002
2790.77280492
418.150861737
-1503.08594524
190.463787367
1625.95163514
-1379.81837764
528.08518941
-747.918445445
-95.5581449788
278.724082874
321.712701683
-1140.71782866
613.391890252
1104.34429662
-559.939093171
248.0758577
572.576571838
844.931169682
-513.646733193
657.864464681
-117.365433716
375.966613938
-194.082960853
-240.473605492
-70.1805859416
-92.1649409927
-7.22653199892
-626.096129426
330.563836587
-143.408398646
214.994524207
-233.614055431
432.345232643
194.298843942
197.204759383
163.422953814
137.855850658
350.894093096
-118.775561182
151.134922555
-202.874958261
159.817883276
-272.349855133
-69.3639540369
-182.69091174
-21.4215183616
-63.7871097706
-132.37125804
113.224227945
-7.21248702551
192.858588102
-29.0441812474
239.980775481
55.8500369763
169.353271869
19.1280697034
62.394227456
42.7778650275
3609.25471153
-2365.67623577
-215.880016464
2668.87604606
416.614063129
-1628.07659609
236.605641687
1726.42820595
-1422.95201301
376.784856839
-725.132691948
90.567733028
338.086840741
-53.2688946143
-950.795386777
693.471349853
979.009806808
-649.941362519
151.872369738
668.268194481
707.604785377
-365.930771766
303.09172378
41.3945892667
516.165448637
-301.178905375
-361.910425133
40.9127710285
88.3017154476
-217.193817844
-542.621912405
223.014183497
-2.15413895092
100.12820514
-279.11386351
301.563126984
314.641261532
182.759586173
-39.2528775585
214.526608282
370.333675133
-15.7171167596
-35.1203046031
-70.5965318564
171.148587593
-178.765605687
-172.316005002
-203.190865822
61.7646072393
-108.759243744
-178.305774212
-29.1662591812
104.05869696
108.255242535
-51.7020686193
141.09483751
150.834682915
192.146477643
-11.8545948273
84.9056597877
90.9890706134
3433.90268181
-2259.69274295
-94.9329682168
2318.14726377
572.873430386
-1597.49154918
156.77592772
1529.79439902
-1154.67262231
202.82238701
-759.755601578
158.993848915
262.396026955
-6.78375702645
-1014.39568112
728.650583603
896.231567087
-494.575062321
-48.1125064794
780.645511255
677.191326986
-391.617012848
303.640654552
113.71017026
449.637494805
-320.009390035
-220.140045489
-95.8001253693
170.767033181
-263.918517239
-507.032062188
154.91734534
94.6791468156
-44.5536960349
-262.848287651
371.10090668
215.614582403
133.24710969
-5.78864583113
282.137001094
249.869918842
48.2033456528
-41.7803041465
10.8458820975
138.3366614
-157.427572292
-166.372395897
-114.097731385
49.0998799315
-175.898392765
-128.203215261
-9.1688654492
79.8698293077
-1.25883956271
-3.51898962405
121.401836631
133.590752706
104.385014034
20.6032040928
108.360598326
87.0209796142
3327.37074644
-2126.64642941
-10.4680710013
2268.91671368
850.916479092
-1767.26548998
489.794824619
1419.51313683
-1029.29893971
114.180270232
-640.164147934
137.722024525
85.7905386519
82.1942359857
-1234.65187181
846.030870628
799.037787101
-609.679322797
-153.061068008
1135.6603475
579.57228911
-527.352486248
536.859723419
409.259471355
376.65442867
-346.956351804
17.2217355962
-39.1674967633
244.890054794
-438.76358428
-501.401781617
205.874381331
103.222038983
-377.234115007
-320.882946078
546.336545125
102.583850865
-62.2264391887
50.3585809613
521.301923814
219.206401744
43.0048926
59.7978110438
247.831179635
210.864597974
-199.429729021
-131.770527052
38.1701315991
57.7635562049
-371.204378885
-169.58013226
39.0310064732
2.62251337836
-213.76164083
-36.5596374095
176.086963835
101.289545107
19.7646523274
55.6427521706
249.015924911
146.300418697
3278.93185841
-2163.72638843
340.013764117
2244.54026476
641.735608264
-1743.91503666
732.834627699
1420.09342467
-1225.04996052
101.059775067
-708.197050039
465.418845794
-330.77874943
-139.689141915
-964.824478641
998.294909366
351.163102507
-685.638546551
316.362035252
936.752078617
545.255302832
-586.585249786
856.938358321
385.4148998
423.62676257
-515.712003253
294.080509654
154.849459222
-77.1575345851
-467.170573083
-314.223637222
322.360295644
-402.15324889
-229.374170525
-281.264898089
553.030517441
-217.52449646
7.71967093159
152.188389286
509.719010622
150.185527111
-30.6626882138
389.053827559
205.937701565
221.24611439
-283.159596351
232.554379472
-48.4027448494
-23.0587963384
-365.25859351
-20.5068882781
-16.3041497534
-213.578897152
-145.716165173
-79.9231753702
206.884303083
-146.786650858
111.776804336
49.86768882
309.787150975
12.5312286438
3605.79908513
-2347.52442615
598.532788316
2442.72284172
451.254964249
-1567.34812627
912.639257418
1539.10883518
-1580.42942839
455.863184123
-958.145545747
602.717204639
-572.894592713
-163.542589787
-1060.00776303
1035.7522934
258.052991284
-951.575574725
643.059562848
735.95029496
677.688400545
-769.209430657
1226.88966592
230.969527605
556.545350934
-519.239000059
363.994467993
241.722081214
-204.341048795
-346.428953966
-503.405619576
524.535917905
-683.565100981
-142.916443413
-433.671738233
645.911731202
-358.341142142
-31.4588314175
227.979084026
432.511695826
241.417727206
-165.48867613
579.646064142
91.1994706757
357.810649214
-383.037542041
329.542132228
-55.7944286083
-36.6305738724
-354.659629686
-79.8099719532
80.5780598439
-344.980382926
-69.3171892717
-174.434297453
286.991262318
-239.895620614
131.618619725
36.1960796646
289.794959465
29.2667831185
3168.95065106
-1912.12149406
496.56083167
2378.43774984
203.13974777
-1133.17474144
703.853526523
1451.45753403
-1567.4191005
524.584870731
-770.74571844
327.949973692
-409.652707893
-251.918944289
-818.836724029
708.043198309
352.960785371
-1008.52377023
711.439321207
571.333591786
564.51447207
-647.047599621
1103.13161977
230.246763202
393.94280751
-290.863471289
202.346391064
384.625856093
-320.900534067
-225.999400255
-477.199977429
526.434211611
-729.831320729
-158.343976376
-300.332214174
423.433447729
-302.032845678
-145.346132544
304.755323453
246.752935813
288.524658539
-248.983279472
622.354651109
101.495192976
292.78422145
-306.563814513
336.639788272
43.957315154
-166.853842998
-212.704067735
-123.877908856
129.330586306
-461.088202423
-47.5474602179
-202.255870802
231.387138362
-295.318233131
39.0136265467
102.881537474
197.319596669
46.7335004779
2885.0178432
-1610.94610961
475.651893732
2292.66792921
138.189669418
-805.447184823
641.701077244
1515.71750602
-1578.09075545
572.149043247
-602.199014092
139.437546464
-334.458459516
-358.103351456
-600.149603302
439.08130716
382.045097117
-1061.10876482
882.395792321
404.329162621
426.085099511
-377.88983229
1100.97396472
176.085506658
287.681182052
106.569815427
18.9340940093
447.436091307
-362.786628038
-37.1510543497
-498.342694078
457.333339344
-711.937112532
-137.108644229
-123.997512128
90.8912528759
-153.323175839
-126.601152447
396.433065085
-29.7572706127
423.752403724
-142.157597666
524.438654594
71.5867410476
250.807852495
-79.5162169952
174.761284641
99.1664448936
-240.294898938
25.7756084255
-226.37233863
74.9077141473
-369.864399991
41.0157762471
-193.801908485
68.8553646491
-100.22784858
1.37509827532
132.379783205
30.5324964072
168.00519231
2811.75707131
-1799.76391176
583.534239908
2103.88155508
264.921900219
-890.656886077
664.490312657
1544.09521968
-1481.02324915
481.673715039
-469.173927238
262.149546521
-435.944224343
-241.493448596
-568.627025618
474.448110064
217.353119009
-864.710987042
672.120526628
471.249526237
332.25537166
-391.287784694
1076.38694467
140.381277376
340.672149224
-39.7844134046
287.223600037
253.537740419
-158.230928553
-109.373497811
-301.382017848
369.106051553
-609.301662906
-97.6535096703
-196.724875102
239.815356244
-348.11905063
11.4984936506
193.73640123
148.043456906
158.550854662
-16.4867108765
439.134561239
92.8543092138
251.02065424
-117.579866734
327.587543119
-11.4754541171
-25.980026248
-137.21987388
22.7950072269
-38.3098378664
-244.842095222
-43.5547089856
-113.060061093
62.9143693879
-201.912985238
77.1101526864
4.56367407479
141.153101463
-26.3789035163
2489.55548496
-1568.37330555
741.947313137
1473.91954618
474.59106039
-779.429363187
632.911870355
1220.78118301
-1137.81704353
412.805474591
-469.93463781
390.170754265
-589.304021636
-65.0820801641
-582.526109854
530.200556898
-95.3046527824
-497.127196388
447.482707071
432.980420216
201.291540282
-252.656576717
919.567745794
46.7961461193
414.15459415
-179.570053083
444.489040745
39.4413312828
3.99582856891
-264.093160845
-53.9507682041
158.817784256
-515.188748942
-55.3447251505
-154.58161151
194.38740694
-411.363534288
196.055280395
23.7919055995
235.901606669
4.45106337844
144.337854576
280.984892985
139.815042475
146.741745855
-57.1030822002
331.018418001
-110.423049658
27.8928724893
-147.333268846
116.647777614
-202.499095068
-105.414469167
-82.7448846316
-57.265433792
-32.2853048511
-139.943061203
84.83708024
-20.0147379488
133.363899208
-71.7674996291
2498.42299516
-1563.91993584
781.019762347
1330.82165379
535.304245031
-821.581462999
704.818493133
1031.65210889
-951.549557252
390.018870412
-557.827362221
441.732182839
-570.021905972
-95.2658222576
-699.475611392
692.185368464
-218.328538361
-624.113724157
597.95096213
369.497782861
30.9903811059
-208.832136453
1055.30573485
-116.178323899
351.161155341
6.22928406404
368.712266266
74.4234728406
-45.0681709905
-161.441934852
-59.3499598667
226.936955686
-654.624431675
11.4799011176
-12.3215782527
-22.1957118379
-433.117274554
248.417889961
101.339212512
-81.5590031222
141.221465335
127.030961629
261.063802035
22.8445029163
181.295513927
14.1906764426
270.952041368
-85.3137453314
-68.9126086476
88.4928751295
-15.0667130595
-184.270486093
-111.749317965
90.8590084171
-185.803880377
-62.9912273224
-18.1078744048
42.1826662419
-31.7907719681
28.9434255488
59.4224134201
2147.2211585
-1269.31247378
548.123803408
1367.17382077
400.045882885
-714.248299158
584.856411771
955.795399703
-754.548692541
214.861932305
-393.033960475
387.963093311
-441.024389695
-223.672031665
-479.720688771
601.860128846
-143.713607522
-692.678909233
682.164824621
367.122920062
-81.8262602535
-183.722453311
995.535004927
-41.0658980287
114.032577343
126.642344087
313.742720436
107.365070993
-147.68222031
-80.5057981713
-15.7051400126
194.498040543
-602.04414062
-15.0081116931
96.0313551291
-74.8481737649
-407.480384364
196.959137832
167.929905235
-131.179685974
76.7830049578
144.002106724
260.666973838
2.03194655143
124.869511221
65.9990745937
269.747520677
-74.8864645114
-69.8167582115
104.841444357
36.5161571429
-187.16096241
-124.22781644
82.7225922621
-140.125484158
-108.820435239
-76.7336243009
56.3725088697
-49.3641150048
-14.2283760881
4.94471329442
1882.03105113
-1023.60907793
576.933241824
1100.89745269
580.872013946
-726.228055742
772.88868585
642.684342434
-449.405172639
137.849112619
-224.565821701
238.177073849
-354.09492689
-146.288862141
-562.796766017
624.362697872
-348.794090101
-365.422132441
335.992577698
493.87223979
-253.086354318
84.3549462128
701.063187535
58.7776562352
156.517766052
121.288953903
354.077156187
9.54143172598
70.1865726485
-220.862685346
182.339578565
-42.5582258588
-322.182895432
-127.795905642
147.41722569
-165.440116512
-266.303122629
174.592978286
69.3436922523
-21.1369875217
5.14489989143
230.683846741
107.152281359
123.977784479
20.7342808159
164.683943797
134.824024943
-22.0506565976
-62.5964188887
91.1310357585
3.21083331113
-177.962269006
-42.2964404333
6.9293911842
-69.0572522511
-128.460969342
14.3765308243
8.6023929101
9.70296664022
-24.9510717052
56.91191034
1839.22843716
-1085.41909502
822.065326162
849.663827496
756.366037829
-960.365804486
1184.95301836
212.092418636
-336.6944071
152.885980108
-186.766234693
66.7057827409
-332.879353108
4.75237688484
-780.249839295
763.7397657
-459.962247361
-231.026848458
169.194117207
651.756181333
-334.147422063
134.211195336
704.530329139
47.5165940633
210.552684441
87.0082727042
404.241091014
-78.0514011483
213.351393114
-320.030153585
151.143810404
-5.69233402036
-287.372267822
-252.097122048
110.31314665
-31.6974538304
-390.778910167
145.779771165
77.906294123
51.5016920096
-79.4350082737
262.376561041
122.182501182
162.030618321
63.1964691676
101.915034028
195.307310462
38.4457793369
-49.7420838094
-22.6759709139
126.814378766
-162.742114215
-120.746056747
-27.400185435
3.69735858087
-153.926730232
-62.5848155093
32.0095158042
4.49998970351
-2.54922593064
3.31228637657
1706.01513408
-1079.06686876
1020.15007858
565.762555275
824.61226972
-736.326006823
1141.83559108
31.8921443472
-197.436666569
229.562860881
-270.28031955
47.3423485155
-414.211097991
189.455811782
-849.244095499
629.341134459
-446.352707797
-28.0703558652
-10.8167550931
597.351464619
-230.647862237
172.633345093
647.877231459
-5.08093510136
257.435973194
134.246686692
403.902813161
-272.269184535
331.204676078
-270.770563158
39.5175372056
-151.089967652
-120.453855033
-271.971202595
1.43655746717
-49.6532958327
-312.333985474
181.794026624
4.47823523214
54.1540707257
-22.9148300059
372.234259749
-10.9576000424
174.83182589
155.56013437
141.105461452
45.5583761358
63.3623150192
24.6175752882
-73.1115562002
37.0371642343
-182.058088793
-57.463449402
-89.1471386183
-65.8276288294
-181.110643159
28.4765665081
-23.0511421266
-59.0350633319
39.1748408221
85.6924464443
1515.0671848
-995.709452332
1080.72515027
532.184634518
799.580917869
-703.149599891
1191.06639325
42.8628924507
-176.560816578
147.028720636
-110.066575657
16.4994462742
-466.707133986
147.674452525
-683.94222603
505.933586964
-511.885209762
15.4516777798
74.2686749505
452.790908295
-231.795341518
258.75428532
636.947151982
-47.5762596275
275.30510441
204.772432177
380.220586791
-219.641795
272.448077673
-173.829200616
43.8432639199
-154.359110892
-186.552960123
-138.977059997
-50.5745411432
-118.091292423
-260.433749573
220.12972934
-69.5521731319
30.9777915867
65.5219336115
290.640569385
8.31438288784
164.127726246
179.194089921
92.1940472764
96.4038430657
11.9095297824
42.9938148673
-53.7710495726
5.81418693023
-177.529160369
-16.0714132986
-83.3423577925
-102.21374451
-89.7327383
20.9994424965
-21.6008065397
-31.9029155634
91.018797378
41.7967276236
1122.99504233
-543.666636847
701.020227315
414.752577936
591.8360311
-604.739212749
810.998776681
21.2107372771
-216.387105834
21.8906967138
-5.53057259353
-112.178125368
-339.733417361
136.49173308
-475.425851818
313.784728586
-256.256976642
75.2055164193
69.3674108072
385.032621186
-84.2428873904
212.177206219
454.722416364
-29.4648705194
196.160885689
124.221424152
215.625167103
-220.27327444
176.397248136
-175.782308104
-52.582173789
-129.802893492
-111.356169863
-130.23907882
-57.3826923301
-9.78157282818
-144.025669
164.23694215
-5.73403730368
103.385910094
63.9486185196
224.028078194
33.9167448826
130.368975976
117.551563767
36.5971987651
42.3594813368
-13.346794608
0.349175895482
-101.638171372
-14.5515786133
-131.867098994
-50.5324687589
-82.9466672536
-46.5139227912
-54.836490702
4.85386639961
17.9686643718
10.3175379726
78.7794869419
50.7374163281
859.906719026
-319.2415373
472.354284556
334.307406984
476.346743901
-480.149768457
565.111086927
74.6087526054
-195.545388893
-33.2568088843
44.5663219822
-142.468831722
-273.108241665
123.001532399
-346.833361416
119.481329402
-65.2161064459
41.9755786866
-32.0322222578
324.558707347
48.527072809
57.6253790937
311.298731925
142.376841357
79.7062147692
63.9670570743
208.896253735
-94.4120564627
16.6798841209
-50.4708953338
-52.6200180684
-123.546942385
-77.5109755488
-93.0228495293
-94.9328804845
-2.97455725219
-67.4097935881
15.6296290585
44.9583067075
89.8994324767
28.2046064382
116.481096171
125.859091903
67.4448880801
69.8464508338
79.9104034721
54.9515215412
-20.0723579194
8.53739626858
-26.0057435791
-47.6694622006
-67.1585334571
-56.9742524625
-56.9231464265
-56.1907935188
-34.311245628
-35.7006693881
8.2611664514
10.2553077036
24.594549647
35.9701278325
658.8546493
-148.773323036
174.982968165
366.232791424
390.35374443
-309.686031824
343.477919692
206.212857291
-160.068617606
-65.5888176195
59.2791220337
-63.8477138417
-234.069643287
24.5609777217
-197.811343054
40.1928473898
-65.6843492963
-15.4926465622
-11.9725184876
198.156391076
51.7586871868
10.7464513575
239.52737643
140.58721475
55.2532615314
33.7561208604
209.725514977
-30.5131818141
-21.4219320191
-13.8951487663
13.7280117987
-104.523494102
-89.283533701
-46.2024175753
-65.5213297861
-39.9556013377
-76.5165486782
18.2158973845
17.0914615848
41.8765962429
2.79889608855
101.032474057
87.644095829
44.9684062466
51.052623842
84.9929217678
49.0277110623
-15.338606691
17.4870665907
-0.52277574321
-27.099535783
-62.4955630444
-30.2286651763
-38.7812857286
-44.3913787703
-46.0630742215
-17.1304553942
1.391532563
-3.85880117025
8.15437399059
31.8655290684
614.867913173
-273.909040833
228.423585014
162.336808677
441.138309743
-325.554717092
313.790409171
108.597420204
-29.3301978512
-126.644429578
40.4185509758
45.3289890671
-249.555317371
24.2171307543
-144.414368821
95.8840629325
-160.564910873
89.5728766774
-54.8786471745
168.504322217
0.920169015714
92.6395061651
102.930006885
135.084777372
55.9747094956
27.188509062
123.757492818
0.222801739753
10.0854211019
-65.8731709944
45.1178595913
-96.9628184218
-37.0466182933
-84.943450172
0.909602980916
-70.5269121383
-22.6503253709
-9.12038538046
20.7480774008
22.0364618161
21.2699537647
65.688453202
42.5077793772
66.1718100891
26.6079752603
59.8973859711
19.6089013674
28.334229719
-11.8620520668
3.17486678056
-21.7671615926
-25.2244419702
-36.9607991394
-28.2942847883
-27.5259285101
-28.3984227425
-16.0970499622
-10.2163600062
5.35663583177
4.17098986814
20.2808981565
538.326288997
-302.240116953
235.35952264
171.706589814
302.514702077
-330.027639247
308.01127759
145.809964596
-140.643157448
-13.7744007913
15.8523650426
3.15223791363
-150.659863467
37.5526351885
-155.098379179
94.0680318416
-3.96987374724
-70.2441451229
23.9893581823
171.047364164
-5.18643093182
3.4196457248
136.463041865
89.688316508
15.37342779
44.2461785188
15.8386934904
35.7313713133
21.5822956738
-80.9514172406
-30.7898077619
36.8250520519
-42.0168075656
-105.365723599
32.8320354503
15.3373824609
-25.0710828631
-3.58354913671
37.888036251
39.2661393914
48.3339303627
11.6117328348
11.479614988
79.1705117929
22.3341280698
-39.3323164559
12.2658305445
37.8344420604
-37.3310828782
-42.2285959566
-4.14816346665
-7.62753410118
-17.5018837872
-24.1735748064
-14.5227284669
25.1821285726
20.3299223041
-17.4596844675
15.1285661704
53.9031614397
14.044274999
-8.06235365297
23.5953971126
25.5518181337
-1.61633523349
-12.8204756398
-8.40408063129
1.18566732669
-5.25744978875
-28.9066295247
-18.2651543989
9.92060428672
-3.36456784998
-20.6560727755
3.42348892433
20.5343576794
6.25395423966
0.447410899411
11.5592738184
18.5624640601
11.9893067766
-0.973484648429
-0.30673637322
10.463267398
2.23149509641
-14.3288878328
-8.03165558661
2.68256440609
-6.01654238143
-13.4609009376
-5.06361616055
2.65458931475
0.315093917473
-3.35453817155
0.605794793813
8.41490783502
7.45675581349
0.442186997426
2.42357755973
8.59381660794
4.54899842744
-2.41107779791
-0.667176947787
2.49480604537
-0.70759141745
-4.77442503972
-3.70854712878
-0.525276086423
-0.924125697438
-3.59737499315
-2.38417385381
1.53905988342
1.61021519713
-0.714794364221
0.452270924496
3.08195625513
2.40426904732
0.402492274253
0.682027250203
1.86416739171
1.26755991576
-0.426879457387
-0.691775342883
0.27683556306
0.0679274959994
-1.15647096965
-1.07161736027
0.0202411775626
0.117504682132
-0.50541164185
-0.302737354653
0.471109664697
0.573621500737
0.152395148952
0.189796121624
0.640336559102
0.67771576382
0.310672674411
0.168626051529
0.373103751444
0.358281120688
0.0385639416973
-0.0606125729319
0.123234545825
0.157438117359
0.0503776520212
0.0125074783404
0.109462979296
0.161933604427
0.0998545230773
0.0742065351723
0.157624023364
0.149742822196
0.142255681086
0.135142897032
0.12838575218
0.121966464571
0.115868141343
0.110074734276
0.104570997562
0.0993424476837
0.0943753252995
0.0896565590345
0.0851737310828
0.0809150445287
0.0768692923022
0.0730258276871
0.0693745363028
0.0659058094876
0.0626105190132
0.0594799930626
0.0565059934095
0.053680693739
0.050996659052
0.0484468260994
0.0460244847945
0.0437232605547
0.041537097527
0.0394602426507
0.0374872305181
0.0356128689922
0.0338322255426
0.0321406142655
0.0305335835522
0.0290069043746
0.0275565591559
0.0261787311981
0.0248697946382
0.0236263049063
0.0224449896609
0.0213227401779
0.020256603169
0.0192437730106
0.01828158436
0.017367505142
0.0164991298849
0.0156741733907
0.0148904647211
0.0141459414851
0.0134386444108
0.0127667121903
0.0121283765808
0.0115219577517
0.0109458598641
0.0103985668709
0.00987863852739
0.00938470660102
0.00891547127097
0.00846969770742
0.00804621282205
0.00764390218095
0.0072617070719
0.00689862171831
0.00655369063239
0.00622600610077
0.00591470579573
0.00561897050595
0.00533802198065
0.00507112088162
0.00481756483754
0.00457668659566
0.00434785226588
0.00413045965258
0.00392393666995
0.00372773983646
0.00354135284463
0.0033642852024
0.00319607094228
0.00303626739517
0.00288445402541
0.00274023132414
0.00260321975793
0.00247305877004
0.00234940583153
0.00223193553996
0.00212033876296
0.00201432182481
0.00191360573357
0.00181792544689
0.00172702917455
0.00164067771582
0.00155864383003
0.00148071163853
0.0014066760566
0.00133634225377
0.00126952514108
0.00120604888403
0.00114574643983
0.00108845911784
0.00103403616194
0.000982334353847
0.000933217636154
0.000886556754347
0.000842228916629
0.000800117470798
0.000760111597258
0.000722106017395
0.000686000716525
0.000651700680699
0.000619115646664
0.000588159864331
0.000558751871114
0.000530814277559
0.000504273563681
0.000479059885497
0.000455106891222
0.000432351546661
0.000410733969328
0.000390197270861
0.000370687407318
0.000352153036952
0.000334545385105
0.000317818115849
0.000301927210057
0.000286830849554
0.000272489307076
0.000258864841723
0.000245921599636
0.000233625519655
0.000221944243672
0.000210847031488
0.000200304679914
0.000190289445918
0.000180774973622
0.000171736224941
0.000163149413694
0.000154991943009
0.000147242345859
0.000139880228566
0.000132886217138
0.000126241906281
0.000119929810967
0.000113933320418
0.000108236654398
0.000102824821678
9.76835805938e-05
9.27994015641e-05
8.81594314859e-05
8.37514599116e-05
7.9563886916e-05
7.55856925702e-05
7.18064079417e-05
6.82160875446e-05
6.48052831674e-05
6.1565019009e-05
5.84867680586e-05
5.55624296556e-05
5.27843081728e-05
5.01450927642e-05
4.7637838126e-05
4.52559462197e-05
4.29931489087e-05
4.08434914633e-05
3.88013168901e-05
3.68612510456e-05
3.50181884933e-05
3.32672790687e-05
3.16039151152e-05
3.00237193595e-05
2.85225333915e-05
2.70964067219e-05
2.57415863858e-05
2.44545070665e-05
2.32317817132e-05
2.20701926275e-05
2.09666829962e-05
1.99183488464e-05
1.8922431404e-05
1.79763098338e-05
1.70774943421e-05
1.6223619625e-05
1.54124386438e-05
1.46418167116e-05
1.3909725876e-05
1.32142395822e-05
1.25535276031e-05
1.19258512229e-05
1.13295586618e-05
1.07630807287e-05
1.02249266923e-05
9.71368035766e-06
9.22799633978e-06
8.76659652279e-06
8.32826669665e-06
7.91185336182e-06
7.51626069373e-06
7.14044765904e-06
6.78342527609e-06
6.44425401228e-06
6.12204131167e-06
5.81593924609e-06
5.52514228378e-06
5.24888516959e-06
4.98644091111e-06
4.73711886556e-06
4.50026292228e-06
4.27524977617e-06
4.06148728736e-06
3.85841292299e-06
3.66549227684e-06
3.482217663e-06
3.30810677985e-06
3.14270144086e-06
2.98556636881e-06
2.83628805037e-06
2.69447364785e-06
2.55974996546e-06
2.43176246719e-06
2.31017434383e-06
2.19466562664e-06
2.08493234531e-06
1.98068572804e-06
1.88165144164e-06
1.78756886956e-06
1.69819042608e-06
1.61328090477e-06
1.53261685954e-06
1.45598601656e-06
1.38318671573e-06
1.31402737994e-06
1.24832601095e-06
1.1859097104e-06
1.12661422488e-06
1.07028351364e-06
1.01676933795e-06
9.65930871056e-07
9.17634327504e-07
8.71752611128e-07
8.28164980572e-07
7.86756731543e-07
7.47418894966e-07
7.10047950218e-07
6.74545552707e-07
6.40818275072e-07
