0.227887650453
-0.0212174112866
0.061034669739
-0.0309437899262
0.0642522468209
0.00425565254865
-0.0573073832821
0.0525418141709
-0.0199697098609
0.0403934297978
-0.0337012643909
0.0310448051553
-0.00243743970334
-0.00513331127104
0.0141532202095
-0.0598746706995
0.0884060578586
0.0349237963732
0.0553589252603
-0.0239411374048
0.013714217041
0.0807770762336
-0.0680019551077
0.00673912192184
-0.0260817045681
0.0549104541583
-0.0247831394206
-0.021691920965
0.0379021226729
-0.0212182616929
0.0313029472725
-0.0661881504067
0.0209649946366
0.00928765650867
0.0375979658799
0.0182408144493
-0.0377783544857
0.0696900554835
-0.00493984999923
0.00544440419408
-0.044072394861
0.021619316913
0.0299149711043
-0.0407839573432
0.0146762804102
-0.00895477484898
0.0379104913542
-0.0307691879809
6.2187796056
-0.872075646683
1.54062363896
-1.05246677688
1.9018794741
-0.519626493069
-1.68222258479
0.743151001349
-0.379909591351
0.862529599661
-0.367110470031
0.445050623543
-0.126247734981
-0.107830911599
0.348881404704
-1.09335624219
1.21391172464
0.921768437602
0.855572955133
-0.16872161901
0.258258871705
1.07218369526
-0.873056449402
-0.243918345685
-0.269894026375
0.463930306482
-0.0207157015962
-0.048660516962
0.411436911027
-0.122152742865
0.303458194099
-0.33495820788
-0.0443025282111
0.1055209238
0.362026300706
0.269326120377
-0.160261326587
0.436609116799
0.131646868063
-0.0679668783222
-0.258627571604
0.0276209183533
0.162959119059
-0.125690371281
0.113925520705
0.0567334425908
0.152983105076
-0.0131604765419
21.1994576542
-2.74199828909
5.16225196903
-3.47819393798
5.84344720345
-2.65209958668
-2.92171826927
0.817096377666
1.77598714672
2.5574561544
0.400449220991
0.733526192147
0.595351325631
-0.0805526560791
0.81435213489
-2.05360644655
3.3368027709
1.87237928951
2.13412173091
-0.662507515384
1.48117945614
0.845261478586
-0.691230772356
-0.862643011518
0.73744024055
1.13791936559
0.536746935623
0.111563919219
0.915121968497
0.233861047602
0.238090028206
-0.598611648844
0.551546469811
0.438945435785
0.821893847528
-0.113906017751
0.667300612071
0.326791972059
0.325410115945
-0.537998143286
0.307305640331
0.324028577564
0.335175874975
-0.144802471272
0.403603994783
0.381775032045
0.113607951401
-0.265523080295
31.0518209472
-4.71114925814
8.28518473794
-8.14072929669
7.53817882537
-6.43435932321
0.242758708429
-0.555789525773
8.38735648047
4.23159196653
-0.458630387592
0.817361434068
2.11486004414
-0.729835504557
-0.196904484927
-2.58197017837
7.78759798778
0.531625734381
3.67872783324
-3.29209284832
5.38966878018
-2.61012154411
0.295115566393
-2.21578063192
4.11645312407
1.71593090084
0.254086541447
-0.0224534219027
2.24919607117
0.126154874131
-0.916863061274
-1.57979794967
3.20452369327
0.00546724049394
1.51569533426
-1.72842456305
3.50725885022
-1.04941483389
0.246958796382
-1.83187465776
2.3210787891
0.312220568764
0.125941258718
-0.387002627007
1.70147056376
0.30123165554
-0.479756143261
-1.03405555858
36.9285390835
-7.25067773499
9.47446416937
-13.9347361202
9.54137855616
-9.05570163171
2.86393317139
-0.491728701998
11.9461892388
3.53589430257
-2.23267149067
1.1818152918
4.6763833851
-2.52707761465
-0.512664302194
-3.09280820344
11.7033115052
-2.01880969648
4.02558629337
-5.00736042034
7.27121741791
-4.35062724978
0.782170620971
-1.30426233396
5.7116577866
0.553620983336
-0.230450698841
-0.147584401854
3.50745671025
-1.16762035899
-0.328572112349
-1.53706326485
4.53586408687
-1.24688667748
1.49477564459
-1.6635762156
3.62347958079
-1.5766526932
0.450687994944
-0.803842835937
2.53348301897
-0.428124819626
0.0945729639605
-0.286416746873
1.84304253018
-0.504050702973
0.161955067334
-0.563541643554
36.6860911156
-7.936755156
8.05148850449
-14.9140650658
8.21684483863
-6.78232684568
2.60832105096
2.23644380245
7.71868729242
1.55855261923
-3.23671772858
2.13623534812
2.37043026262
-1.19451997036
-0.265252780557
1.03829273028
8.51503094092
-0.692106434608
0.871806060471
-2.8331390146
2.2633536283
-1.85717028233
1.46118681587
1.63222092592
4.13474563691
-0.568001389854
-0.259934225329
-1.10124824881
1.68433222873
-1.47677517074
1.43225525536
0.320560170457
3.28575033069
-0.628923560652
0.1239533507
-0.902407960233
0.23220906921
-0.265263287229
0.568508420906
1.59240395289
1.1570878074
0.372420185143
-0.813342850843
-0.185256267958
-0.37750714409
-0.0131733570564
0.523366642816
0.885025299167
36.6214705792
-7.60276150696
8.59115240232
-14.9066065991
7.75828200889
-3.23104196729
2.82859535081
3.86373016273
5.80581031823
2.31642919708
-4.87182821396
4.15799536231
-7.49596999809
3.73772976509
-3.49638824039
7.96595789842
3.98239267116
4.64454455549
-2.1713087561
-0.414315060162
-3.32195638292
0.784884543445
2.28694030642
0.978800608322
6.07081784282
-0.889247163761
2.14484383792
-3.67672361052
0.493436108863
-3.23397611305
2.90358498189
-0.224294681788
5.31559672694
0.113953314034
0.178606683279
-0.565411829838
-2.2247587864
0.307968101721
-0.524910716091
2.79333941971
0.662375763084
2.84438853422
-1.66438458338
1.38771136983
-3.03295778636
0.482420763049
-0.511726950449
1.31734244857
39.5132485819
-8.17551211552
8.65135751172
-14.1549549544
6.64530425718
-1.34518218661
3.38313736038
4.21945718897
7.13617272731
1.67598939188
-1.6445991726
5.41773936064
-10.1267268213
3.88529865555
-3.83456631996
7.82806928904
3.37011255584
6.06942267558
-1.37395651571
1.36470891791
-5.35624051215
1.30471266295
1.02912560516
1.14717493648
5.74127385254
0.47693512464
2.24703636361
-2.10779547591
-0.00653769456346
-2.75978326648
2.27052674715
-0.577117824735
4.76272823027
0.160992046546
1.15657224412
-0.0319540253501
-1.1272724313
-0.550878864929
-0.267907234628
1.38339073443
0.993011620055
2.10900477263
-0.382804929458
1.2333527888
-1.76252248329
0.0980654618559
-0.429785422293
0.904137749431
39.3829692966
-11.0129123727
7.28043963418
-10.9171122834
2.85462153455
-0.498090317886
2.62723691144
8.15201746558
5.34423123983
0.687317472257
-2.44687916493
4.56254391504
-3.30521018854
2.50351312384
-1.17087077589
2.69443666373
5.3717109236
1.09372205271
1.53643227062
0.3215069261
-1.21833095521
-0.183817981399
-0.0185854728634
2.58203831362
2.9574651493
1.33123422049
-0.319001104237
0.393421800236
-0.16344672647
-0.119009580663
0.835054134763
0.767438109535
2.08456651458
-0.182060210046
0.783265270924
0.140390820485
0.541925256328
-0.20424620654
0.136817983108
0.716058307832
0.634263451729
0.7500416854
-0.0266657002998
0.625271920982
-0.159237227094
0.0907256514978
0.074527108212
0.460516366521
35.1365796461
-8.2728878241
5.28938319674
-5.33772337944
0.524542991717
0.977091634322
-0.643012148632
7.34341447372
3.34777788599
2.83289261378
-1.42776712771
3.30192363997
1.13300619372
1.51951044415
-1.34334255035
1.59085941043
5.35603805049
-1.59477723091
2.63577390214
-0.129134132444
2.04381824921
-0.127283551442
-0.282185352965
2.28124096749
0.937578413503
1.51237452441
-0.359715707334
1.28237712131
0.725093303784
0.113437326912
0.153034441717
1.24194933814
0.916096347238
-0.0291867944937
0.686847943313
0.34863962851
0.988990048289
-0.164536818996
0.440554229815
0.537571436283
0.326800610915
0.459452485794
0.000457268553117
0.747429995845
0.18226660777
0.0940380199013
0.288684733157
0.382509853307
28.5514224302
-1.88992801545
2.49352521952
-0.00899460121854
-0.591217654836
0.697556112161
-3.3341091898
3.79012374138
2.21062547257
2.95346209789
1.25008132526
4.13056379389
1.62051729533
1.3088400423
-1.26350716231
2.19193893072
2.85120011387
-0.6786515265
1.8832383202
0.292133416289
1.90252953042
0.0509560074978
0.72776780917
1.21760455263
0.454599899446
1.19745428425
0.229536471673
1.02582954612
0.928887470851
0.144434759443
0.413830222985
1.01899207479
0.397243427569
0.358519993954
0.554267094421
0.267620711009
0.777397303522
-0.0916029859952
0.553008330614
0.494287440493
0.123316383831
0.463855989905
0.176107061602
0.483834706044
0.145495623061
0.30764472857
0.176316130967
0.394453899079
26.8927776912
1.15355664219
3.21289672067
0.417630752082
0.772499397063
-1.91345199766
-2.20615965037
2.40804539341
3.06586056851
2.58185980902
-1.19790675618
4.4745173594
-0.443843020129
1.72459235999
2.47815316145
0.521939545495
3.35088495587
0.43619684836
1.7768758915
-1.11055703913
1.84973935807
-0.483710402667
2.20553153267
0.206100624479
0.130773312402
2.18999624132
-1.07911016281
1.38952607084
0.14330029965
1.01021453722
0.910397630338
0.550235364878
0.538538991366
0.0138787399571
1.18816828486
-0.961089555649
1.79017181775
-0.732984360539
1.15538855137
0.22503586184
-0.146617724995
0.743938971416
-0.221186065453
0.838880729926
-0.229791894607
0.895948353029
-0.308157156891
0.689782902176
50.6406177185
-21.8272470028
6.06107099979
19.7107883004
-6.52686709251
-6.01245453166
-0.346713967107
12.3907281163
9.54496259102
-14.7852820678
5.95932951435
17.3355049754
-12.1699713053
-2.34238608139
15.2054286032
4.22167527175
-4.59045432437
2.94351989202
5.02007123823
2.41908304084
-3.53890715263
-2.99035887319
14.9031674379
-5.19606111051
-4.77171153201
10.9914843051
-3.05101090867
0.542976564752
1.06635644595
1.18646067335
4.71937496345
-2.76350386584
0.167460230039
4.55968415631
-0.811897151788
-2.43229385103
4.80280297752
-0.0953623634277
-0.986869688398
2.24752971657
-0.0618565252374
0.644851977779
0.901035066417
-1.01695759508
2.5324641839
0.278465819996
-1.85014553146
3.22474281065
223.950291928
-179.096088216
7.48874605482
178.084245052
-85.3332751334
-34.8575597009
17.3026732742
51.6496296531
26.6909380181
-88.431035643
47.843582272
80.6208712587
-38.7882604149
-14.3352084087
49.687097479
38.1735463434
-30.9702857689
-4.67373074027
20.8634574331
18.1516329374
-25.566254503
-25.2284319402
49.6994044515
0.0812140334448
-29.2774453038
31.3302129494
16.9838699602
3.91829450211
2.00523203168
2.77742141699
18.6532146707
-5.3250821117
-12.4080156797
3.94921084904
2.71576110761
-5.52159312379
-3.73753791868
5.49510198837
9.69317983786
5.14362092807
1.12496411062
10.0798881714
10.698460084
-3.26918442914
-0.733740312654
2.80480373761
-3.12543432802
-4.14351331442
991.752212188
-788.886799956
-236.78341425
1146.67682942
-606.763841625
-278.285680121
245.184553436
15.4825963427
75.1794455805
-307.220401093
141.001265599
227.21211138
-11.1802532418
41.3650359051
-28.6307489223
286.825786446
57.2417268171
-296.784224271
124.539954836
146.62402862
-220.85923458
-158.108274377
135.721830945
82.9492844255
-153.404643924
51.0439277095
180.505713634
44.6914137376
38.7577548022
-4.20749846685
60.0954607155
77.2446206544
-122.247277131
-101.434947277
46.3961090817
-8.08461683229
-124.110440251
-23.1672338497
125.866088571
28.0707406607
-25.11974789
92.0080693372
94.7802473641
14.7389218065
-20.4536869227
-9.1260024355
5.53453570173
-44.1349119465
2477.31709755
-2073.45507247
-712.904099949
3274.43536359
-1935.16874392
-651.928487024
890.41476424
-196.979688765
151.138093773
-688.615900414
350.434992387
405.94466466
17.6138018545
143.616741122
-274.604318335
793.857144543
259.80648604
-943.428088997
414.490202439
457.071598814
-652.448592419
-293.254886105
305.440366682
154.632363572
-334.911459284
93.3234668864
375.595308101
57.0275347106
152.957898176
-35.1507382356
63.7180695904
262.609914034
-251.171061861
-274.983310336
141.650871849
4.23814778232
-292.877942203
-51.6250437353
265.874175044
41.6047122233
-57.9226488393
204.891468561
167.09953649
31.3907015907
2.21697230366
-45.1147870049
-1.39104036063
-53.6727531419
4104.78980323
-4188.04048238
-603.451133381
6154.13966434
-4813.23438832
-483.615134231
2444.23303283
-1161.53668155
180.747708041
-771.560602496
634.39199511
644.443084677
-255.111800662
240.33472327
-236.793392925
1032.29037769
425.495857883
-1816.54236494
1073.63357968
845.442683538
-1697.96660737
206.547049534
547.701111851
1.49689016573
-478.887337185
230.791221555
788.631238226
-392.071389545
293.414475406
141.921875403
-197.714330495
450.576668272
-416.189688786
-402.761217206
490.1263422
-199.604677786
-398.307434086
232.003675526
283.826664994
10.6504510784
-161.58372271
442.685921268
157.48491409
-263.103007134
202.587308706
-92.7576444663
-93.5069890793
-0.68218735687
6326.87993388
-7261.39147438
5.30737403968
10000.0
-9116.10763583
202.953456329
4599.60499324
-2835.01513393
295.224352861
-747.297927823
771.146499612
1068.65425953
-772.130788773
419.803168657
-50.5556557358
1253.10285987
789.803770729
-3038.91219109
2153.0128054
1339.50789218
-3206.60582941
998.826428825
765.875637758
-387.810934741
-460.379862707
183.668864125
1115.62998844
-518.844795711
264.473626167
310.458474607
-293.196868249
788.729293619
-593.136558332
-714.501854003
1054.73562562
-413.75675206
-743.453300579
508.06276704
275.630935489
-66.2469840915
-204.038799316
528.988746608
268.495430019
-294.037595449
269.914152108
-95.032247699
-61.1236253817
128.640397876
6307.03423821
-7660.07152658
688.958754828
9574.93657786
-9112.04690949
472.422363923
4544.48701136
-2688.74553116
156.530599084
-439.202044991
623.257213024
1226.30031683
-945.063351042
490.099154138
49.248870998
1045.62316063
797.125847353
-2841.44273121
2154.2401955
1124.92405457
-2863.41747413
1023.58294746
771.223499699
-540.992520078
-180.659078798
210.330499874
751.849355058
-211.197101461
75.3587041069
374.126678534
-232.438399777
538.423845371
-335.566349885
-580.567052173
825.584925783
-339.511607945
-537.807287779
469.744977855
130.986762179
-86.1250207122
9.34230796075
321.479649034
175.712008471
-154.556784207
181.764424342
5.58761945402
-128.31830975
100.529084373
5858.66830738
-6936.33668644
474.509163325
8568.98521818
-7685.14797175
-301.137563802
4408.38758489
-2189.0602865
-381.155970868
93.9932842436
283.094519693
1286.52852042
-929.008997973
549.305247592
268.181101587
651.581659748
990.711043346
-2522.80662306
1876.85090283
1045.56846762
-2719.83350501
1029.70149369
755.264096243
-830.034523782
69.5858263799
243.170625855
586.364276346
-26.3316722677
-83.2168663227
692.818859439
-299.246205816
349.960200209
-46.5049153706
-709.620227043
825.768022871
-417.454048937
-628.052803479
658.078279832
-54.4700731574
-131.273092842
212.797775821
236.624787229
277.323304092
-148.920321603
181.733273908
179.505203292
-291.17357556
139.494855854
5603.38114953
-6561.99155448
127.368228272
8286.82719855
-7033.13023353
-873.550257861
4580.44003516
-1947.88276938
-817.334199534
467.248743334
218.757246043
1109.10942795
-795.343583668
357.77294643
369.906140671
525.382362844
779.922718613
-2338.94908984
1777.76601694
991.111340045
-2684.37432274
1046.75264543
856.707364606
-894.60629694
96.5139041491
218.637662207
586.806223684
17.8348650154
-358.586430173
738.418748002
-144.07272813
40.5104331336
-18.4552508748
-516.080443548
717.703952645
-394.241642471
-560.020715814
719.211045075
-52.2798375304
-189.135931175
229.207321757
177.973554773
253.446672471
-212.934227658
50.7617173171
287.598432406
-297.586036464
-11.8621500527
5328.63874926
-5355.64775693
-926.342373687
8217.68012784
-5658.45223609
-2271.49096725
5041.63093272
-1425.76039835
-1674.72976073
943.908650486
226.121809579
854.510959974
-561.374917678
155.624886901
682.208496374
532.085256785
574.7980047
-1966.7735092
1650.88979725
1114.30567694
-2790.42058399
933.169904477
1175.24108177
-1173.42075285
41.4962963733
340.64216484
578.20494458
123.198538097
-549.220545852
908.324431943
122.823530002
-231.521186561
50.8747993684
-382.633835752
665.940010694
-436.870354728
-732.895180101
886.561388566
-62.3855247285
-410.205896429
376.166985509
225.846238175
269.22431349
-199.248280248
36.9045678532
463.929233558
-349.483167798
-106.685192763
5186.2385577
-5004.75671628
-1147.58567064
7829.19151871
-5165.19577823
-2470.23428055
4894.86457333
-1316.45899874
-1607.55794812
960.020589527
152.696091732
814.469037777
-424.857693888
113.629084903
439.770335853
657.593543731
473.674562036
-1933.79009829
1545.17892732
997.185607637
-2534.48797716
854.092835948
1087.3471507
-1071.30388082
66.2107637731
397.551018105
457.061640381
-11.6026047048
-266.919712274
678.038599715
-53.0093230852
-17.643084615
-57.5343685423
-350.084207385
605.06947143
-399.594873142
-533.680332099
730.005277468
-54.2742976726
-285.444368629
303.874087612
231.795113277
129.246632817
-158.150328785
136.036615605
202.583391803
-257.167506031
-5.21262645067
4672.48033491
-4574.30389329
-970.753632387
7080.68791249
-4513.75005391
-2408.08250918
4404.11228754
-1142.56691283
-1323.21426858
713.110519401
-12.5897852585
971.242025091
-388.196271275
0.692569490668
424.831186856
790.195898993
403.851998104
-1726.22225412
1435.73815067
967.484142446
-2332.51576623
759.94257101
1035.74123536
-1124.01888046
169.268528542
381.021203517
266.8592931
128.522677456
-171.915739106
552.176592983
66.1996732959
28.4404552135
-36.2205271859
-278.836611158
539.510291795
-355.305720185
-550.791976604
719.483493911
-115.231578491
-342.533735819
432.933053317
124.180477469
95.6536632089
31.3837870551
70.7016008671
221.820307044
-155.421517929
-38.9554598663
4643.53456081
-4496.69769044
-931.275566018
6964.39648515
-4531.56190669
-2284.36554691
4245.17116282
-1078.34636744
-1345.68843338
592.228172408
225.091331025
881.007015967
-559.089102529
166.598369873
563.350816263
499.819338389
342.590943531
-1453.01333517
1291.78547682
741.085209953
-2184.86511282
803.991836961
973.868034511
-1184.74235253
91.4470194093
637.51030188
195.43841567
-160.417104449
45.2368870132
668.408232812
-165.213324614
-114.41848906
150.652937628
-195.306113542
218.923858187
-332.341451406
-272.843498435
551.404573275
-199.288761672
-254.07023247
469.297971637
170.16023512
-104.81860291
40.5998080448
273.411885255
31.051686809
-291.019699231
99.39388951
4681.41472652
-4684.4061628
-1009.82336493
7460.69305961
-5101.03572282
-2329.42654428
4659.79573952
-1249.07620157
-1600.06795765
695.93635312
559.267571542
589.971868392
-710.255228385
360.885517701
784.548548001
264.98075753
198.457461009
-1184.270716
1438.91971392
480.935166754
-2352.71032174
1109.614799
1057.96853046
-1461.91426563
-112.465540098
1131.21379031
230.08713776
-714.986436864
361.316293782
1013.65749827
-468.180070933
-207.203516996
358.200415334
-112.058729286
121.491224258
-518.402143078
-129.642691102
687.400628255
-399.137889911
-337.56042758
624.915811424
323.960130681
-312.567230935
-11.8265555061
602.438062081
-34.1248291524
-496.80724138
259.787160446
4756.88157006
-4789.29287738
-1116.3900374
7587.24502314
-5259.67462561
-2254.62242537
4649.18002911
-1319.50109298
-1524.08937769
694.359090124
583.589605549
467.630355896
-498.173694682
250.393944835
599.626280256
506.847941016
135.305410308
-1425.53965722
1508.21734155
633.533608745
-2497.59676165
1025.26726934
1135.66095714
-1339.46371641
-160.674994752
954.467014725
356.393389557
-566.317175865
204.128616616
822.140725202
-273.490915832
-112.439060394
71.5370426137
-156.83073731
323.6345187
-498.518784479
-353.515869403
697.395765522
-161.50726237
-407.803295307
426.814002276
396.474605092
-141.622805962
-130.404547855
404.258822641
94.3781614723
-356.658934496
52.8359969311
4414.61662376
-4069.97880215
-1469.63299698
7229.35682619
-4833.30296902
-2316.34419581
4607.6632426
-1432.4644011
-1447.32270063
834.060703576
497.580164208
189.277701712
-114.645095176
259.657368291
245.002025738
832.758947906
284.01448737
-1630.10807659
1413.82925613
1019.22514562
-2647.29563566
811.751702259
1323.58636007
-1378.54771618
-93.7407904278
791.608664832
309.935777733
-251.9106397
138.252731528
582.83534401
-31.3314925147
114.462346137
-165.533975864
-257.818192232
599.38430325
-485.534851812
-676.073474995
820.023881816
-31.7214339928
-572.046102597
439.318231489
404.177217051
-69.0943843695
-46.3269847388
285.842479607
134.86483347
-179.115510262
-19.8840028409
4266.99605682
-3753.87786192
-1512.92399464
6940.69213675
-4550.7611162
-2233.52778421
4389.13595379
-1490.97581035
-1235.0499473
820.502802562
287.464575716
263.799720404
32.6733401898
183.197935378
44.6368917881
954.625736993
297.897392023
-1724.07945378
1404.41592995
902.996321488
-2429.50012251
785.822526791
1088.46667034
-1180.995517
0.594554529915
641.493188229
228.522131965
-142.669614128
172.506386681
353.23853901
-32.349713015
229.120359465
-285.939378898
-248.890598426
595.844115898
-469.05738234
-514.81695111
663.778764543
-15.8897587857
-383.194199945
316.020159755
354.359276338
-62.1372000714
-35.6030066838
249.334019504
14.1255575066
-103.451583333
4.15118643239
4060.22801988
-3347.94457451
-1763.29431417
6739.73333416
-3770.3952551
-2723.97654773
4243.43715772
-1080.8447489
-1274.22884734
757.211374505
165.874125625
352.505631626
204.723634395
112.470520367
-218.40669777
1299.18101848
362.353031281
-1958.53694262
1575.75096679
899.5293437
-2350.45196431
685.070512349
1084.64486578
-1021.66374434
-179.048184451
773.519244822
247.403763706
-267.318160379
423.371661102
237.687021911
-72.7326978054
477.394444653
-470.521036032
-240.128778369
742.961440253
-595.414723567
-549.081621663
727.453448667
33.3672332065
-497.893956973
358.059270394
530.803025138
-208.690249725
24.2358123622
391.089599829
-127.006843351
-30.7458268068
41.764320489
3876.90963497
-3166.15949011
-1828.22151408
6371.7636752
-3371.63661631
-2743.9524265
3889.00558104
-862.270711778
-1083.26982738
607.403519404
86.1305951728
449.974545771
338.726559085
-134.129351415
-266.153379394
1429.14008965
98.9752699697
-1755.49284787
1410.93900852
702.576022025
-1879.22986429
435.50054334
942.051856505
-724.672937378
-199.93911426
656.027679595
154.750237115
-98.8889040032
328.748974707
6.11634281652
82.038714018
350.217068639
-476.902136597
-133.542686036
528.055136907
-401.985806724
-401.728888715
488.432864722
97.733991848
-324.072026045
239.437783555
337.377180149
-96.2643429784
48.8343912232
156.353043404
-65.2070971604
26.6449297172
-34.6976464687
2989.09958182
-2082.23836518
-1427.89417436
4231.86254055
-1671.96004667
-2263.91756966
2095.150403
201.939473451
-1065.24547511
258.449572225
370.815791082
1.58081405908
548.405323052
6.75639662472
-364.14879975
1086.42646686
286.990655472
-1081.99822355
545.701672346
671.736515122
-908.890076288
-255.919148632
612.661308057
-104.81092615
-314.457988673
303.499575078
258.718397611
76.8953121444
185.590677046
31.1000352617
103.146832041
241.65756778
-153.60240192
-238.198486033
174.016259185
21.9105445902
-311.86696924
8.60318963732
232.848270149
-17.9427285185
-20.0121510159
192.303379333
142.096479299
52.1316102965
44.1108861367
-1.46578250844
15.759883499
-1.01805802375
2605.41202504
-1484.45271933
-1672.40360697
3564.93678103
-613.680732731
-2615.54400109
1530.13715599
890.294305714
-1257.62807461
145.262169401
432.746513164
-106.197057117
671.590233808
55.4182084467
-570.580235629
902.997268407
633.672815484
-1109.28584754
99.0658473746
874.995051101
-648.703378731
-427.738859251
478.333813671
45.6536507817
-168.090448927
147.904821412
218.02179066
133.872756122
138.674693286
28.1600021281
-14.4017386946
195.623698807
-63.9146355649
-293.833893874
121.115342591
89.7329456521
-224.462852757
-13.1899412487
204.337039749
87.552265627
-30.3047056199
100.78537744
163.522693694
17.6594642928
-12.3505730924
-21.8340259448
-22.1053898224
14.1753553617
3293.8250582
-2190.60888364
-2487.19589289
5150.65638504
-895.034646071
-3831.96109517
2382.58023058
1054.33403515
-1471.2732391
39.8701449933
181.883887031
192.959303813
865.117566582
22.4197429565
-1115.84625039
1075.49575414
1353.33437633
-1833.37798134
-232.430490654
1422.61204439
-736.444339864
-575.25614272
416.822880035
63.8495895708
6.84433748231
189.973183489
128.647507466
-58.2333897304
416.805635632
188.110471936
-527.163802191
247.021028122
225.804384152
-536.625040108
16.6839037066
188.561077049
-203.107143262
15.1532214662
256.492447963
38.3700936888
-27.8508423229
299.105139548
59.732803243
-196.495169633
172.246461013
-20.701759561
-258.039288679
61.645617716
4081.61742602
-3105.98148441
-2780.56249752
6325.22470863
-1465.38280238
-4163.32006914
2838.42426936
916.205355077
-1371.81727718
-28.4222815695
55.9939331884
238.946602641
1002.12856536
96.8379296713
-1530.03090427
1214.32852224
1716.97480403
-2132.70426318
-363.694351227
1643.68186438
-663.365710375
-688.568893721
406.035816695
78.3388557815
6.15106299382
337.656840221
-66.9758502869
-218.764211768
748.117689113
125.623918345
-808.80086852
390.961197323
377.019952777
-624.464962213
-55.6014126415
266.034178048
-154.119625413
21.6439177568
221.623533886
-67.3892302639
67.2623060952
348.656291546
-133.057854605
-188.855381143
285.149284772
-61.7395471674
-297.604561021
94.0434054559
3171.73815123
-2007.1810302
-2049.53760747
4044.40299652
-573.233588641
-2543.16797094
1289.14624655
445.670600922
-420.894573689
10.3834239221
-145.738642093
62.111099035
820.908983266
477.335522
-1012.63624391
423.58744153
1260.9850738
-969.205496593
-456.473387355
687.161635579
-272.472571157
-294.339447719
126.348066523
5.42277023918
42.4415950087
304.998239287
153.348028137
-156.3928341
353.430794235
231.597345063
-400.666596903
58.7346058426
121.101124045
-320.511732629
-84.1700545388
79.8066969406
-32.9485274414
-0.61502494495
152.193762058
130.984848766
36.8037169886
162.237629169
37.515913017
-104.096828546
59.0236142332
-62.3326989899
-181.488506882
-34.3904108107
2340.93059371
-797.973581072
-1870.45498852
2391.23477606
430.848293281
-1762.6392097
371.043177148
256.438084644
-22.5858593487
164.504533379
-254.647501884
-197.927400565
627.603423499
766.013729123
-658.635473293
-157.003594025
1006.55776886
-264.630666573
-441.645855873
206.997029858
-159.26477133
-62.7635107858
86.4979354087
-90.2304055814
-59.4415235115
297.069255022
293.479850421
-193.86654385
134.096087973
298.863765586
-196.149700367
-39.8498884663
22.6633836416
-200.175766889
-31.0245957337
36.975753625
-63.9378538653
-11.1509820769
167.380642364
115.03175386
-13.3967077501
128.968565956
62.9872803955
-74.501456211
20.6409255368
-56.3923640022
-121.204532408
-18.9678537382
1815.47581131
-378.165127797
-1400.77530501
1395.11336483
450.964620282
-1021.5039658
68.6585794861
-15.3416221999
-35.4332659994
319.882243724
-35.9259510255
-333.942078352
299.830004818
733.621626314
-256.533488152
-200.127339044
448.687797229
-114.238608418
-171.401955991
50.0686882328
-221.765887817
-81.4659258347
138.468800494
26.2189171444
-23.8755935325
159.204837259
192.465933492
2.87152931701
97.9905242025
58.6213240935
-129.573315009
-20.674998982
-33.2745136319
-129.706975682
-41.3378696817
1.73674860432
15.5700640998
86.3731445136
95.7377346288
52.6858612177
66.2807533817
84.0326033942
-9.54765207583
-59.3907974173
-39.6864141809
-66.3862540423
-56.7388127616
-24.8491315477
1431.37130081
39.5815521735
-1037.99740314
488.237720205
587.14391974
-417.752987854
-296.294271036
-115.259805407
-21.5076091054
303.642038372
178.146630811
-286.060346725
-108.301274677
693.704747977
259.643005329
-286.26222116
-39.7842394081
110.78337758
2.74690853014
-68.8969273709
-218.683816314
-179.242903197
105.011430246
215.848731848
21.2499484741
-96.4541002101
176.452385918
242.019412608
49.8089054663
-83.2442968138
-72.9225770506
-31.2507110408
-0.845508453118
-68.8243706272
-142.206235117
-54.3582648175
118.444207703
127.433979361
1.79702257544
29.2195977568
107.462926061
88.5680126046
2.56506007008
-67.0862541417
-89.1498689451
-31.0700268028
-2.04405774823
-54.6646465951
1175.30405971
149.002534241
-774.998562602
131.761356457
539.382986699
-175.790189177
-313.054245084
-179.306122406
-4.7548293791
303.201529618
188.42405774
-197.964299288
-186.885494174
504.093543791
355.91002265
-167.706610871
-193.599086574
73.4356163791
48.2200606915
-29.1110519652
-155.316460843
-171.005685242
60.057649648
229.028024335
93.289059533
-76.3181904122
83.6344296405
171.791951393
64.2597066659
-64.2513866841
-79.9692142976
-67.7337064379
-7.41304071569
-14.5797034225
-61.6488241815
-24.1266469356
78.7933779372
103.90551579
51.8095349897
37.8897802038
36.5082668581
22.0037648905
-13.4732631101
-45.125905728
-63.8098160232
-39.6937576099
-15.6636817919
-5.02370247246
1150.95686217
306.578043352
-752.243080164
-96.3468448121
477.31130186
-34.276982887
-277.704502149
-327.304085119
-119.05922431
387.047813842
333.501392639
-145.702416916
-227.329727183
339.292961052
450.47182194
17.6256585204
-284.86698107
-116.619556432
42.3305600901
37.6781992977
-102.948106389
-194.44354085
-34.5586027993
231.926203294
231.526252488
11.1547160708
-14.1798553347
105.619739071
113.696470456
-12.7151217019
-112.221615657
-135.626862518
-58.197078784
19.3973510761
3.49056161081
-34.8406214728
25.832692457
119.726291539
120.953736497
54.148787075
5.03550043064
-5.85789757783
-8.64914814627
-25.7760409565
-65.707454175
-80.3551785057
-36.1985855318
20.5224008411
1112.80502367
395.709165173
-754.499124388
-161.787867374
426.165927656
2.72941569092
-140.406483156
-240.054395099
-272.590347284
240.44189054
458.022401441
-1.83360912008
-263.017066067
173.446545173
387.006485277
87.4867280956
-158.344495257
-132.883465935
-89.9166844781
22.1248315691
53.6822046179
-77.1566034793
-86.7642260412
109.487095238
203.863697608
81.7979048219
-2.61429373366
31.889249418
27.0414432354
-24.1331966697
-31.5998221351
-55.1114168894
-65.3311199846
-13.4389803163
37.1858523987
36.7688779154
36.4766260629
60.021799044
55.3379692593
13.6888809267
3.85770246142
6.15358003885
-28.8226822056
-47.1884106163
-26.4908108209
-4.75432656133
9.25779074265
21.7147958617
1148.80609615
510.182361252
-863.575875003
-316.93662741
347.649217069
-63.1636397299
-13.2744044
-60.4037049416
-401.336191462
60.2824056785
640.265549561
301.21105758
-302.525228015
-39.7060651789
317.261834896
117.470795351
-68.394514171
-153.534601587
-294.760638738
-79.748913841
224.727805547
133.633053836
-87.3821794572
-27.2724972849
222.401999393
228.49556774
31.0629532622
-60.1220113017
-102.27480532
-96.3480070778
21.0782176698
22.0025888858
-112.142646112
-93.3356115754
92.385291021
169.116997691
80.8616749971
22.511140338
19.2859725494
0.340729360753
18.5052262592
7.34001082741
-91.226245287
-115.78021736
-14.0840772881
53.697687993
31.0542625183
12.5961107527
1136.68642376
590.654165497
-799.849407771
-354.773378862
230.025341705
-43.4373965193
-18.7252213317
-48.2194380053
-367.137889387
27.1353956608
620.185477891
351.330065859
-263.17774786
-68.1746266017
264.638627879
144.523781786
-14.9159141288
-167.102614428
-284.376159048
-107.481886997
183.607254409
143.748906055
-47.6128408824
-25.6632175478
165.607290488
208.146419433
73.5261672472
-37.4592944142
-96.5479919241
-97.4102882792
-6.29891690522
30.5794437631
-60.1452600059
-78.1657251451
35.4579523635
117.580531911
92.7375413468
56.198848319
24.6168039081
-16.7106360508
-0.300088657367
15.0168803973
-40.6603101743
-76.8630785831
-40.3493644067
6.47474073598
29.7100579156
40.8938882672
1074.20012994
497.952054761
-724.545529416
-382.045455078
163.244451218
93.7090372814
-42.3378239492
-108.720458619
-330.706616706
53.1931980516
625.553457439
308.956417295
-281.657894679
-69.3515552663
187.96651569
185.713529384
70.0328930748
-200.68356385
-306.018497264
-126.55651818
184.711537239
160.982934879
-5.82982460818
-47.453844857
80.6173848732
213.433077954
168.523902959
-9.31868193779
-144.629432162
-143.60184439
-26.1961329309
85.7080051489
-22.4744948033
-115.720145606
-51.8820351602
107.849991514
168.197911862
114.184670576
5.75756688537
-73.0762585117
-0.799942500368
64.1700077067
6.10673863317
-112.844105856
-113.78421208
-32.5666424229
69.5371952995
87.2274482126
1125.69839329
401.916567231
-740.488962743
-302.252081351
221.665423438
109.353899896
-104.479962862
-148.968412692
-378.298556286
130.641214489
612.906882914
240.576430557
-306.431824044
-12.8496452959
219.636005492
206.173320042
93.9429828615
-224.257818779
-294.313054067
-128.46797559
200.8134792
107.962882659
-40.9688371758
-79.0980345602
94.2641718006
216.661278359
179.858133459
17.9294997535
-158.140747182
-106.180593405
16.34150648
96.408675097
-72.4423998155
-119.245353639
-62.8972554054
89.358007229
152.404907582
91.904541628
-15.9386643663
-55.2576428727
49.8069656002
64.7623314127
11.8447270624
-99.3941498022
-87.5782458053
-31.3623455441
56.7336903788
53.8564114594
1093.27022574
221.886630232
-706.084265307
-149.645319244
219.760848765
67.1666205934
-45.4302950467
-128.659208766
-418.958746374
223.532617518
532.276548864
122.246528504
-261.464342221
51.5679324372
159.052140668
168.806921552
112.80588612
-195.645854582
-269.03219644
-105.64209094
208.902064238
80.668030793
-42.7079362318
-73.7301428126
81.4034270904
166.400619224
190.231872459
44.2546228603
-175.070788369
-106.087710856
55.5408032125
83.2382263895
-86.357422659
-101.025336325
-73.870264086
66.9729478397
165.661465647
105.762405536
-45.4724395733
-48.7324097289
68.8212204732
72.0040412671
6.55619812082
-94.1652921395
-106.414660357
-44.9705903972
67.5946868267
55.5137309156
1108.81840343
133.360456555
-654.097241989
-77.8988753461
248.503671408
50.4448364999
-32.2686690092
-166.104931736
-459.698698848
236.732332152
512.220569989
88.8178047594
-262.265186977
94.432530813
175.180158214
203.446196645
108.685615188
-188.795921218
-284.044398946
-65.7559585919
213.580295586
16.958125179
-90.248885347
-76.7138190356
105.008728828
164.668331817
199.968637824
19.3424866493
-141.338983783
-48.7295248153
86.5739821468
47.1293497112
-110.054405544
-101.424288003
-70.8340333254
70.2035596118
122.756441681
70.4822303386
-50.9769525118
-0.0473431869013
86.6217868588
72.6774213883
-1.98845820442
-77.5553024742
-73.3332450067
-26.8331795244
50.2855664205
7.54417789778
910.936752798
175.13681348
-427.04267771
-148.402419698
176.56255215
27.0567930933
25.5597132627
-88.4204269428
-415.170300273
135.899209989
404.963684246
158.286236042
-189.856432253
78.1781575221
71.6852404582
180.550229719
137.25329951
-99.5011108589
-251.388741331
-89.6855400615
139.281737393
18.7519819072
-7.10685837712
-79.9683237572
53.3037702912
95.1332021168
201.78986339
52.6194186656
-65.9622272526
-70.0839803838
27.5380066801
45.60664876
-47.3896948339
-58.0151352693
-104.553128622
12.5260219106
75.2025782443
111.178680135
-11.7973536142
3.17880913584
30.0095427852
62.8417531797
45.1366796567
-19.766340014
-70.6699789014
-76.1964305927
17.0089064231
10.2727842369
846.209221735
203.809280987
-324.67760424
-213.07268898
175.842215876
44.6644041181
115.484088627
-102.123770664
-468.269531883
85.0351875595
380.013601484
201.201164605
-178.393499598
30.7895614023
6.94494718977
256.424105178
206.868710315
-72.9142425209
-284.205646447
-83.1942855163
141.164509171
46.4760488847
-25.8752247413
-156.671676077
2.73165476504
111.104092766
240.633745955
38.088917786
-68.5771412942
-56.1933535404
86.539359975
84.0850649304
-30.5719800566
-102.748576839
-127.036694018
18.9492463694
78.1109606528
62.4130753397
-61.2798438068
-6.09655250235
53.6579100646
107.040748071
55.1316034032
-23.8099317197
-64.3836628285
-19.9688957111
40.6014990731
-4.28437968716
723.870428183
113.06115663
-272.177270443
-127.127267692
141.056853566
53.1763086593
161.218381728
-140.022765381
-373.528473394
92.2119373922
313.580218782
161.829574372
-154.230950039
-4.25244040768
22.0131535196
218.748649772
175.512313792
-61.7841599452
-248.649899673
-16.6272151797
148.267120547
43.7747301475
-47.5498354536
-116.150150684
-13.3623138186
104.10108761
182.232120714
0.436069273969
-85.531152025
-16.9321151186
95.3967982922
59.5530194203
-8.76867237737
-74.4220807688
-78.7454804149
33.9060787724
78.4445290097
14.960267615
-56.5665877151
-9.78849465741
39.1280175274
63.2007266508
33.4541089135
-20.1076271879
-44.3640201599
7.06947685034
42.8090463605
5.30016629992
685.52358896
75.017169459
-316.420346084
-16.1714136408
94.4067484329
96.0057211864
186.37446792
-172.158296186
-338.781262421
84.3878758915
280.452902759
170.172233534
-138.983275954
-46.9765592946
29.4559726414
153.09017125
210.996979053
-30.2496256538
-230.755520594
-27.1023964599
143.848880128
56.6931769184
-8.25299159938
-95.4593764537
-53.7093581813
65.215868704
159.178286927
37.6444412317
-89.3976769863
-27.3494549814
58.3163761513
57.1657345294
29.7034085025
-29.3276789437
-83.3089642518
8.17139689691
69.6129763114
30.6340797862
-27.4533795819
-22.6757884967
7.65472726995
32.7488517643
45.5142393078
4.61156694603
-36.0744443605
-12.1078278176
30.8042826855
15.1533834951
526.227940533
58.6053017375
-234.427814843
10.7890650748
102.907097642
104.559548674
131.029465289
-115.448368274
-224.122572353
43.7339060893
188.857691655
124.930198076
-96.4696511452
-35.3425830097
19.5756879882
83.855427791
155.122614912
15.9924024771
-123.51871357
-23.3937817203
87.5697179373
51.5683900071
14.71324629
-45.1668560611
-37.4430488044
16.6772191723
85.1818369407
39.5122534058
-41.8939030783
-19.4059284491
27.20976567
29.7081981286
26.8249444601
6.04406997126
-32.3893931155
-4.5594247414
32.2137568107
25.6660733976
-4.00770291629
-7.37222581658
1.34747826396
6.88912759763
19.894917588
14.4245103342
-10.5557190874
-9.79947128047
12.1416048946
10.3957816066
271.162928247
56.5904658461
-38.0340113032
-12.4250864626
102.294843503
69.2040120128
48.0575425417
-31.6993819484
-61.3782508595
3.3238790179
68.3821365916
39.198537942
-37.6860762494
0.209029108027
14.1271588355
27.8527557807
53.0291397984
41.0173641374
-22.7418579256
-3.50419129227
43.0861059302
36.0731591649
5.38561299136
0.309757992008
-4.73320416626
-1.39077559619
29.1801377312
18.5505896277
-15.1966815066
-7.8694646991
21.5312050542
8.11103527232
7.03676015995
13.8815487683
1.48882620962
-5.40950509924
18.9799941562
16.5399514248
-3.66769867414
1.44684607624
9.09867644106
-0.0233709273253
4.11605889441
13.1918083717
-4.64552729725
-5.63688876443
10.8931124363
8.02700942844
173.552475515
59.5126858629
20.2337939237
1.38259140208
86.7292132717
41.7749861554
17.5034352783
-5.91870957695
-16.2522658522
-3.64664678542
42.8583195566
12.9293094395
-26.8772586491
17.8335548076
16.3565306566
18.3244532734
20.6398417681
32.904452083
-7.33559971754
9.93782661942
34.7191748316
19.083184035
-7.21271577098
14.318566685
4.78275895644
-0.598752815501
17.3382729556
7.69611203683
-9.04291819209
1.67206413207
20.4957860882
-0.400216770252
1.85434288548
12.3672206689
3.59599526
-1.44945289076
16.7661679397
5.65176763201
-3.34432638224
6.5673582872
8.92397363211
-1.77375961872
3.28935446474
8.39933596945
-3.70292616225
0.336859671057
8.88103475673
0.883131738704
155.845081154
70.1981676439
16.0750016845
20.7752115907
65.386555612
19.9389590352
22.2013099857
8.96529645347
-23.3235406933
-12.9245719268
47.7930070677
5.49286322307
-28.2891884755
17.9957456601
12.5975588579
3.85717905117
30.5132411598
26.9763108802
-8.17223562131
15.7105183088
40.0549896099
6.52576724893
-0.982927924101
22.8949265102
-3.12422799836
-5.33039806065
21.8454408727
3.85029385692
-15.3501240038
7.60505709532
13.1303401662
-8.41462767717
9.30478055016
14.6102277371
-6.40252995782
1.23806302425
22.7081299917
0.428402662061
-1.84818583675
13.1114418793
2.49401322656
-6.01222281514
12.6525428274
6.01629097217
-10.3260605881
3.57414617923
9.44410522937
-6.24269327441
152.699746615
72.1880540961
22.8499316261
24.2111239168
68.861909048
9.29697390319
29.4448330901
22.4804167648
-27.8860373464
-12.7574551749
44.3521167152
8.41869224241
-21.336935432
8.23564919866
5.64693460089
-9.74983665771
39.3987602518
24.9997762466
-6.77664696212
8.53365353331
40.9179668165
7.72234099636
10.9808485774
20.0553857982
-6.88486031288
-6.66549620691
25.0255874474
9.79047770619
-12.2865797997
5.15021012702
7.23745057248
-7.02336292462
12.3453235375
11.8643822882
-8.85186444533
-2.19616696097
18.5976834267
3.85135709383
2.2515249746
10.3138068795
-0.164953485574
-4.3904228481
12.3928255813
7.51482025986
-6.03349105626
1.88660757064
5.86435345292
-2.06943914546
140.62909995
55.5395840516
27.5820536159
27.0064144988
53.6630040379
3.46057261286
29.4307598641
21.2419331785
-27.6883078315
2.58967299764
36.017889134
14.0911381051
-8.804447048
1.3735542621
-9.69500125103
-8.41381527516
32.7608551055
15.675159761
-2.13729146939
12.3108240843
30.3070953074
13.1246628889
16.6336424633
11.0748349968
-10.5566689096
1.46077963957
21.3429242804
9.73195699748
-1.77802835105
5.06896819845
0.836370187277
-0.941610421665
10.9401009721
0.715392071961
-10.0919180155
1.78348710447
12.0832622837
5.96467859677
7.27300473038
5.59552430662
-3.65434322165
2.71450413437
10.4782039348
1.7368588048
-2.69671634467
3.77189665168
3.36346638453
3.03838045577
144.734549323
52.1847098249
16.6352064454
41.9944519281
48.6609691697
2.72703457688
23.2276658906
23.2066678447
-30.5524207947
14.4335133464
41.5835646043
8.02729623954
-7.60508546053
3.16508946039
-15.0844431668
-9.36652933475
34.9149939226
6.83122156752
-10.0903889233
21.9602394264
29.5322947022
8.91323479451
16.9855599738
11.8569213007
-16.2529652169
8.05691543242
26.3864297995
2.33638164088
-2.12448945876
11.1385174588
-0.608693741245
-0.90253096107
16.3725683397
-3.05787688277
-14.4802549214
8.34839774948
11.7675504585
-0.164872174543
8.29629212265
6.53709653455
-8.00481721627
5.67782540831
13.8148988797
-3.34381236865
-3.24294167434
7.59333963899
0.608239597326
1.07772560317
143.636565776
52.969319773
10.815071633
50.9855586531
56.0579224176
5.99743156543
26.1492701622
27.7725820556
-22.4961226082
9.12062594361
38.9067402615
0.298606522711
-4.51867246182
13.2966998199
-12.2829804467
-3.11761920077
36.6893978284
6.5395782367
-10.1826465641
28.1366663879
22.3875050987
2.04408293523
20.8506521847
16.4464197161
-12.737256197
10.6457257989
21.79240558
-4.55434363596
0.929851408079
13.0008389101
-4.61339348739
0.0400685832764
16.9709114182
-2.49835257018
-6.34886938022
12.8829216118
5.54811260144
-2.76051904381
11.9313471675
5.54292033578
-5.59012572027
8.31478318663
9.1696923757
-4.46334776156
3.1136443857
7.1386417567
-3.58275919446
1.97602688285
7.93631952316
-2.65889445633
-1.43577248803
6.95555425388
-0.174899610159
-1.39436937815
5.97931727727
0.805205528467
-2.41199014133
5.14580920752
2.53896410231
-2.41565979558
3.15423267103
2.78062135325
-2.23500095794
2.12397137321
3.18257524555
-2.00766519683
0.692235460651
3.16844722403
-1.15826192951
-0.0715812652474
2.97601033223
-0.628585805563
-0.624943705165
2.67294262799
0.170292118283
-0.993175543172
2.0901287979
0.671391025733
-1.10853882963
1.54996221581
0.999832194754
-1.0995412539
0.9220758218
1.2387547298
-0.901082105833
0.404781155403
1.30539609048
-0.616157471311
0.0379856560895
1.26562044132
-0.296679307346
-0.254175229904
1.10183138263
0.00674570352241
-0.423792277465
0.85202868375
0.225664752854
-0.481398580898
0.596255899629
0.397181860201
-0.44698122161
125.930896903
58.463005048
27.3769033823
45.7161701612
62.8771438763
6.08981259038
31.296181031
21.7382401352
-4.27228471055
0.943681885993
27.2430206163
-2.17508548142
-0.0384698989471
12.126205769
-14.4335276086
-7.93929032606
28.0065260163
7.69452209162
-4.86534941116
25.2320217061
21.0764091655
2.41925664987
22.962102952
20.1620703128
-4.35790076883
10.1801809666
19.8635763556
-2.25920460929
4.00787086097
14.1334121241
-6.01346798498
-4.52477245468
13.3576327496
-2.45725891134
-8.16351517842
10.2165314727
4.27409723532
-5.53296195862
11.1795253955
8.7088464845
-4.79696627156
6.90790755363
11.5309889342
-2.79673729716
3.9877688625
10.8370567391
-2.0206188412
-0.54513572479
122.178310698
40.3868033344
39.7839100046
46.0845658208
55.6946072251
-3.89968367605
40.2592983897
18.53139888
-2.79605804346
2.78937054062
29.9424338326
-8.74522339598
2.19665912588
9.51528749933
-21.3475547465
-11.0324662725
20.5620703504
4.07591074436
-2.97728818958
29.2705027274
15.1415742797
4.81494162395
23.1377052344
20.7408450041
-4.68119679042
15.5735891299
17.7917471299
1.51061681367
9.1812068332
15.5477737097
-5.96927511868
-2.33156587106
8.829582573
-6.56188269199
-5.91954350485
6.95758037924
-0.152048722948
-4.64646786516
10.5626856752
3.40254608171
-2.77187100372
6.30124291146
6.693720555
-1.84223052844
7.61474299106
8.14604018069
0.45802023891
4.44161332028
109.708683055
37.5555412675
39.2762264627
45.1666146872
40.6732579451
-1.72607966291
35.9430262906
16.851861696
5.26413277898
8.39033112169
21.4438779733
-8.91599555057
3.86972822662
2.32561696613
-25.1102182927
-2.66355007642
14.6317993728
-1.52523279307
5.56159296263
24.7266621705
4.72560388848
5.89265035186
21.1242987616
11.2613862729
2.58731645476
19.8601756575
9.99106159284
1.96974916397
14.7452225204
4.02021489412
-5.5799466302
5.29974994868
3.65829850788
-8.14712380575
4.96043995636
3.61268597111
-5.43231492638
1.65247380553
7.90070422042
-4.10271018874
4.51181775997
7.7931994827
0.0164064302739
2.75502693677
9.19316181409
-0.8859275464
1.91325673371
6.89970309597
112.810274924
48.7205692063
33.7681780481
52.1948013747
37.7655237985
-0.896444909465
29.5325152743
21.3816276611
16.6337528274
9.87287907316
23.3850921426
-14.1472900848
1.71097221514
-3.88078013658
-23.2728696526
-1.84628824892
23.489799669
-4.78107489901
12.7765858378
23.0780634418
7.60248992629
-2.31740848461
24.6128674414
9.36787349613
6.41671997124
22.272453008
15.9932714325
-2.57874514425
16.0167474711
1.33981622229
-8.29677670726
3.68333680524
7.50738839693
-10.243624712
5.97865941014
7.69079523125
-6.33478370696
-1.96336502454
11.0009741037
-5.69988730247
1.70655237699
11.7612561516
2.8063226855
-0.361956093926
12.6435883031
1.07634309624
-2.23381444772
7.37755330667
131.8942912
43.9175729296
39.6290303157
66.1959963578
44.7255609554
-10.3844668434
41.2080929953
25.8164032723
8.09413208575
16.9722178621
28.7506324645
-20.4142907962
4.22308133725
2.09016409519
-26.4466232038
-5.20409733334
28.9739402125
-9.71599578855
11.1905549407
32.3549644294
7.76998066997
-2.76025765605
32.660692166
10.389233184
1.97275664147
27.953602286
17.8851223081
-5.26252535137
19.0516634375
7.72547063798
-12.6154180078
4.99076522522
9.16738668713
-14.5676078194
3.28426605736
11.2065822594
-9.25106182072
-1.49519238843
13.9396473823
-5.31435385441
-0.825081097933
15.4469689248
2.31015873809
-1.04579174981
15.4168255354
4.06266250067
-3.11526085364
10.4291175462
149.641742805
39.0495196151
51.8205060158
75.5844862535
55.447540406
-18.7514945732
57.7339368925
45.9265248746
-16.8522420743
21.070196785
34.4106295415
-30.3046120639
-7.23272133024
17.6201246563
-32.7933297914
-23.3629121632
31.4490886389
-10.4888972847
-6.22690444633
40.6866750863
11.739508276
-6.45067817626
40.104013518
24.517626607
-4.00709085317
35.5174447603
28.5310591166
-7.69419405822
20.8499190682
22.4230932827
-15.8809933562
2.89165012286
16.4130717842
-19.3292211334
-6.74504325131
15.3067991071
-14.663504471
-10.6978058583
16.5607367451
-5.96187504114
-10.1933076768
19.19945579
4.17942036725
-7.81105318843
19.233105768
10.909088313
-7.28314093135
14.6751418396
174.647836135
49.4014268027
57.1198696896
96.6383891067
63.7071332888
-10.1186555747
77.7099832877
59.694865704
-22.5541194941
31.5699807544
46.0662617539
-37.0536063759
-0.870363870375
26.4896932871
-41.9709136778
-25.4052670288
36.5649052174
-16.4738853382
-13.3429758647
45.5897850706
6.97374057387
-12.0607474357
46.4208996315
24.7464333443
-8.84179715225
40.7540894862
32.7692418282
-10.2003064135
26.4648168166
30.4717188863
-16.8324257456
6.71110227415
25.0755922761
-18.317158211
-5.98089685041
22.6715936405
-13.2482861655
-13.3752930968
20.915934368
-4.23413375734
-15.1090454944
19.8727326156
6.26813722744
-13.2468288521
17.3219603664
13.9408853635
-11.3728881107
11.3183837348
156.5893682
51.6315175878
45.0996917125
97.9143581629
53.36913774
4.68646787905
65.5592972402
53.7655124692
-7.50516322331
33.4922236003
40.4309238913
-20.4167778053
6.55674527934
23.4873972691
-33.9368542221
-14.8011960029
32.9814464667
-12.4640746905
-8.17611276785
39.7483470346
9.50123468792
-11.3131015741
37.3206516387
23.7867441359
-7.78715109224
30.2915844711
30.7416853282
-5.4580850128
17.8173437187
28.7605116792
-10.0856749644
2.14013009207
23.0751038242
-9.47748537509
-7.85087101817
19.8071509031
-3.06785561543
-13.3889119426
16.3013600811
4.43101732423
-13.3384570161
12.4586193958
12.1481562044
-9.44029806092
8.45399923082
16.442544428
-6.1263184503
3.14468348554
127.332687274
56.0425894619
35.0758774286
83.727134467
53.0783372774
10.7762819343
43.4441532406
53.2847068881
-1.42625203931
24.4679475692
32.6889592205
-2.99911110439
2.69077857696
20.9281190598
-16.5921864583
-12.7352072703
28.639766445
-2.06221365274
-5.7277429783
29.0447240492
16.1058348411
-7.50595422178
24.8317911836
25.4943025164
-5.31633051608
17.3994465543
26.0798618962
0.137797870533
7.60904568556
23.112729127
-2.09274473281
-1.90650671554
18.2190249398
-0.709457842319
-6.44198402677
13.4833928234
4.24333109138
-8.81366169021
10.5955304368
8.75193187849
-7.77640543131
6.64650359428
11.5818950556
-3.99557585076
2.89861710529
12.5795103002
-1.76144572287
-0.430927774436
88.906720423
43.8619578336
31.9810604677
56.6702724366
45.9663235681
17.0279699641
33.1558256082
43.7072942772
4.82003942754
18.1162024657
24.9405419927
6.85644801494
4.53499697889
15.3267824579
-4.50798223276
-4.51595226914
18.3495390023
4.28296141927
1.44774488633
16.3708661794
12.9941778541
0.809366288579
16.4317926681
17.5585390204
2.08436727628
11.3794720039
15.9703894174
5.02688304406
6.56827902512
13.1772488032
2.59982218047
1.47651475128
9.37827779526
2.9966112982
-0.204686446799
6.33660571569
3.6958610874
-1.055928583
5.3922585573
5.03440262247
-0.302008042298
3.8025695661
5.61325459978
1.21570536794
2.92988016276
5.6575983416
1.65613150339
1.68525267478
4.68382819616
2.088808224
0.903322333781
3.28922621596
1.98850943192
0.331396869281
2.34779640581
2.02146068958
0.192929528557
1.49932641392
1.9145499258
0.482333827218
1.11084332798
1.83556163549
0.663399610317
0.769153959924
1.63671453747
0.857644200802
0.613677734821
1.26966334999
0.874618873476
0.478715730183
0.988636380906
0.867514974778
0.391329405016
0.720621663413
0.764168538622
0.417140318703
0.546963081452
0.663257834444
0.393201594562
0.405046576147
0.568311559538
0.379535684796
0.327791405608
0.43208892105
0.353077237801
0.278548689005
0.356553737173
0.329866384473
0.241556535053
0.29322381047
0.294201271044
0.23861100342
0.242713070774
0.253647736096
0.211122033548
0.20005918973
0.215995585823
0.184881666298
0.167721602417
0.171781640076
0.161186739546
0.143447743014
0.144702259696
0.139891328815
0.123861351171
0.122629224258
0.119919727403
0.110517531744
0.104141393823
0.10268496195
0.0954601146034
0.0890677944892
0.0874324524366
0.082263679403
0.0768176632832
0.073865007302
0.0708759045202
0.0659845767495
0.0631946326361
0.0607277380407
0.0568937357023
0.0540800639109
0.0518749174276
0.0490664590515
0.0462864982369
0.044421258946
0.0420867521447
0.0397403210441
0.0379632207222
0.0361239570914
0.0341353442937
0.0324688914185
0.0309641913972
0.0292794425023
0.0278311373997
0.0265193899769
0.025145274434
0.0238486720774
0.0227129771797
0.021573607497
0.0204613717411
0.0194752895153
0.0185063464864
0.0175596863768
0.016691468798
0.0158756697759
0.0150708453493
0.0143186614235
0.0136115675569
0.0129253447997
0.012276598904
0.0116675016633
0.0110837266605
0.0105224067101
0.00999628637458
0.00949647205585
0.00902164845306
0.00857056603041
0.00814203772889
0.00773493584244
0.00734818905032
0.0069807795978
0.00663174061791
0.00630015358702
0.00598514590767
0.00568588861228
0.00540159418167
0.00513151447259
0.00487493874896
0.00463119181151
0.00439963222093
0.00417965060989
0.00397066807939
0.00377213467542
0.00358352794165
0.00340435154457
0.00323413396734
0.00307242726897
0.00291880590553
0.00277286561025
0.00263422232974
0.00250251121325
0.00237738565259
0.00225851636996
0.00214559055146
0.00203831102389
0.00193639547269
0.00183957569906
0.0017475969141
0.0016602170684
0.00157720621498
0.00149834590423
0.00142342860902
0.00135225717857
0.00128464431964
0.00122041210366
0.00115939149847
0.00110142192355
0.00104635082737
0.000994033286005
0.000944331621705
0.000897115040619
0.000852259288588
0.000809646324159
0.000769164007951
0.000730705807554
0.000694170517176
0.000659461991317
0.000626488891751
0.000595164447164
0.000565406224805
0.000537135913565
0.000510279117887
0.000484765161993
0.000460526903893
0.000437500558698
0.000415625530763
0.000394844254225
0.000375102041514
0.000356346939438
0.000338529592466
0.000321603112843
0.000305522957201
0.000290246809341
0.000275734468874
0.00026194774543
0.000248850358159
0.000236407840251
0.000224587448238
0.000213358075826
0.000202690172035
0.000192555663433
0.000182927880262
0.000173781486248
0.000165092411936
0.000156837791339
0.000148995901772
0.000141546106684
0.000134468801349
0.000127745361282
0.000121358093218
0.000115290188557
0.000109525679129
0.000104049395173
9.88469254141e-05
9.39045791434e-05
8.92093501862e-05
8.47488826769e-05
8.0511438543e-05
7.64858666159e-05
7.26615732851e-05
6.90284946208e-05
6.55770698898e-05
6.22982163953e-05
5.91833055755e-05
5.62241402968e-05
5.34129332819e-05
5.07422866178e-05
4.82051722869e-05
4.57949136726e-05
4.3505167989e-05
4.13299095895e-05
3.926341411e-05
3.73002434045e-05
3.54352312343e-05
3.36634696726e-05
3.1980296189e-05
3.03812813795e-05
2.88622173105e-05
2.7419106445e-05
2.60481511228e-05
2.47457435666e-05
2.35084563883e-05
2.23330335689e-05
2.12163818904e-05
2.01555627959e-05
1.91477846561e-05
1.81903954233e-05
1.72808756521e-05
1.64168318695e-05
1.55959902761e-05
1.48161907623e-05
1.40753812241e-05
1.33716121629e-05
1.27030315548e-05
1.20678799771e-05
1.14644859782e-05
1.08912616793e-05
1.03466985953e-05
9.82936366556e-06
9.33789548228e-06
8.87100070817e-06
8.42745067276e-06
8.00607813912e-06
7.60577423216e-06
7.22548552056e-06
6.86421124453e-06
6.5210006823e-06
6.19495064819e-06
5.88520311578e-06
5.59094295999e-06
5.31139581199e-06
5.04582602139e-06
4.79353472032e-06
4.5538579843e-06
4.32616508509e-06
4.10985683083e-06
3.90436398929e-06
3.70914578983e-06
3.52368850034e-06
3.34750407532e-06
3.18012887155e-06
3.02112242798e-06
2.87006630658e-06
2.72656299125e-06
2.59023484169e-06
2.4607230996e-06
2.33768694462e-06
2.22080259739e-06
2.10976246752e-06
2.00427434414e-06
1.90406062694e-06
1.80885759559e-06
1.71841471581e-06
1.63249398002e-06
1.55086928102e-06
1.47332581697e-06
1.39965952612e-06
1.32967654981e-06
1.26319272232e-06
1.20003308621e-06
1.1400314319e-06
1.0830298603e-06
1.02887836729e-06
9.77434448923e-07
9.28562726477e-07
8.82134590153e-07
8.38027860645e-07
7.96126467613e-07
7.56320144232e-07
7.18504137021e-07
6.8257893017e-07
6.48449983661e-07
6.16027484478e-07
5.85226110254e-07
5.55964804741e-07
5.28166564504e-07
5.01758236279e-07
4.76670324465e-07
4.52836808242e-07
4.3019496783e-07
4.08685219438e-07
3.88250958466e-07
3.68838410543e-07
3.50396490016e-07
3.32876665515e-07
3.16232832239e-07
3.00421190627e-07
2.85400131096e-07
2.71130124541e-07
2.57573618314e-07
2.44694937398e-07
2.32460190529e-07
2.20837181002e-07
2.09795321952e-07
1.99305555854e-07
1.89340278062e-07
1.79873264159e-07
1.70879600951e-07
1.62335620903e-07
1.54218839858e-07
1.46507897865e-07
1.39182502972e-07
1.32223377823e-07
1.25612208932e-07
1.19331598485e-07
1.13365018561e-07
1.07696767633e-07
1.02311929251e-07
9.71963327889e-08
9.23365161495e-08
8.7719690342e-08
8.33337058249e-08
7.91670205336e-08
7.5208669507e-08
7.14482360316e-08
6.787582423e-08
6.44820330185e-08
6.12579313676e-08
5.81950347992e-08
5.52852830593e-08
5.25210189063e-08
4.9894967961e-08
4.74002195629e-08
4.50302085848e-08
4.27786981555e-08
4.06397632478e-08
3.86077750854e-08
3.66773863311e-08
3.48435170146e-08
3.31013411638e-08
3.14462741056e-08
2.98739604004e-08
2.83802623803e-08
2.69612492613e-08
2.56131867983e-08
2.43325274583e-08
2.31159010854e-08
2.19601060312e-08
2.08621007296e-08
1.98189956931e-08
1.88280459085e-08
1.7886643613e-08
1.69923114324e-08
1.61426958608e-08
1.53355610677e-08
1.45687830143e-08
1.38403438636e-08
1.31483266704e-08
1.24909103369e-08
1.18663648201e-08
1.12730465791e-08
1.07093942501e-08
1.01739245376e-08
9.66522831073e-09
9.1819668952e-09
8.72286855044e-09
8.28672512291e-09
7.87238886677e-09
7.47876942343e-09
7.10483095226e-09
6.74958940465e-09
6.41210993441e-09
6.09150443769e-09
5.78692921581e-09
5.49758275502e-09
5.22270361727e-09
4.9615684364e-09
4.71349001458e-09
4.47781551385e-09
4.25392473816e-09
4.04122850125e-09
3.83916707619e-09
3.64720872238e-09
3.46484828626e-09
3.29160587195e-09
3.12702557835e-09
2.97067429943e-09
2.82214058446e-09
2.68103355524e-09
2.54698187748e-09
2.4196327836e-09
2.29865114442e-09
2.1837185872e-09
2.07453265784e-09
1.97080602495e-09
1.8722657237e-09
1.77865243752e-09
1.68971981564e-09
1.60523382486e-09
1.52497213362e-09
1.44872352694e-09
1.37628735059e-09
1.30747298306e-09
1.24209933391e-09
1.17999436721e-09
1.12099464885e-09
1.06494491641e-09
1.01169767059e-09
9.61112787058e-10
9.13057147705e-10
8.6740429032e-10
8.24034075804e-10
7.82832372014e-10
7.43690753413e-10
7.06506215742e-10
6.71180904955e-10
6.37621859707e-10
6.05740766722e-10
5.75453728386e-10
5.46681041967e-10
5.19346989868e-10
4.93379640375e-10
4.68710658356e-10
4.45275125438e-10
4.23011369166e-10
4.01860800708e-10
3.81767760673e-10
3.62679372639e-10
3.44545404007e-10
3.27318133807e-10
3.10952227116e-10
2.95404615761e-10
2.80634384973e-10
2.66602665724e-10
2.53272532438e-10
2.40608905816e-10
2.28578460525e-10
2.17149537499e-10
2.06292060624e-10
1.95977457593e-10
1.86178584713e-10
1.76869655477e-10
1.68026172704e-10
1.59624864068e-10
1.51643620865e-10
1.44061439822e-10
1.36858367831e-10
1.30015449439e-10
1.23514676967e-10
1.17338943119e-10
1.11471995963e-10
1.05898396165e-10
1.00603476356e-10
9.55733025386e-11
9.07946374117e-11
8.62549055411e-11
8.19421602641e-11
7.78450522509e-11
7.39527996383e-11
7.02551596564e-11
6.67424016736e-11
6.34052815899e-11
6.02350175104e-11
5.72232666349e-11
5.43621033031e-11
5.1643998138e-11
4.90617982311e-11
4.66087083195e-11
4.42782729036e-11
4.20643592584e-11
3.99611412955e-11
3.79630842307e-11
3.60649300192e-11
3.42616835182e-11
3.25485993423e-11
3.09211693752e-11
2.93751109064e-11
2.79063553611e-11
2.6511037593e-11
2.51854857134e-11
2.39262114277e-11
2.27299008563e-11
2.15934058135e-11
2.05137355228e-11
1.94880487467e-11
1.85136463094e-11
1.75879639939e-11
1.67085657942e-11
1.58731375045e-11
1.50794806293e-11
1.43255065978e-11
1.36092312679e-11
1.29287697045e-11
1.22823312193e-11
1.16682146583e-11
1.10848039254e-11
1.05305637291e-11
1.00040355427e-11
9.50383376555e-12
9.02864207727e-12
8.57720997341e-12
8.14834947474e-12
7.740932001e-12
7.35388540095e-12
6.9861911309e-12
6.63688157436e-12
6.30503749564e-12
5.98978562086e-12
5.69029633981e-12
5.40578152282e-12
5.13549244668e-12
4.87871782435e-12
4.63478193313e-12
4.40304283647e-12
4.18289069465e-12
3.97374615992e-12
3.77505885192e-12
3.58630590933e-12
3.40699061386e-12
3.23664108317e-12
3.07480902901e-12
2.92106857756e-12
2.77501514868e-12
2.63626439125e-12
2.50445117168e-12
2.3792286131e-12
2.26026718244e-12
2.14725382332e-12
2.03989113216e-12
1.93789657555e-12
1.84100174677e-12
1.74895165943e-12
1.66150407646e-12
1.57842887264e-12
1.49950742901e-12
1.42453205756e-12
1.35330545468e-12
1.28564018194e-12
1.22135817285e-12
1.1602902642e-12
1.10227575099e-12
1.04716196344e-12
9.94803865272e-13
9.45063672009e-13
8.97810488408e-13
8.52919963988e-13
8.10273965788e-13
7.69760267499e-13
7.31272254124e-13
6.94708641418e-13
6.59973209347e-13
6.2697454888e-13
5.95625821436e-13
5.65844530364e-13
5.37552303846e-13
5.10674688653e-13
4.85140954221e-13
4.6088390651e-13
4.37839711184e-13
4.15947725625e-13
3.95150339344e-13
3.75392822377e-13
3.56623181258e-13
3.38792022195e-13
3.21852421085e-13
3.05759800031e-13
2.90471810029e-13
2.75948219528e-13
2.62150808551e-13
2.49043268124e-13
2.36591104718e-13
2.24761549482e-13
2.13523472008e-13
2.02847298407e-13
1.92704933487e-13
1.83069686813e-13
1.73916202472e-13
1.65220392348e-13
1.56959372731e-13
1.49111404094e-13
1.4165583389e-13
1.34573042195e-13
1.27844390085e-13
1.21452170581e-13
1.15379562052e-13
1.09610583949e-13
1.04130054752e-13
9.89235520144e-14
9.39773744137e-14
8.9278505693e-14
8.48145804084e-14
8.05738513879e-14
7.65451588185e-14
7.27179008776e-14
6.90820058337e-14
6.56279055421e-14
6.2346510265e-14
5.92291847517e-14
5.62677255141e-14
5.34543392384e-14
5.07816222765e-14
4.82425411627e-14
4.58304141045e-14
4.35388933993e-14
4.13619487293e-14
3.92938512929e-14
3.73291587282e-14
3.54627007918e-14
3.36895657522e-14
3.20050874646e-14
3.04048330914e-14
2.88845914368e-14
2.7440361865e-14
2.60683437717e-14
2.47649265831e-14
2.3526680254e-14
2.23503462413e-14
2.12328289292e-14
2.01711874828e-14
1.91626281086e-14
1.82044967032e-14
1.7294271868e-14
1.64295582746e-14
1.56080803609e-14
1.48276763429e-14
1.40862925257e-14
1.33819778994e-14
1.27128790045e-14
1.20772350542e-14
1.14733733015e-14
1.08997046364e-14
1.03547194046e-14
9.83698343439e-15
9.34513426267e-15
8.87787754954e-15
8.43398367206e-15
8.01228448846e-15
7.61167026403e-15
7.23108675083e-15
6.86953241329e-15
6.52605579263e-15
6.199753003e-15
5.88976535285e-15
5.5952770852e-15
5.31551323094e-15
5.0497375694e-15
4.79725069093e-15
4.55738815638e-15
4.32951874856e-15
4.11304281113e-15
3.90739067058e-15
3.71202113705e-15
3.52642008019e-15
3.35009907619e-15
3.18259412238e-15
3.02346441626e-15
2.87229119544e-15
2.72867663567e-15
2.59224280389e-15
2.46263066369e-15
2.33949913051e-15
2.22252417398e-15
2.11139796528e-15
2.00582806702e-15
1.90553666367e-15
1.81025983049e-15
1.71974683896e-15
1.63375949701e-15
1.55207152216e-15
1.47446794605e-15
1.40074454875e-15
1.33070732131e-15
1.26417195525e-15
1.20096335749e-15
1.14091518961e-15
1.08386943013e-15
1.02967595862e-15
9.78192160694e-16
9.29282552659e-16
8.82818425026e-16
8.38677503775e-16
7.96743628586e-16
7.56906447157e-16
7.19061124799e-16
6.83108068559e-16
6.48952665131e-16
6.16505031874e-16
5.85679780281e-16
5.56395791267e-16
5.28576001703e-16
5.02147201618e-16
4.77039841537e-16
4.5318784946e-16
4.30528456987e-16
4.09002034138e-16
3.88551932431e-16
3.69124335809e-16
3.50668119019e-16
3.33134713068e-16
3.16477977415e-16
3.00654078544e-16
2.85621374617e-16
2.71340305886e-16
2.57773290592e-16
2.44884626062e-16
2.32640394759e-16
2.21008375021e-16
2.0995795627e-16
1.99460058456e-16
1.89487055534e-16
1.80012702757e-16
1.71012067619e-16
1.62461464238e-16
1.54338391026e-16
1.46621471475e-16
1.39290397901e-16
1.32325878006e-16
1.25709584106e-16
1.19424104901e-16
1.13452899655e-16
1.07780254673e-16
1.02391241939e-16
9.72716798421e-17
9.240809585e-17
8.77876910575e-17
8.33983065046e-17
7.92283911794e-17
7.52669716204e-17
7.15036230394e-17
6.79284418874e-17
6.45320197931e-17
6.13054188034e-17
5.82401478632e-17
5.53281404701e-17
5.25617334466e-17
4.99336467743e-17
4.74369644355e-17
4.50651162138e-17
4.28118604031e-17
4.06712673829e-17
3.86377040138e-17
3.67058188131e-17
3.48705278724e-17
3.31270014788e-17
3.14706514049e-17
2.98971188346e-17
2.84022628929e-17
2.69821497482e-17
2.56330422608e-17
2.43513901478e-17
2.31338206404e-17
2.19771296084e-17
2.0878273128e-17
1.98343594716e-17
1.8842641498e-17
1.79005094231e-17
1.70054839519e-17
1.61552097543e-17
1.53474492666e-17
1.45800768033e-17
1.38510729631e-17
1.3158519315e-17
1.25005933492e-17
1.18755636818e-17
1.12817854977e-17
1.07176962228e-17
1.01818114116e-17
9.67272084107e-18
9.18908479901e-18
8.72963055906e-18
8.29314903111e-18
7.87849157955e-18
7.48456700058e-18
7.11033865055e-18
6.75482171802e-18
6.41708063212e-18
6.09622660051e-18
5.79141527049e-18
5.50184450696e-18
5.22675228162e-18
4.96541466753e-18
4.71714393416e-18
4.48128673745e-18
4.25722240058e-18
4.04436128055e-18
3.84214321652e-18
3.65003605569e-18
3.46753425291e-18
3.29415754026e-18
3.12944966325e-18
2.97297718009e-18
2.82432832108e-18
2.68311190503e-18
2.54895630978e-18
2.42150849429e-18
2.30043306958e-18
2.1854114161e-18
2.07614084529e-18
1.97233380303e-18
1.87371711288e-18
1.78003125723e-18
1.69102969437e-18
1.60647820965e-18
1.52615429917e-18
1.44984658421e-18
1.377354255e-18
1.30848654225e-18
1.24306221514e-18
1.18090910438e-18
1.12186364916e-18
1.0657704667e-18
1.01248194337e-18
9.618578462e-19
9.1376495389e-19
8.68076706196e-19
8.24672870886e-19
7.83439227342e-19
7.44267265974e-19
7.07053902676e-19
6.71701207542e-19
6.38116147165e-19
6.06210339807e-19
5.75899822816e-19
5.47104831675e-19
5.19749590092e-19
4.93762110587e-19
4.69074005058e-19
4.45620304805e-19
4.23339289565e-19
4.02172325086e-19
3.82063708832e-19
3.6296052339e-19
3.44812497221e-19
3.2757187236e-19
3.11193278742e-19
2.95633614805e-19
2.80851934065e-19
2.66809337361e-19
2.53468870493e-19
2.40795426969e-19
2.2875565562e-19
2.17317872839e-19
2.06451979197e-19
1.96129380237e-19
1.86322911225e-19
1.77006765664e-19
1.68156427381e-19
1.59748606012e-19
1.51761175711e-19
1.44173116926e-19
1.36964461079e-19
1.30116238026e-19
1.23610426124e-19
1.17429904818e-19
1.11558409577e-19
1.05980489098e-19
1.00681464643e-19
9.56473914112e-20
9.08650218406e-20
8.63217707486e-20
8.20056822112e-20
7.79053981006e-20
7.40101281956e-20
7.03096217858e-20
6.67941406965e-20
6.34544336617e-20
6.02817119786e-20
5.72676263797e-20
5.44042450607e-20
5.16840328077e-20
4.90998311673e-20
4.66448396089e-20
4.43125976285e-20
4.2096967747e-20
3.99921193597e-20
3.79925133917e-20
3.60928877221e-20
3.4288243336e-20
3.25738311692e-20
3.09451396107e-20
2.93978826302e-20
2.79279884987e-20
2.65315890738e-20
2.52050096201e-20
2.39447591391e-20
2.27475211821e-20
2.1610145123e-20
2.05296378669e-20
1.95031559735e-20
1.85279981748e-20
1.76015982661e-20
1.67215183528e-20
1.58854424352e-20
1.50911703134e-20
1.43366117977e-20
1.36197812078e-20
1.29387921475e-20
1.22918525401e-20
1.16772599131e-20
1.10933969174e-20
1.05387270715e-20
1.0011790718e-20
9.51120118207e-21
9.03564112297e-21
8.58385906682e-21
8.15466611348e-21
7.74693280781e-21
7.35958616742e-21
6.99160685905e-21
6.64202651609e-21
6.30992519029e-21
5.99442893077e-21
5.69470748424e-21
5.40997211002e-21
5.13947350452e-21
4.8824998293e-21
4.63837483783e-21
4.40645609594e-21
4.18613329114e-21
3.97682662659e-21
3.77798529526e-21
3.58908603049e-21
3.40963172897e-21
3.23915014252e-21
3.07719263539e-21
2.92333300362e-21
2.77716635344e-21
2.63830803577e-21
2.50639263398e-21
2.38107300228e-21
2.26201935217e-21
2.14891838456e-21
2.04147246533e-21
1.93939884207e-21
1.84242889996e-21
1.75030745496e-21
1.66279208222e-21
1.57965247811e-21
1.5006698542e-21
1.42563636149e-21
1.35435454342e-21
1.28663681625e-21
1.22230497543e-21
1.16118972666e-21
1.10313024033e-21
1.04797372831e-21
9.95575041896e-22
9.45796289801e-22
8.98506475311e-22
8.53581151546e-22
8.10902093968e-22
7.7035698927e-22
7.31839139806e-22
6.95247182816e-22
6.60484823675e-22
6.27460582492e-22
5.96087553367e-22
5.66283175699e-22
5.37969016914e-22
5.11070566068e-22
4.85517037765e-22
4.61241185876e-22
4.38179126583e-22
4.16270170253e-22
3.95456661741e-22
3.75683828654e-22
3.56899637221e-22
3.3905465536e-22
3.22101922592e-22
3.05996826462e-22
2.90696985139e-22
2.76162135882e-22
2.62354029088e-22
2.49236327634e-22
2.36774511252e-22
2.24935785689e-22
2.13688996405e-22
2.03004546585e-22
1.92854319256e-22
1.83211603293e-22
1.74051023128e-22
1.65348471972e-22
1.57081048373e-22
1.49226995954e-22
1.41765646157e-22
1.34677363849e-22
1.27943495656e-22
1.21546320874e-22
1.1546900483e-22
1.09695554588e-22
1.04210776859e-22
9.90002380161e-23
9.40502261153e-23
8.93477148095e-23
8.4880329069e-23
8.06363126156e-23
7.66044969848e-23
7.27742721356e-23
6.91355585288e-23
6.56787806024e-23
6.23948415722e-23
5.92750994936e-23
5.63113445189e-23
5.3495777293e-23
5.08209884283e-23
4.82799390069e-23
4.58659420566e-23
4.35726449538e-23
4.13940127061e-23
3.93243120708e-23
3.73580964672e-23
3.54901916439e-23
3.37156820617e-23
3.20298979586e-23
3.04284030607e-23
2.89069829076e-23
2.74616337622e-23
2.60885520741e-23
2.47841244704e-23
2.35449182469e-23
2.23676723346e-23
2.12492887178e-23
2.01868242819e-23
1.91774830678e-23
1.82186089144e-23
1.73076784687e-23
1.64422945453e-23
1.5620179818e-23
1.48391708271e-23
1.40972122858e-23
1.33923516715e-23
1.27227340879e-23
1.20865973835e-23
1.14822675143e-23
1.09081541386e-23
1.03627464317e-23
9.8446091101e-24
9.3523786546e-24
8.88475972187e-24
8.44052173577e-24
8.01849564899e-24
7.61757086654e-24
7.23669232321e-24
6.87485770705e-24
6.5311148217e-24
6.20455908061e-24
5.89433112658e-24
5.59961457025e-24
5.31963384174e-24
5.05365214965e-24
4.80096954217e-24
4.56092106506e-24
4.33287501181e-24
4.11623126122e-24
3.91041969816e-24
3.71489871325e-24
3.52915377759e-24
3.35269608871e-24
3.18506128427e-24
3.02580822006e-24
2.87451780906e-24
2.7307919186e-24
2.59425232267e-24
2.46453970654e-24
2.34131272121e-24
2.22424708515e-24
2.11303473089e-24
2.00738299435e-24
1.90701384463e-24
1.8116631524e-24
1.72107999478e-24
1.63502599504e-24
1.55327469529e-24
1.47561096052e-24
1.4018304125e-24
1.33173889187e-24
1.26515194728e-24
1.20189434992e-24
1.14179963242e-24
1.0847096508e-24
1.03047416826e-24
9.78950459846e-25
9.30002936854e-25
8.83502790011e-25
8.39327650511e-25
7.97361267985e-25
7.57493204586e-25
7.19618544356e-25
6.83637617139e-25
6.49455736282e-25
6.16982949468e-25
5.86133801994e-25
5.56827111895e-25
5.289857563e-25
5.02536468485e-25
4.77409645061e-25
4.53539162808e-25
4.30862204667e-25
4.09319094434e-25
3.88853139712e-25
3.69410482727e-25
3.5093995859e-25
3.33392960661e-25
3.16723312628e-25
3.00887146996e-25
2.85842789646e-25
2.71550650164e-25
2.57973117656e-25
2.45074461773e-25
2.32820738684e-25
2.2117970175e-25
2.10120716663e-25
1.9961468083e-25
1.89633946788e-25
1.80152249449e-25
1.71144636976e-25
1.62587405127e-25
1.54458034871e-25
1.46735133128e-25
1.39398376471e-25
1.32428457648e-25
1.25807034765e-25
1.19516683027e-25
1.13540848876e-25
1.07863806432e-25
1.0247061611e-25
9.73470853047e-26
9.24797310395e-26
8.78557444875e-26
8.34629572631e-26
7.92898094e-26
7.532531893e-26
7.15590529835e-26
6.79811003343e-26
6.45820453176e-26
6.13529430517e-26
5.82852958991e-26
5.53710311042e-26
5.2602479549e-26
4.99723555715e-26
4.74737377929e-26
4.51000509033e-26
4.28450483581e-26
4.07027959402e-26
3.86676561432e-26
3.67342733361e-26
3.48975596692e-26
3.31526816858e-26
3.14950476015e-26
2.99202952214e-26
2.84242804604e-26
2.70030664373e-26
2.56529131155e-26
2.43702674597e-26
2.31517540867e-26
2.19941663824e-26
2.08944580633e-26
1.98497351601e-26
1.88572484021e-26
1.7914385982e-26
1.70186666829e-26
1.61677333487e-26
1.53593466813e-26
1.45913793472e-26
1.38618103799e-26
1.31687198609e-26
1.25102838678e-26
1.18847696744e-26
1.12905311907e-26
1.07260046312e-26
1.01897043996e-26
9.68021917965e-27
9.19620822066e-27
8.73639780963e-27
8.29957791915e-27
7.88459902319e-27
7.49036907203e-27
7.11585061843e-27
6.76005808751e-27
6.42205518313e-27
6.10095242398e-27
5.79590480278e-27
5.50610956264e-27
5.23080408451e-27
4.96926388028e-27
4.72080068627e-27
4.48476065195e-27
4.26052261936e-27
4.04749648839e-27
3.84512166397e-27
3.65286558077e-27
3.47022230173e-27
3.29671118665e-27
3.13187562731e-27
2.97528184595e-27
2.82651775365e-27
2.68519186597e-27
2.55093227267e-27
2.42338565904e-27
2.30221637608e-27
2.18710555728e-27
2.07775027942e-27
1.97386276545e-27
1.87516962717e-27
1.78141114581e-27
1.69234058852e-27
1.6077235591e-27
1.52733738114e-27
1.45097051209e-27
1.37842198648e-27
1.30950088716e-27
1.2440258428e-27
1.18182455066e-27
1.12273332313e-27
1.06659665697e-27
1.01326682412e-27
9.62603482915e-28
9.1447330877e-28
8.68749643331e-28
8.25312161165e-28
7.84046553106e-28
7.44844225451e-28
7.07602014179e-28
6.7222191347e-28
6.38610817796e-28
6.06680276906e-28
5.76346263061e-28
5.47528949908e-28
5.20152502413e-28
4.94144877292e-28
4.69437633427e-28
4.45965751756e-28
4.23667464168e-28
4.0248409096e-28
3.82359886412e-28
3.63241892091e-28
3.45079797487e-28
3.27825807612e-28
3.11434517232e-28
2.9586279137e-28
2.81069651802e-28
2.67016169212e-28
2.53665360751e-28
2.40982092713e-28
2.28932988078e-28
2.17486338674e-28
2.0661202174e-28
1.96281420653e-28
1.8646734962e-28
1.77143982139e-28
1.68286783032e-28
1.59872443881e-28
1.51878821687e-28
1.44284880602e-28
1.37070636572e-28
1.30217104744e-28
1.23706249507e-28
1.17520937031e-28
1.1164489018e-28
1.06062645671e-28
1.00759513387e-28
9.57215377178e-29
9.09354608319e-29
8.63886877903e-29
8.20692534008e-29
7.79657907307e-29
7.40675011942e-29
7.03641261345e-29
6.68459198278e-29
6.35036238364e-29
6.03284426446e-29
5.73120205123e-29
5.44464194867e-29
5.17240985124e-29
4.91378935868e-29
4.66809989074e-29
4.43469489621e-29
4.2129601514e-29
4.00231214383e-29
3.80219653663e-29
3.6120867098e-29
3.43148237431e-29
3.2599082556e-29
3.09691284282e-29
2.94206720068e-29
2.79496384064e-29
2.65521564861e-29
2.52245486618e-29
2.39633212287e-29
2.27651551673e-29
2.16268974089e-29
2.05455525385e-29
1.95182749115e-29
1.8542361166e-29
1.76152431077e-29
1.67344809523e-29
1.58977569047e-29
1.51028690594e-29
1.43477256065e-29
1.36303393261e-29
1.29488223598e-29
1.23013812418e-29
1.16863121797e-29
1.11019965708e-29
1.05468967422e-29
1.00195519051e-29
9.51857430986e-30
9.04264559436e-30
8.59051331464e-30
8.16098764891e-30
7.75293826647e-30
7.36529135314e-30
6.99702678549e-30
6.64717544621e-30
6.3148166739e-30
5.99907584021e-30
5.6991220482e-30
5.41416594579e-30
5.1434576485e-30
4.88628476607e-30
4.64197052777e-30
4.40987200138e-30
4.18937840131e-30
3.97990948125e-30
3.78091400718e-30
3.59186830682e-30
3.41227489148e-30
3.24166114691e-30
3.07957808956e-30
2.92559918509e-30
2.77931922583e-30
2.64035326454e-30
2.50833560131e-30
2.38291882125e-30
2.26377288018e-30
2.15058423618e-30
2.04305502437e-30
1.94090227315e-30
1.84385715949e-30
1.75166430152e-30
1.66408108644e-30
1.58087703212e-30
1.50183318051e-30
1.42674152149e-30
1.35540444541e-30
1.28763422314e-30
1.22325251198e-30
1.16208988639e-30
1.10398539207e-30
1.04878612246e-30
9.9634681634e-31
9.46529475523e-31
8.99203001747e-31
8.54242851659e-31
8.11530709076e-31
7.70954173623e-31
7.32406464941e-31
6.95786141694e-31
6.6099683461e-31
6.27946992879e-31
5.96549643235e-31
5.66722161073e-31
5.3838605302e-31
5.11466750369e-31
4.8589341285e-31
4.61598742208e-31
4.38518805097e-31
4.16592864843e-31
3.957632216e-31
3.7597506052e-31
3.57176307494e-31
3.3931749212e-31
3.22351617514e-31
3.06234036638e-31
2.90922334806e-31
2.76376218066e-31
2.62557407162e-31
2.49429536804e-31
2.36958059964e-31
2.25110156966e-31
2.13854649118e-31
2.03161916662e-31
1.93003820829e-31
1.83353629787e-31
1.74185948298e-31
1.65476650883e-31
1.57202818339e-31
1.49342677422e-31
1.41875543551e-31
1.34781766373e-31
1.28042678055e-31
1.21640544152e-31
1.15558516944e-31
1.09780591097e-31
1.04291561542e-31
9.90769834651e-32
9.41231342918e-32
8.94169775773e-32
8.49461286984e-32
8.06988222635e-32
7.66638811503e-32
7.28306870928e-32
6.91891527381e-32
6.57296951012e-32
6.24432103462e-32
5.93210498289e-32
5.63549973374e-32
5.35372474706e-32
5.0860385097e-32
4.83173658422e-32
4.59014975501e-32
4.36064226726e-32
4.14261015389e-32
3.9354796462e-32
3.73870566389e-32
3.55177038069e-32
3.37418186166e-32
3.20547276858e-32
3.04519913015e-32
2.89293917364e-32
2.74829221496e-32
2.61087760421e-32
2.480333724e-32
2.3563170378e-32
2.23850118591e-32
2.12657612661e-32
2.02024732028e-32
1.91923495427e-32
1.82327320656e-32
1.73210954623e-32
1.64550406892e-32
1.56322886547e-32
1.4850674222e-32
1.41081405109e-32
1.34027334853e-32
1.27325968111e-32
1.20959669705e-32
1.1491168622e-32
1.09166101909e-32
1.03707796813e-32
9.85224069728e-33
9.35962866241e-33
8.89164722929e-33
8.44706486783e-33
8.02471162444e-33
7.62347604321e-33
7.24230224105e-33
6.880187129e-33
6.53617777255e-33
6.20936888392e-33
5.89890043973e-33
5.60395541774e-33
5.32375764685e-33
5.05756976451e-33
4.80469127628e-33
4.56445671247e-33
4.33623387685e-33
4.119422183e-33
3.91345107385e-33
3.71777852016e-33
3.53188959415e-33
3.35529511445e-33
3.18753035872e-33
3.02815384079e-33
2.87674614875e-33
2.73290884131e-33
2.59626339925e-33
2.46645022928e-33
2.34312771782e-33
2.22597133193e-33
2.11467276533e-33
2.00893912706e-33
1.90849217071e-33
1.81306756218e-33
1.72241418407e-33
1.63629347486e-33
1.55447880112e-33
1.47675486106e-33
1.40291711801e-33
1.33277126211e-33
1.26613269901e-33
1.20282606406e-33
1.14268476085e-33
1.08555052281e-33
1.03127299667e-33
9.79709346836e-34
9.30723879494e-34
8.84187685519e-34
8.39978301243e-34
7.97979386181e-34
7.58080416872e-34
7.20176396028e-34
6.84167576227e-34
6.49959197416e-34
6.17461237545e-34
5.86588175668e-34
5.57258766884e-34
5.2939582854e-34
5.02926037113e-34
4.77779735257e-34
4.53890748495e-34
4.3119621107e-34
4.09636400516e-34
3.89154580491e-34
3.69696851466e-34
3.51212008893e-34
3.33651408448e-34
3.16968838026e-34
3.01120396124e-34
2.86064376318e-34
2.71761157502e-34
2.58173099627e-34
2.45264444646e-34
2.33001222413e-34
2.21351161293e-34
2.10283603228e-34
1.99769423067e-34
1.89780951913e-34
1.80291904318e-34
1.71277309102e-34
1.62713443647e-34
1.54577771464e-34
1.46848882891e-34
1.39506438747e-34
1.32531116809e-34
1.25904560969e-34
1.1960933292e-34
1.13628866274e-34
1.07947422961e-34
1.02550051813e-34
9.7422549222e-35
9.25514217609e-35
8.79238506729e-35
8.35276581392e-35
7.93512752323e-35
7.53837114706e-35
7.16145258971e-35
6.80337996023e-35
6.46321096221e-35
6.1400504141e-35
5.8330478934e-35
5.54139549873e-35
5.26432572379e-35
5.0011094376e-35
4.75105396572e-35
4.51350126744e-35
4.28782620406e-35
4.07343489386e-35
3.86976314917e-35
3.67627499171e-35
3.49246124212e-35
3.31783818002e-35
3.15194627102e-35
2.99434895747e-35
2.84463150959e-35
2.70239993411e-35
2.56727993741e-35
2.43891594054e-35
2.31697014351e-35
2.20112163633e-35
2.09106555452e-35
1.98651227679e-35
1.88718666295e-35
1.7928273298e-35
1.70318596331e-35
1.61802666515e-35
1.53712533189e-35
1.4602690653e-35
1.38725561203e-35
1.31789283143e-35
1.25199818986e-35
1.18939828037e-35
1.12992836635e-35
1.07343194803e-35
1.01976035063e-35
9.68772333097e-36
9.20333716442e-36
8.7431703062e-36
8.30601179089e-36
7.89071120135e-36
7.49617564128e-36
7.12136685922e-36
6.76529851626e-36
6.42703359044e-36
6.10568191092e-36
5.80039781538e-36
5.51037792461e-36
5.23485902838e-36
4.97311607696e-36
4.72446027311e-36
4.48823725945e-36
4.26382539648e-36
4.05063412666e-36
3.84810242032e-36
3.65569729931e-36
3.47291243434e-36
3.29926681263e-36
3.13430347199e-36
2.97758829839e-36
2.82870888347e-36
2.6872734393e-36
2.55290976734e-36
2.42526427897e-36
2.30400106502e-36
2.18880101177e-36
2.07936096118e-36
1.97539291312e-36
1.87662326747e-36
1.78279210409e-36
1.69365249889e-36
1.60896987394e-36
1.52852138025e-36
1.45209531123e-36
1.37949054567e-36
1.31051601839e-36
1.24499021747e-36
1.1827407066e-36
1.12360367127e-36
1.0674234877e-36
1.01405231332e-36
9.63349697652e-37
9.15182212769e-37
8.69423102131e-37
8.25951947024e-37
7.84654349673e-37
7.45421632189e-37
7.0815055058e-37
6.72743023051e-37
6.39105871898e-37
6.07150578303e-37
5.76793049388e-37
5.47953396919e-37
5.20555727073e-37
4.94527940719e-37
4.69801543683e-37
4.46311466499e-37
4.23995893174e-37
4.02796098515e-37
3.8265629359e-37
3.6352347891e-37
3.45347304965e-37
3.28079939716e-37
3.11675942731e-37
2.96092145594e-37
2.81287538314e-37
2.67223161399e-37
2.53862003329e-37
2.41168903162e-37
2.29110458004e-37
2.17654935104e-37
2.06772188349e-37
1.96433578931e-37
1.86611899985e-37
1.77281304986e-37
1.68417239736e-37
1.59996377749e-37
1.51996558862e-37
1.44396730919e-37
1.37176894373e-37
1.30318049654e-37
1.23802147172e-37
1.17612039813e-37
1.11731437822e-37
1.06144865931e-37
1.00837622635e-37
9.57957415029e-38
9.10059544278e-38
8.64556567064e-38
8.21328738711e-38
7.80262301775e-38
7.41249186687e-38
7.04186727352e-38
6.68977390985e-38
6.35528521435e-38
6.03752095364e-38
5.73564490595e-38
5.44886266066e-38
5.17641952762e-38
4.91759855124e-38
4.67171862368e-38
4.4381326925e-38
4.21622605787e-38
