1.12131200272
-0.20114578521
0.205927971509
-0.128441323987
0.241366469121
-0.149885767168
-0.135738768315
0.326889568719
0.176046009035
0.144299572172
-0.474898001845
0.0516057477219
0.0803225193585
-0.39842611415
0.271275653844
-0.00596842511375
0.983904299011
-0.296472577336
-0.00844990810826
-0.103700775575
0.0700460966279
0.0122433622967
-0.442933257059
0.914788273656
0.110244684223
0.138124665106
-0.623616514512
-0.27517821484
0.329165349894
-0.816304269194
0.486228437961
0.0410825553986
1.08151811384
-0.437653075122
-0.444959401272
0.157582807068
-0.35256967134
0.354503150532
-0.589173965568
1.2162470684
0.259839298662
-0.230269694986
-0.389188597149
-0.595786930833
0.59953245622
-0.937374956747
0.628634984984
0.238524035833
0.693330633286
-0.25639485165
-0.913746617249
0.459015741469
-0.586249470585
0.445821639324
-0.331063318726
0.924406811286
0.444495850497
-0.653267528572
-0.0546428058053
-0.688558978602
0.627042564484
46.0805357212
-8.33208414455
5.44369302557
-5.06811371507
7.84528254375
-4.74108216296
-5.11432725284
9.43291632042
7.80860181684
9.18613423076
-17.4538317241
1.34586114527
3.09467696638
-12.7058108332
4.84518208634
3.61031034955
23.4475727402
-6.85924064713
-0.757615814741
-3.86094712665
3.9501866627
-1.84481761285
-8.53809991593
17.9399416783
5.74460875128
0.90060608029
-10.4298560484
-0.553690758104
2.80226589374
-9.52789540011
4.53824393626
4.24469543153
14.2643200239
-7.6506920319
-5.01471494779
1.68645326329
-0.998289105593
-1.33650731296
-2.99797018553
13.3585583089
2.78126066523
-3.32977615022
-5.22585225268
-0.287782156199
2.77631260424
-6.79370510522
4.12518743537
5.41652091756
5.0291018173
-5.93289600397
-3.62495428151
2.84323987549
-1.88620784773
-0.773343757973
0.280487386447
7.34271749788
0.779208048062
-4.46299714248
-1.47081198735
0.686436921046
0.905761594067
114.60399551
-16.1893554688
14.1837099307
-12.7605414749
9.81817329682
-3.90784740548
-1.52886954469
6.65378854734
27.86942317
24.0312056724
-20.4063592095
-5.18399493856
9.77834780942
-10.3024025292
10.8030683331
11.864572044
28.7060509973
-6.85570727386
2.27861400239
-15.4382940736
11.2611556136
1.03180216545
-1.38157618039
14.6453341653
15.1476745163
-3.62377596482
-8.40004125145
-2.02367609056
5.32209686191
1.38980433019
6.88158506992
2.78913616246
11.0004109433
-5.83376094925
-4.62490466164
-1.9470844788
7.80348450525
0.0493494337161
3.94551512321
4.14874089054
1.90867219952
-3.61824367025
-2.35514022948
-0.0282316495311
5.99455927228
1.07843180812
1.77969456086
1.06485962352
1.64460805892
-3.98675582701
0.172891939609
1.29735591926
3.76744930878
0.448643985582
0.968692796404
-0.547660928969
0.427916822668
-1.73486238627
0.366947545933
1.63867297651
2.44304165419
123.683492954
-20.1867782104
21.1441300322
-9.58172533128
7.25780733971
-1.65368673065
3.20125398416
-2.00088194706
25.4309989383
4.06583317639
-1.54541918807
-13.5626854731
9.16003905281
1.78754673274
7.13873206014
5.91836116288
27.2046321082
-4.92112719539
11.1922629296
-9.43229431346
9.70061722917
3.47726682002
3.03760067244
5.09902322631
8.02475593635
-4.19579098531
3.27217936147
-4.69560576228
5.45882051353
0.325091085432
5.10634996598
-1.10047696269
6.75600832734
-1.33420475489
4.60931543801
-1.45793777529
5.5639446086
1.83866695666
1.92982688998
2.09721605472
1.65162947669
-0.863267786321
2.69283279387
-1.02606051749
3.41190183032
-0.979163287355
2.29351410745
-1.02260536605
1.54317257401
-0.305278817839
2.19624444165
0.248870333245
1.73541694046
0.862225313881
0.680099706218
0.676051839779
0.736195371269
0.140534270928
1.31954421938
-0.177964189192
1.52754615635
128.535313301
-18.7775875931
22.8391047142
1.0494769693
10.4207322284
0.458970374715
-8.29412210003
25.7577869917
1.44446214003
4.01416587567
1.34734604899
-2.38181507156
9.20696823106
-9.13194064074
7.36333000208
-4.76422978802
38.0627581751
-8.74053263003
9.49628808231
4.46346601975
3.23998983698
6.10992464735
-9.48803846929
19.4736990165
-1.22428252872
2.80665671817
0.248739718076
-0.422896844002
10.6085890566
-11.7970374737
9.462950307
-4.12266035596
12.8990151897
-4.529465924
1.44271913277
6.99861748475
-2.97475322521
6.56595637748
-7.36436570049
10.9779253548
-0.748524226756
-0.442770780704
2.47817264244
-1.8520251736
8.52470733781
-8.96355754303
7.00830417744
-1.76598750753
3.97729089902
-0.838374471334
-2.02133180446
6.84007911888
-4.44509249445
4.53662159876
-3.94380938798
5.01392202788
0.413522444544
-2.44388643598
3.75302453184
-2.58263414496
5.27735830606
134.279116507
-13.5364072544
10.6468711218
-8.29034927772
11.9533642561
-11.3949171392
-10.5009399755
32.3778814337
11.8762660814
20.2834837253
-5.82004637794
6.61852236882
12.5859572675
-17.6982655301
11.9900519419
-0.857255037942
35.2379696982
-8.79742462572
9.18384082588
4.14440760365
-0.907816347204
2.62231008027
-8.49602479838
17.2977532846
1.77194304715
8.3394083649
1.23693534986
0.781507476394
9.27456128865
-10.6411416196
7.71263397797
-2.12227003784
11.1616112164
-1.34686046572
1.97613061127
5.9618052622
-2.76873379978
3.50569205518
-4.74846063115
6.84008726093
1.03805438293
0.979990921675
3.36683008424
-0.358825058299
4.71009433423
-4.74880207006
3.50639405157
-0.245402827195
2.12791149533
1.01365014647
-0.0207676222755
3.7076191642
-1.83410328455
1.76475726409
-0.979795035123
1.61481529577
0.821145234276
-0.293024055052
2.29460651917
-0.512596150834
1.78675635672
261.732532496
-127.117745419
36.3484159926
-11.7557163836
117.925387056
-62.698377575
12.7192086556
22.6214160152
9.56583531373
40.1171553271
2.49704094679
16.4264301029
-38.2219667988
40.3876140401
14.5236148355
6.84104072225
-13.7692651566
38.0636531345
12.7227335944
6.77220001772
-2.86654928138
10.5970837028
6.37041707015
11.393732328
13.0778381131
-7.23752731882
9.37536037666
7.51077014384
15.6828449012
-13.6975313354
6.37201790254
6.13462079452
10.7994252173
-1.17666379663
3.48121085565
5.12412743067
3.16714761263
6.78915286616
0.581984975996
2.10115067429
1.57626958664
8.67214716583
1.08838110449
-0.0913219408462
1.40430513896
5.56929058422
1.5079564143
0.126447190293
1.48021036585
2.44129006358
2.48529091063
1.54291433489
1.29224115428
0.0935966633147
2.57124080935
2.16214009916
1.06860090263
-0.315218747107
1.98196351507
2.01786793595
0.812107730459
880.997854938
-685.025397961
157.278088594
201.549464667
364.328098242
-273.023423413
164.598713742
52.4859424293
-85.5375328912
196.381921366
-62.145371314
26.596741502
-106.567323397
159.883068722
-71.3878647334
96.8651302689
-100.482847613
74.3277306628
92.0194359714
-1.79933866593
-4.90522838883
35.7273782872
114.33275805
-39.7766992926
77.8420268423
-25.4565806444
38.0981320048
32.2191661714
22.9442351802
-33.1348852663
-0.127612294104
43.714283704
-24.3886008177
5.90555529195
-16.3962212441
31.8321295996
-15.1444011693
22.9775369584
2.37207932622
15.2908638029
10.5223142997
18.7082242753
27.591079504
-12.1406218956
29.6171559953
5.33036943738
19.3522613664
-12.6851684253
15.51618236
-2.6896422843
2.87978224063
-0.118270809312
-7.99791172227
5.27520906515
-5.47045952438
8.43653093741
-9.749941399
12.4936229499
-3.67686200075
12.2302234572
0.735185699818
3528.20447824
-3706.2965166
1134.18102438
3326.16452952
-1522.16571036
-1110.52738797
2125.80942967
901.263870668
-2222.56937937
1666.79847632
-565.01134026
-185.77427329
491.450587015
-516.142396632
-1139.2650506
1732.80986859
-486.874174358
-1435.96463145
1243.53693658
435.860052951
-364.00773287
-549.316417208
1534.30396802
-472.109935727
521.452034267
-236.798317229
452.960628443
394.088669966
-108.743170846
-84.2529101181
-130.107846486
704.794926027
-672.36312274
-55.9332227637
-262.60611583
668.417611038
-796.353184265
-98.4702645733
169.28602212
212.342920787
-320.191890339
-131.371635733
538.880132545
-201.451242711
382.239366018
-375.760391208
539.197124308
18.3324858081
225.083895246
-371.269450367
384.052556127
210.234863066
-335.230251574
-0.0756199863138
25.60807234
216.591408775
-500.083324097
173.446596077
-187.861073498
230.470566706
-324.790716327
7424.02426311
-8116.86143771
3223.65121489
7211.49012941
-4183.65207328
-1612.06096914
5103.18560163
1698.46896499
-4819.05516558
4277.45411231
-1612.92490117
160.316183877
1088.00474661
-1568.94176062
-2061.0011537
3891.59101065
-1584.27779278
-3144.12721839
2814.89750715
621.76733297
-958.383803841
-1101.91517626
2770.96191159
-657.621119769
1077.91634087
-960.396515904
1284.62278436
1069.70153597
-352.938702507
-292.521383522
294.005171334
1298.72689902
-1193.37809805
-86.2597849113
-396.253721849
1313.34289547
-1348.92658656
-448.271450042
320.179967182
612.394951504
-836.281558016
-292.68849599
845.014025426
-113.438098254
358.601077006
-551.666524987
791.588951793
230.92726375
299.078687731
-661.089200895
725.310393085
367.187640871
-424.380940441
-139.253560655
209.401299012
252.309473383
-551.179052547
46.3843216129
-167.207598304
358.987139379
-418.082958614
8798.88186857
-9929.60964337
4731.36976226
8297.41274919
-5115.67032059
-1734.98609853
6997.97906961
766.88924232
-4786.4272681
5334.31019145
-2924.90183878
1263.25756955
1319.76530234
-3036.00013831
-1848.39418711
5667.43963615
-3871.80223086
-3270.16553935
4312.92829102
-178.44068576
-1860.69227212
83.9073412512
2396.33424357
-831.231690641
1965.54979897
-1746.12542617
1737.52096978
1988.63686573
-620.734143733
-1258.98749045
2112.06721134
1158.27837074
-2264.81396419
375.079610208
459.386394212
487.723807064
-1855.18207193
93.073650768
-47.0828872717
580.194723055
-1317.66306342
-421.275821932
982.274729683
314.976592128
-746.835549805
-268.092582584
1764.97872554
-162.498647754
-317.558876351
153.410297673
1393.06348927
-306.941081792
-269.718681246
143.958963459
626.50128423
-88.4428638658
-794.80281845
87.8137227614
347.19446348
-172.267646459
-1074.0702141
9411.96437741
-9966.34148159
4545.88362971
7875.11594523
-4717.63398946
-1341.63643517
7652.99996138
-1212.26691026
-2396.11539582
5553.79610111
-4443.90716661
2424.93020367
2116.5780157
-4399.35320764
-1194.60192852
6614.19930423
-6060.44138978
-1780.12459531
4681.43545635
-1623.95293624
-1981.81635811
1798.76394199
676.150313887
-325.887204912
2322.98549078
-2233.46355068
2369.03931943
2291.52214772
-1368.24274531
-843.818483098
3685.21029454
-457.529831949
-1790.06140061
1010.10607604
833.254032074
-574.377928276
-1360.64049157
186.75972838
218.160036536
48.2569605825
-1755.89589165
350.830770888
915.204144677
-137.468885169
-1295.01858545
945.272492227
1432.63313391
-535.476502054
-554.701236481
1376.69393411
1045.60589189
-823.965717447
122.793858439
780.93511399
501.028442168
-606.648318489
-351.352299223
350.735584448
558.384871077
-1090.98785328
-624.789482629
9813.45344916
-10009.954301
3702.50267303
8597.03785879
-4584.51077173
-1456.7144995
7723.35626781
-1887.43094954
-873.885087246
4855.29337019
-4570.033092
2378.29965917
3502.64674851
-5868.00227392
-667.54372335
7277.90885707
-7055.61912775
-1136.67923411
4466.06118519
-1825.67924441
-2237.65063059
2704.12431067
-744.708437467
358.141834609
2168.83665751
-2427.55176629
2230.94118716
2556.41154154
-1820.68380415
-437.045863898
3895.74729332
-1186.49058129
-965.133320464
973.119511551
867.923447917
-856.149653388
-550.799715784
-137.440387913
466.534155982
-264.738820995
-1426.63317994
543.619303392
481.285070226
-330.625912964
-883.96114862
976.507332255
635.79758866
-240.055054995
-426.390209348
1318.10783861
513.230337268
-542.294221227
308.215826231
841.610543573
20.7552685553
-345.025287549
176.002224848
122.65301336
207.905866774
-637.454423872
-139.347257658
8487.31310823
-9289.5158533
4111.6227779
7193.05189067
-4269.0090891
-1245.61600443
6840.46685033
-1552.25514351
-1177.62418951
4082.25178347
-3317.83722585
1886.20302923
2308.64920685
-4778.90177934
374.024727653
5201.30634549
-6679.70833229
372.819385387
3337.99851739
-2193.45596517
-1771.71611024
2574.54910403
-775.776835318
375.775130475
1178.92169284
-1546.82729686
2695.3419379
928.268848025
-1720.38014693
1248.29166947
2548.97156462
-1968.07288794
368.394696165
934.798405079
106.936831078
-624.452751977
-368.098782452
-92.656688228
598.694577534
-1130.15224386
-1012.63927109
1227.09025877
-491.950039096
-928.738185558
201.701479364
671.771529305
-288.460573196
40.3300650721
-18.662614109
984.134908364
205.405911828
-453.606208275
600.041257562
945.007798434
-450.505375771
-116.541016424
689.450455013
-4.16965491812
-208.677005011
-232.931349649
130.157221184
7371.12157639
-8651.46748482
4371.30459789
6748.30683824
-5522.33660314
320.584877721
5946.86297876
-1665.91922037
-1303.19184612
3962.95988019
-2932.27957257
2073.59698108
1130.01788208
-3927.51425063
1676.06602991
3281.4607269
-5593.93754253
883.401243338
3438.36860396
-3460.86125575
25.241667237
1670.39059714
-585.163054389
307.574376573
877.673521098
-1083.451804
2316.7710272
536.427711611
-1873.25757895
2201.80922567
1117.86632816
-1610.62149528
494.089278013
1238.25536944
-984.129896686
104.110749992
-263.712638812
-208.984176155
463.649395829
-978.113386937
-481.3724968
867.556182531
-314.256529923
-1065.26994076
988.287975781
146.334112446
-356.004370619
277.211288921
344.300278147
297.001368833
205.059658675
-110.595905117
361.925099727
630.640933741
-569.315239696
89.816905213
488.991129193
-212.546304812
-396.537798418
199.809709145
-59.6601692425
6835.52429658
-8232.37560448
4453.12757061
6999.45263971
-6467.62016554
1633.70382164
5525.10982257
-1676.75050209
-1209.85937464
4074.55808313
-2784.21552765
2302.65448219
516.040982628
-3471.09963952
2250.79516147
2374.09094902
-5540.8808786
1591.92599506
3331.77953005
-4257.27665778
797.693826775
1543.83873426
-646.441605813
66.3987447143
978.952995888
-893.532937015
2421.60482586
-83.709820056
-1481.5013145
2675.6467048
659.591225829
-1823.33941908
1123.8624372
1395.45941067
-1464.66469787
364.807622466
-3.08388841875
-2.44902475779
4.85495353762
-718.203768686
-250.567967255
926.049449594
-783.897184157
-803.839361757
1195.99183779
-148.365579096
-594.248483904
424.039723907
548.041906882
-160.911899166
201.432393447
50.7648074344
485.262447997
218.05171547
-363.731799154
290.344924694
466.477502721
-355.939543448
-236.271902028
449.862704536
-172.651101976
5781.42682286
-7022.92253992
4232.11317749
4870.69561411
-4363.6849774
886.481822444
3996.76040285
-507.281257751
-931.355331849
2259.23610868
-1191.76858033
1886.61105705
-533.412424368
-1854.94742934
1638.68560105
1613.723313
-4422.96188564
2039.79616573
1680.97098298
-2755.11006051
455.879625259
1263.17185647
-337.338518539
-154.630501318
769.302522643
-369.451889914
1868.87148663
-531.118587925
-550.438506879
2079.71742323
452.191672328
-1706.45204069
1652.78840605
774.018880425
-1222.73312014
362.224556421
368.566739806
-251.428322444
-113.834248339
-334.091032111
-257.921086673
807.596902905
-979.323182135
-456.789925945
1103.27672357
-295.387240026
-876.888890423
924.641084865
245.752224508
-425.636205596
341.074184327
270.437084412
181.551894282
237.042260366
-202.573555321
272.503647495
587.995299192
-560.102966668
-32.8960922502
640.231884546
-318.253590092
5258.55435313
-6615.91622329
4549.9898035
3345.66237756
-3470.02992911
603.035366746
3710.83782962
-823.389066381
-751.838460005
1636.36624798
-389.914023752
895.958773801
-361.5062026
-1301.60255103
1176.90368688
1423.6097096
-4220.005892
2537.58585633
613.851316668
-1968.34631176
183.939873055
1405.84888092
-842.581351275
252.496743568
475.4220533
-191.280551191
1299.57477494
-303.055027984
-394.263708642
1534.84996033
419.393144299
-1567.69356875
1771.54514689
12.905793798
-646.446159501
254.669295022
328.40842652
-527.231176872
279.931613082
-424.360387016
-203.308638871
561.081171003
-631.330788112
-281.03168064
700.849380982
-177.179705949
-547.344245796
834.653260616
-157.036906638
15.3413692293
269.704534143
105.537367098
41.8542519341
390.797522014
-242.812759573
160.059525797
351.72593873
-305.979208119
-18.7828340994
259.818554255
-215.154485057
5832.84019958
-7786.93685424
5714.95548516
3195.33361855
-3953.4990708
1241.85381422
4064.9730951
-1776.28646983
188.741066413
1614.9071991
-870.303159934
1336.56241822
-105.952057523
-1987.69086089
1669.66595175
1504.34878157
-4742.17608485
2969.45707335
220.402678639
-1808.10225262
151.046747672
1119.52952873
-988.569293696
866.079099699
-214.231313962
-294.347085511
1820.43867246
-454.425895049
-782.137670636
1879.15060199
431.2945842
-1450.00836188
1566.12370191
-13.7365548606
-133.721259461
29.988763159
31.95053257
-175.332429202
574.284502861
-964.94033576
-98.3443151866
778.872560109
-719.089430678
-512.403221749
649.100518252
-83.1766466227
-436.201834154
331.69949381
-61.3813197399
316.284846213
-12.7247863041
-98.4796990905
325.891430989
458.400439264
-443.972400445
224.575001961
443.875207024
-146.638160649
-117.441305075
205.248077809
36.3526603662
5399.18226152
-7387.59679942
5537.29733315
2579.21349523
-3476.00241586
1363.74207801
3171.96617932
-1134.31282111
60.6763509572
1231.86350882
-744.840449907
1443.87425264
-291.152963861
-2119.75279486
2266.7574806
768.039470558
-4054.68981806
2778.14613076
150.896565293
-1465.2519106
73.9563929279
862.232866023
-284.736860255
371.862446097
-251.718196699
124.048274416
1705.32014095
-782.078057756
-571.316223914
2181.62340226
-131.866568501
-1154.54954732
1412.82864101
97.6829894189
-251.343892589
-135.297174759
105.363016348
142.243007784
47.5680690064
-900.534017224
232.679776021
693.050447756
-1117.23035308
-248.887053749
941.211197889
-476.269450167
-428.614136575
463.534044045
104.970894332
95.0645544447
-121.029021041
98.4531944872
516.698633664
76.0540712605
-486.983047876
573.240260458
411.601367752
-591.06224487
113.863963438
447.840459013
-248.944418559
5403.63782649
-7303.27395344
5754.3246801
2503.77339947
-3690.41128658
1610.95909656
3539.74425925
-1361.71658075
-224.195078863
1770.07707811
-433.842368669
831.425315366
-283.994974288
-1459.52978955
2042.65965789
494.766374273
-4208.46614165
3527.47415833
-224.592976253
-2001.2157916
559.675863794
1190.82104913
-857.918732456
291.226337691
155.581187525
187.080186607
1367.75085044
-887.924372793
-55.3944144302
2115.23445535
-449.123346551
-1216.65054796
2161.25149413
-328.497612586
-535.644155869
333.672820314
246.907064572
-210.889882818
45.4509820568
-623.860522484
316.377232772
417.492288186
-1116.71247905
137.63500906
798.770827665
-676.159810463
-319.121201619
822.970624226
-227.897869714
27.8358867004
136.88306371
141.280122708
294.54336401
41.684219925
-233.893696432
509.822543588
154.704886188
-464.176882965
264.333909667
248.506499094
-330.285049809
5753.60632964
-7491.55887521
5823.47114389
3270.58338104
-4942.45544453
3092.1529766
2997.53983032
-1669.04177678
514.556305111
1842.3628248
-1021.89686116
1311.01432741
8.97389177069
-2060.5540181
2154.19305274
748.127612681
-4660.6336025
3562.65346694
-19.3221839738
-2845.30492758
1580.52684568
251.74840947
-667.315406034
499.624793856
152.92336048
-198.486098453
1720.25825348
-609.982287393
-573.628050698
2605.30967625
-417.371932918
-1179.66971141
2311.23527601
-260.845835475
-558.408794872
746.409895034
-154.250259924
66.1213850682
63.152404769
-638.836328647
47.9367403673
661.319318514
-1236.65402478
-157.928138953
1022.24928242
-939.706266775
-300.860442818
687.802080134
-250.956912556
-4.83843239838
152.94471937
44.8320399979
421.016933887
92.2063102805
-237.332866788
571.354113464
381.874622773
-528.300704217
377.832916769
424.048403726
-361.822018874
5443.91475411
-6515.44749214
5018.66525504
3625.72336663
-4919.01895514
3271.44221669
2380.96834652
-1163.37450569
326.817720895
1678.23495573
-713.633535939
956.640104648
165.837169696
-1873.48186963
2128.7079647
313.828591428
-3785.91140884
3124.38625038
-128.043456357
-2398.98433003
1248.19283681
458.679438931
-473.024623371
-173.492756415
680.224771251
76.2041325919
885.490958728
-412.643682662
76.141955224
1869.50287832
-584.017206401
-657.722984585
1873.88111785
-137.716732927
-681.178518672
522.914956099
434.864193273
-294.524899484
-458.140770875
192.720383643
50.1431439011
-122.180318706
-730.397251772
274.602746234
442.005810735
-788.690439073
-127.550986431
739.824715168
-145.38825802
-363.302363774
376.155907981
483.777163579
-104.208959172
-100.83274423
447.79346182
309.282694201
-93.5039797495
-135.240080503
462.8734608
144.946265829
-400.384056895
5362.14384783
-6452.51582731
5199.09143402
2556.40019083
-3724.19059014
2801.91747407
1854.51727268
-530.42031229
248.499424122
1393.06045561
-505.061431373
1103.62671012
-177.631228728
-1392.29241377
1746.45310411
403.060055114
-3578.12747545
2989.09847734
-392.943620531
-1837.06214878
728.734234545
449.618094884
-287.365089795
-406.839094524
677.351719532
-32.9354186941
1001.14486242
-514.476207041
34.4745774404
1843.24296386
-412.013183965
-725.154881213
1814.49171914
-25.4148020306
-476.312588155
277.970172043
544.789046452
-157.613894171
-396.314259099
27.1657621603
15.7885520496
211.059293644
-994.593780589
104.868060113
596.091407763
-768.769692647
-333.709707467
572.604129078
-11.5084887224
-339.063746076
87.5593792987
444.779679098
74.4356282982
-74.2739596178
111.232635522
462.74583079
189.589915883
-377.831428418
409.482479695
350.246911671
-266.768798061
5082.98168286
-6372.97491881
5511.79682493
2093.36366906
-3622.19893135
2947.28670481
1547.1239861
-334.792891976
12.8301146742
1361.74991752
-402.240902078
888.929842426
-307.43896096
-1291.70695909
1730.50423644
222.956326305
-3567.84904252
3169.88281284
-577.242706836
-1782.78370177
924.741124592
278.876604952
26.8649081122
-478.789637645
662.428474047
198.808409981
992.450113412
-587.540861247
141.169140577
1954.49305467
-532.029662737
-805.426584374
1987.79981544
-223.128657578
-539.088458936
330.074850421
335.877297626
-23.2901699562
-605.998777506
-20.9657363263
123.878030606
144.006895378
-1103.33707364
183.304182849
785.042023846
-956.578788986
-305.917981334
863.851874015
-151.835397362
-291.69011223
194.628593046
453.065030443
173.66859685
-207.171578352
167.957781043
555.397280977
117.557815523
-559.481084858
529.913090426
427.584002542
-593.138635659
5578.69005235
-6899.94986437
5997.00698222
1861.58572391
-3613.68150468
3082.86849101
1680.10638965
-432.813525331
12.5188493021
1495.61731684
-225.711194471
649.955915011
-161.434750527
-1100.9014756
1602.55119349
239.490125847
-3577.37040751
3272.79382904
-594.840913614
-1906.21236008
977.038517117
508.994563688
-346.359446583
-363.633909317
720.049823694
211.340229373
733.483257225
-465.700687744
227.975970865
1768.12695643
-552.913532233
-738.628994888
2006.24820792
-216.729594714
-669.976045
502.656797085
472.594383526
-258.606519592
-426.479723596
91.1168533775
212.310946767
-65.0365802679
-835.512723334
301.826839202
589.122560895
-829.752159242
-230.18371066
844.174624516
-158.69312614
-378.555828056
293.863457916
440.908668117
-11.4741755904
-183.876110241
245.239558079
464.226119612
-105.65282169
-319.143596828
448.396364367
243.294328016
-452.213391871
5421.43964622
-6366.12720257
4994.65740514
3027.40145156
-4166.8516383
2998.80303704
2022.80825616
-551.182493617
16.1796603118
1220.45142068
401.591045412
-14.6162413176
101.102651974
-1044.26667544
1321.27255233
436.262604735
-3591.44734604
2658.61020225
312.899119079
-2692.51232352
947.851620258
813.493656667
-430.865556978
-640.233508439
709.047043506
677.140258906
171.140053312
-161.740229286
137.823925182
1813.47399984
-338.963324829
-1082.68866402
2138.27343707
244.301838928
-1190.22208724
583.03715295
782.032959998
-326.017741533
-713.4832723
245.379622728
355.812171979
-318.497942727
-839.206415847
161.587504355
811.326067927
-995.942153152
-556.902425759
1121.78603014
-94.6000791805
-759.441624415
366.99540745
681.930584411
-125.716429895
-321.837267553
405.416997158
599.733727361
-116.48104251
-408.34491013
588.373585899
521.818228697
-655.948495035
5560.37092914
-6598.32299985
5465.8855187
2843.83924104
-4598.7999323
3706.18792602
1909.12893823
-671.261044242
-192.351208502
1939.83885115
-92.9505371393
-61.0204926321
477.011209902
-1188.49400693
1610.58855658
-73.4910554957
-3066.71695756
3015.41271592
-455.322973213
-2253.35459079
1385.00984321
511.081070934
-666.349492249
-316.843362052
1135.22200146
-73.5761888932
406.867513463
56.7218886147
139.733525893
1558.40243118
-676.740245598
-261.504091793
1715.13832459
-388.637977814
-595.548338984
730.404885597
306.007095616
-562.682108466
-154.759174018
309.726820188
-246.73499489
-79.1904060169
-422.68181289
152.814872411
313.751125295
-703.368816758
112.4853281
544.194821752
-264.125774975
-135.227007552
452.524338778
223.624187644
-150.948880983
198.024593541
266.619724913
92.2967223725
54.6046115066
-43.1183984927
263.394314485
44.6654288212
-245.183533345
6847.43064698
-9611.04326673
8131.70436796
2667.35404476
-5870.04148139
4904.08798593
2027.79350503
-1203.97129876
336.202955664
2294.49413105
-1035.79522453
1158.20786943
277.149022451
-2238.8042049
3035.75266589
-436.1826937
-4286.8030748
4800.13068245
-1691.05971439
-2184.54519621
1762.83310451
328.635538266
-1109.66750226
172.63850646
1163.61501853
-770.21532776
1404.48651396
-470.759117605
26.7724768415
2388.15249674
-1312.8062048
-103.829739139
2446.98556439
-1029.62619354
-243.700854202
944.558879876
333.203909016
-894.077119646
398.895599406
59.3241101915
-428.492228168
361.718062302
-1034.66753234
460.24927247
308.005018783
-1171.25590626
328.964768851
614.457648407
-679.750368951
-79.0213794739
605.245321367
58.5167445965
-286.545358679
515.447317006
46.5281158254
279.285632803
99.0813540774
-179.041866876
662.919205772
-87.3124459128
-285.120886732
6585.24599062
-8750.58587932
7851.21606892
1574.83981924
-3982.05987102
3379.25505718
2366.1816414
-1038.66715954
151.075606841
2125.69828637
-721.598546731
750.681601488
248.443267088
-1554.28714429
2004.62629529
59.6210636809
-3950.24970667
4458.0809218
-2033.14554807
-1062.78462252
859.309557472
738.418141872
-972.21399074
116.276411454
1078.01287646
-369.517481807
829.807960933
-98.7942362181
204.508827323
1585.03824958
-689.825650054
-227.78555515
2163.19122939
-1224.1711623
359.690636056
206.390501294
600.996025517
-836.279820319
183.212838803
203.440382057
-362.112031427
46.5993653253
-461.628103727
215.351293461
209.588375984
-747.854977708
283.163519524
461.171887018
-547.60715048
268.64874581
97.1412877553
462.038804415
-439.003352004
479.694973764
143.185770046
95.9805602168
83.9508523908
-17.678682569
337.649859039
-43.8156057602
-214.313642946
6352.69694479
-8452.3373059
7905.27773524
1169.10482515
-3114.96043031
2712.47875062
2625.37052357
-782.629068982
-5.7090051219
1913.12658729
-24.6719604692
189.807097989
475.302475899
-1296.96618786
1775.46984053
137.395836763
-3791.31350376
4381.31097244
-2325.39474394
-553.763178465
254.853708689
1071.97263611
-1126.04426408
-63.9630575491
1158.84520311
-272.28017597
414.943156278
179.604601197
168.128036252
1506.91612551
-890.069302218
177.953536697
1859.65415017
-1153.79484008
509.449868129
116.717249216
816.456792143
-1055.88330478
424.50362808
230.788879217
-369.743590416
-37.6397254604
-293.369082098
255.454005256
2.78853820573
-713.198759713
529.90444641
134.999875494
-434.259088772
196.534614769
226.407227784
237.349721873
-432.995289721
609.392596373
15.4133553167
79.096171196
34.7425439956
136.242664329
261.912528561
-167.871666071
-17.1814297807
6297.50525809
-8762.84136856
7823.57757923
1350.44585978
-3337.88987642
2451.36381817
2764.88667618
-854.081952798
-124.795921202
1698.95743122
79.4208711739
214.906961275
129.656100586
-1247.76981667
1949.45127269
-163.471548383
-3742.01443756
4398.42546983
-2138.35348155
-862.022630976
502.599787618
980.950578607
-967.45222374
-146.483752731
1098.34638134
-11.4993086019
331.854603018
73.8305869919
265.218718883
1609.03309247
-973.483879899
21.1980894298
2009.89188372
-1132.49741716
258.607221139
149.138095398
752.319309692
-905.921265057
38.692534686
315.271709266
-282.075419906
-135.323486518
-462.385965624
267.239338122
255.231347087
-960.06942316
414.988524189
407.792472357
-433.601170407
38.3038230548
224.566418983
505.413242965
-469.109455661
386.514315432
225.905870219
180.932055561
-11.3296491908
-71.1508444177
496.410251999
-32.3876799565
-339.258617445
6395.52618508
-8505.19261497
7598.18729841
1529.4160164
-3735.98424184
3067.99799512
2424.56656594
-952.779514557
145.73086707
1778.66660039
-67.3861690386
102.915487718
636.813044025
-1628.02294801
2034.10838666
-32.6471036072
-3612.61257262
4094.29391256
-1751.24693216
-1117.6370898
776.565340164
798.924000422
-880.39358347
-136.859950198
1230.67639796
-256.600439431
423.467390657
309.908357667
-37.7259281695
1681.53498394
-891.820838186
69.1131315298
1746.48386611
-884.782711249
57.411674319
373.031133553
512.346851728
-837.860504174
97.7345778693
372.304859822
-503.215565561
-5.05788948787
-289.322558606
109.238943829
188.068337639
-716.620336695
416.163633868
274.021919151
-310.565286119
83.9244756865
351.849375431
252.124064356
-293.288269009
424.310872188
224.199352966
-39.7289214227
123.60236605
42.7334743734
217.571489277
-86.3120296367
-137.091318758
6288.88699576
-8772.98935026
7327.15084895
2473.77261844
-5385.91725461
3901.03281116
2325.49090998
-1214.25901918
-165.9646711
1911.42090791
46.9996978522
-296.623502558
705.016146628
-1829.11893314
2237.57791177
-245.089453234
-3976.76364365
4247.60265896
-1359.84002821
-2085.06947807
1388.2449337
721.112302132
-1011.50744167
-426.82598187
1718.295703
-505.331604733
294.728723269
538.099692055
-223.39744892
1890.76026263
-965.937914841
-116.135199264
2106.44824205
-858.421358346
-347.142475069
704.495226365
640.225405438
-1096.66568809
-4.09136654927
754.149906175
-802.854149116
-1.56558363222
-328.914838294
99.3407764399
264.888277559
-995.069709665
385.999111241
473.444834403
-482.603272314
-186.711840421
573.60590059
344.991168014
-625.367790119
511.449014993
417.201402735
-138.92302532
103.741581591
40.1269640272
455.238943037
-127.278614845
-263.694164033
6419.81253403
-8523.79071208
7451.71052819
1881.02329111
-4426.45813923
3572.45016134
2105.77380387
-1028.74107657
18.2662550206
1801.75214185
-158.563699051
-40.8227844256
563.599339949
-1614.03380269
1979.33458286
-110.151923077
-3693.24790577
4069.12686731
-1615.65817399
-1485.45558583
1050.47159613
611.683795212
-750.647440052
-251.299293555
1273.05506103
-239.837140612
458.928105204
199.46761409
36.7637414418
1649.89183543
-812.428038913
-127.079917706
1908.03488153
-901.139230352
-23.5282806907
392.786150634
465.064285978
-704.291927048
-81.8274108177
387.963830206
-448.479161981
-24.2706943718
-420.566179169
138.353351625
240.466959575
-763.441893716
277.501637453
427.389489745
-368.956361754
68.4763932566
288.04974799
372.127112611
-275.804117346
322.641601402
286.82312136
43.908029585
122.061430185
-37.3285905547
327.500297064
-17.1249302687
-222.789147048
6628.69799632
-9237.03716255
8327.37745042
1111.38256722
-4258.61884479
3696.93485853
2106.47039335
-1172.16835027
169.958842253
1967.79492143
-519.954112967
333.43066519
421.042376273
-1641.34694838
2079.62457074
0.144056471151
-4074.96179616
4652.02587038
-2207.01724565
-1073.51115988
727.468876235
779.138599177
-951.163724102
-244.95027361
1304.0905539
-555.253922925
832.719360971
-196.627574569
114.656163752
1795.81722652
-963.115303984
-157.230200709
2108.87345249
-1024.44255618
153.247305794
209.761868085
840.461028358
-971.096192315
141.411508087
330.217969321
-427.353361079
184.152153583
-787.113492641
473.029349957
112.097590367
-861.079068634
252.867000574
458.902901145
-434.897579685
-90.5587819888
318.209975768
401.455526125
-483.293310016
429.329393551
161.326722836
187.772776775
10.9560516439
-103.817570125
582.25220333
-174.965268183
-141.641804759
6533.34117053
-8813.87048685
8083.70187097
1291.14948933
-3880.31629949
3548.25970072
2383.82263945
-1246.35663916
286.570425825
2214.34008221
-806.309057689
694.007882843
233.848796766
-1411.09241161
1761.66944042
385.506470359
-4293.54714675
4649.29455114
-1908.75227879
-1377.38323519
1105.11664225
611.002763848
-923.911789019
146.882911613
1032.43038107
-397.217762182
1059.84478547
-242.977208683
134.640914176
1772.05234444
-581.258063545
-659.114767645
2464.60387265
-1154.24886091
28.5132935951
429.359577783
403.662427205
-715.35293924
124.026283883
61.4931231677
-337.668034882
245.449577898
-762.65902139
178.457552171
452.437323725
-830.441116767
9.38632364588
803.646390854
-573.72047956
103.466374818
284.84022667
369.212217859
-266.415293887
406.175063587
78.923977328
222.928606321
171.43348409
-237.332317412
403.755847118
139.021297806
-355.81847953
7098.50716058
-9975.31870599
9695.2757155
341.850640219
-3565.27971252
3501.62081396
2689.19346377
-1443.73438072
437.226769518
2367.27863735
-1041.97225939
1245.23057673
-227.763306833
-1199.23146942
1870.87039986
322.688492158
-4690.4274058
5336.48045276
-2662.75277661
-890.17389412
507.484949527
1361.65826048
-1767.23968848
505.776177756
1089.27827118
-726.549228007
1379.03431661
-689.286020842
686.71461829
1371.55876848
-390.990156744
-722.046891572
2768.90546615
-1366.86421551
138.017518863
454.040527208
857.960318913
-1393.03808621
694.874337345
19.204961719
-408.267013466
217.99078123
-770.042145842
541.982878336
-111.122610317
-465.343345167
-176.955337587
1000.03906141
-884.735094812
148.618832425
453.373442014
263.50789725
-533.494250344
672.853708237
72.7021491092
75.0668749627
95.0195693512
-13.3192942391
400.732526162
-159.743653344
-67.945529935
6870.33478832
-10006.9237425
10000.0
-194.877138916
-2729.73065513
3178.00774945
2329.83195748
-509.677958125
-123.894057404
2428.57182393
-819.302047931
1472.76414752
-765.164748741
-547.108760532
1749.90093551
1.57620240142
-4015.26731252
4497.84001734
-1782.39162034
-1761.05894495
1023.21333964
1135.65122446
-1499.88008815
-104.195477286
1615.24769205
-691.828515095
956.914358563
-431.585047432
780.67829365
1357.73348768
-642.417002671
-392.29442389
2484.34956107
-781.833130729
-730.221834495
1225.28725619
606.102279701
-1287.3177035
243.204001783
669.440972265
-667.682696411
-64.1519359357
-468.483349421
443.885091025
8.21325605888
-854.741517
159.781267111
902.138533269
-731.389306786
-375.397891695
1034.80098248
103.380917412
-649.221802697
584.330233619
525.683987333
-176.171020345
9.11349499445
200.48584209
458.791696222
-153.127240585
-293.215254805
6513.7602747
-8968.73061958
8045.74796603
1390.45012796
-3866.56997954
3573.0353441
1859.55431512
-326.374213601
-276.939818956
2069.49717166
-268.328030014
557.550461221
146.387380225
-1335.72431332
2406.56483901
-785.607788589
-2809.20208409
3401.99290488
-958.719296016
-1864.9272833
1142.05940117
962.096704506
-1205.33939747
-15.7867295936
1312.26945244
-375.80447052
603.350825081
-141.993191427
456.013016284
1311.32726051
-892.464429798
116.569211914
1548.28985546
-503.288924783
-647.953131427
969.686028759
303.216229597
-928.671078034
280.80721008
330.367982949
-331.188805332
-105.171623618
-189.24869637
325.613866207
30.545080949
-499.586461402
302.784706031
476.469142238
-380.813409846
-83.9353810365
642.581362832
-19.7888689236
-256.292427912
357.125950439
195.571761897
-79.7572385335
-19.7409825127
111.202254281
151.479900397
-110.017663137
-122.18787951
5961.45255857
-8234.27488729
6869.39621109
2910.92483204
-4956.37104446
3736.82075595
2709.0933966
-1240.59546324
396.026322665
1749.63610282
81.5789051356
215.048672279
364.327507007
-1400.71545999
2312.42080219
-659.586963383
-2871.46471895
3326.04403901
-689.915876395
-2190.67314143
1436.81404861
918.499214317
-1249.17942291
206.408935228
1108.72427639
-118.988037547
491.334847525
40.7139037236
303.379786798
1526.1341214
-820.586172308
-146.405790938
1854.76515086
-602.433782304
-661.250483431
939.792998169
347.028188675
-912.590720901
123.237433717
340.236411834
-284.916327305
-157.201109243
-339.86671118
314.16599762
219.464344459
-794.912617134
262.603750033
693.758428612
-497.510661103
-166.935191749
678.069665979
171.216158431
-373.101377234
322.08462962
350.033880273
27.1052957128
-90.6058567172
53.9083222297
399.362079422
-96.040780117
-331.506138251
5814.73710279
-7418.45013634
6109.77078908
2286.93399131
-3920.38689722
2959.62576501
2636.9762234
-1580.38682305
722.087686871
1639.57685326
-512.508572352
536.195043101
417.759836653
-1326.56391564
1429.45544561
532.470281204
-3512.33659636
3239.92361151
-552.788801909
-1875.74237221
1182.32796732
763.23044484
-1011.36414746
428.442661663
624.295919667
-13.1807629462
693.222295628
-52.3558553048
20.0884786635
1424.39882158
-260.576861938
-809.332285659
1926.5592454
-500.007850209
-558.160365319
663.362773466
197.244853355
-535.12539361
112.006351379
-62.0362657631
-38.3320244385
79.0478472521
-443.768253279
55.7842706327
527.018035501
-506.075316062
-182.215322015
833.734245624
-321.922770586
-90.8444266338
389.291283107
157.434586088
-57.4248559687
156.965750898
43.5476069114
184.050689056
66.8093093127
-198.44810147
144.372168034
213.859446057
-329.47050261
5845.48676799
-7940.06098206
7041.2155906
1972.0062807
-4089.04593398
3222.57682306
3129.67486198
-2107.74831769
882.23980896
2038.2083162
-691.835377318
487.06778972
560.670724904
-1324.67894942
1346.70611844
783.8810987
-4070.96699186
3732.91993825
-762.014552829
-2165.4767297
1240.01346527
906.145827154
-1350.73430594
435.268879281
738.506166884
-178.647499315
728.168632513
20.6445002464
-136.977509799
1716.65474319
-318.368230944
-913.014363397
2250.97945413
-497.653288329
-635.149258069
798.369782681
391.553561032
-689.986215228
170.039894142
31.6360306956
-134.878309084
117.648498713
-549.343933119
-0.426385029747
629.001822976
-746.461399295
-200.570394405
873.874431719
-380.456842133
-237.693128184
466.645625411
222.808018888
-169.367020449
211.72060687
120.317333606
216.991925842
106.497040999
-198.66700959
281.36016481
265.206204134
-381.750199971
5435.12635159
-7091.42854582
6106.17952081
2065.80736322
-3903.22221588
3202.00920398
2304.79042256
-1067.77985389
27.5312768404
2042.17793594
-408.361444984
246.106638456
350.035837589
-917.77470706
1133.7892759
479.655312011
-3124.35635009
2651.02439107
70.342044915
-2373.64533222
1232.15257624
736.56054621
-788.741068384
-152.503988548
911.388171382
52.6396415633
372.148076918
95.1698072021
-1.60804620363
1384.70407588
-171.406456658
-808.289307078
1660.53776199
104.535656376
-1026.47726376
749.828283219
452.653679207
-545.566662402
-183.226747187
258.429012486
-80.1927477386
-95.0203539486
-334.670391423
-65.2984243213
537.792276964
-509.762401731
-382.337371228
811.640769838
-72.0897339404
-508.353383013
492.575521347
347.865898639
-227.126874629
70.2151233141
296.763765317
121.061339983
47.3306291169
-85.8852048027
154.431793236
306.892409054
-302.639903949
5109.82427567
-6745.17850601
5934.63179114
2158.64267568
-3850.00101823
3392.2074299
2136.91200315
-990.564490835
373.230515746
1933.26749821
-404.225558552
577.75477843
193.846581659
-706.966885023
1232.86933128
242.112884536
-2683.50761634
2560.87780842
-128.718779358
-2058.34153364
1195.12824359
763.736464945
-1002.51664985
120.911622189
895.632363086
-126.575723897
399.748021778
89.7169511015
196.607022806
1021.6437023
-183.202996062
-460.495791608
1472.57817443
-141.729506751
-683.985432437
740.989435919
372.487303033
-635.81512702
79.6339246643
309.525486139
-190.648983205
-71.0763259978
-147.55697898
109.508976903
198.367426575
-341.290850172
-66.7030944848
556.841283396
-224.962671959
-219.456390455
427.016697306
156.105141291
-246.874379735
164.747675684
225.412853159
-23.0098396266
-18.0236582973
32.8502037216
142.149256424
22.1527384236
-138.924673103
6061.30554612
-9103.5047757
8816.12249391
417.543833919
-3352.40290581
3078.16287511
3281.69165967
-2560.17851279
1474.37459584
1813.41022397
-1038.81760287
1308.51296116
-479.430858965
-459.862093218
1119.79605726
387.33409126
-3583.07159942
3829.91958219
-1149.4740357
-1721.4339094
931.122176978
1664.99318012
-2131.37254408
892.820934093
952.457920909
-284.536504409
571.600459521
75.7991474333
422.109419915
916.814627949
45.7922593665
-904.351050256
2230.6808216
-650.127529024
-681.613460316
766.588493376
846.215138233
-1523.34496796
569.802535506
289.133786557
-404.646846707
-155.832512548
-39.3112191798
20.6367245864
193.623878528
-339.992846979
-318.350754414
1047.88143658
-554.881832505
-282.801500855
668.591742638
393.019234405
-782.332828157
642.428451869
281.672908263
-139.169838984
21.7149778865
215.395490836
67.9799317137
113.273935832
-200.877154744
5264.41783822
-7096.74578135
6881.12537397
196.893951234
-1411.94841061
1259.38520902
3188.31390218
-1693.12500177
1056.96800149
1291.29185815
-601.009561406
1307.32938821
-693.717393731
19.6880309394
465.236915705
906.285505401
-2978.02238245
2656.83587311
-568.589239686
-1091.4548443
171.066354463
1489.83133884
-1356.81773558
310.477514712
915.327318397
-329.784972189
661.233847607
-141.672994712
525.675023442
413.193253842
440.860950998
-842.554390203
1487.05908634
-144.435737834
-523.481382802
457.149443821
604.48520621
-744.981116706
16.7387425332
541.031982991
-472.182948817
78.6749179529
-145.854502612
177.269863029
-67.7985709049
34.682576563
-260.024256
552.64605087
-99.2173885147
-261.439038127
435.172599188
201.629630004
-239.199649644
97.7518699771
443.521569671
-246.745688776
96.3080774772
77.8483131086
106.324309296
-83.4138480361
18.5872975355
3677.2488477
-4007.44734616
3448.50244844
1190.19965529
-300.205470709
-392.898360639
3010.87355253
-753.821273401
385.369928959
904.749746006
-177.141940078
1035.33401714
-778.886213418
199.881980325
29.9498576582
914.068465402
-2230.39849777
1329.87154587
185.504739458
-996.223709018
-338.985971
1255.07510743
-645.360922525
-472.736123509
1051.27529247
-231.899396853
445.163195148
-121.343237849
560.360499306
269.23156302
533.401914192
-616.599283188
987.36518182
383.564015114
-635.051918397
292.392762756
688.564667073
-438.645271105
-424.709283325
687.143210982
-335.155643856
-209.00847657
-122.343924584
142.191969226
-149.845942106
-92.8399480796
-248.878821633
326.796650272
49.8965697001
-434.79230255
317.93077277
365.793000397
-265.194427212
-60.6151739507
578.445636111
-72.4174238236
-101.353930708
226.219405091
215.443237905
-58.8974268098
-18.4024099309
74.4090175031
142.4344142
-66.6217965568
-199.658131406
178.714871089
60.3181568814
-273.673909586
-35.3304818896
214.998932907
-169.434937687
-160.315362284
134.804140474
45.6480549053
-127.641406459
-8.1697182542
104.554771375
36.8221165981
-55.7918399178
1.50500154079
143.442069446
19.777719808
-91.0026743608
81.3071017862
122.031663498
-81.6455426899
-34.7558222754
113.475534424
6.69212043335
-83.6762361293
19.3337900841
55.246846448
-31.9000741737
-52.8609357752
18.6640796258
36.8730291521
-40.4496497396
-41.7386409556
44.3060544353
21.896430239
-52.4362915036
2.32218799915
53.5125000149
-11.574352701
-30.8735176498
31.6170678683
28.9905258801
-20.0091047152
-8.28511029343
27.4541268526
11.011986793
-19.6492987958
-0.230123151522
23.8532929894
-2.12848655078
-19.9726949864
8.34121429481
13.4676456713
-14.0758899966
-10.0034048893
12.6400587812
2.34670525621
-13.4076524176
-0.405139976735
8.74959714153
-2.69265328309
-7.87116625639
3.49335626862
5.76453999327
-4.81082937983
-4.255892805
5.50107570216
2.54998779983
-3.78569039932
0.460634539872
4.58160218907
-0.401960872174
-2.70063127082
2.11262913739
2.70391194474
-0.332850983182
-0.0145110563705
2.45346513261
1.49749475259
-0.515878059079
0.780615222601
2.21084252058
0.562328586865
0.094437557277
0.88206657779
0.999426305346
0.193765420883
0.236377394387
0.892600151087
0.603720091972
0.00593910663878
0.00564215130684
0.0053600437415
0.00509204155442
0.0048374394767
0.00459556750287
0.00436578912772
0.00414749967134
0.00394012468777
0.00374311845338
0.00355596253071
0.00337816440418
0.00320925618397
0.00304879337477
0.00289635370603
0.00275153602073
0.00261395921969
0.00248326125871
0.00235909819577
0.00224114328598
0.00212908612168
0.0020226318156
0.00192150022482
0.00182542521358
0.0017341539529
0.00164744625526
0.00156507394249
0.00148682024537
0.0014124792331
0.00134185527144
0.00127476250787
0.00121102438248
0.00115047316335
0.00109294950519
0.00103830202993
0.000986386928431
0.00093706758201
0.000890214202909
0.000845703492764
0.000803418318126
0.000763247402219
0.000725085032108
0.000688830780503
0.000654389241478
0.000621669779404
0.000590586290434
0.000561056975912
0.000533004127116
0.000506353920761
0.000481036224723
0.000456984413487
0.000434135192812
0.000412428433172
0.000391807011513
0.000372216660937
0.00035360582789
0.000335925536496
0.000319129259671
0.000303172796688
0.000288014156853
0.000273613449011
0.00025993277656
0.000246936137732
0.000234589330845
0.000222859864303
0.000211716871088
0.000201131027534
0.000191074476157
0.000181520752349
0.000172444714732
0.000163822478995
0.000155631355045
0.000147849787293
0.000140457297928
0.000133434433032
0.00012676271138
0.000120424575811
0.000114403347021
0.00010868317967
0.000103249020686
9.80865696519e-05
9.31822411693e-05
8.85231291109e-05
8.40969726553e-05
7.98921240226e-05
7.58975178214e-05
7.21026419304e-05
6.84975098338e-05
6.50726343421e-05
6.1819002625e-05
5.87280524938e-05
5.57916498691e-05
5.30020673756e-05
5.03519640069e-05
4.78343658065e-05
4.54426475162e-05
4.31705151404e-05
4.10119893834e-05
3.89613899142e-05
3.70133204185e-05
3.51626543976e-05
3.34045216777e-05
3.17342955938e-05
3.01475808141e-05
2.86402017734e-05
2.72081916847e-05
2.58477821005e-05
2.45553929955e-05
2.33276233457e-05
2.21612421784e-05
2.10531800695e-05
2.0000521066e-05
1.90004950127e-05
1.80504702621e-05
1.7147946749e-05
1.62905494115e-05
1.5476021941e-05
1.47022208439e-05
1.39671098017e-05
1.32687543116e-05
1.2605316596e-05
1.19750507662e-05
1.13762982279e-05
1.08074833165e-05
1.02671091507e-05
9.75375369317e-06
9.26606600851e-06
8.80276270809e-06
8.36262457268e-06
7.94449334405e-06
7.54726867685e-06
7.169905243e-06
6.81140998085e-06
6.47083948181e-06
6.14729750772e-06
5.83993263233e-06
5.54793600072e-06
5.27053920068e-06
5.00701224065e-06
4.75666162861e-06
4.51882854718e-06
4.29288711982e-06
4.07824276383e-06
3.87433062564e-06
3.68061409436e-06
3.49658338964e-06
3.32175422016e-06
3.15566650915e-06
2.99788318369e-06
2.84798902451e-06
2.70558957328e-06
2.57031009462e-06
2.44179458989e-06
2.31970486039e-06
2.20371961737e-06
2.09353363651e-06
1.98885695468e-06
1.88941410695e-06
1.7949434016e-06
1.70519623152e-06
1.61993641994e-06
1.53893959895e-06
1.461992619e-06
1.38889298805e-06
1.31944833865e-06
1.25347592171e-06
1.19080212563e-06
1.13126201935e-06
1.07469891838e-06
1.02096397246e-06
9.69915773838e-07
9.21419985146e-07
8.75348985888e-07
8.31581536594e-07
7.90002459764e-07
7.50502336776e-07
7.12977219937e-07
6.7732835894e-07
6.43461940993e-07
6.11288843944e-07
5.80724401747e-07
5.51688181659e-07
5.24103772576e-07
4.97898583947e-07
4.7300365475e-07
4.49353472013e-07
4.26885798412e-07
4.05541508491e-07
3.85264433067e-07
3.66001211413e-07
3.47701150843e-07
3.30316093301e-07
3.13800288636e-07
2.98110274204e-07
2.83204760494e-07
2.69044522469e-07
2.55592296346e-07
2.42812681528e-07
2.30672047452e-07
2.19138445079e-07
2.08181522825e-07
1.97772446684e-07
1.8788382435e-07
1.78489633132e-07
1.69565151476e-07
1.61086893902e-07
1.53032549207e-07
1.45380921746e-07
1.38111875659e-07
1.31206281876e-07
1.24645967782e-07
1.18413669393e-07
1.12492985924e-07
1.06868336627e-07
1.01524919796e-07
9.64486738063e-08
9.16262401159e-08
8.70449281101e-08
8.26926817046e-08
7.85580476194e-08
7.46301452384e-08
7.08986379765e-08
6.73537060777e-08
6.39860207738e-08
6.07867197351e-08
5.77473837484e-08
5.48600145609e-08
5.21170138329e-08
4.95111631412e-08
4.70356049842e-08
4.4683824735e-08
4.24496334982e-08
4.03271518233e-08
3.83107942321e-08
3.63952545205e-08
3.45754917945e-08
3.28467172048e-08
3.12043813445e-08
2.96441622773e-08
2.81619541635e-08
2.67538564553e-08
2.54161636325e-08
2.41453554509e-08
2.29380876783e-08
2.17911832944e-08
2.07016241297e-08
1.96665429232e-08
1.86832157771e-08
1.77490549882e-08
1.68616022388e-08
1.60185221269e-08
1.52175960205e-08
1.44567162195e-08
1.37338804085e-08
1.30471863881e-08
1.23948270687e-08
1.17750857153e-08
1.11863314295e-08
1.0627014858e-08
1.00956641151e-08
9.59088090936e-09
9.11133686389e-09
8.6557700207e-09
8.22298151966e-09
7.81183244368e-09
7.42124082149e-09
7.05017878042e-09
6.6976698414e-09
6.36278634933e-09
6.04464703186e-09
5.74241468027e-09
5.45529394626e-09
5.18252924894e-09
4.9234027865e-09
4.67723264717e-09
4.44337101481e-09
4.22120246407e-09
4.01014234087e-09
3.80963522382e-09
3.61915346263e-09
3.4381957895e-09
3.26628600003e-09
3.10297170003e-09
2.94782311502e-09
2.80043195927e-09
2.66041036131e-09
2.52738984324e-09
2.40102035108e-09
2.28096933353e-09
2.16692086685e-09
2.05857482351e-09
1.95564608233e-09
1.85786377822e-09
1.76497058931e-09
1.67672205984e-09
1.59288595685e-09
1.51324165901e-09
1.43757957606e-09
1.36570059725e-09
1.29741556739e-09
1.23254478902e-09
1.17091754957e-09
1.11237167209e-09
1.05675308849e-09
1.00391543406e-09
9.53719662359e-10
9.06033679241e-10
8.60731995279e-10
8.17695395515e-10
7.76810625739e-10
7.37970094452e-10
7.0107158973e-10
6.66018010243e-10
6.32717109731e-10
6.01081254245e-10
5.71027191532e-10
5.42475831956e-10
5.15352040358e-10
4.8958443834e-10
4.65105216423e-10
4.41849955602e-10
4.19757457822e-10
3.98769584931e-10
3.78831105684e-10
3.598895504e-10
3.4189507288e-10
3.24800319236e-10
3.08560303274e-10
2.9313228811e-10
2.78475673705e-10
2.6455189002e-10
2.51324295519e-10
2.38758080743e-10
2.26820176706e-10
2.1547916787e-10
2.04705209477e-10
1.94469949003e-10
1.84746451553e-10
1.75509128975e-10
1.66733672526e-10
1.583969889e-10
1.50477139455e-10
1.42953282482e-10
1.35805618358e-10
1.2901533744e-10
1.22564570568e-10
1.1643634204e-10
1.10614524938e-10
1.05083798691e-10
9.98296087565e-11
9.48381283186e-11
9.00962219027e-11
8.55914108076e-11
8.13118402672e-11
7.72462482538e-11
7.33839358411e-11
6.97147390491e-11
6.62290020966e-11
6.29175519918e-11
5.97716743922e-11
5.67830906726e-11
5.3943936139e-11
5.1246739332e-11
4.86844023654e-11
4.62501822471e-11
4.39376731348e-11
4.17407894781e-11
3.96537500041e-11
3.76710625039e-11
3.57875093787e-11
3.39981339098e-11
3.22982272143e-11
3.06833158536e-11
2.91491500609e-11
2.76916925579e-11
2.630710793e-11
2.49917525335e-11
2.37421649068e-11
2.25550566615e-11
2.14273038284e-11
2.0355938637e-11
1.93381417051e-11
1.83712346199e-11
1.74526728889e-11
1.65800392444e-11
1.57510372822e-11
1.49634854181e-11
1.42153111472e-11
1.35045455898e-11
1.28293183103e-11
1.21878523948e-11
1.15784597751e-11
1.09995367863e-11
1.0449559947e-11
9.92708194966e-12
9.43072785218e-12
8.95919145957e-12
8.51123188659e-12
8.08567029226e-12
7.68138677765e-12
7.29731743877e-12
6.93245156683e-12
6.58582898849e-12
6.25653753906e-12
5.94371066211e-12
5.646525129e-12
5.36419887255e-12
5.09598892893e-12
4.84118948248e-12
4.59913000836e-12
4.36917350794e-12
4.15071483254e-12
3.94317909091e-12
3.74602013637e-12
3.55871912955e-12
3.38078317307e-12
3.21174401442e-12
3.0511568137e-12
2.89859897301e-12
2.75366902436e-12
2.61598557314e-12
2.48518629449e-12
2.36092697976e-12
2.24288063077e-12
2.13073659924e-12
2.02419976927e-12
1.92298978081e-12
1.82684029177e-12
1.73549827718e-12
1.64872336332e-12
1.56628719516e-12
1.4879728354e-12
1.41357419363e-12
1.34289548395e-12
1.27575070975e-12
1.21196317426e-12
1.15136501555e-12
1.09379676477e-12
1.03910692653e-12
9.87151580206e-13
9.37794001196e-13
8.90904301136e-13
8.46359086079e-13
8.04041131776e-13
7.63839075187e-13
7.25647121427e-13
6.89364765356e-13
6.54896527088e-13
6.22151700734e-13
5.91044115697e-13
5.61491909912e-13
5.33417314417e-13
5.06746448696e-13
4.81409126261e-13
4.57338669948e-13
4.34471736451e-13
4.12748149628e-13
3.92110742147e-13
3.72505205039e-13
3.53879944787e-13
3.36185947548e-13
3.19376650171e-13
3.03407817662e-13
2.88237426779e-13
2.7382555544e-13
2.60134277668e-13
2.47127563785e-13
2.34771185595e-13
2.23032626316e-13
2.11880995e-13
2.0128694525e-13
1.91222597987e-13
1.81661468088e-13
1.72578394684e-13
1.63949474949e-13
1.55752001202e-13
1.47964401142e-13
1.40566181085e-13
1.33537872031e-13
1.26860978429e-13
1.20517929508e-13
1.14492033032e-13
1.08767431381e-13
1.03329059812e-13
9.81626068209e-14
9.32544764799e-14
8.85917526559e-14
8.41621650231e-14
7.9954056772e-14
7.59563539334e-14
7.21585362367e-14
6.85506094249e-14
6.51230789536e-14
6.18669250059e-14
5.87735787556e-14
5.58348998178e-14
5.3043154827e-14
5.03909970856e-14
4.78714472313e-14
4.54778748698e-14
4.32039811263e-14
4.104378207e-14
3.89915929665e-14
3.70420133181e-14
3.51899126522e-14
3.34304170196e-14
3.17588961686e-14
3.01709513602e-14
2.86624037922e-14
2.72292836026e-14
2.58678194225e-14
2.45744284513e-14
2.33457070288e-14
2.21784216773e-14
2.10695005935e-14
2.00160255638e-14
1.90152242856e-14
1.80644630713e-14
1.71612399178e-14
1.63031779219e-14
1.54880190258e-14
1.47136180745e-14
1.39779371708e-14
1.32790403122e-14
1.26150882966e-14
1.19843338818e-14
1.13851171877e-14
1.08158613283e-14
1.02750682619e-14
9.7613148488e-15
9.27324910636e-15
8.80958665104e-15
8.36910731849e-15
7.95065195256e-15
7.55311935494e-15
7.17546338719e-15
6.81669021783e-15
6.47585570694e-15
6.15206292159e-15
5.84445977551e-15
5.55223678674e-15
5.2746249474e-15
5.01089370003e-15
4.76034901503e-15
4.52233156428e-15
4.29621498606e-15
4.08140423676e-15
3.87733402492e-15
3.68346732368e-15
3.49929395749e-15
3.32432925962e-15
3.15811279664e-15
3.0002071568e-15
2.85019679896e-15
2.70768695902e-15
2.57230261106e-15
2.44368748051e-15
2.32150310649e-15
2.20542795116e-15
2.0951565536e-15
1.99039872592e-15
1.89087878963e-15
1.79633485015e-15
1.70651810764e-15
1.62119220226e-15
1.54013259214e-15
1.46312596254e-15
1.38996966441e-15
1.32047118119e-15
1.25444762213e-15
1.19172524102e-15
1.13213897897e-15
1.07553203002e-15
1.02175542852e-15
9.70667657096e-16
9.22134274242e-16
8.76027560529e-16
8.32226182503e-16
7.90614873378e-16
7.51084129709e-16
7.13529923223e-16
6.77853427062e-16
6.43960755709e-16
6.11762717924e-16
5.81174582028e-16
5.52115852926e-16
5.2451006028e-16
4.98284557266e-16
4.73370329403e-16
4.49701812932e-16
4.27216722286e-16
4.05855886172e-16
3.85563091863e-16
3.6628493727e-16
3.47970690406e-16
3.30572155886e-16
3.14043548092e-16
2.98341370687e-16
2.83424302153e-16
2.69253087045e-16
