1.01429397153
-0.181948429021
0.186274203401
-0.116182882462
0.21833045037
-0.135580667725
-0.122783858615
0.295691224301
0.159244175789
0.130527619247
-0.429573730767
0.0466804945311
0.0726565371331
-0.360400320965
0.245385102139
-0.00539879854824
0.890000460735
-0.268177230946
-0.00764344877554
-0.0938035722917
0.063360896313
0.01107485565
-0.400659701613
0.827480869682
0.0997229302184
0.124942045386
-0.564098546775
-0.248915202665
0.297749804893
-0.738396179804
0.439822789922
0.0371616358112
0.978298011889
-0.395883460304
-0.402492470597
0.142543102043
14.7857332299
-2.90988328091
1.28341224092
-1.01198861685
2.99992787081
-2.12175842393
-2.80327997689
3.51663888063
2.76055168989
1.87994030189
-6.82214497646
0.626936039921
1.74501151414
-5.9136144666
1.64531563305
1.03481334466
10.2152799219
-2.87407605321
-1.02416992305
-0.413723636774
1.40746472409
-0.917653604329
-4.67126098342
8.49525938711
2.1434241148
0.169617907703
-4.89928628496
-0.873334808709
2.1094399725
-6.21417351509
2.11142606711
2.0574905587
7.45632099452
-3.79126543235
-2.97119622188
1.71579537543
55.8609858416
-10.384260943
2.87236904837
1.82694107284
11.0893362864
-5.7265316628
-8.44487196633
9.67234388201
11.9690410774
6.3237690443
-16.9848095243
3.64238555564
8.34493496697
-16.3642473424
2.74252355381
6.77635622574
23.1059049663
-7.55800192664
-1.80625116986
0.415877737043
6.40663812764
-4.23912490928
-9.1884062916
17.7695736679
8.40648209636
-3.13762921399
-8.6251736814
2.35386199496
4.01661117727
-9.87060433525
2.58476890226
6.06316032384
12.4395543451
-7.93686164584
-4.92240793589
4.23219171147
99.2398053404
-20.1468026357
6.84941502499
1.56975662314
15.4641642151
-7.82860349991
-8.81396737972
12.44518682
24.6574589027
13.8965989033
-21.3758543548
4.27133089132
13.3183172697
-19.07168665
6.47550807645
13.4492230205
28.3175917368
-10.3726667839
0.0740162612782
-5.21208007011
11.1564003515
-4.58706495642
-5.78740802911
19.9190703177
13.773532262
-6.23272140967
-8.44137459427
2.97631021689
4.61535247225
-4.84557150644
5.16422374103
6.13213391452
11.8670627103
-8.52101733592
-4.94100385147
2.41622698873
117.666027967
-21.8132460069
14.8126181531
-4.67332997951
11.2569204152
-7.0521170383
-2.96100841377
2.6961810831
34.2283169623
15.0261165997
-12.6301969556
-4.89496263492
13.7827838822
-9.64040932269
9.00286238157
13.6280705392
26.6133107767
-7.12258650171
4.84330983251
-13.0191517197
11.3527244459
-0.765729694864
2.02550728398
10.2696898443
14.970031925
-6.41453551663
-3.06817391785
-3.18221917176
5.73798934856
1.27342835497
6.85823189787
2.78779743262
8.67424730471
-4.94576478911
-1.19852448584
-2.229462976
120.450946925
-18.8715450901
24.2157063888
-7.20195934249
9.16881466464
-5.79741112645
2.44536320843
-4.38609162281
29.6701125114
5.57450228951
0.342139777341
-12.6189515085
10.0109181372
-2.03777763721
7.43853596956
5.59886664697
28.2482282681
-4.54887217778
11.4098816628
-10.4785244184
9.36997322267
1.37763827343
3.75627990728
4.7047038859
10.0099327439
-4.56378849363
3.21399619242
-5.66072231819
5.13408201685
-0.320990191757
5.60130309623
-0.928964474559
7.42672381121
-2.03771429706
4.06582971111
-2.33881097126
119.794864831
-17.0273273606
26.4580821103
0.222535305825
10.7234045857
-2.75292865415
0.238786225876
7.70183732273
12.5482051158
-2.42390234104
6.22152603992
-9.01001255786
7.0767516116
-3.94716485249
6.97846519633
-1.93584678405
32.017425317
-4.36699987011
12.5175028476
-0.172309489451
6.30534580969
3.58195307256
-2.10261522581
10.9182947947
2.53382008184
-1.38983855148
4.10910972165
-2.69161668109
6.15223474969
-6.10527348874
6.75959058902
-2.94649421757
9.03000195034
-1.766750181
4.01904777942
2.94544048395
118.577348642
-13.5372657715
16.6535071411
6.48469651153
9.62080349103
-0.482449635861
-6.37357958831
24.7239145891
5.41091254314
0.973701273663
4.13008991678
-2.6613695417
12.3816341931
-10.5300770096
7.60358499351
-1.49207891805
33.8653195416
-6.17620986273
5.80852813301
7.68388611736
2.55546611135
4.88640294211
-7.39008822865
17.3761257379
2.2176937138
0.408094867657
2.02802936025
-0.33335473246
10.9353991998
-11.1166299763
8.08610349822
-0.982737027224
10.5473774504
-2.83829090032
0.0869097023436
8.06793121679
121.04623136
-10.8274572817
6.00389803138
3.54866643761
9.65072081133
-6.27765543703
-10.5840676233
31.444445351
12.3297044968
9.27903643068
-1.14633528808
3.2097944332
17.5182138021
-17.317456386
9.01710406973
2.41036406435
33.5505107719
-8.11069053978
3.87075076123
9.15260784111
-0.0843156665116
2.06062832735
-7.94159766457
17.7913124377
4.02020021565
2.66526575431
2.41500975583
0.774947618665
11.036972614
-12.1756290363
7.49967424138
0.642535597455
9.97024105723
-1.76430084822
0.231559278655
8.25811238853
129.611901091
-17.816123951
6.10871261716
-0.947865792575
18.4137257078
-15.0208361193
-6.47921542357
30.27905765
17.026318975
14.7761883343
0.188247107117
8.54384307021
9.96839437907
-14.8295966399
13.9623582463
3.97270067429
24.0183727157
-2.23477739825
8.3972161229
6.64475409813
-0.956958305436
2.02696871367
-3.62728036994
13.0393158014
4.6194116214
5.48331897582
4.08397277015
1.19377811769
7.44618756926
-6.05378491626
5.58067607035
0.635263233342
7.40439673393
1.364936967
2.27657600955
4.6507357373
213.622218094
-93.2993132368
26.1297477509
-6.69425759487
87.9262588267
-47.4541748868
9.17459525504
23.035103015
11.0802132086
30.6231032188
3.38121451615
13.8788740638
-25.5814225186
26.4107997026
14.3446037267
6.50826197563
-6.84567798931
28.0206204269
10.8458657442
6.381782782
-2.53626268725
8.11603943939
4.43250115973
10.0782996943
10.6305970389
-4.83924754091
7.77062331725
5.5321454489
12.8380821477
-11.1317674157
5.48909782634
4.68782447302
9.07358910006
-0.628651094199
2.92566765262
4.20983410226
447.916870795
-292.552957809
71.6409943603
-4.93638212292
265.249916215
-122.683293906
36.1039022958
2.39121477579
13.8530189068
75.4329083541
-7.98629891652
24.8016904171
-96.5013097204
116.926877661
5.15505415141
11.4235283046
-60.0318600134
91.9984553777
17.3104035533
-1.50568109354
-2.14720372285
23.774965766
25.7132926467
6.40817935603
26.5475240087
-25.2646987971
21.0594516168
17.1960663472
25.8144486567
-31.2970453058
8.49866154013
20.4138247734
13.1694081325
-9.52255537625
0.859563001869
14.571961572
899.26458084
-713.496674102
166.391981253
281.942808482
294.215792842
-265.214581298
204.500776579
70.7581822651
-134.728740289
234.004351263
-71.6723775837
11.8859701574
-74.6914466596
135.436219747
-95.7728206894
135.60219382
-97.160764048
27.3400086445
126.063063774
10.9337434159
-9.32661987195
21.356178754
152.261449664
-52.6068235192
91.0642150931
-24.8203009054
42.0308931193
41.5579473821
14.1832358911
-28.0942018563
-8.64174516694
54.8928492761
-45.6127206227
13.2995700227
-28.4090227505
41.6993278225
1980.99030686
-1965.5365071
545.930743635
1636.79334286
-484.174121074
-647.902786731
1066.15317169
430.338603855
-1009.78004203
823.96867775
-246.610849657
-117.196132902
214.949118842
-158.769824144
-563.060222599
822.723344067
-249.571846809
-598.355115321
601.225409257
193.905234972
-154.858176936
-177.725736681
727.883537066
-245.021560395
301.930052319
-77.139397843
174.680531722
196.59122551
-41.5524984
-42.9198245
-65.8468855249
283.060838039
-313.060165922
17.8472862743
-153.997397982
252.556896294
3967.32073127
-4607.65617014
1539.72823525
4307.69488404
-2205.48022854
-1337.43621767
3013.33761253
996.835030465
-2588.80267084
1995.90966148
-497.887473175
-206.940780178
770.388109441
-881.978176183
-1288.98736666
2274.69425
-797.485570961
-1848.20827261
1481.9109619
663.79686674
-715.637282247
-653.887145789
1775.53044394
-406.884025482
480.048442195
-317.510825792
671.899418057
527.655185679
-91.13253524
-166.091216031
25.6943453615
864.466098803
-702.592358049
-220.906396313
-152.96589973
836.997312729
5341.44587737
-7190.54866894
2868.65213834
6536.90549223
-3964.11976425
-1832.15594071
4918.44167911
1312.87507996
-3709.28057592
2903.33238273
-637.409217366
169.74412609
1186.58074182
-1834.68133759
-1291.28134521
3662.06571594
-1635.82439415
-2744.3074438
2416.85912523
1014.11492336
-1390.53788686
-879.524421136
2276.07959448
-218.762077588
436.36295829
-791.090864155
1131.7634016
1021.24109187
-372.849757929
-452.881968219
505.78457107
1163.80747161
-926.282672456
-402.075344477
84.3322592617
1142.18247695
6229.71738805
-8775.46852726
3923.56329814
7776.87826048
-4992.07132211
-2078.31972865
6190.9742612
1288.20809386
-4269.56381758
3643.55515782
-1223.4170467
825.346889313
1349.61226051
-2721.41047339
-1182.32039997
4806.87131436
-2681.33629712
-3171.80377368
3428.84466106
731.510248464
-1710.97946952
-556.379111106
2286.3976425
-189.021610516
1062.25399568
-1448.03901805
1423.47615564
1750.8232919
-649.641384813
-922.728666698
1305.37137453
1230.15570768
-1469.87257932
-108.231977919
140.51716905
1049.37363962
6733.29444768
-9578.93921461
4369.51437296
8493.45486575
-5565.86897134
-2254.20595002
7265.98549847
905.643450143
-4304.58384496
4110.79650952
-1586.48258806
1478.78192261
1356.03823679
-3404.09941155
-630.686479579
5524.40098888
-3867.92765673
-3092.75760302
4359.14114804
180.313398809
-2249.41399168
98.4263035397
2194.33782523
-325.601315127
1098.23998153
-1610.50459288
1764.72496734
2018.4175259
-986.161540446
-1112.05119991
2321.84853677
1092.60696811
-2095.57503838
298.838515112
934.565321041
450.940020994
6616.32453078
-9301.89390025
4885.35164143
8214.8774514
-5947.56823627
-1969.19636754
8050.77124624
8.40843940062
-4076.6221302
4567.84604685
-1777.18980914
1872.82090657
895.308305736
-3487.4887715
220.153141188
5524.89015364
-5250.17213947
-2053.75609946
5114.03207146
-897.447180794
-2669.95939247
1187.76098712
2042.91973278
-639.552810373
922.913029039
-1354.08620382
2451.07708856
1574.76914024
-1565.75685925
-532.141071726
3240.27019215
-45.5883665932
-2248.7353173
1035.66691454
1301.26998509
-478.518960413
6443.25549081
-8584.74841221
5061.49155147
7543.98978436
-6385.98270101
-806.438169126
8399.12478497
-1647.63858876
-3280.05246617
5378.55412364
-2444.78237298
1629.38667465
1236.77760811
-3643.20974095
658.718637097
5332.1030149
-6511.20262517
-616.398144994
5272.567795
-2425.05041531
-2470.89202965
2648.91009139
842.236267344
-923.715156262
1391.29512312
-1292.95714428
2523.85461036
1361.40856425
-1846.05826425
226.369585773
3743.94624558
-1337.68540048
-1589.58278597
1811.75241817
1009.43526321
-1250.57945561
7243.00437147
-8276.38482845
4719.16351954
7285.69562063
-6411.78418205
-271.509552171
8178.78221015
-2530.42354406
-2562.99390483
5801.8049825
-2965.19594156
1205.45858277
2061.5890519
-3558.78357901
369.897746596
5435.44129485
-6497.77071785
223.392874944
4832.31817949
-2619.67899596
-2229.40538688
3346.40492726
125.724665853
-1000.68278901
1745.21016159
-1062.65734653
2079.13612797
1046.87124581
-1482.05193622
345.755886384
3338.65577442
-1732.41065504
-884.669176907
1682.07275463
785.857236478
-1438.39165933
7381.54949635
-7804.38677558
4500.10636316
6385.49701463
-5333.75280714
117.059843091
7054.14536145
-2309.2873657
-1844.86128826
5295.96476812
-3020.76040968
1100.84749311
2064.81943407
-3225.16619214
133.58849629
4672.6940959
-5868.77292615
734.259963351
3476.08463622
-2329.53203509
-1532.74773844
2942.81747064
-460.02641704
-528.513558846
1642.63617152
-1041.13750479
1988.17998129
671.219920483
-1030.75516839
800.018112015
2426.58743248
-1736.65332805
193.405679484
1083.43273495
241.208067548
-826.847245708
7213.51547368
-7972.40474674
4651.74652969
5401.51741114
-4785.34403575
364.983824574
5875.82849269
-2158.97798603
-1021.44601158
4522.76880271
-3167.60191005
1631.5229477
1769.09499905
-3141.64159094
553.410321971
4033.8267597
-5460.1220678
1444.51213776
2535.93507284
-2179.36731225
-788.653335729
2393.48170626
-796.15453192
76.9805205361
1276.6991714
-1178.4970811
2183.8596765
256.356498693
-974.650623474
1157.46891554
1768.10804558
-1674.77160563
789.772518476
700.793350531
-8.87590773954
-363.636428843
6842.99790713
-7792.54265014
4825.01629085
4879.96003994
-4802.60127099
1059.58864899
5115.05862524
-2214.85245027
-740.922554215
4134.41670912
-3118.99561928
1723.20464352
1241.45655647
-2900.29518228
973.08483564
3073.07510086
-4857.16472576
1514.32876016
2334.06092199
-2485.02101917
-16.2622629624
1850.01326834
-711.146375041
198.949889562
1089.19960794
-937.185432033
1899.76684457
246.877516278
-1007.27778569
1457.89508723
1068.62313255
-1343.42636609
666.646674874
766.535926576
-463.292762748
-61.3300430382
6495.78520999
-7579.73156436
4667.29518935
5203.41944918
-5563.09011285
1785.91488004
4899.538166
-2356.17560921
-463.721630473
4022.79581352
-3099.61126743
2003.11543652
990.641348143
-3080.78634188
1603.24070667
2439.03203745
-4753.26834728
1490.36013255
2695.70700077
-3470.83976367
800.74788872
1419.51690942
-788.462854907
343.004263705
1020.44539518
-1035.59536287
2121.94369387
285.834579958
-1458.49056975
2225.66746951
722.913183451
-1434.45557333
852.237561854
1132.54845717
-1139.15618998
405.340198167
6303.89474653
-7590.14137274
4632.62337184
5431.66573987
-6233.83216945
2619.05942572
4500.03077545
-2819.91783452
161.007503139
3780.38551438
-3382.08655755
2287.57558586
960.988001463
-3314.43046173
2056.7276766
2045.21067125
-4642.35005899
1857.24190684
2450.12956957
-3728.8911986
1468.1865514
1116.17953734
-1049.283815
624.844906271
929.351602878
-1153.89178904
2102.99235202
90.9111156688
-1328.67449961
2264.68320502
347.775994153
-1369.29430243
1132.41248633
867.800143462
-1225.21227524
672.81926703
5942.02433146
-7092.17907142
4271.44174492
5097.02407178
-5385.95348405
2223.12869642
3781.26210801
-1939.48617961
278.43997508
2781.8517735
-2678.35588458
2454.15226674
407.97203039
-2857.29128329
1992.46706655
1812.74597915
-4219.32405093
1787.39477154
2018.03311089
-3031.9124786
1123.20667563
901.97772065
-579.42766909
433.237991295
690.662529589
-791.998913605
2006.62602225
-220.048422454
-933.739081794
1996.46391533
373.263266736
-1343.6796357
1116.70566466
801.395496612
-1116.8946483
508.297691806
5472.22068794
-6429.11741141
3806.62198971
4196.30412154
-4090.24844883
1702.14180769
2862.95714339
-1007.45974481
288.386874348
1772.10027328
-1827.72245372
2312.47943222
-135.062739456
-2225.45706012
1763.11395642
1518.07302575
-3837.09881663
1842.51564682
1349.03522292
-2315.54440606
831.384411742
677.433454465
-402.978102744
388.793667414
421.652695147
-637.113144142
1930.45534439
-423.413567277
-730.233005112
1906.09393434
372.17418045
-1442.37284568
1423.75002872
579.73982317
-964.521523466
492.38693229
5352.73941668
-6427.36353964
4127.56112496
3373.86293559
-3528.68312605
1564.30257378
2403.81926681
-768.075169492
439.890901266
1187.8664671
-1423.02844495
2244.22407559
-385.927567919
-1896.10551362
1672.37091558
1460.5042125
-3803.05219106
2326.56362766
683.53093861
-1816.21569657
773.123945284
657.745728696
-532.425050102
668.181155147
221.447660051
-553.741815183
1847.03537442
-486.369678583
-597.799299799
1692.33752472
314.145521461
-1429.24944158
1622.27697124
35.8010031027
-626.565839512
448.877957026
5179.60841877
-6709.27603735
4734.98714634
2770.67528238
-3341.48915338
1483.45402289
2696.12161245
-1090.20756504
495.704423863
1111.98099793
-1046.78499022
1880.30863497
-477.458164175
-1519.03221985
1480.14224599
1410.26460895
-3982.2777657
2706.68969557
221.72464827
-1599.1007352
573.167226117
812.626585468
-770.691530921
777.592718088
46.999952432
-369.264889009
1624.14133825
-450.880869314
-450.272919072
1519.26150845
369.501226098
-1416.68519875
1735.11773826
-197.571280138
-376.259901299
339.204645459
5390.37873489
-7350.16531655
5565.86355495
2458.36599777
-3688.07874796
1765.13704201
3077.34817725
-1782.44233577
830.627555204
1227.19081226
-1205.2150235
1913.5675984
-422.853294258
-1617.26994147
1630.02265088
1410.63469727
-4265.94213655
3173.00968653
-77.7176172861
-1587.47530859
654.621942015
820.348192188
-983.777960701
1109.08092202
-224.051004093
-376.506641787
1828.79103855
-570.320608729
-580.52144137
1728.79367537
293.739578274
-1396.65449064
1777.40554591
-310.504272719
-144.458043489
294.026208335
5320.21836399
-7464.10377203
6218.12480399
1727.1802779
-3453.72201188
2223.86867531
2752.51853578
-1974.4679973
1200.75822383
1143.40728306
-1328.3532242
1979.52487845
-393.83674836
-1626.64048011
1838.21418198
988.824574537
-3841.10628405
3182.33431657
-433.315352667
-1154.92684219
579.117440956
654.896376435
-741.900785611
1046.36972218
-339.437791375
-163.154709033
1673.16312421
-651.604387797
-387.545853218
1602.85883921
31.5675617678
-966.069273512
1365.26967044
-263.08065928
45.5560372418
31.0472915465
4991.85477694
-6741.75302618
5618.86905573
1412.88647814
-2916.13093735
2027.57505922
2223.51715608
-1342.94919551
911.865902272
1027.76804085
-1008.45533411
1670.63950587
-194.7449287
-1664.92685119
1919.07520919
700.437605061
-3362.43890622
2768.98313137
-327.665954659
-1034.79292949
388.366265811
566.840930448
-384.823157848
597.190572451
-229.853399834
0.360297307103
1492.64463073
-654.10839756
-392.123134351
1797.14920076
-173.858541483
-857.707137759
1328.7538793
-85.4121212558
-95.6965514187
-3.60284456946
5038.32397076
-6464.55260342
5150.30263735
1566.34483649
-2777.87816835
2088.04985559
1850.26524492
-1064.65751352
923.28537915
768.064536396
-833.191060167
1541.99110096
-186.601903137
-1682.8119371
1977.45575346
567.85261991
-3307.77802321
2897.93601542
-526.581833993
-999.369402514
577.995994428
345.286100853
-345.085029931
703.403924775
-363.350288474
70.3910872623
1494.81106446
-772.052283798
-282.846869457
1875.12169887
-425.725230615
-785.307852748
1591.41635253
-446.120750944
16.9320072195
142.238969462
5015.43862533
-6584.51697033
5438.35558113
1407.44497012
-2766.85697319
2035.31788558
1901.17640113
-998.539656797
850.622714995
643.076376272
-616.431440993
1583.716252
-619.216453156
-1251.55371608
1804.82792442
553.425812105
-3457.79835734
3153.24503045
-662.995767746
-1079.70179336
664.115722479
385.470058989
-332.822150956
647.340365602
-318.26814564
207.424615134
1447.5371396
-900.076956256
-15.1232665828
1690.68293013
-313.895906165
-908.106618505
1710.77407727
-500.121241731
-74.0200206158
198.851319907
5048.31565291
-6735.81677302
5510.40977675
1806.77685802
-3356.80562076
2636.46440944
1875.27325882
-1196.94041171
1012.38355066
937.513313343
-939.434761266
1794.38596385
-538.928639679
-1361.51444067
1822.38425284
671.768971486
-3701.65638551
3202.34450709
-392.408594673
-1769.13354754
1286.00768359
46.0710222442
-409.561904684
680.70814221
-165.830212778
-79.2083235193
1570.55224759
-717.448723397
-270.829595823
1932.5279735
-286.13342856
-1003.43641889
1892.91634398
-398.513457849
-317.642195468
601.027681611
5010.85551532
-6732.90508663
5460.84797661
2651.24211718
-4574.14588199
3775.87674939
1489.23769124
-1451.91119801
1501.18939011
841.400378761
-1192.21290556
1967.77295828
-240.25474213
-2000.22357573
2318.72555221
505.505701588
-3773.23786752
3312.21867378
-312.259919636
-2145.65593201
1859.48919543
-358.285535617
-300.350592839
774.146410282
-153.708555026
-135.197907661
1616.38895706
-619.312433997
-418.142148859
2211.30562081
-598.412494975
-721.972163084
1876.98448287
-491.099873772
-259.281781181
681.014307545
4696.79880427
-6146.75100242
4833.65110447
2938.02359911
-4395.11652392
3635.35929711
1162.10043098
-910.474781821
1307.47957042
535.48549415
-683.113290521
1693.59328432
-218.159404344
-1858.31927045
2305.02683262
346.984098182
-3378.26938653
2947.33081161
-169.272415062
-1816.02185252
1323.20113784
-84.4079532026
22.854688228
158.523330097
91.6993677035
209.156235811
1107.10806584
-553.601856608
-90.4778334625
1853.99813667
-542.849913792
-605.418352703
1594.34451057
-169.98113184
-398.734925676
336.518575001
4919.25609146
-5897.63257544
4173.16789991
2942.87515462
-3720.20253596
2666.01505116
1232.28421139
-332.148597338
715.627104866
535.516510569
-449.194781929
1585.6144224
-364.538955699
-1628.03197109
1995.64469453
602.099414941
-3385.5404278
2609.79216283
125.234781513
-1713.49994297
723.948567752
348.014947496
78.6964007033
-315.837059221
332.637880046
227.327868844
1019.29903969
-616.337208825
-50.2140193562
1835.1745057
-316.493877841
-917.349419297
1691.50484457
162.714783749
-637.786578431
224.704355258
5375.90335509
-6196.82069747
4377.72818281
2672.92305639
-3312.75210878
2576.34928788
986.880129704
-173.092289668
764.98160592
465.283113278
-709.53512512
1794.02092695
-386.232804145
-1775.23341803
1894.08949098
771.654798178
-3449.69986613
2570.33038079
-78.0884809265
-1339.4755074
656.232863876
84.665006262
240.225959526
-64.7862918869
186.42696386
-16.9256418787
1371.78993392
-571.384141382
-293.269540463
1827.61472952
-196.077639
-832.052908706
1425.63047293
38.3314139
-252.647369509
47.4049218301
4937.23676029
-5859.80036727
4595.20968713
2033.55715476
-3206.45681511
2875.23482066
705.227180602
-184.385982946
730.634664621
609.557628704
-596.473530365
1464.00513667
-247.399242821
-1452.22342747
1677.57540036
573.571953773
-3089.63569803
2635.79698827
-425.318505089
-1201.38182987
843.173130719
-99.6797123291
276.825261472
-147.462765633
315.295243586
24.7070493832
1091.72724483
-448.306167839
-133.442442827
1616.20523489
-282.216818222
-646.291124173
1412.38455088
-137.181224228
-214.443037403
143.499210124
4921.10057832
-6013.9856783
4704.33876382
2060.66907606
-3177.65478807
2939.73422587
662.145609985
-20.250990594
711.176514849
515.594757462
-454.470111597
1538.29207906
-428.375266528
-1359.49599465
1747.55157486
568.279467602
-3273.72986658
2766.76504491
-390.690357481
-1340.73918649
902.627944271
-165.86941526
331.716112569
-152.233345361
150.75317585
130.528871122
1191.31534695
-637.215699705
-112.258013067
1812.24651076
-358.250788888
-805.310807897
1692.46122056
-186.047578704
-291.72144885
283.877912486
5189.75832401
-6420.38767317
5297.8763226
1813.99550869
-3116.27322431
3143.41014316
530.922469165
60.1198111924
843.28015286
305.535861061
-375.329632011
1697.81807411
-677.876174887
-1343.92420441
1902.48170423
416.90146661
-3338.46030133
2953.70088821
-554.278926049
-1277.8844504
922.10705467
-169.827642478
356.139332883
-24.9238817652
-6.60405862256
314.562267907
1247.97183627
-790.747308131
14.425557101
1876.61477556
-475.92870444
-750.15643787
1711.95833173
-245.483019723
-269.697282586
239.748277542
5085.54713401
-6115.9117499
4881.87192593
1935.66311488
-2844.97788292
2739.40794913
754.384227951
152.140972591
724.199717794
271.092134695
-5.26866016581
1333.96011191
-465.611793164
-1148.03428095
1640.33888401
600.633788214
-3102.77782657
2447.51126132
0.746645133123
-1414.00343426
658.710582712
201.17933627
263.120928409
-201.94429567
57.4658058266
554.361767232
773.4708881
-477.611502331
0.201457377899
1565.19413773
-131.212297654
-917.860135745
1475.86428143
214.779785655
-594.040916742
151.640913807
5323.0173069
-5966.96934621
4109.20664157
2875.78065104
-3363.43588677
2551.14451781
1277.563516
-156.190338542
608.340588099
458.389433615
73.0791160508
890.857293516
21.2152586776
-1415.02945277
1501.00148429
916.259602198
-3267.00517373
2131.3773609
611.867666177
-1956.43631173
688.479186564
483.155986078
4.88350743315
-251.5440632
219.260473602
499.460237968
632.193222428
-208.743001812
-258.515325887
1736.23660068
-15.3937695572
-1138.71633275
1632.06934924
401.214802164
-856.28795888
322.655387453
5621.13979433
-6338.08141098
4241.30884588
3306.78933641
-3824.51493772
2918.03954454
1328.56253845
-219.843444964
650.424628956
538.706144409
25.6194618468
933.685791459
99.8268560704
-1616.76283955
1842.29845106
670.67551859
-3285.97793031
2361.04185661
411.208502
-1928.98631328
861.467836778
338.558772853
24.2852287298
-152.485934277
226.526372381
365.541495858
817.779689328
-303.714472967
-236.174314521
1823.84984423
-281.94244995
-825.673857823
1554.59383723
152.383969961
-603.772376922
337.932838194
5557.41241261
-6886.56197782
5076.60934856
2887.50750276
-4279.20375806
3389.90791376
1249.74186919
-325.62241282
385.377641319
1023.72643268
-240.946608579
956.960123155
73.7705449868
-1596.83184288
2181.11987823
128.265473143
-3169.10422594
2989.7936979
-298.160118607
-1866.55368335
1249.54483459
245.39064471
-259.168464537
-104.502714031
660.886236318
-52.6368605702
834.881561656
-232.783276673
-111.322347724
1791.74885681
-681.285918385
-394.716150476
1656.1002184
-344.522280031
-450.562256995
583.974168561
6058.37761618
-8623.2982176
6800.21442994
2826.87063813
-5433.58417887
4350.16930094
1360.37738129
-808.485418186
566.260886082
1275.62369874
-647.36549862
1388.36117928
-87.8885098571
-2022.4122138
2971.26814476
-209.267575317
-3900.26394979
4245.89328099
-1062.80339217
-2024.21162613
1714.80116321
159.602677918
-599.117805006
133.497932051
797.5226639
-448.847365491
1279.94727049
-501.590006832
-156.642926347
2287.01849542
-1184.7350579
-314.218992203
2183.33949763
-819.705660989
-340.14499478
814.909708002
6413.77628899
-9633.35680107
8199.94765026
2178.82214621
-5509.10287487
4838.70743566
1065.72668812
-852.574690226
881.640410055
981.236150318
-693.854813991
1718.43517722
-445.97950705
-2090.53883752
3264.04742517
-412.264128363
-4181.4871392
4927.62472021
-1820.05128404
-1519.22930452
1571.7108201
109.309265143
-475.745100739
207.066952321
657.915479699
-317.346022078
1442.08793507
-826.551927305
146.325702529
2232.46315608
-1325.87721506
-212.314887317
2241.60928955
-1161.6953887
30.2249667076
522.60347427
5956.31737692
-8743.6894016
7700.07764748
1447.44594253
-4017.70282674
3727.5992881
1264.68417781
-430.257079499
559.329433538
972.930659739
-182.75810155
1315.26403206
-521.994073605
-1158.70508393
2280.15517744
5.11179453972
-3765.53136759
4476.79758044
-1899.70853785
-852.700466909
891.063778118
389.983306943
-413.332830909
-47.9816031024
715.150645804
-65.8245674892
829.758348688
-449.245415829
353.371875549
1484.79848187
-758.613829808
-270.538234764
2025.6764366
-1153.94637134
357.786629815
138.25448682
5980.7039267
-8278.74454241
7293.57260645
1387.05204135
-3380.74118211
2708.93891033
2031.44414599
-650.980277669
264.381031057
1096.69873935
102.213799466
721.995707107
-318.055585291
-850.130883414
1583.65221282
539.786250312
-3946.29929837
4442.760164
-1901.23065759
-657.946317633
484.120566813
895.252673542
-698.8229566
-71.2847881464
868.824788808
43.61744654
446.393100056
-10.8563964623
166.407954804
1494.45080398
-659.879652223
-355.646357764
2118.9844247
-1221.0546434
434.563861219
-10.9730971797
6324.65690985
-8628.97944825
7521.38325998
1321.59475713
-3041.49767101
2351.76431718
2325.85274839
-661.292205261
337.487039902
885.296758119
474.709517055
498.613712023
-190.44717932
-896.384478569
1737.98291639
401.551585028
-3932.59307379
4553.66940359
-2058.88867728
-464.778459028
273.517948344
1060.15088479
-752.804692887
-93.600288479
844.178077222
189.824907696
262.44173218
23.2812803084
221.820740138
1478.72513849
-909.101804866
-37.4257007704
1911.87182711
-1223.6070937
454.047456295
0.370869759366
6148.77025155
-8553.31135704
7345.43020367
1299.89466326
-3082.64419329
2101.33454389
2383.11169534
-543.084576398
71.8300989843
893.441684433
696.242440135
292.570795496
-234.966169483
-757.144714523
1812.73947031
78.0742937125
-3592.6531997
4374.63962234
-1966.24352941
-623.944875448
418.322145281
1008.82873556
-733.077821261
-230.593640306
948.673852212
221.14029458
106.16616962
32.4555767609
361.490602234
1343.23303931
-923.825236475
34.4159571447
1847.09272772
-1158.39491337
320.646332087
121.139766017
6264.58086774
-8835.33598737
7380.60379471
1711.36151087
-3509.6656004
2403.46665617
2403.36203533
-682.788946515
269.989163914
814.468947723
574.061090024
510.270629861
-243.819257434
-993.827813925
1991.73682155
239.426348602
-3888.89749938
4440.65362571
-1734.80654343
-866.123073681
531.778593805
862.675888822
-588.367608154
-211.062731426
760.09568825
266.408245557
308.428266767
-82.2199751644
108.423621623
1706.4938776
-931.086105697
-255.632906285
2034.63648053
-1011.09891557
203.329627138
83.079079997
6329.49271304
-8552.14259454
7129.66151415
1761.24003518
-3590.31872133
2682.1769728
2024.5989189
-693.461952891
597.372415915
553.856287809
480.228245869
575.464093775
-69.6347053187
-1357.41234076
2094.66112313
301.654018491
-3835.29641196
4140.38716319
-1478.26300901
-918.392566728
609.07239424
686.205034463
-366.548808991
-193.595136478
696.797455159
258.469025644
401.253998584
9.80645861905
-71.184294869
1791.97336714
-891.506795203
-222.500967087
1798.20335384
-838.02681031
105.20719847
114.526524677
5874.67097842
-8017.16980174
6517.12926404
2245.68386242
-4129.80628866
3038.04351179
2004.64462453
-755.33020863
367.461564027
901.042846023
548.419473225
195.450856996
259.78877033
-1295.48468963
2075.78259549
132.634016007
-3517.83943282
3884.93755019
-1081.58945341
-1507.01662162
1087.31839149
607.35165449
-555.488106762
-312.616053331
1149.31994224
-66.084106244
192.497601139
377.660437665
-160.906965419
1570.34364721
-757.133062204
-186.215797562
1749.43072967
-749.522653681
-181.073803425
497.54555755
5990.3179844
-8616.26296017
6864.04901226
2983.90715959
-5529.26017835
3747.57083356
2197.49288494
-1154.48310881
228.875730017
1193.04803691
364.796374954
101.378874509
317.377292398
-1630.11274844
2404.40442182
26.1705724934
-3976.68908788
4271.49368369
-940.410551618
-2143.09336464
1472.3315163
725.082895008
-770.510307496
-397.117152155
1430.07512592
-238.566830172
277.693667501
354.98201146
-258.865287001
1905.4879199
-951.117372609
-362.407323679
2113.61366292
-804.793744742
-439.997893374
670.270714883
6219.47380213
-8909.13835449
7041.21331772
2901.68256525
-5294.40922245
3745.1138955
2012.37172275
-978.713326031
426.682585062
909.091480384
390.218954994
420.931964361
93.5864613119
-1605.644052
2512.91568301
54.1708368346
-4009.01376501
4275.35351098
-990.331901055
-1854.78846131
1228.58631017
652.836781524
-473.784913725
-410.902180172
1071.66703215
84.6589837256
371.896515043
-10.3131306878
-49.9352984382
1856.65662367
-967.326700474
-367.340025484
2022.20491363
-773.285506127
-289.510927317
448.963943336
6005.09040401
-8386.59057464
6794.21504834
2138.64526306
-4394.14144398
3236.91982362
1859.5160248
-815.505783884
417.652822945
927.808228155
255.905023054
490.580676343
-31.0428546533
-1255.45415187
2102.89056434
148.023457736
-3683.37529023
4087.27921048
-1278.93068905
-1370.68700351
995.366318097
579.20025847
-445.944085369
-291.213997833
920.287947529
46.7602182697
450.258227108
-62.83348942
45.9719051686
1676.15570408
-801.218618635
-319.65759602
1934.85436241
-830.353658927
-25.0413779565
279.898424813
6373.53169803
-8932.04349614
7486.34278688
1655.62763344
-4221.79549519
3445.75790248
1727.68584023
-897.947187847
549.89225244
1020.23751412
-78.4698612923
712.531783984
-33.7146187853
-1414.10434679
2114.98203973
346.232383555
-4104.00750892
4550.05826241
-1719.91990903
-1035.25342908
812.165573972
615.999374098
-476.932681448
-217.12952414
966.244963665
-206.784248572
819.488189976
-234.009838943
-53.18836665
1878.1554118
-860.275771132
-422.346642667
2100.39779011
-960.594377986
148.245522794
63.9536180363
6651.20639957
-9079.46593921
7768.40531548
1290.32225849
-3976.14464841
3553.60315886
1375.68453663
-650.74848728
550.715364867
1064.14287369
-296.383041917
997.945670582
-158.596633118
-1387.47866594
1999.87585314
522.226795189
-4218.82301813
4590.51369086
-1828.47630977
-874.254528172
768.73855892
494.030239926
-300.901633883
-241.180181639
907.187749679
-226.08967743
1014.34586603
-474.431682613
129.874973709
1717.84515835
-711.658046083
-550.781936069
2104.38015622
-991.047406811
144.120825213
109.778492741
6267.30942519
-8626.75642382
7432.76076939
1456.96118715
-3913.14007652
3527.13963577
1588.51862572
-773.700273061
560.416737772
1317.17623034
-452.317871289
1186.24827082
-316.205459507
-1056.93713492
1782.64438216
598.007299539
-4143.19975322
4490.79177148
-1633.00452682
-1193.30780495
1079.42765356
360.836563566
-475.845316652
17.9500717222
738.485675051
-220.14805831
1035.1461897
-461.637536068
138.390055574
1648.35495871
-554.457399745
-711.976042155
2288.94468972
-1042.59576493
63.7598636068
355.948966171
6480.64333857
-9324.63376781
8395.3548027
1156.36648335
-4169.73167729
3727.62387224
1867.23014265
-1304.40698993
922.185360323
1244.10458038
-752.163239246
1584.00151926
-618.80841165
-1238.86138275
2045.02407773
582.520516578
-4690.27917997
5191.75712894
-2148.61953509
-1020.80673076
940.955655009
738.24946995
-1022.86038558
533.469179406
544.529957267
-321.24981958
1404.07958976
-741.962610214
248.351432625
1801.32818223
-568.854083714
-934.227170895
2764.55807956
-1396.75833972
234.815954335
266.065303948
6988.65197113
-10311.1955426
9823.24815906
-166.628756617
-2994.22205313
3326.08785888
1739.69047556
-835.760512751
768.556490082
1355.74113677
-1015.48427236
2358.12394091
-1400.02188418
-668.55550694
1948.05320063
544.08845359
-4735.07359251
5480.0275446
-2560.16842229
-524.944472124
455.437306575
1145.50939031
-1199.41770318
438.672797126
765.599232701
-506.769471601
1619.11927404
-1216.50532579
930.049798254
1190.39118643
-334.548529092
-946.857933952
2722.87358346
-1369.68069721
112.237874191
350.761411691
6895.96475129
-10472.5362438
10000.0
-437.453826051
-2667.13562039
3037.45855608
1599.73979372
-102.411021977
-29.5899418705
1820.08135414
-1008.09489133
2418.72019571
-1671.78416677
-264.148812615
1873.79869187
278.274148876
-4248.66627349
4888.52881759
-1813.56863073
-1312.45357979
862.231411397
1118.04230847
-1115.95099038
-87.8820532602
1321.38172968
-591.339715592
1281.11896443
-951.041684064
951.658730068
1240.35997305
-514.060042727
-697.97227195
2530.82195385
-876.789820777
-637.065898576
988.069810326
6693.96849476
-10534.2818277
9429.9644165
807.626766121
-3725.28689462
3492.40555578
1558.56645749
35.8723914287
-173.329847141
1635.11041757
-537.351170544
1963.36720716
-1178.48671367
-992.304638455
2782.00275686
-283.153449559
-4026.02399237
4556.66278256
-1010.03046932
-2131.96191895
1215.6496925
1050.71228997
-973.288609914
-326.140004032
1279.00290117
-324.26085514
1003.60764588
-782.701509389
555.688869866
1875.95418769
-1135.11146021
-424.534116533
2370.83569362
-571.280716027
-990.375218916
1141.25958363
6260.38365889
-9548.35417384
8032.79249461
1809.78021835
-4221.55615188
3505.43703927
1487.02248894
70.7127266211
-79.0659610186
1209.81712185
86.0621204413
1275.44336085
-581.384209829
-1424.26452905
3169.85274124
-837.131734782
-3191.62593664
3802.63158571
-660.467337479
-1991.59556418
1119.70151981
1058.55507365
-869.614503413
-204.316749367
1050.29020757
-19.2353678842
687.166054839
-581.399593424
516.504532283
1644.77393602
-1166.21432793
-80.7797723151
1784.72150172
-470.642780122
-808.975605402
940.597935791
5668.5116955
-8494.67681513
6806.71632741
2684.56164218
-4475.2025386
3338.2223464
2085.72231094
-397.752207658
148.948532405
1219.66548374
440.831176754
679.140245773
-136.214342427
-1263.24178159
2842.39469767
-887.721603131
-2645.64745965
3273.98374859
-437.839451269
-2020.37453309
1224.4243409
983.948422617
-991.204378726
38.4737200428
965.872511461
33.786119601
485.642475414
-201.232827136
411.84569002
1423.23128587
-863.783442907
-81.7292114867
1645.6611646
-425.948762584
-701.916838216
898.116790544
5578.86826509
-8266.95149996
6542.40229521
2923.79927003
-4815.95295173
3368.97171877
2288.43091256
-1008.82619003
612.625920959
994.029664786
230.305783243
769.623764265
-77.1345092121
-1422.26689887
2654.74114256
-463.844082705
-2984.12627072
3386.85913397
-414.237176153
-2025.52198235
1293.46948919
863.694807644
-888.816843244
158.637926575
740.401369138
108.563570672
603.723946105
-274.823075943
213.306987714
1650.61592744
-842.639179529
-370.821313369
1839.9563467
-482.654079081
-657.616673641
773.519771636
5462.72027732
-7722.75466751
6133.82230041
2544.76950774
-3989.14153622
2982.00558682
2135.21409332
-988.028787529
928.540382698
804.302822562
-3.52527663938
1100.64916848
-145.279332718
-1276.88458792
2156.20309642
195.840564537
-3254.54543465
3259.66413163
-369.315106391
-1696.18242778
1044.69446394
707.864524853
-592.832940586
214.957316185
400.393056433
270.840031413
710.520358596
-388.797713274
159.484293227
1520.20907003
-512.764818758
-649.957352596
1784.9952758
-390.684748028
-518.104728233
542.273356203
5335.89672911
-7304.84198032
5983.2817086
2160.11992059
-3645.74937082
2805.98217639
2363.21091678
-1453.03216052
1145.39668819
1137.00818573
-516.184704721
1166.46005791
32.6591595752
-1234.29441512
1594.06725062
796.562636182
-3606.50308109
3341.89919007
-444.081547015
-1766.51200864
1159.34265653
685.654568313
-894.857413214
560.21422598
337.284539023
27.2750314802
877.245385534
-194.395918581
-105.472790778
1590.44897522
-217.69245292
-981.304149535
2059.95704863
-494.553422493
-531.550433774
683.839086298
5539.09068926
-7925.32178858
6753.48340407
1830.32062997
-3786.01069551
3176.4385326
2442.34120637
-1931.26342191
1570.7135345
1155.47757135
-855.324369325
1479.3954562
33.2649378004
-1423.84729786
1786.52388439
890.947417402
-3948.52633571
3750.22960532
-639.562224639
-1784.53875865
1310.97834742
606.145660381
-1016.7762562
804.122309428
199.269314149
-104.60678028
1108.47665598
-296.067377238
-273.300659818
1800.73263674
-325.051503623
-1032.39926603
2158.99485291
-550.437041962
-487.983598988
710.430469143
5333.62537079
-7645.37812172
6685.66054311
1421.41137001
-3501.06164664
3200.51304757
1905.98853531
-1411.03322015
1275.7413337
1072.81890712
-668.998268437
1362.54754785
-74.5148331581
-1217.24587857
1723.86103034
589.028821897
-3370.52519044
3226.47555914
-449.85357735
-1692.81077748
1202.49127
470.729607539
-643.67463362
402.523365998
301.005465536
61.3991975838
846.016031561
-279.866610458
-95.2570343437
1549.04515867
-317.001052501
-778.386304742
1690.4367946
-202.06356066
-593.76574627
582.198372766
5121.16013024
-6993.33242481
5685.76102323
2094.68641219
-3567.9085438
3095.47511453
1727.65202781
-797.175710618
650.733976706
1358.98012472
-467.399722989
1035.80038428
109.26736772
-1086.65539171
1499.87000032
625.76447969
-2974.20274789
2475.85961485
247.869015483
-2041.4832602
1147.50244284
500.560928384
-537.280758587
71.4426896552
534.499105385
3.93203515533
637.749859583
-29.5350415695
-182.520324212
1416.13005097
-76.8334847976
-828.764096929
1528.44785837
182.883782269
-862.067361792
692.521192899
5153.24571276
-6870.33413613
5341.58244776
2632.76877765
-4047.1729451
3188.04952521
1770.33559406
-895.773975082
618.297113957
1395.99551976
-644.628319466
1154.44726462
104.774992169
-1308.15968314
1700.10534072
561.518331314
-2995.32171709
2454.50787173
418.724925082
-2230.9576753
1261.09059644
639.434339605
-737.743869733
239.495581999
573.864001163
-124.526551982
767.087583894
-71.9053188249
-221.125807802
1463.33192062
-143.943541112
-836.033348968
1555.85373116
101.120890795
-896.415566136
768.733098412
5086.72132284
-7202.35049338
6006.346791
1919.02310671
-3583.19783283
3035.9272452
1928.2886862
-1228.32160345
1004.15222285
1265.09974377
-765.52934575
1446.64478225
-223.669923949
-1003.70908269
1688.73900966
311.560075094
-2825.91488106
2751.41909219
-151.554005296
-1741.40353037
1087.47439667
823.152485379
-969.25426862
424.110656028
610.900304758
-131.667938037
689.656054258
-153.681605015
148.744594608
1049.96188638
-176.256139786
-611.951359907
1469.48974898
-217.989414917
-626.338272727
604.43282194
5640.20503759
-8689.02651261
7828.01818565
857.209590465
-3365.45427918
2804.84159739
2702.83387508
-2020.45680135
1338.25164357
1385.2144531
-961.636549275
1689.18810594
-664.635264316
-614.548456369
1477.50792729
443.100333428
-3396.90022211
3546.64068987
-743.192429934
-1638.84955673
851.062057457
1456.93529721
-1689.65045911
682.148956291
734.41597666
-195.983174081
650.439314089
-144.113403142
332.27659576
974.972146568
-17.5634183556
-924.029132558
2012.59472228
-483.979621725
-677.766809085
638.799594331
6357.97492466
-9928.9744342
8942.62304769
338.964416672
-2975.52021575
2301.04828157
3354.4867395
-2531.73022697
1671.39367701
1286.11854487
-1177.89118665
2166.07896955
-990.341744881
-567.858196775
1473.2691153
915.900802229
-4103.31822789
4061.11264797
-790.296932897
-1592.68442299
623.519009867
1849.515244
-1992.80678481
913.689992067
641.797236043
-329.729073777
952.365513894
-341.338744275
225.939107767
1079.76179662
157.102130032
-1353.90306501
2301.74016897
-483.53601174
-756.451294061
641.936979749
5562.76698159
-8030.92941235
6977.54607538
540.904431499
-1899.91739671
1224.04893753
3049.32138347
-1748.44076948
1244.99734239
1069.76108072
-998.747385682
2130.03068572
-1053.49113636
-335.556300936
1040.37133708
1062.86595886
-3425.77671941
3011.43359131
-287.554821409
-1332.90349869
330.408539095
1520.1625417
-1325.30592151
386.217634366
775.561988102
-416.690382157
947.990566358
-402.536492485
361.730397883
695.709363647
344.517188593
-1074.1332266
1651.90536667
-104.741092239
-714.563511952
533.414071833
4317.61534568
-5252.4181861
4019.73431989
1568.27566942
-1026.35680499
176.797813608
2795.82837443
-685.721603795
394.017356418
1086.21654573
-536.572318509
1559.19504334
-811.500814696
-104.848084931
541.720324229
1080.9848474
-2516.13231275
1651.48796979
508.592724107
-1219.57002836
-90.5599886623
1361.60580933
-635.692255909
-373.79501128
1068.4560323
-299.681768183
606.42925883
-182.445974826
424.229730925
412.406652227
517.214396671
-788.442289551
1043.81868618
443.552206283
-762.800955055
304.354231984
717.61011849
-445.466888379
-427.320017022
746.269642763
-360.444278773
-102.066424141
-109.887501035
145.891540636
-98.1936165194
-6.21898138764
-300.310403672
356.663372719
132.672050444
-480.88720045
319.503397949
387.103307705
-243.941626488
-118.627325975
623.575445614
-128.55112513
-73.5849056066
208.904496303
189.97674716
-64.3499525541
30.7841664802
30.7351782019
125.728422908
9.89179284983
-237.892115513
175.447515458
88.9618995972
-247.971980808
-79.4138500135
260.641161252
-184.024981987
-150.520513908
140.780569904
33.7150897964
-122.597069715
14.3230663383
82.6288628771
24.1276969838
-5.94471451569
-28.2903784543
139.253627436
47.8417040894
-81.4972034903
57.4505519397
154.263308459
-78.3533847307
-38.6054141512
126.128795231
5.59523433304
-80.6038889452
25.5986003203
46.2652752566
-39.7650428213
-37.2372351021
-3.24025047922
28.0161167698
-31.5860082794
-52.4050541605
26.3459695718
30.7792008355
-58.1819472193
-10.4208823521
59.3198992799
-12.0608027301
-33.0307967342
35.6635604956
31.6231826895
-16.8954910965
1.85848468453
28.3883895875
16.3880518628
-9.4486849419
-0.0148681262913
24.6267955352
6.60186210684
-18.9236745492
6.64439560043
19.7257404296
-13.6999469389
-13.2573026568
13.786463238
2.61879741546
-15.8547669698
-1.81799375901
7.27036739582
-3.93826448276
-8.4039256111
1.78641673393
6.03897560475
-3.02525021069
-4.91199023765
4.87424529106
4.32911540893
-4.55408010668
-0.445799940996
6.28914479377
0.278444248944
-3.50004332153
2.53691185369
3.21617628778
-1.01347684597
-0.874287026132
2.12506608962
1.23682194657
-1.50497089889
-0.49937459144
1.75578881634
0.666043626038
-0.37221192492
0.859641923256
1.38549816418
-0.00509868839779
-0.0741127847431
1.22957723901
0.875045368917
0.831293100471
0.789728445447
0.750242023175
0.712729922016
0.677093425915
0.64323875462
0.611076816889
0.580522976044
0.551496827242
0.52392198588
0.497725886586
0.472839592257
0.449197612644
0.426737732012
0.405400845411
0.38513080314
0.365874262983
0.347580549834
0.330201522343
0.313691446225
0.298006873914
0.283106530218
0.268951203708
0.255503643522
0.242728461346
0.230592038279
0.219062436365
0.208109314547
0.197703848819
0.187818656378
0.178427723559
0.169506337381
0.161031020512
0.152979469487
0.145330496012
0.138063971212
0.131160772651
0.124602734019
0.118372597318
0.112453967452
0.106831269079
0.101489705625
0.096415220344
0.0915944593268
0.0870147363604
0.0826639995424
0.0785307995653
0.074604259587
0.0708740466077
0.0673303442773
0.0639638270634
0.0607656357103
0.0577273539248
0.0548409862285
0.0520989369171
0.0494939900712
0.0470192905677
0.0446683260393
0.0424349097373
0.0403131642505
0.0382975060379
0.036382630736
0.0345634991992
0.0328353242393
0.0311935580273
0.0296338801259
0.0281521861196
0.0267445768137
0.025407347973
0.0241369805743
0.0229301315456
0.0217836249683
0.0206944437199
0.0196597215339
0.0186767354572
0.0177428986844
0.0168557537501
0.0160129660626
0.0152123177595
0.0144517018715
0.013729116778
0.0130426609391
0.0123905278921
0.0117710014975
0.0111824514226
0.0106233288515
0.0100921624089
0.00958755428847
0.00910817657405
0.00865276774535
0.00822012935808
0.00780912289018
0.00741866674567
0.00704773340838
0.00669534673796
0.00636057940107
0.00604255043101
0.00574042290946
0.00545340176399
0.00518073167579
0.004921695092
0.0046756103374
0.00444182982053
0.0042197383295
0.00400875141303
0.00380831384238
0.00361789815026
0.00343700324275
0.00326515308061
0.00310189542658
0.00294680065525
0.00279946062249
0.00265948759136
0.00252651321179
0.0024001875512
0.00228017817364
0.00216616926496
0.00205786080171
0.00195496776163
0.00185721937355
0.00176435840487
0.00167614048463
0.00159233346039
0.00151271678737
0.00143708094801
0.00136522690061
0.00129696555558
0.0012321172778
0.00117051141391
0.00111198584321
0.00105638655105
0.0010035672235
0.000953388862323
0.000905719419207
0.000860433448247
0.000817411775835
0.000776541187043
0.000737714127691
0.000700828421306
0.000665787000241
0.000632497650229
0.000600872767717
0.000570829129331
0.000542287672865
0.000515173289222
0.000489414624761
0.000464943893523
0.000441696698846
0.000419611863904
0.000398631270709
0.000378699707173
0.000359764721815
0.000341776485724
0.000324687661438
0.000308453278366
0.000293030614448
0.000278379083725
0.000264460129539
0.000251237123062
0.000238675266909
0.000226741503564
0.000215404428385
0.000204634206966
0.000194402496618
0.000184682371787
0.000175448253198
0.000166675840538
0.000158342048511
0.000150424946085
0.000142903698781
0.000135758513842
0.00012897058815
0.000122522058742
0.000116395955805
0.000110576158015
0.000105047350114
9.97949826085e-05
9.48052334781e-05
9.00649718042e-05
8.5561723214e-05
8.12836370533e-05
7.72194552006e-05
7.33584824406e-05
6.96905583185e-05
6.62060304026e-05
6.28957288825e-05
5.97509424384e-05
5.67633953164e-05
5.39252255506e-05
5.12289642731e-05
4.86675160594e-05
4.62341402565e-05
4.39224332436e-05
4.17263115815e-05
3.96399960024e-05
3.76579962023e-05
3.57750963922e-05
3.39863415725e-05
3.22870244939e-05
3.06726732692e-05
2.91390396058e-05
2.76820876255e-05
2.62979832442e-05
2.4983084082e-05
2.37339298779e-05
2.2547233384e-05
2.14198717148e-05
2.03488781291e-05
1.93314342226e-05
1.83648625115e-05
1.74466193859e-05
1.65742884166e-05
1.57455739958e-05
1.4958295296e-05
1.42103805312e-05
1.34998615046e-05
1.28248684294e-05
1.21836250079e-05
1.15744437575e-05
1.09957215697e-05
1.04459354912e-05
9.92363871661e-06
9.42745678078e-06
8.95608394174e-06
8.50827974465e-06
8.08286575742e-06
7.67872246955e-06
7.29478634607e-06
6.93004702877e-06
6.58354467733e-06
6.25436744346e-06
5.94164907129e-06
5.64456661773e-06
5.36233828684e-06
5.0942213725e-06
4.83951030387e-06
4.59753478868e-06
4.36765804925e-06
4.14927514678e-06
3.94181138944e-06
3.74472081997e-06
3.55748477897e-06
3.37961054002e-06
3.21063001302e-06
3.05009851237e-06
2.89759358675e-06
2.75271390742e-06
2.61507821205e-06
2.48432430144e-06
2.36010808637e-06
2.24210268205e-06
2.12999754795e-06
2.02349767055e-06
1.92232278702e-06
1.82620664767e-06
1.73489631529e-06
1.64815149953e-06
1.56574392455e-06
1.48745672832e-06
1.41308389191e-06
1.34242969731e-06
1.27530821244e-06
1.21154280182e-06
1.15096566173e-06
1.09341737864e-06
1.03874650971e-06
9.86809184227e-07
9.37468725016e-07
8.90595288765e-07
8.46065524327e-07
8.0376224811e-07
7.63574135705e-07
7.25395428919e-07
6.89125657473e-07
6.546693746e-07
6.2193590587e-07
5.90839110576e-07
5.61297155048e-07
5.33232297295e-07
5.0657068243e-07
4.81242148309e-07
4.57180040893e-07
4.34321038849e-07
4.12604986906e-07
3.91974737561e-07
3.72376000683e-07
3.53757200649e-07
3.36069340616e-07
3.19265873586e-07
3.03302579906e-07
2.88137450911e-07
2.73730578365e-07
2.60044049447e-07
2.47041846975e-07
2.34689754626e-07
2.22955266895e-07
2.1180750355e-07
2.01217128373e-07
1.91156271954e-07
1.81598458356e-07
1.72518535438e-07
1.63892608666e-07
1.55697978233e-07
1.47913079321e-07
1.40517425355e-07
1.33491554088e-07
1.26816976383e-07
1.20476127564e-07
1.14452321186e-07
1.08729705127e-07
1.0329321987e-07
9.81285588767e-08
9.32221309329e-08
8.85610243863e-08
8.4132973167e-08
7.99263245086e-08
7.59300082832e-08
7.2133507869e-08
6.85268324756e-08
6.51004908518e-08
6.18454663092e-08
5.87531929937e-08
5.5815533344e-08
5.30247566768e-08
5.0373518843e-08
4.78548429009e-08
4.54621007558e-08
4.3188995718e-08
4.10295459321e-08
3.89780686355e-08
3.70291652037e-08
3.51777069436e-08
3.34188215964e-08
3.17478805166e-08
3.01604864907e-08
2.86524621662e-08
2.72198390579e-08
2.5858847105e-08
2.45659047497e-08
2.33376095123e-08
2.21707290366e-08
2.10621925848e-08
2.00090829556e-08
1.90086288078e-08
1.80581973674e-08
1.7155287499e-08
1.62975231241e-08
1.54826469679e-08
1.47085146195e-08
1.39730888885e-08
1.32744344441e-08
1.26107127219e-08
1.19801770858e-08
1.13811682315e-08
1.08121098199e-08
1.02715043289e-08
9.75792911248e-09
9.27003265685e-09
8.80653102401e-09
8.36620447281e-09
7.94789424917e-09
7.55049953671e-09
7.17297455988e-09
6.81432583188e-09
6.47360954029e-09
6.14992906327e-09
5.84243261011e-09
5.5503109796e-09
5.27279543062e-09
5.00915565909e-09
4.75869787614e-09
4.52076298233e-09
4.29472483321e-09
4.07998859155e-09
3.87598916198e-09
3.68218970388e-09
3.49808021868e-09
3.32317620775e-09
3.15701739736e-09
2.99916652749e-09
2.84920820112e-09
2.70674779106e-09
2.57141040151e-09
2.44283988143e-09
2.32069788736e-09
2.20466299299e-09
2.09442984334e-09
1.98970835118e-09
1.89022293362e-09
1.79571178694e-09
1.70592619759e-09
1.62062988771e-09
1.53959839333e-09
1.46261847366e-09
1.38948754998e-09
1.32001317248e-09
1.25401251385e-09
1.19131188816e-09
1.13174629375e-09
1.07515897907e-09
1.02140103011e-09
9.70330978607e-10
9.21814429676e-10
8.75723708192e-10
8.31937522783e-10
7.90340646644e-10
7.50823614311e-10
7.13282433596e-10
6.77618311916e-10
6.4373739632e-10
6.11550526504e-10
5.80973000179e-10
5.5192435017e-10
5.24328132662e-10
4.98111726029e-10
4.73206139727e-10
4.49545832741e-10
4.27068541104e-10
4.05715114049e-10
3.85429358346e-10
3.66157890429e-10
3.47849995907e-10
3.30457496112e-10
3.13934621306e-10
2.98237890241e-10
2.83325995729e-10
2.69159695943e-10
2.55701711145e-10
2.42916625588e-10
2.30770794309e-10
2.19232254593e-10
2.08270641864e-10
1.9785710977e-10
1.87964254282e-10
1.78566041568e-10
1.69637739489e-10
1.61155852515e-10
1.53098059889e-10
1.45443156895e-10
1.3817099905e-10
1.31262449098e-10
1.24699326643e-10
1.18464360311e-10
1.12541142295e-10
1.0691408518e-10
1.01568380921e-10
9.64899618752e-11
9.16654637814e-11
8.70821905923e-11
8.27280810627e-11
7.85916770096e-11
7.46620931591e-11
7.09289885012e-11
6.73825390761e-11
6.40134121223e-11
6.08127415162e-11
5.77721044404e-11
5.48834992183e-11
5.21393242574e-11
4.95323580446e-11
4.70557401423e-11
4.47029531352e-11
4.24678054785e-11
4.03444152045e-11
3.83271944443e-11
3.64108347221e-11
3.4590292986e-11
3.28607783367e-11
3.12177394199e-11
2.96568524489e-11
2.81740098264e-11
2.67653093351e-11
2.54270438683e-11
2.41556916749e-11
2.29479070912e-11
2.18005117366e-11
2.07104861498e-11
1.96749618423e-11
1.86912137502e-11
1.77566530627e-11
1.68688204095e-11
1.60253793891e-11
1.52241104196e-11
1.44629048986e-11
1.37397596537e-11
1.3052771671e-11
1.24001330875e-11
1.17801264331e-11
1.11911201114e-11
1.06315641059e-11
1.00999859006e-11
9.59498660554e-12
9.11523727526e-12
8.6594754115e-12
8.22650164093e-12
7.81517655888e-12
7.42441773094e-12
7.05319684439e-12
6.70053700217e-12
6.36551015206e-12
6.04723464446e-12
5.74487291224e-12
5.45762926662e-12
5.18474780329e-12
4.92551041313e-12
4.67923489247e-12
4.44527314785e-12
4.22300949046e-12
4.01185901593e-12
3.81126606514e-12
3.62070276188e-12
3.43966762379e-12
3.2676842426e-12
3.10430003047e-12
2.94908502894e-12
2.8016307775e-12
2.66154923862e-12
2.52847177669e-12
2.40204818786e-12
2.28194577846e-12
2.16784848954e-12
2.05945606506e-12
1.95648326181e-12
1.85865909872e-12
1.76572614378e-12
1.67743983659e-12
1.59356784476e-12
1.51388945253e-12
1.4381949799e-12
1.3662852309e-12
1.29797096936e-12
1.23307242089e-12
1.17141879985e-12
1.11284785985e-12
1.05720546686e-12
1.00434519352e-12
9.54127933843e-13
9.06421537151e-13
8.61100460293e-13
8.18045437278e-13
7.77143165415e-13
7.38286007144e-13
7.01371706787e-13
6.66303121447e-13
6.32987965375e-13
6.01338567106e-13
5.71271638751e-13
5.42708056813e-13
5.15572653973e-13
4.89794021274e-13
4.6530432021e-13
4.420391042e-13
4.1993714899e-13
3.9894029154e-13
3.78993276963e-13
3.60043613115e-13
3.42041432459e-13
3.24939360836e-13
3.08692392795e-13
2.93257773155e-13
2.78594884497e-13
2.64665140272e-13
2.51431883259e-13
2.38860289096e-13
2.26917274641e-13
2.15571410909e-13
2.04792840363e-13
1.94553198345e-13
1.84825538428e-13
1.75584261507e-13
1.66805048431e-13
1.5846479601e-13
1.50541556209e-13
1.43014478399e-13
1.35863754479e-13
1.29070566755e-13
1.22617038417e-13
1.16486186496e-13
1.10661877171e-13
1.05128783313e-13
9.98723441472e-14
9.48787269399e-14
9.01347905929e-14
8.56280510632e-14
8.13466485101e-14
7.72793160846e-14
7.34153502804e-14
6.97445827663e-14
6.6257353628e-14
6.29444859466e-14
5.97972616493e-14
5.68073985668e-14
5.39670286385e-14
5.12686772066e-14
4.87052433462e-14
4.62699811789e-14
4.395648212e-14
4.1758658014e-14
3.96707251133e-14
3.76871888576e-14
3.58028294147e-14
3.4012687944e-14
3.23120535468e-14
3.06964508695e-14
2.9161628326e-14
2.77035469097e-14
2.63183695642e-14
2.5002451086e-14
2.37523285317e-14
2.25647121051e-14
2.14364764998e-14
2.03646526749e-14
1.93464200411e-14
1.83790990391e-14
1.74601440871e-14
1.65871368828e-14
1.57577800386e-14
1.49698910367e-14
1.42213964848e-14
1.35103266606e-14
1.28348103276e-14
1.21930698112e-14
1.15834163206e-14
