0.0069219583776
0.0394826614916
-0.0768788592727
0.103006075159
-0.10009756823
0.0758676342532
-0.0993029958274
0.0851776308955
-0.127449345781
0.0919521623362
-0.130312175813
0.0236253556458
0.0731199770445
-0.073891294693
0.231246386637
-0.00040266835085
0.25707056027
-0.504371528927
0.477658109864
-0.318340039418
0.591521824326
-0.469337252633
0.646773232367
-0.88539046082
0.82966859997
-0.757243640789
0.427064090498
-0.186929934865
1.07826147211
-0.806905845924
1.28114341841
-1.37116773229
0.643425932392
-0.848803625297
1.60315889003
-0.483344205878
0.536139426133
-0.790302948678
-0.492324888352
-0.689055691073
1.24528859499
0.706144491815
0.261532911567
-1.17778550707
0.706718816713
-2.20548904753
2.17625365193
-0.855236352768
1.33325590174
-2.83569003827
1.5643300844
-4.22905991727
2.90592285844
-3.12976893676
3.05026157259
-2.69425082096
5.18001986605
-7.39359538198
4.17849644741
-2.12938453624
5.49736750687
-2.31903587274
-1.04555340469
3.25170596238
-1.68121977736
2.55854722661
-4.30370960038
8.06299807393
-7.90913316819
7.48011645573
-4.61412676045
3.34105264573
-2.02050919797
7.45640541914
-4.72803818769
0.237897982758
5.53797233374
-0.789127704056
0.498738842982
-3.6214948169
9.89696224934
-4.45466170516
7.41012690208
-6.58934238946
9.10340743591
-1.44132486083
3.87744437503
-9.86615420371
11.901775638
-2.84372276681
6.28719162781
-0.512298696407
7.06171841911
-0.804843968348
3.74450250028
-3.28561250932
7.61230399817
-3.66425650348
-4.70482382162
13.5235405682
-6.26926560517
5.92221740171
-2.36971141843
6.20331350457
-7.38500572851
19.1525913854
-22.198143257
11.077935702
2.37053961472
6.53687769607
-5.16501455181
-0.745162616302
4.5090846671
-10.5089148324
2.55673688196
-13.8321940328
13.9872044278
-12.1786811995
17.8426289077
-21.179394585
31.0042795963
-15.930141993
13.1140152479
-4.8682214579
18.6360508516
-30.4657276552
28.0853096737
-20.2954099427
26.7364044603
-22.3601546074
15.3536760376
0.270575846912
0.28350703247
5.58034405294
-6.60377443526
3.27975848551
-6.94285011643
10.5515293805
-21.7651798548
29.7592521873
-14.683462516
21.1649180929
-11.8695209492
9.6842329917
-0.551080577249
-1.23593982728
7.38766711019
3.78077331662
-11.4869251688
22.3686012654
-27.0356664551
36.0431623624
-32.0360591718
26.1412097539
-28.9386458281
38.4696052168
-41.0972674884
28.1639734536
-25.9892775601
14.3415215759
-16.1421144384
13.447972149
-5.69917627354
11.5454037701
-16.3015004313
19.4023321749
-23.3412739322
12.7692770589
-1.52894032675
1.75063204711
-10.9023248515
-4.09265396829
-3.101844393
12.5260913308
-20.8442140132
-3.07842301576
14.9882307816
-7.7313346086
-11.1879159708
7.86944062739
5.76470580445
-2.58470517269
-7.97801670055
-2.19864211846
-8.91979039472
16.1048881685
-16.691448445
-4.53026224697
-11.1418565967
22.7557074291
-25.5941609272
6.14875651427
-1.42410715802
6.45336468348
-0.175379109325
-3.42510500662
-5.4235907261
0.670929204009
16.9623770287
-24.9957164582
14.9213910048
-22.6627534854
18.1587548667
-14.1121017075
0.483632371725
-1.5421882201
1.35628941466
8.94139320415
-5.14274111953
11.2588067685
-12.1184447116
28.6793647211
-29.8188348678
40.5343177364
-36.5682269877
28.5675810342
-5.41808504484
2.23173991418
-2.25568709064
-0.937930375008
3.5646481507
-10.0848245591
21.0014275673
-29.020079624
45.2250033544
-39.3569723864
52.4034129746
-55.7411608869
65.24955855
-48.3033893789
48.2236761144
-42.068878346
47.3294533139
-45.7713380116
46.4956918817
-19.7663849981
10.1228410329
-13.4698509641
12.1639948417
15.9410700389
-19.3458975101
13.3128637457
-1.63178065004
-6.77074038542
-0.0500586282199
17.2961166732
-39.3588751059
35.4748968566
-39.3676242869
18.8231086813
-20.486509561
26.101222422
-14.3286524995
-9.5954856457
28.3509789167
-16.6451213436
8.15378932222
-2.36571790292
23.481373635
-43.0065869957
62.2822345845
-60.9273944858
33.9764847819
-8.54680983501
18.7314701533
-6.31091654508
2.50403460236
22.1991770249
-37.820240508
51.3637009402
-58.6846834848
45.3162007916
-39.6082494669
37.3307353195
-33.8861970502
15.5689462378
-16.5805365542
-1.76217009675
2.25271923994
-10.0717004473
1.23591708497
-23.8424253551
40.7393119379
-52.7951571117
61.365150781
-68.0814050491
47.6561449164
-58.7623294422
41.6086332917
-35.8961730126
33.794965772
-53.0591275107
62.3655084627
-75.8926532343
46.8754660288
-53.4326298174
29.0087288008
-38.8159116201
27.5227614165
-25.5687011707
-0.019999175479
-22.1204619376
6.17264394916
-20.9282162444
-12.1692772091
-2.87522634299
-19.8321532561
30.9366680535
-42.6613951461
7.37755368438
-35.1418510273
34.658998555
-37.9685988534
27.7645078395
-53.7103665182
58.6002393083
-49.4136011138
24.6943633554
-19.0712004767
13.9074647135
-3.45578946781
-28.4300167089
6.03568361678
7.29368336219
-14.4695301703
5.62741706636
11.2943236259
-21.8622199003
35.9777388381
-35.2567062132
37.8877265227
-31.8044758222
26.8573940296
-39.1290489016
14.9586881762
-17.5518304607
18.2674452434
-39.6305490631
23.3148507874
0.946644609718
-19.7170078025
-2.49119341914
-0.428082403319
13.4940881592
-30.8295152558
10.3562637185
-13.9796858579
1.85237540222
-15.0797464956
-0.38054059179
-9.51259213434
25.5611418952
-14.3657016071
-20.0167663653
21.2474454813
-3.08695216092
-12.411788201
-13.8549426501
15.6069521512
-19.6306950065
10.3311022113
-18.1645666616
14.5616781809
-8.25325576017
-9.31543271016
-1.05537840531
-2.73260677102
-1.48105393278
-3.63961471531
-13.6760501489
16.9227457794
-30.4289483808
21.3935298535
-39.0082861857
49.2009226327
-48.9219791607
42.4999569415
-50.3716251228
53.0031597672
-56.2261566875
52.9776386446
-36.1862470092
14.2131243314
-13.0437636896
17.2971027326
1.95597510481
-24.3496646183
18.7979395023
-12.1095916827
22.9054359147
-31.4380032939
17.9318181338
-10.8893336295
25.935221031
-22.0721667424
11.7238819739
-5.48546655211
2.15817579184
-6.2997903149
2.02752738697
-2.20609905108
18.7877595581
-32.0692180029
33.0800760081
-18.8689859169
26.1168855049
-26.5226619973
11.0465152291
3.22964064261
8.08723155881
-17.7966645245
29.982527674
-38.4350004206
48.1668074768
-50.0178169323
39.7860735443
-46.7076000459
25.2586853674
-6.83976575251
7.74353175991
-23.8807424866
0.598912772868
-16.7858812281
4.11831336091
8.33084954892
-29.0021620054
32.8660899544
-16.764109498
-9.48210104545
0.471529372941
-1.89418047696
-6.39134055255
6.6927273447
-27.0444800846
4.45609421295
4.38485659145
-0.706270511675
-11.2146484748
16.3783443507
-28.1080916345
29.2156563982
-49.5990012278
45.5084085916
-65.8954324532
50.4978395487
-30.1877831683
36.8037454841
-57.0388163925
57.14914468
-85.2274554831
100.886517631
-89.8718201514
86.5025396377
-63.0243078503
44.0329773522
-42.4195108821
38.1635162158
-49.035773219
53.8826595019
-64.3280694936
34.2656179129
3.75780415996
-40.2344443828
53.3254082732
-37.4330146083
-4.01689768008
5.2156341025
17.4688926691
-32.6585544796
14.0310319797
-4.6124053572
-19.9750539956
9.39735647486
-7.10385550339
-13.5448690708
24.0631135636
-23.0506695174
34.7299253337
-27.8451020191
30.1704634363
-23.8122923993
6.35235167793
12.0171093636
-4.26073866474
-5.08608003418
0.214853775939
27.3932358003
-41.2764325395
72.7253668631
-82.2296358627
54.3712599977
-56.9499052019
67.1905336483
-92.9856554758
120.975853325
-125.028715856
89.2688935665
-100.07165942
116.584716567
-103.4926742
84.0094754142
-86.1512038758
78.7085957512
-52.0396903952
26.0349711268
-41.7257735358
23.407126328
-24.197104022
45.7378992629
-66.1989353023
34.1702204532
-47.648296209
69.9678923386
-101.0464705
81.7629279582
-66.6974686446
37.6335479668
-38.4481131507
12.2668246221
-15.433919003
-6.91133295629
27.007721372
-17.5592930375
-3.3167666238
-17.2113296087
42.9446118554
-51.5254002389
12.8706858869
6.7834249589
6.74895069877
12.0153863867
-18.471539787
22.4916449021
-68.5501072512
92.065586543
-66.8351162622
72.8340402151
-55.1328241832
77.8033136865
-118.435861889
81.0150798051
-27.185101456
19.6863663078
23.4288472906
13.5103993732
-16.6647782769
12.3966665586
-25.1219687127
-2.54883003138
19.1905823206
37.4638896445
-61.3185046563
47.6155297681
-6.71045304792
20.1493190169
-58.5451524091
98.3877488234
-83.9684727728
78.7249445397
-67.0501615658
71.139160471
-55.6805889373
88.9200159794
-76.4914055925
39.3279712294
17.9318571467
-17.4198399051
-16.0782292241
47.8234468376
-13.2434542984
-3.61915600671
31.6097341977
-16.9179375827
15.5967243141
-34.2245019714
51.3877396861
-44.5022032551
43.127856037
-49.226742728
30.894648135
-29.146594066
47.6660225445
-44.156205314
26.7335315656
-0.265145198079
5.16530120278
13.6553720569
-26.723235336
10.1068235001
-2.79815938792
-11.2729442197
-17.970856349
55.0983181282
-29.2751445827
15.2107194263
4.04265414513
-1.37593585642
18.5434120157
-46.5754798885
44.409080271
-20.0423724123
-4.55975338764
18.7120304759
-13.2548673188
20.0979803588
-33.0359411222
51.8499120015
-43.068586973
21.4178498962
-10.1508761809
25.7651074123
-27.2560856694
38.9080962533
-21.0424958197
-18.8224877839
39.9551452326
-33.2083428328
-4.62689173717
24.5705691786
8.90041818299
-58.0512311188
41.8987459136
-5.6168920656
-16.0036316976
41.5416655633
-58.2642056255
58.2050781019
-71.5291586341
66.0096288495
-77.7278410592
40.540318668
-35.785285557
26.8736521567
-50.327045373
74.2300917621
-43.2690739747
13.0598153498
-25.3707346865
39.7498098103
-38.7584883729
4.62723962412
38.4970297943
-38.2779839999
19.9129496646
-17.9285667008
36.3616704649
-75.5225577651
104.226561037
-75.6800963953
73.6314929199
-46.2867793629
18.0261059179
-42.0760191326
31.9833752366
-22.9242773478
1.69378382813
10.525461189
-32.4750272858
10.2670470008
14.8509681291
6.20823086266
10.6460507344
-31.7580326985
35.9744864342
-32.801576278
21.3268536295
-27.0993092815
43.6225455819
-60.2261703299
73.1348485306
-91.6708429255
52.3002657025
-31.6827102773
4.70364265086
-13.2911455825
22.9097698595
-46.9003894639
53.4496530363
-42.6132502326
43.2794794147
-60.723066091
67.077898674
-75.1403472439
35.7766223574
-50.3144620523
59.2361087528
-77.8352178067
78.6249343261
-68.4319164521
22.269671617
-6.49990685604
-17.4971359606
19.4176248368
-24.1565734823
38.1381420495
-34.0100351024
35.4445328812
-62.0332712954
72.2410680725
-78.2029866576
68.2234062109
-61.043408423
46.5672906688
-31.8684457709
42.0180155729
-64.4889771245
36.142036079
-18.3715538958
37.7317879697
-25.0096252686
2.60432763459
-21.4296027569
27.4537676259
-36.4702385437
52.1582749644
-75.9858561242
83.2019350514
-87.1854669259
58.445629486
-71.867204143
93.1078753133
-56.1490637301
36.1510926893
-66.7135469694
48.703779727
-40.3028729496
38.1925392445
-48.9626881695
33.8280177047
7.84185988116
9.30064201155
-31.9809956255
10.7819741674
5.23898939729
14.674325654
-5.4869609445
-33.3490159921
31.4271114029
-21.0057345451
21.2941952649
-10.3417075734
11.9144868132
0.559074443116
23.7332162019
-59.4849810972
42.1254598606
-31.4200617333
28.1171416847
-11.9929058768
-15.3144497113
37.646779146
-22.8836089279
14.2012444493
-42.9005317233
19.8682342621
-0.281053013986
16.5434571273
-8.10352001084
20.7395818363
-3.06379996587
-9.88224978219
28.5689426153
-57.8057394021
47.7134127375
-37.3897555139
32.2341915509
-5.52972761323
-7.92832861794
23.6834600662
-30.4773525083
38.8930304874
-51.9978503885
59.5332628622
-65.7543750773
69.3077536649
-67.4166897183
44.5349286404
-24.7316394921
-4.70426230328
6.96565307363
18.7369266972
4.78286913596
11.6381130058
-29.2886425332
-4.81239118603
16.0100490803
-12.8781227062
12.1363119683
-27.4425122261
24.1433306666
-14.2005301777
-9.76730905669
1.7723328369
-25.1175427486
5.20754707389
29.1851935848
-48.7735506266
61.246011999
-77.5507903162
56.4273751568
-28.9624830781
-1.52867342332
7.50644326764
11.9718466783
-24.0780716209
3.56667869486
-9.3627812455
28.7680360217
-33.5225674437
30.7481318225
-55.9695423142
45.3851412883
-8.58660924986
-10.5180947822
19.0960946331
-29.7899010687
32.4584877713
-41.9071231993
19.7148871483
7.95532846214
-11.0314535275
12.9226653709
2.62696265977
-30.261389356
48.0698771853
-42.6693975124
2.67369649755
22.1650758889
-16.4681879079
47.2135380381
-53.139477001
54.0257755057
-35.8630723635
45.224563604
-53.8239243806
73.3799630764
-82.3872063381
113.661107413
-119.534980768
90.1371814317
-67.8270007397
86.6000245758
-44.7571498921
33.0004179812
-62.4731597801
38.2001528791
-43.0852280135
61.4426448218
-25.6054218274
36.9657797441
-10.7351058364
-30.7312863417
33.9222224614
-41.3145174939
52.4113650355
-47.7585046606
56.2228186897
-53.5619095456
48.7978352187
-40.6641017269
52.4235492541
-68.3686877542
36.5012216926
4.53571356396
-15.3075433344
0.891924811318
-23.2488371309
-0.0554081848709
44.5763433341
-56.5199855021
71.656557286
-69.511532446
55.6764197502
-66.9898190301
33.762476088
-37.1266210301
68.1297567178
-49.2097412884
18.7786337773
-17.4680233739
-10.455441076
23.3416958837
-56.138703256
72.9848111992
-67.7994627352
60.4941523191
-44.9135509781
-0.681085883676
-15.2097010105
29.2034699381
-48.3788809704
39.0707246028
-24.3279383603
37.8989486416
-47.0300440778
5.16369461034
11.4887842856
-13.414065719
-5.02802826927
25.1299738441
-8.97344655769
25.4793898083
-34.0197736278
-9.19816353745
15.2233443615
7.70168984313
-12.0017316686
25.2538175313
-10.3813641272
1.81394011972
-17.731183073
28.4505471106
-11.2985031234
22.9249642023
-24.0453708929
38.7133253019
-22.7465505185
-1.86310786044
-6.39805713699
-14.3818376647
40.3902373689
-25.4066462765
28.8614041918
-27.9577231148
24.1718334046
-9.91221271831
-4.18053586479
32.0517158133
-34.6129102449
20.4656908521
-41.9211553543
68.7564009336
-53.1185668504
21.9866346742
-42.8267572087
47.01047937
-43.3135819325
37.8881302761
-23.2318781256
36.3778989266
-4.38522250897
-35.6948577102
35.5419818809
-43.8548999527
25.6608706657
3.31259241067
9.39265923114
-18.1015106123
39.3753757676
-49.7138512447
65.3743127028
-83.3527862482
71.053639238
-54.6636086819
37.68027839
2.44293076802
-4.01967707684
35.6764401256
-32.6889442053
12.7820398827
2.82724783455
10.3720370031
-21.3893120782
10.5457432213
-31.0349287391
11.6872225654
14.4431942629
-16.5499391136
38.1375794381
-15.2866827511
17.4732841605
0.132254845572
-38.3571206045
72.4551290771
-85.6202729796
70.0646644032
-37.843162832
43.8751889891
-24.821989213
43.8536278547
-13.7655278119
-18.6204751726
20.4460518569
4.49870645203
-13.045818048
26.7341754296
-37.8315878902
15.1789130408
25.9593405152
-25.2986068591
-5.46571413247
41.9493298707
-27.9766348597
34.2951319032
-52.196918871
25.8720143518
-21.2802208541
1.71701616299
-11.2192674074
-25.0292450855
51.1366321961
-2.38636286349
-23.484739947
-0.728342727739
-14.7272363337
14.3337641515
-27.5501904505
7.90418844027
-16.7048622451
51.2194364634
-33.4250568852
17.7477354202
-53.6396052974
59.868407012
-57.8999109231
78.9182248675
-74.6012080204
58.2061583211
-23.8811224817
-17.5925148801
9.62621603976
-31.6254590165
22.0433331546
11.8612167215
-5.55158638273
-0.0778714441442
7.42237968096
-26.5843552433
47.7552423862
-36.7854048227
51.2550136921
-59.9837445023
25.8598678493
-46.8524313462
64.7275113344
-69.1020309614
60.2271638506
-58.400404169
46.8532004519
-54.8921242732
23.1364998563
-21.0741028343
39.9739671832
-37.2172918654
53.5576835499
-91.3411712919
85.5965379816
-81.0737932087
88.543302344
-53.7709300765
34.2417734015
-2.56054758567
3.80409773108
5.79867099835
-9.98930543487
9.97803318843
-10.0556154608
52.1804768806
-51.4499794068
51.4898708254
-74.3747147793
91.0925356503
-66.1321255868
69.658688756
-80.5433819047
89.5418784019
-81.4947922946
64.713636
-28.9544498919
-21.1358069333
41.7438636072
-24.6476623115
24.6881823943
-20.8816708982
49.0920085025
-41.7524090544
50.9270369827
-27.1335929227
4.66709200475
-2.84846061367
-13.4640792374
3.25858135826
-29.9539892678
38.3117889967
-57.3717302428
41.9903444412
-41.9776619222
42.6720506312
-7.408499621
-6.82363751716
-5.11048967626
14.9778086913
-12.8971666808
-14.0019507844
15.8746271783
-39.8776040087
70.0910272199
-88.7361139088
85.770378238
-55.7398935184
42.7253402163
-7.55432146624
-18.6510886909
2.6485355978
0.0766347559716
-13.6670475952
18.8666171577
-20.0667411642
30.8903931879
1.53783493913
-19.7602007429
24.519618635
1.81552114963
-10.6898280094
29.7121865501
-59.6625343565
37.1883630277
-20.5480570522
-13.8074669436
21.3236895872
-16.1254679343
0.405708579065
13.9212988998
-24.0427522578
35.7390020538
2.78117495769
-0.927463521325
23.415239933
-51.8580869615
46.1165425014
-22.9211650153
3.29707834711
-19.5423478214
23.9143521927
-10.9649042547
7.40759161968
-21.3623845877
35.3019049749
-14.1268706297
30.320135221
-17.7848249561
-7.982236301
11.7491983524
-5.29088658143
-22.6798783352
38.4459922235
-15.4375762676
0.183407228711
-2.35938032163
17.4942196569
-40.4685261474
53.8984704396
-52.963009322
30.1608689332
0.486012443278
13.7165567914
-47.3677821355
46.3430688794
-43.2349135011
24.0190723577
15.822293829
-7.11152799381
-22.2940443899
31.6554286937
-32.0732193061
34.1275439772
-36.83891037
10.6812237755
-22.618504415
15.6329368446
8.80098039828
-18.7784833107
-13.380641257
3.13111565001
2.74772228007
-2.50398589378
-23.7467563559
-8.66634872149
18.1647829346
-5.6883651641
14.0001178603
-28.6727456377
32.8247851347
2.49420231788
-15.9466015035
12.6733834909
-30.9997958157
49.2695985808
-32.5715074912
0.305671725133
2.537425146
-11.5761881207
42.746525809
-53.4713239389
41.9677755585
-17.0305886388
-3.43374337686
10.1505391415
20.8634326188
-40.3060624121
49.9457157802
-55.0577151901
62.7513932104
-47.7016383112
25.0473044294
-47.2282704961
81.7731168966
-96.7764285489
70.7764845696
-62.3449538856
57.7495290756
-35.2589758212
48.9489421373
-87.6570471871
69.505671442
-35.1133106482
32.532419231
-31.0527839223
32.1990516146
-28.250445776
49.6158306633
-73.4790944995
69.824461041
-85.6118977204
127.884627694
-126.010860031
78.0590662183
-50.7988491577
63.469443199
-77.9265428443
75.1182029861
-49.4921559708
36.3270344165
11.6841757229
1.38233107901
-25.6195444034
53.7737582722
-25.6120241327
30.7597580312
-19.0551609335
46.0114620745
-35.5271652954
68.0222646601
-67.5396315764
42.7479915246
7.46445882055
-13.5227386757
27.5131275571
-1.17293732774
-23.0410100156
25.0916071288
25.5012967605
-18.1334521878
4.13439258437
-6.15109448317
51.518443163
-30.92227865
-5.6843499963
0.820506158006
5.15407494312
27.1208784587
-47.1384683416
38.7118240054
-8.33954864773
-11.8352446436
2.74878045007
-5.37660439401
18.6214263281
2.60372846871
3.57735165773
-42.8899651272
60.0719480648
-55.0732379699
63.7907149241
-73.7434565956
58.9339954659
-29.0008807532
17.2838601954
0.815375206142
-30.2878044395
47.0088034998
-26.7028351211
17.2212325249
-36.3628521862
13.033089717
17.4389144435
-7.60472615242
-19.9742179789
29.5420838608
-31.1680102848
29.9100343467
-28.8035829159
-10.2104430523
50.8528458579
-43.9342207004
47.0414865455
-54.5473206568
69.7002240346
-33.0671595929
29.2842854899
-38.5495672048
25.2018536491
13.2570453344
-4.66601702155
13.355120879
-52.4171682894
51.2847461264
13.9366406484
-19.3164497513
-25.1005359403
22.0890951164
18.8166370042
-37.8753675958
32.5140179489
-69.8593061298
62.5365941181
-4.40477488563
-20.6738526939
9.43205756539
-33.3693124248
82.4523558003
-60.0354110894
45.5728315017
-42.6057930487
40.6502388651
-6.9879783475
25.1556587302
-37.9651873752
6.53925278375
23.2546991399
-13.3216003319
22.4439308644
-41.9017452939
33.1750469009
33.2776576751
-54.7715338546
67.8453557378
-93.0611264172
138.391283534
-135.986344801
106.51136532
-123.844150116
109.236367674
-37.3341039445
17.504352074
6.84115117157
-44.0809335507
115.768050668
-120.164760444
83.6046410283
-68.0594705202
89.0832784289
-36.0958640185
1.13664183099
10.7322109309
-49.7363149243
82.4891383143
-87.7272617652
95.5477845086
-106.914191232
116.665418222
-75.2882645596
28.4181600758
-41.7019937062
51.8906381346
-50.9598555231
36.9749539719
15.5456484593
-60.2596082011
113.084843309
-82.724594862
19.119588025
-8.91622075383
15.7163197222
-25.6800560747
25.4162517149
2.3410065422
-3.1375752732
-3.79426371449
41.8478915049
-65.3577471927
44.2404173243
11.2944647384
-13.1616353984
-27.6159163532
35.3488699463
-8.13301628091
11.8463728346
2.92161856655
-17.2813741479
19.4451708786
-13.3189433282
40.2921055159
-48.8765741037
38.6058741161
15.9298302569
-23.6842647079
-5.15680129144
5.79355748279
-6.25840201944
-23.6973579225
79.7409234859
-127.256696209
146.765805991
-128.01156635
75.5660864253
-71.0395908498
22.8079944475
-15.3309153928
-19.6820255301
14.7362447722
6.58518106945
-22.7231026576
-10.5898173734
3.34620470735
-19.5117965473
22.0612407314
-21.6136367347
-20.7542663058
20.817415419
-6.58896012826
-26.4627958307
29.9025505911
-24.4780449161
9.78415738293
-17.1514038284
1.26124770966
2.59484904193
4.27561590441
-28.681551343
56.8589881705
-50.666519093
43.2175198537
-64.5397989582
33.6900966633
-34.6938281681
54.0826307095
-29.3643829704
10.6796905848
-32.7527310938
13.8183822476
6.27219066766
-46.6246409212
53.845303808
-17.8915127958
-33.1441977629
75.5817479207
-103.389377977
73.1198357521
-65.997821099
63.7602904337
-38.7807609137
34.8203773755
-30.9016012597
-7.18682890877
21.4742445578
-64.8762410505
111.22656791
-152.78508349
195.108670164
-226.791101587
183.493859298
-156.14505496
134.901170605
-105.062534857
73.7232882776
-80.1309323155
81.9616387682
-41.3851935749
22.7943281724
-1.56519238071
-18.9099059457
-2.98737959782
-8.48391146284
-14.912610744
73.1141082044
-119.791956923
100.945628463
-119.973606974
112.635240315
-115.014014633
95.2319687022
-68.7060768648
68.8096989808
-89.1765892557
90.9649810095
-60.1754402642
15.4724783415
28.6740169847
-60.6202705057
27.1421355232
34.1955046909
-74.2989541561
83.7344473732
-51.5320837177
31.1848419788
-29.1645837459
3.92533142391
17.8233633472
-5.32464094349
29.7952382836
-27.5424585494
47.9191197184
-78.4181015284
126.092142918
-145.834520216
167.92034644
-169.413582312
132.344363419
-113.554590899
109.115143062
-101.919818826
131.645687049
-153.042042063
126.708912178
-93.8625492775
49.2580330323
-2.31912652268
-39.9617823945
25.0965916566
-47.3064922301
67.747221575
-74.3652803604
86.1012174458
-86.1076675509
81.1997736257
-106.823514609
94.3945993563
-47.4228426533
33.0307511074
-28.7060038344
24.0817148245
-47.71752793
40.9566017854
-24.544118638
45.4264740338
-54.3123811525
80.6137102758
-114.004300161
80.9717513142
-74.5161806435
107.408739792
-111.74624938
125.065421992
-106.942819554
103.981655701
-102.407779334
102.848406201
-60.5708665626
30.3043260744
-44.3537067782
10.2137415029
8.13593334953
-30.5616639308
16.7023172398
16.2386914097
-9.1808658271
-4.72560995118
7.73693595761
8.01723547177
-30.243709777
54.7370352171
-52.2387852214
26.3407747542
-14.1268536127
-18.8922654853
-10.4165795598
52.4948323668
-51.4906757139
51.8129169101
-38.2934288871
26.8180588039
-11.1931903067
3.26481841696
25.1926348776
-21.3339479298
51.5184325256
-64.3477176469
63.0013220758
-52.0458013997
76.4380071641
-60.1853636175
66.0080506338
-65.5433918357
80.260465504
-96.5701732995
91.8155352144
-67.3026288003
68.3715902518
-71.3728121749
93.2387133424
-65.7580210091
76.1065496825
-80.2783067351
85.2561019125
-52.6017335385
45.8452643614
-7.98503146
10.6875521237
14.5723270223
-23.3646779525
18.3459599891
-22.0956541163
49.8741908115
-58.3039605717
68.4325570953
-42.9578159
1000.40022169
-1122.44942682
1043.66538827
-897.488306565
816.193442981
-656.241696152
658.95775025
-491.295521169
537.940310528
-400.30153243
239.912023481
-138.880403586
98.2758484172
68.183056305
-84.3105552209
92.3541865575
-67.5247724678
96.2118270476
-90.0438262009
92.1707987877
-57.8033774804
69.049559992
-35.5317099671
-0.317617627288
30.3113311757
-19.9576380166
56.3409120892
-42.7927303726
41.4649971263
-20.9883989646
22.7376939684
-12.2139564341
13.8940810056
4.37438244425
5.99561406951
7.12686334473
-8.99240521184
16.7123962401
-8.0142543165
11.0431520248
910.173064875
-1059.33147961
935.267467238
-807.648145035
774.178365732
-564.068151922
476.534321826
-323.285843639
402.989533443
-236.385869217
136.02999883
-20.4746549803
-58.6215802678
255.946894285
-303.863540803
308.466525019
-206.469329644
225.368778702
-158.060809181
127.691161746
-76.8450144183
98.1290097175
-55.35959774
25.413477729
43.1503685113
-54.0291230807
113.82033098
-110.844290989
112.812717571
-64.0590457047
57.4378349265
-32.2486653337
37.6501752229
-16.7845722216
32.3946900097
-16.045394419
15.6931699119
10.1848654378
-8.56181634535
21.0630412172
1069.90065014
-1347.62372481
1262.8162025
-1052.93938201
960.986285864
-644.018625019
456.457872327
-348.125847928
476.901589545
-366.790008055
284.975139414
-149.463518347
74.0490335707
194.650344557
-327.602052606
412.390941225
-289.681499198
292.206884539
-227.17203038
236.697735547
-204.835575295
272.313588177
-264.786182108
259.403113074
-180.305255355
163.836382264
-85.0992953163
53.4372676373
2.59161127634
34.0042496923
-33.8130781265
52.5635969644
-5.8830114964
-5.7806940667
50.652640636
-53.8103935464
76.2579420648
-59.849254742
73.9828569993
-65.775398938
1336.41650623
-1758.53156165
1657.72905437
-1280.52629353
1153.57675855
-807.146650808
611.086299535
-493.007698745
574.932227252
-484.801971911
446.166118426
-355.503002027
327.076924935
-19.0037267855
-216.88298377
339.497938213
-128.760731998
81.6978644204
-104.489387615
238.541112757
-230.456933279
278.907016349
-260.746769085
294.421575634
-275.13555339
297.708453451
-203.679457613
113.084969644
-27.8235555962
114.715701485
-182.102190925
182.839710415
-41.5967004108
-24.8400170391
31.7816258023
20.3185212506
5.95299359194
-43.2682715045
102.656153922
-89.3460668919
1381.45962084
-1794.53444464
1489.30367627
-1041.64549613
1052.11323543
-898.391656519
758.141569979
-566.019668545
604.519700372
-473.923937074
489.498558406
-433.87402123
427.901102787
-115.028021626
-150.285778073
155.467915712
191.844870684
-244.037798114
122.002378797
80.4470489445
-1.48694571171
-32.8575512719
88.0770051015
-23.1705048291
-11.1141049635
71.4923658869
49.8046007684
-156.208096466
205.298132354
-13.3115663147
-87.8174337293
54.6296100965
131.372721925
-160.139265956
87.220062089
23.9710345638
8.74499905329
-77.4851017141
159.417911779
-107.043135291
1332.02098916
-1539.98488865
1021.31550066
-627.573779107
808.775610911
-901.224990784
812.535000577
-599.349566068
671.666331451
-490.604168672
480.631177921
-448.324882545
435.327231354
-123.359544495
-132.977093094
15.5175676346
330.042392204
-271.71025122
55.6996654958
124.268089927
16.7030216869
-69.1039651483
108.963106783
-63.1340550143
43.0020463434
32.2153460616
71.166509074
-177.3576098
211.114265929
-19.3761479619
-31.4856941454
-72.6822742133
249.862616435
-203.616776719
110.415237306
-44.7373493905
111.39900337
-145.193293409
192.527127721
-143.021393881
1358.04566004
-1158.2773848
706.979333238
-335.285351817
712.947061379
-761.874624442
727.272382825
-532.555253468
686.341892389
-433.52808329
310.237636606
-283.09062515
277.593436262
-48.4381905482
-210.805824651
76.2844344483
173.144103933
-0.509559739549
-251.568363439
363.366303338
-134.181455607
148.770036266
-133.120870941
183.692802779
-49.5083945004
144.230240376
-93.2681617078
35.47010543
104.25854879
-22.9240711636
-16.4416642725
-80.0448361314
214.202160678
-192.395771862
75.4821077882
-97.4921419558
175.800095368
-190.757537665
125.42166368
-103.636125343
1412.02351632
-786.041048043
381.161675152
181.622246951
760.55103235
-679.604120109
567.416959873
-92.3513565622
504.988925648
-386.400674693
77.867024559
75.7539174637
34.2925611141
-146.152597033
-214.78767884
144.15949139
19.393242937
75.0500622472
-438.229445215
458.668739072
57.014278608
-13.904870448
-199.164326237
477.947256324
50.9721752685
-22.7463444775
-68.9120071935
304.446622884
110.21677869
-198.205275264
17.8062444926
118.997578853
62.9350415065
-221.515798656
0.660427534934
-10.730300039
140.973502005
-229.592594737
-48.8494402582
99.3231489009
1849.1320725
-823.066470193
-152.733714982
1317.40600411
1115.97728303
-1147.10369883
636.151728402
824.880204328
388.028761162
-700.596581343
81.8779140039
596.738956268
-148.930946268
-532.164363917
-112.942729397
144.29564057
37.0635632313
-114.690907784
-731.843532862
640.646768614
461.703380515
-495.977015006
-298.750533174
981.794198545
288.632723823
-370.377370414
-54.3325451958
866.382768195
197.721503082
-495.821411506
135.97263919
459.532786507
-12.8744212306
-309.103034736
-129.461226132
147.099239591
219.8932007
-461.20695127
-252.844133242
291.542249256
2686.55686695
-1253.36367579
-831.874363182
2789.47102227
1694.3582317
-2116.11068244
1032.72738185
2013.92901509
315.720335948
-1130.32811423
407.016834943
1274.55001846
-344.463026916
-809.589104649
25.6602567496
238.65047583
118.044319246
-383.742767843
-1144.13698355
1093.90540767
559.301229212
-1052.39718734
-325.625133914
1440.89751498
317.313196876
-666.581655947
-13.5688771041
1422.13697488
192.045090086
-681.321504949
374.538836269
728.204056973
106.912619755
-411.685419361
-167.532426518
503.20652698
248.956735912
-790.149581055
-133.492766099
423.793505671
3224.89818927
-1656.82716709
-1209.18513443
4116.48119877
1858.06103819
-3154.38883079
1882.18799921
2989.15382535
-117.630627667
-1440.09639639
1151.76097668
1862.88740542
-857.363523843
-927.189415714
635.474010631
226.042873316
-39.9648586916
-574.004051526
-1132.51505597
1574.17013233
135.960362294
-1546.9013284
268.383506217
1563.30830771
-155.756509488
-683.982228749
378.714530059
1678.62319042
-206.060471636
-623.017676268
966.327495968
701.918528246
-38.3586431286
-234.298335696
5.8338266783
819.929228518
-39.8598299035
-947.356077808
390.082271803
417.113804204
3141.97260897
-1740.13673625
-1042.96738319
4985.48890867
1334.52591964
-3645.63509685
3102.0284606
3248.39028165
-889.314168983
-1147.56886754
1969.52024003
1965.20208435
-1459.57044248
-700.555130078
1435.60822484
-31.3062327679
-395.661404173
-434.418239521
-699.327499008
1681.51043648
-556.156211166
-1540.76815291
1197.04609699
1092.43102705
-788.660530264
-147.302914508
833.936776291
1241.93753543
-527.138026165
-164.130376247
1348.6669716
270.027052388
-118.68424745
140.366298843
184.291335492
733.157561671
-292.515105012
-686.028220208
818.439839155
77.4079210304
3040.62342234
-1548.29069841
-479.866563523
4888.12960738
726.254372272
-3132.11019639
3875.17021867
2546.47520847
-1185.7107538
-383.619302
2258.82215678
1305.7296692
-1562.29379081
-39.2976475416
1457.83261276
-489.229194967
-366.669064285
-147.642806896
-426.1457994
1353.98025401
-917.948163847
-890.588535189
1568.83238544
347.591989132
-861.865639076
732.166453424
808.779161379
422.027122118
-175.040615321
544.343241192
834.94583224
-85.5605987918
303.438585195
272.633117271
-49.2646814698
539.42626951
-229.520564593
-415.220625533
673.749958675
-226.767034641
3239.42397721
-1565.14577735
-53.3663892729
4419.14706521
583.843759029
-2513.29220099
4121.6058044
1762.53468488
-872.715555095
185.94656409
2216.69157296
574.861536216
-1024.65934138
287.679954828
1112.05581561
-716.370911403
-96.5135469546
-174.340501227
-317.154628294
979.478582549
-961.632423172
-511.146921995
1568.99515835
-156.132393364
-797.142502112
1335.23543941
545.09417424
-118.692832688
333.598713474
907.670027829
281.28141182
-19.805862795
552.123128085
348.33073662
-211.684590197
439.540453549
-91.4291549189
-219.090270516
411.175838426
-326.640442442
3613.78511617
-1814.51186546
-29.4158328145
4643.02001114
575.754917583
-2665.01031136
4717.10370353
1465.70353985
-1063.44379573
753.030048288
2285.68210353
-59.4120902459
-474.714941376
401.303911176
790.052895062
-652.332344544
-61.7948667281
-248.950216442
-247.849412081
839.405078641
-1143.83482225
-364.418916789
1709.2195236
-473.177216725
-1097.79490166
2011.69898103
365.83971716
-733.661798733
856.585528364
1232.15627904
-304.816546544
146.867506997
820.376628984
301.377189609
-266.512183988
388.847742342
73.2112941216
-126.666162611
225.258133323
-389.529456672
4123.85659949
-2072.09392626
-210.033393726
5235.76106859
639.617868327
-3015.84087656
5228.93790279
1713.06528179
-1533.54998119
1303.94285942
2460.10772455
-365.422232352
-207.969577606
676.126969217
497.661127894
-380.853498555
-142.822684932
-238.652764119
-138.62346653
736.732625419
-1227.65374439
-261.50166361
1674.02950131
-554.494350419
-1232.52012866
2157.40384501
420.941537125
-1103.97268811
1102.18030983
1374.17438876
-587.247083197
261.420006895
1045.42060225
124.733606471
-129.537244971
453.696759547
101.212065023
-46.2552322868
233.431554427
-333.970851217
4369.92215053
-2290.71290529
-49.314674845
5586.53452401
63.6473617992
-2725.06793258
5598.16623697
1479.12279586
-2145.47678989
2342.51092199
2306.53126057
-1111.59331242
378.152217312
1127.04446455
-205.263661573
-128.029247771
113.529869332
-395.19851309
74.9996220741
388.998469236
-1075.16296266
153.884447042
1210.99194303
-882.688642987
-454.843884139
1910.50781789
-156.772826956
-797.754524102
1638.34925716
739.788011601
-787.128587178
950.744771193
994.562392868
-441.465134707
316.803075523
722.617147511
-206.56591897
30.2846851215
332.205632702
-254.115445136
4720.4128086
-3134.44298769
596.936161785
5971.2244979
-991.244754433
-2665.18810255
6695.85373906
676.14177392
-2956.10546307
3598.4242828
2443.29560151
-2401.78327058
1095.56376374
1788.06875518
-1017.36432583
89.35168833
281.575029643
-427.434941338
356.592112465
-64.1191884154
-1317.52542613
1222.12135421
461.205786752
-1626.63083326
597.632864369
2001.30821394
-1463.32673135
-215.925399585
2305.02769057
-90.2329219631
-991.334836758
1653.07240593
875.182735745
-772.545253074
579.866866249
793.337154907
-13.9797781443
-52.6070028887
162.191707699
95.6459231909
5303.45576877
-4657.92955614
1714.72808919
5993.70370903
-1764.58480228
-2922.04967214
7680.33429074
-186.726694393
-3284.5675867
3986.72214928
2477.23565551
-2878.00294998
1224.67819415
1834.94723026
-1158.02399098
546.19365795
-497.455032524
-39.1706031751
881.094825524
-612.68474082
-1825.1350331
2510.18012027
-189.192934241
-2149.84611724
1259.46789152
2088.62179804
-2110.41209546
149.693869398
2269.66920748
-250.132841275
-751.827165017
1266.88066048
916.422310566
-309.990953828
186.333501097
401.148356188
791.154721187
-284.265010343
-380.639243926
535.403426555
5448.17077228
-5483.05094396
2343.69723064
5417.59444721
-1733.899925
-2885.56493804
7399.30739013
-468.313190686
-2701.24284195
3474.53513746
2057.44470894
-2082.92666344
1002.53999217
1165.68283282
-520.77714256
811.175184207
-1289.92032709
401.944844279
1150.87573708
-1133.06860206
-1528.94390513
2551.60983067
-581.399226591
-1796.11297192
1235.76070481
1396.95767717
-1552.07379611
167.589307081
1549.81291768
15.8954721164
-423.37650849
650.803082585
957.051614782
12.8898424063
-109.378514782
441.202486876
840.563616981
-343.830967597
-258.835582975
623.125415652
4824.59487837
-4958.45014834
2656.0950732
4608.77197962
-1526.73752122
-2326.89558258
7012.82082181
-1061.73766999
-1933.16824241
3303.56487323
1526.81362109
-1958.50798953
1317.05455486
699.115800842
-264.129526722
365.5774162
-894.295405113
594.213080365
670.841180373
-1345.11500982
-275.624256785
1741.83407757
-1052.764229
-707.382537534
1320.34235224
335.991753265
-846.733890371
640.970110135
872.493049634
-4.11072901203
-129.240788992
654.628639194
663.224721075
-194.788427774
-20.3718331649
741.03374754
129.473813065
-420.825720241
299.345323674
342.890925368
3928.89615515
-4191.02184876
3008.98280737
3920.78580777
-1635.96793538
-1291.01916906
6699.09985692
-1733.11386699
-1179.38799332
3600.74747109
1037.9141549
-2218.97481126
2224.30832521
245.319558091
-361.324577061
277.271873055
-416.580212729
326.056780603
525.228258485
-1491.13813364
412.32847945
1255.95610879
-1425.40185815
-132.318303136
1581.5733561
-555.434575636
-448.759510887
1219.06810788
224.278087128
-52.600451464
411.638945481
447.586199672
475.251595933
55.9986779745
-85.5898654055
858.521220568
59.9456901603
-568.150153555
617.127365922
362.267234746
3439.80992196
-3826.81330676
3378.5906836
3473.53515071
-1912.92962174
-247.128993339
6087.95797141
-2124.02112514
-493.383963474
3514.44567769
528.549674734
-2000.38661089
2543.55800361
-273.285680588
-156.664585078
349.251733078
-646.088646516
506.369067277
571.491503019
-1869.86880758
900.316146897
1290.82559798
-1978.63861187
420.457410405
1822.07620114
-1169.17889007
-88.6000819435
1651.09429177
-395.696982159
187.550233832
687.411067018
61.5115012029
606.369798972
174.466890097
-441.957929875
1140.53067083
-24.5358245161
-938.563367713
1022.88129328
285.013610512
3207.89132157
-3740.43234319
3747.3416437
3134.24691844
-2011.86663212
305.398734032
6014.6193341
-2561.34373211
69.0674197746
3590.72699138
94.7230688819
-1609.20248821
2449.27948814
-321.166580059
-167.70478961
428.840187869
-1016.36125069
1065.37460772
78.9349527212
-1881.20618165
1163.2867811
1378.21214941
-2641.56786658
1145.08783911
1700.03323116
-1411.64309585
-8.6557707781
2011.93468503
-655.348096801
160.365947684
818.740696506
180.845557371
489.617176696
-28.3708101265
-79.0998788026
1031.81577443
-237.16776318
-895.080655876
1318.92484279
-99.8774463395
3580.08663904
-4267.89701139
4514.73925436
2675.80422022
-2195.04918957
704.246649873
6344.98761295
-3609.69022606
798.522712819
3912.65929043
-830.785111073
-1075.10685258
2455.60476498
-376.654401269
-357.527626942
754.880456016
-1362.00293477
1793.45099071
-770.276776225
-1222.54652155
1197.82684158
1379.29769702
-2999.48713934
1997.90140796
1145.988472
-1190.07086618
-42.0826692473
2115.1026977
-645.893013322
-33.0116395066
778.494616393
489.448366232
178.927298787
-422.539973111
648.961467768
496.97123809
-371.550885611
-629.57082283
1405.39843149
-590.298064977
4271.73432771
-5207.74791955
5647.9389948
1887.57238964
-2188.01235425
1022.59319616
6389.78999907
-4403.93552268
1437.99118837
3766.962253
-1404.72294896
-642.446279168
2106.41599765
-387.931118151
-370.672840779
649.861312366
-1647.05050451
2481.03843739
-1706.40611001
-657.181970278
1163.26071777
1274.41918089
-3142.57465296
2533.37568128
586.508591893
-720.723199899
-100.286478652
1889.34883529
-273.341583102
-28.4185207933
365.009763244
904.024198364
316.328204236
-1057.13189255
1150.02647887
449.307883468
-625.529856119
-616.918905306
1628.23903711
-971.87646048
4460.74043875
-5501.20313525
5986.89303012
1382.93807967
-1969.15420939
873.826267847
6155.19746963
-4175.13145947
1136.83666326
3586.97810712
-1195.28154553
-661.737739171
1600.66711114
41.5819655008
-397.795139142
305.994163459
-1537.38168368
2830.64053167
-2229.71488626
-440.51078899
1308.24651853
969.31602918
-3044.49571535
2647.10167736
305.28561227
-644.360979138
106.252115441
1408.52438653
-12.3248214999
35.0672601715
77.2241040984
950.267157495
572.887930792
-1433.9012583
1359.11897266
493.656046353
-808.199157619
-410.648141134
1626.65472513
-1159.5161183
4181.49954424
-4517.57254088
4828.86443448
1430.01519808
-1379.73147883
596.695362152
5015.59832104
-2852.29202311
623.991786706
2922.77840537
-813.962970284
-313.366341851
935.707186486
95.2276409573
-123.465178138
170.459339817
-1551.12053932
2520.61260337
-1787.6346268
-548.388428066
1145.50951662
677.162459291
-2219.32199328
2018.66670145
156.691082023
-363.64805334
445.808882432
633.144545105
232.771756191
409.952059731
-173.124287372
577.137878433
927.695981632
-1176.74278583
822.272353005
546.772266743
-525.802792665
-355.409981073
1033.66961171
-760.5707307
4022.78985328
-4336.69075097
4210.11496511
1556.84598334
-1158.94078491
277.905345059
4506.32590091
-2205.28497834
655.880399318
1993.11749842
-111.366193992
-98.9493703083
291.47929335
235.683786893
246.825661544
-53.7693989899
-1732.22513418
2576.21705385
-1580.66955575
-671.832055789
663.843338745
1181.72637506
-2297.93039705
1590.39319645
223.72507945
74.3698381115
-124.999562305
748.091818665
386.807809166
357.501941126
-210.287809284
492.710158038
1143.03001327
-1152.47740251
631.804497041
522.214051686
35.8517280041
-1011.49049738
1253.78171077
-559.01914575
4660.17534984
-6344.557235
6674.29960258
401.832671687
-1415.19285017
594.310781749
5389.1887015
-3601.48444194
1716.0015977
1709.41913097
127.750280228
-133.851626843
-83.9341582129
910.689777729
-11.5991860733
-222.990760977
-2078.33295343
3816.04349867
-3079.67263854
-30.7320813161
531.943279366
1689.91187299
-3519.83329078
2679.74075369
-208.577033261
306.254678989
-685.695766944
1438.65882834
301.579579382
172.433473855
-243.541290038
943.241403028
1194.16662812
-1829.97923254
1379.75328443
441.699719492
-105.370211911
-1440.19446145
2165.78912869
-1282.21316791
5923.60100122
-8694.23072073
9791.59746171
-1175.77603428
-1363.61224961
853.206584492
6832.26569539
-5507.89198638
2947.3771874
1883.89836691
267.219543775
-789.830129163
768.672096384
733.257771698
176.272125039
-723.601599457
-1873.25813011
4665.75182856
-4455.01734595
363.675229079
1094.97871645
1445.24506993
-4739.05415554
4369.03715909
-1105.47130841
311.30461527
-959.080392221
2464.4104466
-744.992679489
918.254898442
-968.841290832
2217.26354661
279.005344544
-1685.63554227
1724.21121745
1065.49532624
-1458.26419766
-469.795960676
2587.39965795
-2149.48337408
6359.36349883
-8485.97575837
10000.0
-2014.63176139
-198.715151065
-37.5804378205
7752.81330555
-6596.40659892
3963.53613162
1318.93874865
794.97936636
-2021.52624576
2665.18454414
-813.567449437
843.189587229
-1036.68390241
-1061.1368709
3648.40066354
-3855.93158779
377.599315461
1226.40929798
1115.11674864
-4701.27122249
5097.88580816
-1894.05090564
623.936455307
-984.583655469
3104.487184
-2011.53732672
2010.83017208
-1456.11983385
2566.83451173
-585.800339361
-662.10616459
1104.34620237
1196.8592047
-1766.66619332
148.570995765
2148.47603212
-2253.72143068
6260.5134083
-7400.65034718
8590.71950052
-1684.29830831
862.118116604
-985.357649122
7700.96459725
-5932.6866456
3914.22699146
737.370677175
1223.96223945
-1928.9052053
2464.61320486
-879.444580899
819.463665442
-778.657653253
-1352.28685527
3435.875993
-3606.46503415
567.952291038
429.888000209
1631.13818412
-4572.980032
4640.01342838
-1885.32338938
1145.53068407
-1338.22228025
2914.18805594
-1435.27552206
1623.69282361
-1163.88348414
2250.69638536
-37.1417460725
-1025.91398486
1488.33563101
632.390574678
-779.868022369
-686.920101346
2468.03518825
-2208.01891482
6264.35898731
-7812.66947289
8716.18094369
-1370.8036442
-67.4434470656
-425.085070642
7528.79056328
-5995.71949311
3299.48887016
1766.65949032
130.839620302
-1093.46785917
1576.12735414
246.182999285
-152.607220197
-4.17583368517
-1960.09322592
4345.17213476
-4426.01647337
1113.58735656
394.95218228
1655.80748659
-4664.7996501
4720.42551081
-1760.97090776
741.693469627
-875.340647699
2166.74980046
-692.673735499
743.632841174
-585.626970745
1531.97391632
662.350538363
-1972.23124276
2261.70503175
-39.6250331074
-349.222890741
-981.591864405
2695.31419895
-2409.43695216
6617.92700562
-8193.28803616
8411.52785241
13.4125091245
-2026.22840623
828.235058225
7288.78250018
-6148.58863461
2763.07493399
2893.81693196
-1313.30407635
13.9031976312
745.410003637
491.050927588
-263.443331952
256.344184482
-2650.73746203
4834.54949189
-4102.95887931
148.350509711
1346.76695891
1175.98282081
-4241.97450329
4231.2576191
-1062.66205471
9.36224192669
292.462002595
867.66998539
228.400796842
678.990969506
-706.846450902
1037.53163747
1652.3833007
-2586.33647892
1911.20571139
614.617914677
-772.374678098
-877.631853834
2330.62768427
-1904.64778839
6015.45739067
-7425.57104842
6783.42652541
1942.41694136
-3517.20735521
1215.7373601
6983.08482161
-5384.62414736
1715.04343081
3304.84867029
-1311.32085654
162.76661696
267.088697033
690.228180494
91.1612284052
-189.069469304
-2319.62722954
4403.92816701
-3085.67889117
-956.234379751
2002.00381229
1018.45555643
-3817.42040322
3170.7614637
185.799471251
-759.157093992
402.478501961
853.505099373
456.561310964
153.684410769
-305.913163631
850.34361353
1483.9530495
-2280.88228019
1454.22297123
964.12378313
-916.69689796
-904.053722435
2178.45150312
-1263.30437554
4785.39937814
-6142.1763768
5877.49294001
1815.56086619
-3287.35753111
1354.81524668
5683.28664621
-4327.37832476
1320.56033954
2783.48194627
-1163.97929364
315.10352524
-239.195874045
996.683804429
-266.049963195
-148.525823902
-1853.27997779
3563.86531992
-2674.8240946
-586.816041802
1500.36182988
882.615443884
-2968.09245395
2377.77267434
514.706886596
-827.667592378
478.558458304
724.003267491
569.288774818
-265.322876828
336.841335266
280.674993135
1313.05363211
-1795.13171746
1210.26721373
445.566829173
-396.997538948
-983.992921071
1657.12449542
-884.122937139
4335.61306477
-5473.56518906
4819.86515048
2164.10147668
-3059.16477896
1240.19820225
4564.93862758
-2999.84211474
748.917830962
2335.3814086
-968.364155873
694.730447396
-752.378946793
967.447248708
-174.03934569
-0.485707822962
-2039.97756827
2981.41954934
-1776.65109166
-1094.63279008
1188.50718634
1005.46504885
-2470.49524487
1462.4622342
884.487333381
-815.261247772
507.865328035
362.800085918
729.032545954
-107.971113798
207.187015944
91.43419466
1459.45213805
-1428.44759657
567.568050618
781.199247336
-292.138578857
-1008.56415889
1270.05738651
-376.989077198
3583.3966885
-4604.28835907
3647.47355102
2995.99307511
-3521.30623239
1382.35924101
4168.47408719
-2606.08728836
388.910536654
2422.69414157
-927.722414245
462.686669376
-404.525456877
686.648541048
-73.4252226547
-168.609748652
-1367.49338507
1975.55129732
-883.304948994
-1441.91787279
1360.0935957
741.394400461
-2033.9832157
1165.24202789
1115.71276369
-1118.46120562
688.345011477
553.227620512
212.37769082
154.977632831
201.398145697
152.060517834
823.982518447
-728.949120418
172.465248349
736.450531966
-462.989840365
-557.053880339
799.999802682
-226.00138646
3308.24610874
-3976.07956242
2993.90199008
3612.12886139
-3852.35858665
1886.20812925
4082.3182727
-2804.00538113
908.88187656
2433.78918995
-1249.04280607
671.042455323
-13.8273911163
135.238875455
113.948394802
-214.229876688
-1043.31448101
1220.1141824
-401.914933296
-1512.55670007
1257.52536838
583.730328341
-1815.44100094
1178.6836274
1037.19120546
-1230.96648687
965.335905705
661.226456751
-205.548858839
566.85011048
244.136366973
39.2064087339
715.124082012
-367.40927014
-15.3188120731
690.565866026
-416.317043456
-472.552434199
694.405506565
-269.815448936
3081.63280984
-3519.30229161
2674.84735303
3303.87217374
-3205.51400512
1700.08025061
3760.01384257
-2403.10685379
1021.12147658
2087.09654958
-805.734998278
464.435917772
171.542821678
276.223759814
-26.5519624414
-129.898309287
-673.293435766
964.248377257
-478.546911375
-979.715592263
965.861277119
480.91732132
-1562.51389659
1227.88225228
696.510671376
-937.174270361
739.19759366
773.977136072
-300.25945326
390.996447812
414.161422388
77.4462169566
362.252272875
-170.538608455
219.654071718
302.064207291
-281.912336298
-204.935092126
585.157526976
-421.618957141
3035.52453839
-3017.08944311
2341.75688894
2557.68086273
-1939.08092729
975.816166949
3300.47112866
-1716.88844577
779.410544155
1560.98684474
-172.494213154
-74.3803489432
360.737694776
289.921702995
-209.622286472
-14.4986645936
-623.282514582
900.487442659
-572.935675796
-707.426885282
844.470584783
377.997621712
-1343.65452654
1231.27091544
451.664222801
-583.428938409
495.16809856
824.605225272
-199.33941889
247.915751193
431.059212238
180.836102077
203.808091607
-146.862147504
254.224447127
264.922768135
-361.114010089
-154.121898882
567.200097915
-487.839797138
2872.88060797
-2829.60808658
2196.95387334
2217.12308646
-1583.45825647
763.352423478
3038.86601848
-1371.29252317
476.599719316
1566.5168949
90.0049672337
-462.895926166
614.870453974
340.723668098
-373.451987019
57.4254921467
-560.19461274
850.162088319
-623.383252855
-772.277066483
996.571907523
123.191641532
-1325.16375557
1215.23899787
432.956759928
-721.554883809
489.338401731
879.599989468
-248.478804245
128.933688506
602.438307628
169.778123008
152.478069475
-72.2992032834
326.174408591
312.058608404
-444.458366587
-33.2916933834
632.765795781
-579.485011616
2892.5184058
-2847.00409938
2097.23315667
2285.16337897
-1866.02236045
878.393368987
2913.80368119
-1430.08276822
354.426845996
1765.48494402
-116.683760991
-469.506432505
738.663560139
324.754156415
-500.630289553
271.528612349
-647.447734246
840.462620135
-490.166876645
-918.294033889
1096.82175344
141.165107735
-1433.81702099
1244.18149403
534.747271219
-934.212326613
585.099019905
900.285441639
-328.928934234
97.8484983878
713.777899173
56.1007575444
183.552941708
-22.3047413664
258.536772149
352.033744266
-411.933263252
-114.910179957
695.522760549
-553.685729775
3018.94378754
-3068.55182602
2173.47787477
2549.89623997
-2236.94198235
931.127574519
3206.97709074
-1681.32128618
308.106877203
1939.57669673
-178.214288512
-501.342528387
690.013694942
421.187735326
-489.107145891
128.874401564
-583.76540928
902.393864629
-568.51492274
-1003.26498409
1177.0256602
173.488206748
-1591.99346733
1268.25596952
613.858125879
-1004.34261207
516.514749008
948.294960777
-275.933843798
42.8121836176
625.925908338
235.891974689
145.713882948
-123.510228613
365.555550047
414.9196723
-492.749675017
-99.0927366106
755.893648649
-534.104216057
3068.4185632
-3241.62481518
2378.4711656
2517.30650008
-2485.95539752
1009.57026769
3420.94889481
-2162.48942428
636.310577485
1839.62700567
-339.051799108
-324.560211697
615.002194831
320.799431626
-271.133933015
-56.9758215426
-418.699137005
901.054663491
-642.455003851
-777.615492527
1052.99577084
205.87679203
-1492.55397686
1299.89163235
459.352828442
-831.886594856
510.293410152
844.625910317
-287.565521723
192.370109257
425.221007697
294.147650606
115.590501572
-127.236029211
373.457558919
276.281185313
-389.008568584
-43.2706333236
557.941708768
-460.548610902
3362.28208484
-3733.7108168
2716.91175775
2597.23034959
-2795.68980629
1059.44459743
3737.00771511
-2783.24099332
1194.80184107
1555.1213716
-540.697463495
7.15175372025
439.959169731
69.887412819
13.4208911508
-192.673492701
-576.726105458
1003.04939358
-689.634712196
-784.029363274
862.108238577
438.11194173
-1698.44716326
1359.2710376
390.441090182
-742.758300015
425.685964651
892.168423679
-359.961042897
358.713108274
286.928104599
321.913021134
226.633685563
-162.171621643
313.152645098
364.291388768
-319.364682081
-212.413289381
662.218061879
-422.349937993
3367.94679853
-3993.27935123
3187.2751914
2218.62275244
-2772.34844736
1201.38114638
3598.68217667
-2907.90410571
1370.27081108
1449.53845638
-518.69949521
-67.2616190955
533.72391662
123.237419777
-168.22274675
4.19270338042
-596.537607731
1032.15086364
-773.531109244
-588.712067982
801.626326566
385.255986514
-1592.0698881
1347.65421739
325.92962187
-677.286146954
329.043149202
936.303609277
-366.204353805
165.431514407
470.627040987
205.145230256
116.499679514
-86.4896898607
348.831172125
195.170029038
-242.747693174
-143.254319722
573.591302173
-418.057850053
3452.75210384
-4157.06266752
3532.01305985
1809.78920942
-2610.38380265
1465.63116925
3045.45035419
-2473.62510306
1210.52229013
1341.60356729
-426.079647023
-192.85440901
570.926374732
93.8547586254
-365.435965597
239.890092865
-815.487791595
1003.58857514
-673.931098346
-711.854933102
834.194215869
312.540804133
-1462.1638897
1208.29466174
409.099315298
-641.831276709
311.131310181
946.228933251
-263.467429604
63.8499196479
613.719341516
144.61110847
112.428215482
10.220093926
244.455684622
216.66000996
-209.622926416
-215.996544705
520.454260022
-337.343469667
3398.81718177
-4373.68200532
3855.99518862
1515.47776557
-2557.77475179
1581.01129923
2905.73435635
-2373.24060103
1210.73128575
1232.30768209
-143.086916058
-469.93485579
766.868935331
107.576479186
-394.728410503
225.593466829
-695.339023371
887.32154624
-598.77312179
-778.047135213
884.022269753
255.240907877
-1502.42711699
1229.22703835
349.510989055
-644.813251034
193.493172654
1075.90199049
-424.593790349
84.6989497711
619.071492629
172.583889449
-22.9744111514
173.786458132
161.286104477
262.337714154
-210.697933125
-145.693833926
513.97337213
-313.165576492
3375.93505499
-4231.218427
3788.59159648
1394.10293377
-2044.24376104
1153.64797085
3087.8207787
-2240.68370505
1151.84194748
1073.68266968
252.049953732
-858.736609928
1058.7386808
5.01281173446
-422.876920401
356.553259904
-734.013053759
838.173318804
-465.046766435
-695.76094094
720.908187017
483.085354598
-1506.02002141
1279.98491678
249.821113905
-362.662336867
-26.1592873552
1256.78151086
-540.907242314
186.940003728
578.556970088
127.328301775
-53.4693147445
266.946564812
13.7106479008
229.997746971
-103.055494036
-253.885505688
495.132746381
-305.914243728
3550.58820943
-4405.96991628
3942.17654424
1361.59884119
-1624.52063263
744.353770811
3502.55367643
-2225.74113915
1155.40948962
1002.29812207
524.650274545
-1007.82422779
1096.19993308
16.9412389639
-376.351167006
333.544974314
-888.779255158
1053.62871278
-638.297860052
-649.064774617
610.451134776
721.782748313
-1798.38050558
1467.69978849
178.187902763
-247.590749831
-178.477032448
1410.31789534
-585.182929844
270.430469418
443.279217421
284.953900872
-20.1789904546
137.979651988
103.1092502
317.701666582
-158.170482497
-357.373849258
724.641461692
-413.51967014
3558.65752261
-4396.73881881
4221.33985326
965.545180554
-1150.83553388
437.614066168
3751.72904343
-2336.33087902
1250.13681407
1039.52539757
480.279727646
-850.836037154
975.219336317
102.341112262
-275.894997379
230.973764188
-834.348959671
1191.22000771
-807.226526948
-387.020802222
358.0282861
955.43014975
-1784.21730191
1330.98048756
266.871758882
-103.012715028
-318.197998965
1348.50757932
-345.07028822
170.536585961
345.954841696
392.284464264
55.6671482345
-33.5619000913
228.029886449
211.023305108
-15.0507003445
-445.803099078
618.58573609
-261.144814678
3521.84612493
-4563.37833242
4435.82258957
771.292024694
-907.091438178
66.9812693181
4033.59797724
-2284.24507426
982.2912531
1243.82857756
382.670019182
-665.582619098
693.185942963
191.150526485
-140.305281539
98.8651484568
-999.994523184
1327.6654167
-744.648596403
-617.873573849
245.441169102
1224.70884895
-1838.9345394
866.693463139
762.695778092
-195.361457044
-483.390397352
1342.63258492
12.7746256966
-91.7786386415
415.307698323
463.534342317
205.533580532
-140.225964106
225.046629052
338.9614541
55.1416259679
-611.352471827
584.656124654
42.0193705247
3112.54473533
-4441.09754181
4519.14256241
580.00946441
-1049.52470939
276.92423763
3798.31419381
-2199.59886175
824.427439595
1390.07536044
289.048040899
-622.121485621
595.119427588
345.3263661
-92.2058877398
-177.942037689
-616.271024934
1177.57851383
-769.940487387
-646.644895229
554.756348866
785.896816435
-1539.3151649
726.779373879
848.772485376
-409.790884553
-304.560760858
1159.33092916
102.364211559
-235.594127705
407.672123378
538.70370495
72.3606438505
-188.813606104
321.006391765
365.979203459
-190.272619162
-345.327154268
531.514750149
-15.2481468289
2872.85243632
-3865.30018004
4042.06637989
739.683501512
-1199.04480299
695.900904813
3164.30934734
-1773.46308916
658.964306649
1358.76314395
236.116420028
-565.399811703
490.679821787
303.694999611
5.72849672744
-449.38095961
-357.266290983
960.004329325
-736.849977185
-650.616130383
673.409687251
465.393581485
-1152.4076064
538.805318161
794.560492292
-262.708337453
-242.005558744
937.015014821
306.941116925
-163.769391718
207.000645222
659.894456209
131.803315057
-267.491634046
263.008194753
466.774084045
-284.320475345
-326.087840246
425.973584888
28.0258576722
2746.29671909
-3770.45817887
3801.70956403
1025.89372574
-1430.32237648
751.51827235
3153.99376423
-1637.36120943
476.731315948
1382.1934274
488.904656413
-799.429335514
597.846545742
320.814108277
129.09386741
-655.09822031
-190.000703755
900.927933822
-692.942110716
-777.045786659
748.911063118
420.128537148
-1181.12095755
444.344633771
832.872289078
-252.045952774
-411.831449807
1009.73161257
306.273773543
-215.244837213
131.937479226
815.39575325
29.6657687103
-249.244145455
296.42693542
546.9780978
-367.855370792
-232.251322062
450.990418419
49.3809554959
2639.84374578
-3529.67637253
3578.70775107
1181.51319789
-1342.46127463
475.384895669
3579.36624502
-1931.33822719
558.99603036
1471.92689085
543.953964131
-1080.2721888
941.333328222
218.255949928
-9.85880175619
-528.353674057
-40.6338472064
581.385528064
-441.990988886
-758.142236762
641.418305989
544.42124109
-1147.04942194
375.786764327
1011.06861508
-353.740063142
-431.070224778
1204.01051046
190.224677068
-341.110332937
378.350840166
697.342617973
-149.640905482
-70.4231230885
278.303889697
331.508632733
-254.643706752
-220.697475501
326.738785707
93.6382526224
2717.65459428
-3521.41543283
3577.69155335
1314.92987827
-1191.59690935
261.815244342
4092.56446164
-2222.3231853
791.183812776
1567.58175331
476.241333925
-1033.1941215
1085.07310097
86.8495196996
-31.8448708378
-355.081531432
-222.40928701
552.923528643
-305.856098866
-882.546445125
540.393194789
788.370354318
-1391.67229022
436.363552577
1157.96307414
-485.766757523
-430.363130115
1427.31697527
31.4701373008
-315.185971317
572.571524126
586.762100601
-130.577604898
64.4973789989
225.041056507
316.075576145
-118.422202394
-341.39704734
398.913884143
130.341622416
2764.18458367
-3665.99520578
3880.15424069
963.962583037
-1021.54956435
162.320836796
4088.81340736
-2354.69869561
935.46566753
1459.94897702
439.398523473
-938.521496397
996.200863463
175.950053116
-112.728105191
-191.417657259
-327.548971535
753.02429262
-432.90193086
-694.759021591
466.887455744
895.06984718
-1481.58338018
585.981521576
1034.42445951
-433.964926667
-454.877084138
1398.53352053
16.2076578098
-341.193979748
535.055519984
573.949248539
-122.49680365
-33.2461193553
309.42749925
260.370304928
-123.896491828
-327.841747956
440.530825438
60.8829272775
3033.81857668
-4006.2696433
4194.77137168
814.880726659
-1086.130254
84.6153201162
4156.16694804
-2470.07984436
806.911747859
1517.09251463
393.415440849
-1033.39743119
889.213681739
309.395392681
-282.021800344
-196.509818318
-399.524713659
869.601010091
-592.179912033
-713.524946292
476.196326111
955.782593985
-1666.88918037
618.274307159
1104.67945769
-476.649876041
-591.833128223
1531.12022227
53.2758403225
-449.451694061
519.360418316
750.512033348
-195.420677072
-106.784566563
389.856677881
370.132063962
-269.083700733
-329.137227566
547.33112869
48.2105462398
3018.95724805
-4286.00827396
4654.96549279
585.821504815
-1263.54186274
263.13082767
4387.65236073
-2971.96345833
1109.48960062
1537.19007221
405.589928061
-1240.47426106
1207.44299408
181.302362338
-141.913547407
-454.32340661
-57.8281765234
795.813955207
-751.532292577
-656.565354835
745.249328977
601.737056288
-1652.10167974
880.573467247
876.5453849
-567.916336288
-464.757892006
1566.40230434
-192.481524262
-287.342231722
458.051470941
814.948503351
-354.557303623
28.3958427927
387.109014633
402.460235906
-429.976895028
-75.4324612916
510.172606679
-75.5996151862
3078.44663367
-4293.47626718
4703.55693207
528.92581378
-1162.18607754
392.343538394
4420.56824912
-3117.21800117
1537.43564078
1338.96595032
373.59838184
-997.08990316
1262.22078399
-70.305747717
138.496068962
-498.932640429
-69.5056083822
658.706060296
-535.077517979
-793.22845411
775.619059797
469.302973228
-1398.67755425
684.492197364
950.524790181
-663.249954644
-153.148414576
1294.30454189
-107.602408115
-167.593101212
573.721889199
504.983762872
-56.1452619823
81.0222001856
230.166353546
385.603266175
-202.57384645
-223.998773669
419.47878224
48.9704952369
3014.54416868
-4362.7663648
4630.2776347
590.079412141
-1205.84752895
454.979811681
4295.25335175
-2914.61848062
1511.74273101
1288.34939913
366.142755257
-695.578526507
961.897041277
124.257381511
165.674284461
-437.819330633
-161.891421518
738.579594501
-464.07431285
-865.042371168
769.820011822
493.399689296
-1341.18966113
514.249674247
1095.73397036
-778.255340909
-69.6755116377
1142.85358881
21.0768046291
-288.797042279
652.426660884
399.442040733
59.4336669504
-13.3246761307
320.456318776
329.887453387
-124.505687579
-244.138532021
470.007127614
35.0651323513
3006.08684716
-4088.0086269
4280.98731901
613.497039073
-1049.86945941
217.888604479
4023.30574544
-2577.58063204
1157.35404338
1275.30845037
306.541346635
-690.893882894
752.972604971
261.232749522
-106.497411464
-195.556175861
-311.020463746
743.500423442
-444.358487601
-633.896927471
461.421170993
741.36279114
-1251.74501356
428.681953311
1047.01616145
-493.744537763
-257.549515317
1130.25067063
137.769138298
-353.787656463
575.335935793
415.546720838
3.39414297123
-61.3146625063
284.837517788
202.048629633
-62.703954656
-310.829324248
333.61389369
82.016869186
3117.38949162
-4147.02153334
4217.19597039
661.668607655
-973.930240728
-42.7732281735
4083.92196264
-2558.42396338
1038.85066788
1255.05499419
296.42640401
-779.873244362
744.919699051
164.52830674
-174.587074455
-138.095474668
-500.054471055
800.776001508
-482.156517443
-699.487542391
382.289958341
889.996607736
-1485.39061391
504.183450526
1092.27247924
-557.240013104
-375.099827961
1368.54338718
-9.35907042721
-407.750634546
698.222899473
447.554704045
-144.811874657
44.8198540014
314.20564433
167.427498235
-89.5484511551
-296.048452226
391.515743146
38.1764900754
3137.64050321
-4143.46958838
4488.92291797
195.058951936
-515.539594334
-352.700899987
4450.49555119
-3205.11378982
1596.69358807
1063.72981161
326.40675187
-1173.9515547
1430.42880382
-263.344838948
-223.704356726
15.9342606058
-352.262887731
653.642750724
-610.981460814
-284.509804274
212.09579559
950.063839858
-1722.37156897
1140.81993879
540.456022397
-351.265501701
-524.467812775
1824.15771826
-665.825873364
-104.491668875
661.386521108
545.19460745
-606.899146611
356.433291781
397.160611721
-122.326593891
-108.410126878
-60.9122867699
438.054546352
-381.157852598
3769.64388706
-4379.54291802
4766.96280467
-188.889933912
419.235725838
-1196.24191767
5297.31339714
-3844.77740821
2109.96228419
822.971204671
538.845854113
-1652.17600117
2076.97211938
-661.497482559
-409.305377334
400.759144701
-606.262284941
652.000541837
-782.476268782
225.442725215
-470.940257721
1558.07807427
-2161.67416819
1632.32228751
30.1486032779
241.700360081
-1018.69699366
2355.21187604
-1036.56648909
164.180811564
595.83947813
663.831470677
-775.71126255
513.889687852
444.156710841
-385.772827442
182.321718774
-271.120561899
531.726788918
-562.857317961
3763.51721695
-4364.99096291
4725.8255152
-458.79867325
641.930921952
-1142.26496779
4983.27561799
-3656.55036677
2177.0099161
750.758414951
351.362915972
-1192.85430761
1818.87457557
-553.452963122
-396.318818862
662.002282288
-869.014916938
883.866886641
-857.808862455
346.270869859
-552.844153544
1495.69473487
-2036.4223948
1578.94488614
-97.8618303396
163.68418949
-696.774058797
1865.83864655
-903.679479895
223.999354419
609.631204797
263.32495328
-319.189767864
357.660514635
355.897751713
-323.477369242
366.020630054
-381.682818602
536.024502579
-403.205869163
2636.3074707
-2883.25374367
3256.06708042
-333.830858963
491.895846349
-364.819974413
2908.6738449
-1999.06541798
1535.39151505
325.125231211
152.321739751
-204.899821894
622.805925682
-154.239058576
-134.181759839
354.897597205
-694.608194331
777.095591488
-685.339168234
308.804947651
-324.294367701
790.730001429
-960.45163534
888.819920379
-105.307986076
262.679142727
-143.65745145
735.895956348
-175.500606896
193.932180985
317.623399635
60.6109791322
140.310076638
-4.99947429211
258.703995346
-197.107948553
256.761942698
-291.250199529
295.356563344
-258.055428685
1742.37544353
-1702.5885317
1858.06414504
5.54321977525
306.883231199
-40.3908318549
1532.23595988
-754.346122604
879.864962988
83.0663626871
143.598206812
207.238156246
-81.4153275239
97.2222373748
-88.0623013804
160.284069629
-531.541858861
541.278579519
-569.370043678
313.758330451
-379.663795081
445.612567061
-407.694996706
456.259607046
-161.588135331
384.977860283
-34.1780082131
270.207330147
122.801126476
153.043583869
182.827934304
37.0489138839
249.086658441
-116.388921189
247.700276013
-203.584763737
222.432016486
-250.59007227
191.938964653
-249.723939995
155.65975454
-212.595944516
108.5535114
-134.293668371
79.4005063642
-46.1012896712
50.0847024238
46.8710803502
20.2924308715
106.548366026
-9.40069378687
148.721638703
-41.227319343
162.381089473
-60.8803010552
147.526664156
-76.9790317321
114.992886183
-85.9747992374
75.7601960581
-77.3023298523
36.1901984542
-55.5485859553
6.55172666727
-31.5412743522
-16.4612187157
0.437037778636
-29.5170470485
28.9309222461
-29.2715047632
51.4525971873
-27.9749272136
62.833069595
-23.7159248758
62.2020576809
-18.0015341934
54.7163047579
-13.2728014354
40.4380878917
-9.28571157401
21.5249897309
-6.39179386392
5.05379817346
-3.26213621539
-7.47205527603
1.6636480145
-15.5437293878
5.61507709094
-17.3102419161
9.0305770652
-16.3748010327
12.5581355847
-12.0735942183
14.1614658577
-6.75941180346
13.8786530355
-1.86981104825
11.9228432034
1.54952443271
8.72040071192
3.74054278475
5.178548837
4.37384335051
1.3688310367
3.24413962225
-1.54332081982
2.70891916914
-3.13138693782
2.24232019614
-3.77503551567
1.92298494279
-3.541886982
0.67851556412
-2.68609232309
0.820189499005
-1.57779285884
0.989258513533
-0.46799706728
0.924989044531
0.352698442955
0.830264252027
0.690445771526
0.601746600022
0.84516537537
0.296256967273
0.771188739508
-0.0187911109874
0.572635634068
0.117812923495
0.403140086884
-0.01941957858
0.275059618509
-0.0609670717386
0.199941073838
-0.0528680665314
0.169494676705
0.110190208162
0.178151906059
0.158145433783
0.198654207389
0.192110333763
0.20369928847
0.20833272194
0.19064024767
0.186832198323
0.173362749404
0.16776862158
0.15158579179
0.146754110081
0.12806452039
0.122591824605
0.106940230398
0.101593218878
0.0965135579339
0.0916878800372
0.0871034860354
0.0827483117336
0.0786108961469
0.0746803513396
0.0709463337726
0.067399017084
0.0640290662298
0.0608276129183
0.0577862322724
0.0548969206587
0.0521520746258
0.0495444708945
0.0470672473498
0.0447138849823
0.0424781907332
0.0403542811965
0.0383365671367
0.0364197387799
0.0345987518409
0.0328688142488
0.0312253735364
0.0296641048596
0.0281808996166
0.0267718546358
0.025433261904
0.0241615988088
0.0229535188683
0.0218058429249
0.0207155507787
0.0196797732397
0.0186957845778
0.0177609953489
0.0168729455814
0.0160292983024
0.0152278333872
0.0144664417179
0.013743119632
0.0130559636504
0.0124031654679
0.0117830071945
0.0111938568347
0.010634163993
0.0101024557934
0.00959733300369
0.0091174663535
0.00866159303583
0.00822851338404
0.00781708771484
0.00742623332909
0.00705492166264
0.00670217557951
0.00636706680053
0.00604871346051
0.00574627778748
0.00545896389811
0.0051860157032
0.00492671491804
0.00468037917214
0.00444636021353
0.00422404220286
0.00401284009271
0.00381219808808
0.00362158818367
0.00344050877449
0.00326848333576
0.00310505916898
0.00294980621053
0.0028023159
0.002662200105
0.00252909009975
0.00240263559476
0.00228250381503
0.00216837862427
0.00205995969306
0.00195696170841
0.00185911362299
0.00176615794184
0.00167785004475
0.00159395754251
0.00151425966538
0.00143854668211
0.00136661934801
0.00129828838061
0.00123337396158
0.0011717052635
0.00111312000032
0.00105746400031
0.00100459080029
0.000954361260277
0.000906643197264
0.0008613110374
0.00081824548553
0.000777333211254
0.000738466550691
0.000701543223157
0.000666466061999
0.000633142758899
0.000601485620954
0.000571411339906
0.000542840772911
0.000515698734265
0.000489913797552
0.000465418107674
0.000442147202291
0.000420039842176
0.000399037850067
0.000379085957564
0.000360131659686
0.000342125076702
0.000325018822866
0.000308767881723
0.000293329487637
0.000278663013255
0.000264729862592
0.000251493369463
0.00023891870099
0.00022697276594
0.000215624127643
0.000204842921261
0.000194600775198
0.000184870736438
0.000175627199616
0.000166845839635
0.000158503547654
0.000150578370271
0.000143049451757
0.000135896979169
0.000129102130211
0.0001226470237
0.000116514672515
0.00011068893889
0.000105154491945
9.98967673479e-05
9.49019289805e-05
9.01568325315e-05
8.56489909049e-05
8.13665413597e-05
7.72982142917e-05
7.34333035771e-05
6.97616383982e-05
6.62735564783e-05
6.29598786544e-05
5.98118847217e-05
5.68212904856e-05
5.39802259613e-05
5.12812146633e-05
4.87171539301e-05
4.62812962336e-05
4.39672314219e-05
4.17688698508e-05
3.96804263583e-05
3.76964050404e-05
3.58115847883e-05
3.40210055489e-05
3.23199552715e-05
3.07039575079e-05
2.91687596325e-05
2.77103216509e-05
2.63248055683e-05
2.50085652899e-05
2.37581370254e-05
2.25702301742e-05
2.14417186655e-05
2.03696327322e-05
1.93511510956e-05
1.83835935408e-05
1.74644138638e-05
1.65911931706e-05
1.5761633512e-05
1.49735518364e-05
1.42248742446e-05
1.35136305324e-05
1.28379490058e-05
1.21960515555e-05
1.15862489777e-05
1.10069365288e-05
1.04565897024e-05
9.93376021726e-06
9.43707220639e-06
8.96521859607e-06
8.51695766627e-06
8.09110978296e-06
7.68655429381e-06
7.30222657912e-06
6.93711525016e-06
6.59025948765e-06
6.26074651327e-06
5.94770918761e-06
5.65032372823e-06
5.36780754182e-06
5.09941716473e-06
4.84444630649e-06
4.60222399116e-06
4.37211279161e-06
4.15350715203e-06
3.94583179442e-06
3.7485402047e-06
3.56111319447e-06
3.38305753474e-06
3.21390465801e-06
3.05320942511e-06
2.90054895385e-06
2.75552150616e-06
2.61774543085e-06
2.48685815931e-06
2.36251525134e-06
2.24438948878e-06
2.13217001434e-06
2.02556151362e-06
1.92428343794e-06
1.82806926604e-06
1.73666580274e-06
1.6498325126e-06
1.56734088697e-06
1.48897384262e-06
1.41452515049e-06
1.34379889297e-06
1.27660894832e-06
1.2127785009e-06
1.15213957586e-06
1.09453259707e-06
1.03980596721e-06
9.87815668852e-07
9.3842488541e-07
8.91503641139e-07
8.46928459082e-07
8.04582036128e-07
7.64352934322e-07
7.26135287606e-07
6.89828523225e-07
6.55337097064e-07
6.22570242211e-07
5.914417301e-07
5.61869643595e-07
5.33776161415e-07
5.07087353345e-07
4.81732985677e-07
4.57646336394e-07
4.34764019574e-07
4.13025818595e-07
3.92374527665e-07
3.72755801282e-07
3.54118011218e-07
3.36412110657e-07
3.19591505124e-07
3.03611929868e-07
2.88431333375e-07
2.74009766706e-07
2.60309278371e-07
2.47293814452e-07
2.3492912373e-07
2.23182667543e-07
2.12023534166e-07
2.01422357458e-07
1.91351239585e-07
1.81783677605e-07
1.72694493725e-07
1.64059769039e-07
1.55856780587e-07
1.48063941558e-07
1.4066074448e-07
1.33627707256e-07
1.26946321893e-07
1.20599005798e-07
1.14569055508e-07
1.08840602733e-07
1.03398572596e-07
9.82286439665e-08
9.33172117682e-08
8.86513511798e-08
8.42187836208e-08
8.00078444398e-08
7.60074522178e-08
7.22070796069e-08
6.85967256265e-08
6.51668893452e-08
6.1908544878e-08
5.88131176341e-08
5.58724617524e-08
5.30788386647e-08
5.04248967315e-08
4.79036518949e-08
4.55084693002e-08
4.32330458352e-08
4.10713935434e-08
3.90178238662e-08
3.70669326729e-08
3.52135860393e-08
3.34529067373e-08
3.17802614005e-08
3.01912483304e-08
2.86816859139e-08
2.72476016182e-08
2.58852215373e-08
2.45909604604e-08
2.33614124374e-08
2.21933418155e-08
2.10836747248e-08
2.00294909885e-08
1.90280164391e-08
1.80766156171e-08
1.71727848363e-08
1.63141455945e-08
1.54984383148e-08
1.4723516399e-08
1.39873405791e-08
1.32879735501e-08
1.26235748726e-08
1.1992396129e-08
1.13927763225e-08
1.08231375064e-08
1.02819806311e-08
9.76788159953e-09
9.27948751955e-09
8.81551314357e-09
8.37473748639e-09
7.95600061207e-09
7.55820058147e-09
7.1802905524e-09
6.82127602478e-09
6.48021222354e-09
6.15620161236e-09
5.84839153174e-09
5.55597195516e-09
5.2781733574e-09
5.01426468953e-09
4.76355145505e-09
4.5253738823e-09
4.29910518818e-09
4.08414992877e-09
3.87994243234e-09
3.68594531072e-09
3.50164804518e-09
3.32656564292e-09
3.16023736078e-09
3.00222549274e-09
2.8521142181e-09
2.7095085072e-09
2.57403308184e-09
2.44533142775e-09
2.32306485636e-09
2.20691161354e-09
2.09656603286e-09
1.99173773122e-09
1.89215084466e-09
1.79754330243e-09
1.7076661373e-09
1.62228283044e-09
1.54116868892e-09
1.46411025447e-09
1.39090474175e-09
1.32135950466e-09
1.25529152943e-09
1.19252695296e-09
1.13290060531e-09
1.07625557504e-09
1.02244279629e-09
9.71320656476e-10
9.22754623652e-10
8.7661689247e-10
8.32786047846e-10
7.91146745454e-10
7.51589408181e-10
7.14009937772e-10
6.78309440884e-10
6.44393968839e-10
6.12174270398e-10
5.81565556878e-10
5.52487279034e-10
5.24862915082e-10
4.98619769328e-10
4.73688780862e-10
4.50004341818e-10
4.27504124728e-10
4.06128918491e-10
3.85822472567e-10
3.66531348938e-10
3.48204781491e-10
3.30794542417e-10
3.14254815296e-10
2.98542074531e-10
2.83614970805e-10
2.69434222264e-10
2.55962511151e-10
2.43164385594e-10
2.31006166314e-10
2.19455857998e-10
2.08483065098e-10
1.98058911843e-10
1.88155966251e-10
1.78748167939e-10
1.69810759542e-10
1.61320221565e-10
1.53254210486e-10
1.45591499962e-10
1.38311924964e-10
1.31396328716e-10
1.2482651228e-10
1.18585186666e-10
1.12655927333e-10
1.07023130966e-10
1.01671974418e-10
9.65883756969e-11
9.1758956912e-11
8.71710090664e-11
8.28124586131e-11
7.86718356825e-11
7.47382438983e-11
7.10013317034e-11
6.74512651182e-11
6.40787018623e-11
6.08747667692e-11
5.78310284308e-11
5.49394770092e-11
5.21925031588e-11
4.95828780008e-11
4.71037341008e-11
4.47485473957e-11
4.2511120026e-11
4.03855640247e-11
3.83662858234e-11
3.64479715322e-11
3.46255729556e-11
3.28942943079e-11
3.12495795925e-11
2.96871006128e-11
2.82027455822e-11
2.67926083031e-11
2.54529778879e-11
2.41803289935e-11
2.29713125439e-11
2.18227469167e-11
2.07316095708e-11
1.96950290923e-11
1.87102776377e-11
1.77747637558e-11
1.6886025568e-11
1.60417242896e-11
1.52396380751e-11
1.44776561714e-11
1.37537733628e-11
1.30660846947e-11
1.24127804599e-11
1.17921414369e-11
1.12025343651e-11
1.06424076468e-11
1.01102872645e-11
9.60477290126e-12
9.1245342562e-12
8.66830754339e-12
8.23489216622e-12
7.82314755791e-12
7.43199018001e-12
