1.29420173703
-0.294479949216
0.267444399968
-0.375112627514
0.296461549061
-0.174473386567
0.275270718306
-0.452739165877
0.301515616308
0.0156635317838
0.451204560225
-0.110549023884
0.256006536272
0.0479220084881
-0.132080333427
0.137311624441
-0.000195512850328
-0.0630770151119
-0.0417558298342
0.0579519638011
-0.0496233406607
0.332422777624
-0.0383987088189
0.0745725020646
-0.0699201022555
0.207367142294
-0.0533112241114
-0.0196390544049
-0.00333356274331
-0.0466667303357
0.00920447961671
0.110800153598
-0.0115004082768
0.0114446236207
0.115145521207
-0.0556741674829
0.0738118759998
0.00921024636903
0.0232448100588
-0.0731667179842
24.676687592
-5.86780984324
5.17414325792
-8.21346971787
5.59858469085
-4.54611220545
5.33092928344
-8.07408522393
4.92060779291
-1.18977749265
9.51952859835
-1.40561652182
5.50663794985
-0.390911047512
-2.51195050127
-0.270012822219
1.89892796006
-1.49700388387
0.649087137112
-0.460397882118
1.58585178565
2.81060937918
2.06871612674
0.311216148027
-0.651649233881
-0.0323052673772
0.278476564036
-0.859715079698
1.42353644355
-0.457301791257
0.498233694562
0.714777779182
1.31919327819
0.365623795204
0.880814937016
-0.916211506599
0.212389911766
-0.377207613777
0.827397996388
-0.144109588636
90.6700356864
-16.2568399173
21.3152032088
-22.7843556928
23.1367653013
-13.8538941977
15.1407220814
-18.4503072324
14.0289592032
-4.92315242277
27.7979010797
0.596059685664
18.3150717638
-1.59016538908
-3.77664175777
-3.27761069281
11.1480628489
-2.57834342716
3.49408682361
-2.98263913459
9.92723857981
4.25363542299
8.08482945588
0.524696696526
2.1635038651
-3.20079408635
2.9812402085
-0.897348224764
6.42433688224
-1.09020712691
2.43166166412
0.0518778229282
5.98063552221
1.21807006262
2.22092754805
-2.56535384139
2.38603455927
-0.738736122941
2.98979783485
0.0872450992662
149.664157935
-22.3767428412
36.6661970226
-28.3266556624
47.6985623105
-18.9758894067
16.6598555365
-16.7471790467
25.0299645634
-8.83615990298
40.5824830477
-2.91657070271
27.4104379124
-4.11732252008
2.19228995902
-4.20976211648
25.3637263654
-2.70012049255
10.0474075227
-9.57941150759
24.4679277425
-3.7923927707
12.5171546778
-1.10851274496
11.5571156729
-4.41817163268
10.088402823
-5.130332973
13.2986941182
-6.00322601289
9.15594992455
-3.71619992483
12.0085874469
0.918083398573
5.96035738544
-5.10498733287
8.4415208932
-5.33028644316
7.76982239745
-3.25319014226
175.484102662
-27.5801658385
41.4278939778
-33.847698234
59.2394121116
-21.6751545619
15.9946553237
-9.42405938501
39.3413470399
-5.27303865501
48.0829451794
-19.9789599765
19.4014841799
-8.75626991634
14.07649082
-2.18214060057
37.491732545
-4.36527829515
22.8356467391
-17.3123594987
28.9449596577
-19.5001211325
13.2360813246
-0.843351949923
23.415414365
-1.65868887038
18.1248007236
-11.6897955666
13.7778202137
-12.5159052724
12.9838262362
-6.7303938849
17.3875833425
2.07670017099
13.0315035704
-8.44529517698
9.70099266878
-11.3326522831
9.30540919216
-4.6501513499
178.064015969
-25.653822469
42.5161610282
-39.2201324072
44.9864071401
-27.4837636372
20.2849563098
-4.63126492957
39.2282222944
12.9370041775
48.3567505227
-24.1718793778
1.73716624598
-13.7066780174
20.0833822629
-3.33153358942
38.3364009092
-1.57698986084
30.1138193232
-12.9401477025
20.6503709772
-24.8290968835
7.11306327466
2.07052761063
22.8262110419
3.08217189365
18.0912014679
-6.05749421323
8.64239069041
-10.8892973064
8.03343009853
-7.14960539531
15.0050022419
3.93752844748
14.3246858554
-4.9819964777
6.76138356765
-7.36664386202
4.48942625574
-3.06333356908
157.736614787
-11.4073769347
37.7493575247
-29.050033588
26.7727750334
-26.0751461307
27.4631347488
-5.80488039695
24.6630611678
21.0577699543
40.3388544195
-9.62539202795
0.0951049625065
-13.7284417461
17.2580518203
-2.24033254953
28.2419625253
1.10156244702
23.4470461523
-3.35629795505
15.0380423868
-12.355379538
3.81145743257
2.05798063373
12.6967898862
4.40276681137
12.3275821486
2.00010032739
6.16033664798
-4.00415114333
5.13289230513
-1.96346770805
8.16035694475
3.03021468212
8.10768245024
0.0474090463432
5.04948231453
0.0205055087617
2.70248184326
-0.511874696205
144.800944208
-4.8900795104
30.8809399982
-18.9346437455
18.6076166755
-15.9650569987
29.9858106234
-6.84410457168
19.962545847
9.39829810607
34.3658066639
-5.46076968614
11.6156805024
-10.6361920943
7.04110420743
11.0466736699
23.784363607
3.40702857265
12.9887080006
-2.01226669659
10.7806488432
-1.91519989332
6.52104239776
1.90116510231
5.29108154131
7.68610320441
6.27508068062
2.6852924278
5.42002712387
-2.83526915751
4.43986981465
4.98829531187
7.23225879331
3.44434044801
1.94799158787
1.87938743696
1.92173116723
1.96481989391
3.21336564801
-0.0414527473114
144.549313272
-11.8021744414
23.9021227543
-15.7214619429
15.1318479189
-8.79865260075
15.261417419
-0.901622388417
21.2073385516
-0.922265378468
26.754776671
-14.6091585526
15.5454828386
-4.12795566039
-3.44690298139
21.6964914257
29.4126240462
5.33768964902
5.64913186204
-3.89238155386
9.02490068012
-4.16249575449
3.13277647219
5.249195012
5.11975704679
9.00463178634
1.46615939922
-2.11295626358
6.59471666342
-3.54373556963
2.42831179227
7.87964110068
11.710175699
4.75369776191
-0.90315168089
1.39096805472
1.9028345399
-1.89727153319
1.41080974761
1.36869660436
146.765557619
-19.1358067289
15.2367220775
-10.0089573661
19.0643221892
-8.83069536956
-10.5588613589
4.71650717092
27.6967901097
-1.38126029905
11.8669755979
-19.7810268332
17.4795356501
-4.18738802105
-4.62038147535
19.1666061387
39.021606012
2.22651417229
3.79975507502
-4.38566780837
12.0204532806
-11.7060587938
-5.34494090697
7.53449170549
13.4586761047
1.65036167328
-1.16465367879
-4.10232988812
10.3282832768
-7.11553901509
1.07170502367
8.08115760197
16.657563597
0.820965755544
-0.788737478201
0.413491189058
4.75315413151
-7.65251903528
-0.700805158618
3.62637583919
156.295134702
-28.6471459835
13.4412757528
-5.12664782336
27.4931748262
-18.4139383517
-15.5948112224
2.51717526902
38.8346400832
-5.88706331662
-0.338896463593
-16.4697475047
25.3270491221
-16.835352978
4.19157823248
20.7738171394
39.6182083926
-5.19963420203
4.14047395227
-2.18480967412
11.7893325382
-13.8259616153
-4.93497722842
11.2663728048
15.7394134429
-8.04343683263
-1.85882678533
1.43493756104
6.40112517885
-7.38300261002
5.12177991537
10.749474892
12.2133993523
-3.73195878083
-0.0435037151595
2.22382786815
3.01898252762
-7.0015137377
3.20281209855
5.56543820546
166.063808495
-36.4981236246
13.7548499649
-11.5203545141
34.3894504617
-27.3843656669
11.6353643682
-6.6020093029
39.3110504533
-11.3613154014
-3.81091942567
-13.3980172335
22.5014324506
-16.0258555411
11.1487407699
29.1290117596
22.6186440601
-2.80336711174
-1.80489608999
4.90434866936
2.6232043199
1.38254807085
-2.51829426279
14.8316432995
4.71090466061
-5.87907503288
-4.90658183453
5.55363818692
0.21797933767
0.743123960017
6.86174981235
7.92199318507
4.82982262115
-3.63331016832
1.63301432751
1.38781561655
3.90874620404
-2.03411199624
5.62714253393
1.5253198907
174.69208959
-38.5702702793
19.1662329136
-23.8647261824
42.6231426353
-20.4043805776
30.266336528
-17.9974688423
38.5766324308
-14.086311363
4.26029867378
-15.1699515298
3.69662736762
4.0982827219
9.81183808236
27.3878601715
9.99285280236
3.73405280962
-3.45020194471
12.4968341226
-6.28999723898
16.8939173059
-5.19458587058
15.8627779505
1.22270062649
-0.873928106323
-5.17982918613
5.27738438304
-2.90912409571
7.42051234606
2.78372169325
4.93923180712
5.03208249331
-2.50457147238
4.0003419681
0.576164584861
2.70038852039
2.6579510014
3.93274248454
0.449707550283
183.144103422
-42.5275899262
34.8972658986
-33.8056244879
42.0424195082
-1.96125579343
29.5413724135
-19.0281021666
45.2954147194
-19.9770112155
23.1582365195
-16.4606757062
-12.853386394
11.404997946
13.5036373975
16.3239211967
22.6898986543
-1.52108941817
5.5975269728
6.23988958871
-5.25598982327
17.1918486965
0.087665189871
10.4179947984
12.1308751938
-1.86528225895
0.939008580411
1.61867574965
-4.83056895552
6.71691366048
3.28281539721
4.71586354304
10.8853066539
-2.77090189519
4.13790191907
-0.542926085554
-0.280512665505
3.87417982132
4.37672171724
1.70058781814
197.327288145
-54.7665140605
52.7063629344
-45.0871188854
43.5518637407
-1.92268737643
34.725429024
-11.4683970699
46.0386371641
-21.171446352
25.3082403125
-8.50468500602
-2.95596789102
-0.898614086903
13.9301179119
7.82271779558
44.2985968968
-15.6351946778
22.9497610005
-13.9193024268
13.5504378913
-4.13361593469
20.190294094
-4.82447254591
25.6224875821
-10.2073958135
9.71822055327
-5.30635091783
5.68019431579
-0.357174439936
3.80681438859
6.9167491924
11.1118956171
-4.0768765504
8.09394184623
-3.7853604153
5.56955451287
-4.80984514429
13.1632183686
-7.11634120898
454.320162195
-360.813613203
331.526612383
-243.313082414
164.881362828
-52.4359073164
97.7295047977
-38.6308894234
-6.92085566505
87.3089972066
-79.4157315469
108.690828458
-104.831179351
147.873575919
-177.219187564
239.172662586
-19.8524590197
-92.3006138049
128.150522229
-107.489711345
71.2754877428
-13.1037224186
78.7300826365
-129.536254734
116.638574443
-48.0566281142
58.7838642763
-59.7885584012
74.1843693443
-44.7073876065
-12.4500400215
133.031217213
-72.090034714
-34.3981208681
69.7743701398
-48.8647261912
2.65133654812
76.4109335696
-58.5453548053
-16.8930857998
1626.20215726
-1755.48430728
1422.22579469
-986.109727231
534.455232988
-188.836323612
197.780043873
-16.1639228183
-308.123617115
493.956261403
-480.670954527
575.391615014
-563.000372371
737.284554517
-885.718616387
1131.06521476
-293.202761092
-306.772793503
343.174393691
-224.048097824
37.1407284024
69.1614512139
150.580489156
-405.365787984
388.162221757
-280.952617689
314.201012482
-239.092557347
325.453625705
-303.687013281
145.921750894
288.92415079
-181.909920259
-165.142067168
229.383701087
-121.903375348
-100.85038844
328.14581878
-328.388680181
151.195121877
3440.88704961
-3948.80618992
2849.08425668
-1504.00643233
612.207180331
-268.555987198
394.148222619
-187.152941803
-431.52460957
782.821955811
-1013.4676993
1245.22258598
-913.002743175
944.328348769
-1218.29116889
2025.6695281
-819.651258051
-354.293056186
619.643730897
-252.236205028
-201.169434638
308.593871524
31.7444051027
-489.827334433
664.933438433
-687.879234251
560.909214945
-65.2494583576
144.940005696
-447.527074275
639.165189424
0.411593362496
-267.986612444
73.5961422732
162.015648913
-188.734287008
-15.7490999207
236.992122622
-346.291715523
367.834412421
4395.67997019
-5518.26366558
3906.83417761
-1050.76952497
-88.8339768812
-257.722852902
1362.38760359
-1308.67104167
257.670984778
772.017822245
-1484.11708153
1597.69838608
-527.798602056
-168.007828837
-156.288833216
1828.83962039
-1524.27219328
33.538072393
1212.803382
-865.34868274
-187.673030492
790.263333154
-249.608112707
-518.344120453
935.611689981
-740.56801357
340.140125069
405.236962416
-345.310778518
-280.760871564
1001.6601656
-530.241944936
-350.899613608
677.852019691
-91.2936991044
-570.438867969
490.420792653
101.086670183
-479.958094623
359.284333824
4967.19452927
-6681.67395865
4767.49515712
102.625277217
-878.829786275
-855.378835626
3518.5062593
-2689.50384689
700.293111032
1095.72728363
-1452.36967225
759.607413667
722.869241362
-1511.32397331
488.076139412
1396.96122653
-1463.48983545
-656.919228377
2186.03872892
-1115.64651632
-797.894854187
1258.98754744
359.168645949
-1235.77516603
956.429824746
322.020493498
-505.389818458
476.513303572
214.897260379
-513.961835381
693.623221125
63.7634806048
-732.356275888
513.609072703
522.977468817
-983.610773404
113.011956568
756.021875179
-566.666906296
-417.077465837
5814.12801251
-6941.71145105
4494.83590819
1470.63922669
-916.959426056
-1843.44508206
5113.2247334
-2579.42652961
91.9192090968
1514.58444741
-521.861687265
-468.372375818
1315.75691572
-1416.47233078
295.110827968
847.194009746
-681.390694942
-1169.6324886
1956.15850044
-500.962862309
-1081.85773538
859.84666988
1101.86477316
-1232.10343191
263.271706838
1159.65057398
-360.787663833
-208.816022071
762.755864011
-107.731326581
16.017319844
385.564456113
-302.113033151
11.3106943362
598.064778853
-567.177546861
-258.023734454
703.670528366
-213.061945005
-648.575451388
5971.22636677
-6451.50950174
3768.30791676
2833.34243514
-1404.27504296
-1580.25841497
5468.72781781
-2357.462173
172.199851513
1684.26165487
-460.01168964
-170.561052462
1336.95490153
-1998.27402718
1142.047049
659.72360836
-1509.20129879
-278.261195099
1953.36281566
-1325.20538044
-498.898447642
1158.86103184
423.631148209
-757.934310302
571.136905315
644.759170449
231.512684247
-57.4371453142
314.529923612
452.152346415
420.849353136
-396.952812664
158.097799697
675.375084561
-184.652934613
-609.297285762
590.283555782
178.92740633
-610.857660452
-18.7411069277
6498.26530667
-7092.69063001
3910.91831372
4271.39627727
-2446.05923191
-979.93007256
6202.88970106
-2535.98527898
366.792767225
2239.28437016
-671.191510412
228.324334906
1600.137799
-2595.52641388
1644.27385694
1118.12225174
-2663.365947
105.468758072
2712.95890698
-2431.1596731
-640.186759865
2210.50914639
-301.826300748
-1183.644512
1526.14375501
373.779759431
-78.8596820657
594.12799845
185.005438128
426.209127056
966.62767101
-693.373174738
157.015765928
1393.26606524
-633.28236159
-871.371846325
1390.51135378
-66.3210849562
-1249.29184636
625.489581414
6708.51719661
-7432.01932332
4240.04312583
4941.6340875
-2664.03276868
-921.054802182
6659.98442841
-1675.40131503
-492.943412695
2732.25666425
268.02926501
-310.67544974
1303.42066539
-1618.49266456
1137.99042851
1157.93077926
-2729.11516141
51.0502399006
2977.75636775
-2689.69185007
-1266.72697331
3171.11047179
-452.423511157
-2117.99507905
2275.30353576
1001.99926738
-1098.58544544
928.445055057
984.978337015
63.4570003232
784.390346815
-133.396611813
201.338871875
1374.68496341
-662.294687263
-848.518047629
1697.00777626
-182.912483814
-1714.08578094
1032.74446042
6412.23458731
-7080.17351189
3930.78590099
5382.51343835
-2341.63099964
-1314.74105153
6691.98517993
-298.319705038
-1500.13721016
2834.94692125
1526.08025291
-748.994516871
739.598399772
-403.334488323
736.293303669
1025.18944013
-2616.09489605
320.068558857
2626.26847231
-2475.08895038
-1642.12721529
3473.24405112
-499.770440933
-2432.45756332
2259.66720021
1466.84876101
-1511.42624372
799.721965576
1456.11802658
90.9778257331
485.898840256
127.616759099
595.085374419
1162.50313776
-660.569150882
-519.09665063
1804.79951668
-375.694455529
-1572.42862862
1157.89324539
6254.31184983
-6910.67950863
3857.13090004
5532.43939376
-2199.71234141
-1345.48397399
6503.13459536
81.6743793004
-1434.90918649
2442.78017264
1894.05838375
-530.818472309
322.485163677
-128.476309958
842.709403549
956.161363439
-2922.2177046
884.571263855
2232.07366377
-2540.78806337
-1483.75148951
3568.1693202
-925.695863924
-2086.61811875
2152.77028836
1430.34269582
-1481.59040398
816.370297845
1405.0795237
353.507273792
251.391146328
95.3635348739
985.490446575
1008.45286478
-996.95642034
-25.779342947
1848.58021371
-876.946451793
-1316.34347824
1423.29843556
6414.93270963
-7753.55066538
4790.54285617
5532.27970499
-2420.83899661
-1473.03195018
7420.33254996
-668.748455552
-903.270608815
2183.35710191
2462.20931461
-869.804324838
352.348301846
-45.8550590057
1289.47029977
328.045274239
-3019.41016632
1689.5984272
1614.55355399
-2921.95704072
-1070.56257833
3945.69730706
-2073.12723662
-1442.03311433
2112.15865015
1519.25420019
-2122.32543499
1465.42065711
1223.11253587
626.604386292
-388.72331177
830.153879903
1106.06211944
659.297245861
-1091.32346973
857.351578616
1475.43783133
-1335.53840393
-571.7691433
1424.59220296
6848.74997836
-9191.23886725
6973.92635908
4379.50069401
-2213.31531787
-2143.49611512
9437.34032797
-2593.98427559
-304.649083586
2324.87048776
3323.54768055
-2480.75108502
1266.9042612
297.215006067
1234.8250275
-661.148604536
-2048.93801334
2326.9231713
112.127958883
-2390.38763804
-312.736797769
3607.74750196
-3322.33247016
166.209612363
1618.53556014
1096.66882599
-2389.14157442
2610.13157583
316.985635743
674.787393992
-453.65555164
1636.94670999
419.613551109
453.700041131
-471.337985907
1271.84352563
458.180521786
-1019.12587705
437.666252299
651.11525934
6951.92623874
-9429.13121104
8652.75722875
2355.26505893
-1525.38908896
-1869.43426631
10000.0
-4240.14940768
825.293927178
2724.14253918
2948.80858483
-3328.67781723
2705.25010177
94.2154893168
738.320467181
-858.284349544
-722.456678081
1771.14516321
-630.275676939
-1777.64490861
612.91699462
2226.7945245
-3366.44109082
1132.66665171
1481.87072453
-253.719897034
-1522.73321072
3035.61026615
-439.58420297
193.234831478
511.335295916
1523.0705281
-280.175123999
643.840403908
202.190178861
1029.87067207
-113.160349421
-344.119904744
731.539260889
313.150778593
6364.10972969
-8374.14686266
8564.41821685
1524.69779859
-1445.00389279
-619.426426953
8994.32126373
-4606.71277806
1767.8662192
2873.7524061
2161.75306916
-3124.24085193
3541.05377916
-382.048952252
647.282068827
-770.946656182
58.9827029967
874.173696013
-173.562858816
-1954.23138203
1262.98356531
1281.38831372
-2744.45109677
820.181949515
1850.59930247
-958.291385791
-1030.53776747
2812.56003271
-310.960426888
-205.027870665
834.50001536
1495.73682698
-418.559505131
678.53205014
299.225409216
1124.98166685
-322.634712871
-60.3304444016
572.562788801
605.982001382
5571.17912118
-7569.09957613
8105.77799299
1412.32679688
-1558.71293177
2.35413163613
8347.8799592
-4480.79165797
2027.68902577
2667.64103354
2323.31765009
-3195.01624704
3656.49205775
-279.21217002
847.237960873
-1226.07428355
674.15026753
774.485838763
-383.246257694
-1817.90359135
1563.21755161
870.609190853
-2638.34379839
959.906714438
1611.49051557
-865.372409765
-1182.65236039
2819.10995317
-318.166893193
-236.691161977
495.997193363
2001.68907514
-723.293134231
512.535220856
592.600377286
1290.26573826
-841.15456277
347.692035073
818.163587522
239.368724996
5404.86653776
-6988.84594022
8159.8771312
467.667664164
-643.373254563
144.671957893
7677.28659254
-4322.39792196
2368.33953102
2566.8279929
1816.42705174
-2708.595202
3407.91397767
31.6868957729
231.433694785
-888.032838556
863.889030878
792.453597652
-1338.89978449
-424.517228918
1133.45952468
337.264085184
-2315.14073981
1865.13846432
543.473846718
-701.883228948
-479.085108022
2565.15325809
-749.272246108
29.6669742998
893.580406076
1501.63117586
-841.125704408
607.09831348
1045.40566207
430.953468572
-715.631743508
703.177284491
792.865039459
-616.101862756
5825.14786367
-6562.37418053
7725.63422691
-218.098306184
440.745182816
290.147740857
6420.32332089
-3360.50616183
2544.33443648
2460.16667915
948.506713491
-1176.54796148
2466.88211609
422.444821891
-234.731606553
19.2133093059
197.217037631
1073.43572489
-1583.94793992
199.239855158
663.177634179
296.041033194
-1981.75278875
1918.64687119
217.015891822
-676.198621239
29.112208965
2031.49694992
-623.556156152
49.1655437683
1139.8542089
930.633920244
-431.390345049
424.504081563
1122.4023649
168.109083241
-439.021904997
498.414877178
890.020816416
-722.848063139
5383.02743857
-5749.90467991
6964.77753049
26.4296113258
394.576656252
730.461787435
5514.28297446
-2603.71330844
2383.60879246
2204.80623636
927.190709564
-763.111215527
1992.56997079
504.827398843
-81.408096361
-34.4787482863
44.2318578916
1223.99010969
-1381.99022152
-153.209496569
1078.81325725
177.030854862
-1826.56877118
1829.99222828
491.374841422
-796.340649006
193.402009
1913.91134737
-475.20338164
29.5244714589
996.884348503
965.904597826
-343.013145169
171.793677873
1034.61549897
387.838485464
-740.476716132
431.607221763
997.378100877
-740.381462287
4700.12616662
-4770.90151372
6082.31643759
662.736812548
29.8969171234
1107.37505015
5101.06683174
-2103.65913567
2172.18461423
2031.48018085
1249.35599628
-907.003560561
1955.74737162
292.140167166
355.356712073
-519.369256871
80.774683468
1260.42720506
-1264.84565072
-664.165001216
1494.14063139
-6.95991817593
-1827.38251688
1735.89063406
643.672723864
-850.133156258
231.443054205
1800.71288676
-302.094962862
132.605098237
716.14468627
1155.50108616
-124.303975501
-68.9790625165
969.720628624
758.210161817
-936.666256952
305.574381309
1150.18727005
-676.877639347
4498.35252033
-4741.60511937
6101.81533928
699.245195217
-308.260371823
1130.96696421
5084.90201969
-2282.01141856
1987.73730266
2036.65026449
1213.23005599
-1063.09840824
1916.94095672
214.023381577
512.549609121
-685.089682212
45.100346846
1452.19291161
-1205.6708991
-863.534127162
1645.93164862
199.183220372
-1990.23596706
1686.68037893
852.55847692
-869.866265344
86.9590693053
1826.15863776
-232.656551964
85.4551016253
572.467422276
1106.59234583
-3.60658893706
-174.721974498
712.417884742
905.383440694
-798.063265612
-60.0387567376
1147.79765285
-359.169500797
4500.69459781
-5301.37052398
6756.75609064
295.467253967
-532.579774772
1140.45591218
5035.8601411
-2667.07218081
2076.60206066
1774.49648711
1094.18281088
-1021.46216326
1620.92540337
121.592740733
578.028936318
-762.883566188
-231.907788613
1514.57975614
-991.58286989
-1244.4477072
1621.47018189
453.056656915
-2085.75940736
1399.82099841
1104.82509954
-850.527965365
-7.21914288972
1690.02976315
-30.4229157653
74.6233928673
489.456177069
942.351443239
291.663224975
-213.152716083
385.064689185
1058.02526293
-542.848929427
-448.773741487
1075.83437879
-34.8981230791
4448.27409823
-5839.81438298
7310.37134022
-94.7149187484
-498.692809406
925.064958683
5159.16572678
-2974.62746186
2306.30202097
1258.55573101
1392.92837252
-1222.71534538
1589.11013206
-89.0235593028
846.14293612
-1028.6217813
-95.0634143766
1295.31061683
-665.845852491
-1473.33220898
1745.81238043
331.977418155
-1773.21332448
1158.59620801
1161.55423512
-820.23381029
130.82397598
1405.9324752
67.4707998599
88.3973832442
426.406214684
755.930699269
317.194951419
-217.8034377
269.571555353
901.252899863
-497.111716233
-377.292039373
862.770322336
-58.7545739093
4657.42189368
-6096.35506876
7512.29735685
-326.644685687
3.49097120878
647.212866298
5364.22864141
-3001.91898547
2627.72133152
930.27400278
1622.77065503
-1331.9093066
1769.70785958
-353.772346479
960.595103469
-1184.22848309
226.535058913
743.024496903
-366.275058836
-1453.04609013
1773.24310987
-37.1704736929
-1195.00703653
941.203349272
1205.37953427
-879.031359766
500.812399128
1196.11279434
159.318900457
6.39212706999
720.524155652
569.851942331
183.702052863
-98.5810872077
468.780052376
428.595743615
-414.035022514
-137.959906985
648.935178672
-330.256377922
4696.30766367
-5781.40506391
6899.38707263
-229.025329597
95.5364146863
922.995499356
4784.76682276
-2620.76874205
2687.14744225
1027.17314887
1202.97908501
-794.144781104
1558.27315848
-72.0684059792
505.110206596
-760.572298096
432.836515123
292.27585315
-236.867879693
-1059.1638332
1585.37745817
-333.968877858
-777.09325521
945.136823894
1058.89382072
-1075.90181529
978.802168322
968.485666721
15.6444987083
32.7379442141
1021.57177041
296.550197732
42.6797396571
119.48924573
619.600976294
24.9339385237
-308.611454045
158.04871492
466.900816783
-532.376408973
4664.17751234
-5276.23586427
6182.57785616
-10.767905745
29.0315802707
1248.8775951
4192.46119852
-2453.43041907
3037.26399791
660.975126994
1116.25953082
-484.073113957
1326.00699402
57.1863370537
264.743748176
-558.759423077
428.801980941
161.224217963
-310.772420907
-835.104599907
1420.75506389
-351.883011141
-870.513185675
1297.2724213
716.511085497
-968.55967713
1100.25278035
1034.79034399
-168.508327512
287.952817311
973.888713663
445.122700511
-101.9797454
311.199901586
632.995396021
56.7620300982
-457.520103391
374.825281812
396.637850282
-633.812203406
4579.7576558
-5085.42953193
6073.37658643
-135.225537928
122.034291147
1319.78441212
4087.45387451
-2679.91286757
3488.54991673
244.910434453
1368.49468222
-703.956773411
1605.35384131
-136.656591494
347.495065025
-685.365856438
648.081172192
-40.9626141901
-462.122115612
-537.37898346
1159.17583802
-479.252299957
-792.740120324
1352.8890466
310.926834825
-675.326018883
865.118887215
1103.03263365
-319.148648145
372.727257006
911.790772929
529.400911369
-277.806503695
529.731036572
612.877629384
-18.1541672096
-391.877458266
572.165473579
202.315591426
-580.201588075
4422.14267301
-4621.36854351
5474.16717445
-32.5513661715
544.035864817
768.844846148
3902.10474046
-2061.65935404
2696.10922133
484.540253094
1264.70530438
-642.611548176
1270.42812541
47.8918000782
321.931277117
-817.8604137
726.036191851
-67.6904862267
-509.35975216
-296.084489363
827.177523447
-326.155899222
-486.493906469
882.393717746
407.006173283
-256.16573242
386.647141406
1069.79633971
42.3220167461
108.232192911
751.322683949
655.585598992
-213.335303282
267.62349793
622.246671878
40.083704208
-373.400497165
344.745794682
247.417289792
-414.202105588
3772.48967736
-3924.36160593
4770.60556522
109.842571956
579.882254301
565.717533363
3524.4289818
-1342.70952535
1547.05805611
1262.73601244
783.11163139
-482.941427036
864.864457576
528.61595521
-31.2709546088
-868.415304284
945.809851611
-141.513546194
-658.684838673
-133.39945836
819.652746637
-454.268014643
-361.347329366
715.882043051
549.812433958
-387.693968451
325.763735085
1103.80934399
91.232823466
-165.854189864
923.632035642
622.075230459
-299.136238871
184.78976007
817.901815361
-97.3267427971
-411.916022272
419.651149618
327.64634341
-566.364138218
3662.52844247
-3584.9564983
4385.99563164
237.39793358
425.457101941
864.554911707
2963.66634275
-1046.46653913
1501.39698596
1139.89368877
552.266628251
-160.21579697
636.312618677
408.897849577
36.0691280229
-762.363929879
714.791045276
-112.895736518
-498.027006951
-228.638118423
757.781096346
-355.983088661
-262.417737297
584.811940637
599.886317323
-322.136802703
382.969738744
901.063363535
204.378506525
-88.1014342124
738.935495505
553.845081077
-137.595188828
62.5603522332
646.467854186
11.6173170911
-374.380419221
229.795024266
327.246715017
-417.983995004
3697.81300625
-3846.63100797
4689.02256185
448.191183855
224.298359028
1027.6546962
3244.65014326
-1163.59453418
1735.23362424
974.645072875
918.827299005
-323.726307284
581.284623635
555.035385748
92.3721379223
-966.527212769
615.576905972
293.651654755
-924.747885854
-212.927073912
873.087519479
-256.358344224
-638.811663318
852.644270702
635.416582329
-344.842229281
192.49547447
1218.99087677
195.433673012
-216.541372016
751.029148017
880.489770987
-343.815343661
-3.52066150707
857.573058904
88.5350331667
-607.455473733
296.213298676
538.231122392
-560.942896774
3634.12350912
-3741.75635791
4879.73433597
197.902111495
516.023511627
984.836454618
3528.54318913
-1458.90017842
2101.0981236
1007.38709316
907.753099973
-348.199382785
849.604561644
505.254064456
17.6168331576
-734.346130527
528.43468124
456.291954991
-1161.42435494
166.485780434
635.333243378
-130.651039915
-739.111640752
1104.11151593
334.480007573
-137.966964573
99.4352999
1307.91331923
23.4574838354
-65.6449937061
693.934772945
864.938735746
-383.43496135
116.71034911
783.568435578
64.3425608814
-504.921798603
304.80303178
491.333892312
-509.276922224
3635.37008617
-3495.90743745
4485.62692311
489.139700772
597.858873429
690.694047013
3662.60261574
-1290.52305844
1840.75852891
1100.14455517
958.125488749
-321.60956013
788.112985395
519.24469857
68.2355094598
-572.888974478
251.028488216
634.711117592
-1016.94689157
-13.4985896104
573.417658682
119.857788166
-847.408177518
951.504407699
461.620671259
-94.0912795059
14.4112151999
1218.26935452
179.676080513
-30.2589343041
573.082160657
870.937798332
-142.142690184
18.7639593206
688.958920772
261.883799764
-421.905039876
137.547084921
521.278535718
-332.706168297
3411.55609366
-3464.08437162
4461.00731742
377.746121352
257.115449709
925.4438618
3194.8375854
-1124.70467564
1534.33630765
1186.04933578
811.68041453
-279.281612386
699.438148359
654.606452756
-135.71243645
-329.347499084
183.990692769
529.697599204
-799.746136461
-112.408024835
517.21233515
180.240317647
-842.216583097
796.124319221
560.842673715
-255.869349383
104.817548952
1086.39610531
157.773426414
-41.2444729367
617.037282511
701.85231568
-66.2274900566
55.9842203937
619.72459078
194.890808588
-305.440801396
132.800845574
394.970136786
-262.492925185
4354.25840026
-5389.72279077
6734.67147373
-817.813107604
67.6293979987
1635.0948966
3186.95782673
-1847.28816762
2292.56740469
926.148438991
820.754480246
-473.537650936
899.862603662
596.500181165
-409.546014326
-328.907518251
289.060718645
246.335481416
-865.383436035
-136.6710093
509.645560634
130.727851935
-1101.61407074
1115.70566137
536.124722286
-476.577230366
278.62073701
1434.93264427
-165.191469583
100.663526574
884.557808791
752.354829364
-323.409005412
350.640867948
711.657436342
27.5863467834
-428.621620171
378.167120428
272.046647114
-514.210357856
5741.40488892
-7736.71373321
9249.93119817
-1925.84500325
-3.60221014765
2027.01775676
4199.31170744
-3558.07078891
3939.02499153
376.731612663
1279.75455479
-1187.80018277
1975.65748491
84.920479994
-352.823843854
-399.611256412
757.748542818
-226.195770932
-811.00415363
-9.23305560363
537.198715651
-8.6942942027
-1348.85110125
1736.15416877
45.4500434447
-396.580023269
257.767725876
1915.72883153
-882.950481546
587.165864134
810.361038689
975.016366655
-901.814834875
1031.09718611
468.262949437
11.5486463534
-552.947698815
831.869436412
-56.4308669462
-512.22899892
6180.89768335
-7869.05471428
8680.66405359
-796.70194304
-382.994247899
1429.33064763
5431.80396321
-4320.46303775
4345.40097893
-6.33192840295
2099.2092556
-2098.97710856
2694.0137856
-335.373656674
-74.3178282257
-605.582641768
920.1379877
-531.843577371
-325.627181138
-393.556120278
515.64033532
332.982259794
-1495.05447769
1623.13229711
103.489875038
15.4758127762
-252.911712281
2141.87920565
-739.80862725
649.468195874
408.377740853
1453.76329698
-1065.24489147
1088.46221491
232.739703994
349.72289693
-652.748330838
701.740888467
-108.124152531
-174.664107436
5282.76156029
-6612.26243128
6866.06931475
694.191678091
-1154.21989433
1120.24063783
5536.27102392
-3889.58448993
3426.78884019
375.981416532
2221.1247397
-2288.44303052
2489.66932317
46.3125057832
-148.196169529
-696.376350052
1080.03066611
-507.72953873
-184.967201404
-525.717265543
607.847648045
372.075068826
-1395.54730354
1241.04980841
438.130937409
-184.553036397
-281.142884876
1888.92098982
-452.103671946
312.31054788
435.777497622
1328.26832498
-837.809282275
734.729394076
423.237620006
331.961071114
-592.767670087
619.438066952
49.3599578894
-149.182104773
4822.97039203
-5668.75777721
5844.75012407
1205.03166
-1349.20445076
1146.24195697
5025.28713619
-3356.45020536
2955.5313004
454.243107094
1874.00601323
-1772.28751673
1829.63990222
284.653054529
-125.199955258
-824.894150181
1175.77760351
-548.419241838
-157.306408061
-358.288720959
576.048407279
237.257502327
-942.488395251
970.252346914
594.795671128
-345.5563791
183.60460131
1401.55394892
-280.804147821
334.891314436
516.840607854
829.780352363
-445.579492435
491.019888325
393.907996177
98.1533249514
-376.339403944
448.96909034
-50.2059009442
-171.971872129
5060.23200904
-5975.90894732
5892.83898993
1574.22619179
-1736.64744961
1319.22233746
5219.07526843
-3538.54544476
2958.88956492
735.938512858
1451.61023238
-1422.91608321
1559.9082527
463.826634491
-415.078361718
-678.661362472
1052.77384908
-478.090066752
-540.147537278
64.2985059485
301.821049212
231.593372607
-1037.66301617
1331.88390805
297.05598482
-400.628929504
463.739815939
1499.01124583
-682.942399849
590.488379307
840.842320985
414.430904096
-406.976151713
758.385275911
430.732037844
-380.412288086
-0.11320980511
478.927898303
-194.773861433
-495.910725519
5877.24463403
-6807.98145356
6359.57150883
1478.54955766
-1430.60801704
854.631783306
5879.21648207
-4011.22106113
3328.11485115
689.44403293
1338.61380219
-1178.27544662
1408.69009686
554.972780898
-484.686657021
-509.517386753
655.609622919
205.173402512
-1346.0712372
689.099449532
-53.4782088098
603.907441586
-1627.56806857
2065.69378294
-175.170143066
-91.9018047066
122.9908812
2105.73271302
-1159.02570773
751.909545637
923.273924471
496.997037928
-630.555643334
823.531953828
625.604839863
-576.96444662
-36.1306639444
479.080659062
112.267130819
-1021.10435888
6076.97814491
-6616.11606998
6252.29451088
1246.8306637
-726.777728389
350.042289657
6228.08540672
-3969.81330273
3392.01913355
833.367604857
1237.27110129
-932.350119
1380.40279914
476.61099398
-348.888973022
-428.313358832
203.103226429
781.956663689
-1812.49468705
707.582351212
25.266134038
594.047866621
-1935.65378293
2338.41897475
-346.421030701
-49.160281484
67.7420870458
2151.81929186
-1064.32643181
726.857734097
899.563654478
665.347888644
-474.92757115
607.588749776
804.066542028
-312.125001477
-245.405994521
407.759332698
489.603980978
-1151.26987792
5178.40069063
-5241.49431054
5052.7178418
1447.35236946
-743.66764407
548.240320552
5215.72199748
-2717.86892077
2215.92259604
1520.07554428
870.595081501
-583.052810009
1169.50354827
613.725363819
-255.761586344
-145.332331522
-227.676878035
1243.53179486
-1635.59289338
170.831488422
664.462528594
171.979366613
-1644.97118326
1984.61047246
-89.9560230801
-442.044444715
485.320753696
1446.62887187
-605.448830437
455.718002057
898.766015574
392.990525219
-57.1880824799
237.619180579
822.871134735
-150.827782496
-305.084247608
415.121172246
458.391324418
-947.762688505
4637.52556405
-4544.2099006
4326.5872558
1726.57417311
-1098.08168123
918.800984653
4103.15493922
-1366.56565204
865.754423887
2059.19823944
704.092971727
-477.56679954
752.877534093
821.430135147
-229.05649585
-112.607472362
-674.384626746
1726.99723441
-1597.20838331
-428.163733284
1275.36595283
-98.7061729223
-1506.20167427
1654.34829442
368.934289103
-750.69998887
649.381011113
1207.54610439
-209.151812928
177.829887905
937.560993772
397.321475815
169.61921104
-106.616762287
909.8935231
77.2565341523
-575.862123136
373.552342279
585.212896243
-935.749021689
4282.30453914
-4330.55559334
4340.74833639
1373.46331044
-1226.7500649
1354.65667551
3375.22609943
-1030.72628446
578.01586984
2209.05013936
473.42351857
-519.371691279
892.342943393
758.530791769
-423.179712291
85.1882021247
-646.171714924
1566.57351401
-1591.78672684
-250.899195618
1171.0898914
-296.400015259
-1238.65210709
1506.09735846
282.13946877
-741.79627185
659.840953229
1118.74114489
-277.735798121
141.893192914
989.873645421
267.517225736
114.911708299
-24.9123832491
897.875283765
-84.960241245
-428.095948915
395.747631829
480.573333452
-873.264111801
4194.16784599
-4069.49694346
4182.02777265
1045.03409563
-664.495249431
1003.97078104
3100.15153086
-759.69194018
607.951936765
1739.01843007
684.862037253
-529.067016214
712.692898841
644.267744267
-347.643155062
59.363159272
-760.646799463
1501.91782995
-1490.06414039
-183.386683537
809.5568644
61.7443077028
-1258.95419736
1337.99211166
324.443198525
-409.633889613
308.79264273
1244.21827203
-139.798017617
93.0426452554
859.280728367
423.481332181
80.8946857551
-73.2406367218
819.605217932
-34.1040677312
-387.198784498
160.510816599
541.192188934
-792.735580444
3921.63530592
-3917.21574677
4246.78687005
630.661223056
-203.680784123
587.224872775
3311.4086176
-984.405209192
914.824439306
1337.1824485
1050.21940038
-800.541413825
862.088814699
592.174001569
-313.847459184
-53.1761103458
-526.135601705
1233.6585423
-1341.3060571
-158.649494041
638.381135648
201.141859465
-1348.22979709
1339.85976777
201.755663211
-212.405492226
15.7556277084
1373.19210297
-209.018837344
119.699095011
668.809877523
629.172758061
-103.86198418
51.0173973535
661.816754459
129.88261185
-417.010412494
123.058539001
559.794434311
-627.552539244
3715.55321519
-3702.64697417
3920.68715679
1164.72148612
-571.264312906
591.110150597
3712.41816542
-1430.74839141
1045.01481629
1322.11783018
1108.45953969
-1063.70325743
927.204029046
631.391726011
-344.981817097
-322.717508618
-214.465223448
995.671895227
-1074.64910998
-486.895285227
924.931333324
335.01914359
-1518.94914102
1359.47470187
537.109359119
-295.975145128
-130.441861912
1512.92734497
17.7856335886
-154.872755144
524.848095809
961.177826645
-284.332811814
-181.837855887
653.960905977
363.18169123
-708.398745235
-70.6315284957
791.850635231
-526.272955539
3294.86672594
-3338.38133892
3450.9055857
2266.94846902
-1596.30258389
1152.82591155
4227.50655665
-1818.91039445
919.442853289
2018.2340548
864.158027186
-1200.3234631
964.338600879
1018.21299424
-695.466529696
-515.246253206
121.088015158
820.297020562
-1096.76317323
-790.96036684
1323.10735269
263.844318599
-1877.69105054
1535.5343806
938.95482959
-815.165340749
8.97437842361
1790.37989362
32.97466979
-453.911901345
820.891628641
1145.23645759
-495.623320885
-211.040166766
912.108162005
379.415176265
-944.471433452
0.82678970921
1029.52185279
-717.236012284
3030.55046705
-2736.03841936
2884.32546228
2453.41800654
-1657.87502958
1225.04769922
4020.7750555
-1716.13894506
923.368322298
2021.41240427
774.645799909
-1082.71942562
1088.41991855
920.059143326
-691.855472581
-263.875772393
205.464330121
479.940030454
-659.12320361
-779.93276543
1136.19523386
258.953965382
-1575.73986534
1291.54477521
856.212656815
-757.050437741
124.61830549
1552.06500191
-51.2720229977
-293.912183068
870.914163776
816.861092613
-406.743508885
132.59248734
603.320582379
263.966897688
-553.796233424
22.6456887393
668.570693829
-441.875829686
2981.26451095
-2474.37426573
2350.45340419
2431.97940617
-1347.41838652
792.722707958
3458.85731485
-1079.45167363
618.232419424
1480.53561523
1029.77345465
-932.830106161
789.859579334
671.484628836
-280.793601934
-305.348470767
-60.2936186463
457.925544444
-210.244557532
-1087.46244472
960.28447361
453.990735671
-1317.37793613
696.356354401
1031.93029107
-547.164482392
-87.7422921317
1280.81246725
236.919255586
-321.763899621
680.636747192
738.947514993
-122.721619733
29.686105882
403.105505675
414.893158711
-366.74257953
-215.787824638
585.455382012
-141.069005464
2586.77352143
-2357.34479949
2213.38266949
2325.99453476
-1591.57109064
887.166924931
3082.07932888
-1024.53417936
407.999773387
1573.91902538
727.472513963
-776.837669886
699.716092423
633.668610524
-248.240665349
-328.078485282
36.9998578921
398.926670173
-223.988994821
-949.538374353
839.21192395
443.700615456
-1217.50844723
500.924496973
1162.37509672
-705.130836239
-89.4380747443
1281.99368529
139.694448669
-368.919202527
716.001748734
646.920457902
-127.235625356
-26.2602030423
481.892729259
305.452768769
-355.152385952
-142.061475952
506.673011701
-125.878661705
2728.87927704
-2683.55548733
2416.94386437
2547.93469541
-1972.87030665
998.198436058
3562.00909221
-1634.20282951
649.985383896
1834.13075888
311.391119733
-556.525792548
613.853041345
591.392024035
-245.770536582
-501.734757695
36.6470485333
446.881254448
-483.594234265
-887.015456233
741.254999354
623.310647788
-1601.17837947
732.703838874
1347.97869811
-1008.37137068
11.0532024761
1659.76430147
-176.713495506
-216.7946946
846.761623792
662.256734791
-147.287978939
-49.2468949023
591.649116376
304.748174723
-536.199987789
-114.390884646
626.91058133
-349.88589449
3530.22434285
-4235.31924496
4254.03635173
1803.21080572
-2078.62071403
1259.87905963
4769.37857045
-3399.99322578
2201.97057533
1471.22798155
456.538204202
-820.122207048
1131.26010196
372.000020968
-93.7577758278
-840.600152028
313.489810909
712.037610659
-1203.44949846
-583.996658109
1116.71580115
374.791455709
-2337.43006477
2131.56000136
565.55877069
-1127.43544407
294.603975095
2205.54332116
-1124.29143549
456.646637459
676.396250553
967.171093256
-674.488525077
265.665894621
686.246263892
349.197526324
-1129.21182907
470.336697607
809.53290179
-1066.88418234
5012.16002833
-5861.05592191
6322.62879454
385.763839992
-1088.0628162
936.858810456
5962.17397235
-5054.25407553
4201.66049326
199.421342616
1394.18811348
-1732.12567011
2258.81093574
-598.553807216
454.655914162
-1195.5019733
558.253850462
493.368196723
-1124.88825086
-716.065746123
1433.00015846
254.091308909
-2658.82334441
3056.62107641
-168.925391609
-676.76899196
233.205130935
2652.52241806
-1748.16420297
1253.21481869
138.580807715
1539.34539177
-1281.45232321
921.157062233
131.002628181
806.252217112
-1637.00867009
877.962648764
496.980287618
-905.891033229
4948.52637739
-5527.68683574
5902.81732525
603.489750267
-738.202515442
569.879654736
6136.12282381
-4595.52065277
3987.49221444
64.7763115632
2131.5713726
-2242.17866522
2641.3235951
-643.872324597
720.762398727
-1471.70556959
1052.57291478
11.5116991416
-603.453712711
-1046.17195318
1643.37144255
-85.4957205174
-2089.81737892
2335.78370936
202.498072442
-809.899810576
264.537527211
2296.59092463
-1276.2598184
798.869808248
415.232861536
1404.09217577
-1203.22229063
967.911766329
269.941525742
598.048415779
-1288.824377
972.834140678
228.849925964
-561.109809672
4171.28085365
-4065.55144054
4024.76219251
1523.41254288
-782.474698637
467.00494
4858.7678009
-2614.06600525
2241.74980894
772.827218112
1650.48880425
-1386.52016098
1607.1986135
183.056471835
233.916655672
-737.295527293
603.525605382
213.10231958
-372.540288655
-623.906394635
977.377148195
244.475526995
-1250.51539331
1260.07307701
532.482715568
-451.461564416
229.872016175
1392.14535105
-316.669141899
262.580622738
552.444244716
715.327863607
-391.245027681
372.434673711
365.902158852
140.01931549
-413.598135303
281.160903845
187.46673973
-299.979538441
3858.18190222
-4099.54071747
3744.17376682
1711.97648197
-947.735332633
421.414240609
4281.22037181
-1711.06093863
1159.61774222
1283.86718833
1295.03340893
-973.963158385
829.125358183
837.053280079
-315.311213463
-357.736002091
176.479041964
482.697046181
-603.338477998
-365.3114379
546.772932801
482.457861762
-1125.53473204
912.633628652
650.938328263
-269.448033365
77.7560125976
1214.49837624
59.5343488651
21.3596340194
619.823175606
647.112071811
-160.491072744
160.689466555
482.683207099
59.454853761
-230.799793654
62.7584247698
252.360899996
-262.474602549
3584.81771082
-3959.34229033
3545.16771614
1686.24468776
-1184.05569754
603.490925477
3941.57467852
-1776.27672292
1074.91760876
1438.199752
896.890782276
-848.140990045
914.445274524
736.665960162
-436.148123814
-165.043545096
224.045304307
249.229613004
-434.333978598
-277.981375169
370.51833224
458.268975392
-957.750189344
695.440569119
630.896538253
-222.115979534
-41.6951137802
1110.28201531
96.4282270582
-48.9922500224
504.350774093
696.054485699
-201.853694218
132.719253525
459.268350276
120.534637588
-245.064645985
86.5963693325
236.738461394
-162.539273341
3316.31451331
-3324.70953033
2716.54695778
2361.9945734
-1613.32507782
668.372164875
3789.4371247
-1704.560572
696.993136828
1673.81203914
608.371811298
-879.598117189
809.889392979
711.042759438
-491.787450098
-294.568312066
263.729225087
132.576362542
-311.960285557
-472.706940216
407.103628656
564.963163705
-975.685411845
424.567372825
1000.180064
-297.834426025
-257.489371302
1226.33073836
316.164871359
-352.58567351
504.180280701
875.327001441
-270.897426261
-78.8142634929
559.199939288
185.743287283
-399.136516359
-27.3090582421
345.178906303
-138.869358365
2917.26434563
-2810.25222084
2277.19566283
2723.05726501
-2000.74471657
1042.05913913
3536.85424839
-1480.06231026
377.454987591
2082.63253894
323.573952161
-814.391852687
799.605245351
824.851104122
-678.091920397
-255.705819278
360.789119541
36.3999452979
-348.223881231
-447.676277675
490.079979804
413.711329287
-913.453437469
416.644379051
1086.23624034
-494.343493398
-137.148770997
1262.66194322
233.837195674
-460.527806837
700.794981537
765.643624802
-374.793560093
-21.0640168962
653.523082606
18.7521191395
-412.442525034
119.691764336
306.776513776
-262.800347972
2744.49252238
-2295.31704793
1832.9052854
2705.44278015
-1576.46366584
913.355603317
3103.1100243
-759.678395149
77.5451807114
1951.97487326
465.906384429
-717.417625666
641.561420401
796.937691897
-643.217789561
-192.353914395
240.850295049
-34.8650717408
-206.200838878
-404.378650492
308.814070551
463.022693042
-612.764058485
202.563806236
1011.41738628
-155.755965771
-179.399501813
1040.34588052
456.157515103
-355.661496876
511.537146436
729.722323405
-203.234374067
-78.9329052678
476.23708169
70.6778768859
-305.267304884
-28.5457736222
192.124984381
-122.314170169
2525.02088366
-2230.57302719
1772.99014663
2613.32154693
-1235.01217332
537.966182285
3131.85214569
-409.965806709
-135.069842122
1778.98451896
849.076198249
-827.667970606
529.528199547
873.616291379
-536.401142178
-219.153959328
28.2594199055
212.053823006
-254.193537619
-531.843081029
253.806639849
678.240848981
-849.399335455
194.656425377
1009.67463309
-53.4283684641
-408.302693796
1119.52875099
501.871922409
-376.687783042
437.176939816
816.014038115
-121.201716558
-134.530974845
473.539614572
183.740794915
-231.647369412
-195.599536784
342.285134113
-62.5959045504
2431.90177877
-2403.90195085
2268.9555902
2012.56693369
-925.059299627
337.027161112
3247.21903612
-782.564055306
209.940882618
1512.00039299
824.117186995
-744.864491529
494.1406049
808.19265817
-531.34151735
-86.5741924236
-149.588638887
374.77089145
-361.844998043
-420.219246986
117.190081273
881.703983693
-1091.77739148
334.109677458
1074.33076096
-212.242759801
-417.050368346
1326.2389695
321.763496353
-450.786611715
633.68544571
729.062162239
-215.310556804
-112.162446913
597.554310463
18.7668789697
-241.527274561
-119.921158697
312.325828673
-137.664562028
-394.873165793
-3.71536702968
419.947119911
-453.633126562
-242.485136316
572.536389376
16.2906597975
-441.620177582
437.181038158
428.994840859
-318.439642462
87.720456469
511.385995396
10.552447104
-205.749246968
293.596325042
196.247543869
-166.409265457
-88.6399736185
198.582096347
15.5331774566
-244.423308042
-39.3624612631
212.963766538
-153.906252669
-244.433283807
217.783745158
96.3812058428
-277.717566789
63.9379942458
275.463759342
-124.279664157
-95.1562188
250.327297856
82.4119708574
-148.414633096
88.0655665365
171.943588693
-60.7000821554
-74.6251466374
109.189543557
58.0404366382
-112.218086562
-34.6313099212
110.418861623
-30.8235763637
-132.016907243
59.7574595867
76.0907092951
-117.108368602
-32.0408147455
120.64851357
-23.4685279056
-86.3538832684
77.7805306562
65.4024745498
-67.228005922
0.398793519872
85.0280122398
-5.08961817756
-47.3807403131
38.9213752533
44.4691910928
-36.9110197843
-21.7294870221
46.4807939004
5.29676758772
-49.3136450858
11.2744861354
38.17297805
-31.9342017579
-25.7745596255
36.982757465
4.71872315876
-35.6951128558
12.4191568241
28.4758947632
-18.4625676295
-11.8664011264
25.059036832
5.94454746724
-17.9482069086
6.35293577739
17.8168999074
-7.5420300769
-9.82516451355
12.7674293537
6.22315712148
-11.9179892937
0.344563737672
11.6462701029
-4.42838812443
-8.23886804771
7.6557942797
4.36722236656
-7.04969748346
0.563079614598
7.26144487107
-1.8072367706
-3.74723868368
4.71536632862
3.16134818297
-3.36607298429
-0.311365393171
3.13678481791
-0.667916619679
-2.30865892292
1.57892301257
1.60046732593
-1.95624551115
-0.689641053983
0.899410295619
-0.766860266879
-1.50391154393
0.342778068413
0.27512420717
-1.37076557941
-0.572413836421
0.688171264856
0.653762701613
0.621074566533
0.590020838206
0.560519796296
0.532493806481
0.505869116157
0.480575660349
0.456546877332
0.433719533465
0.412033556792
0.391431878952
0.371860285005
0.353267270754
0.335603907217
0.318823711856
0.302882526263
0.28773839995
0.273351479952
0.259683905955
0.246699710657
0.234364725124
0.222646488868
0.211514164425
0.200938456203
0.190891533393
0.181346956724
0.172279608887
0.163665628443
0.155482347021
0.14770822967
0.140322818186
0.133306677277
0.126641343413
0.120309276242
0.11429381243
0.108579121809
0.103150165718
0.0979926574325
0.0930930245608
0.0884383733328
0.0840164546662
0.0798156319329
0.0758248503362
0.0720336078194
0.0684319274284
0.065010331057
0.0617598145042
0.058671823779
0.05573823259
0.0529513209605
0.0503037549125
0.0477885671669
0.0453991388085
0.0431291818681
0.0409727227747
0.0389240866359
0.0369778823042
0.0351289881889
0.0333725387795
0.0317039118405
0.0301187162485
0.0286127804361
0.0271821414143
0.0258230343436
0.0245318826264
0.0233052884951
0.0221400240703
0.0210330228668
0.0199813717235
0.0189823031373
0.0180331879804
0.0171315285814
0.0162749521523
0.0154612045447
0.0146881443175
0.0139537371016
0.0132560502465
0.0125932477342
0.0119635853475
0.0113654060801
0.0107971357761
0.0102572789873
0.00974441503793
0.00925719428604
0.00879433457173
0.00835461784315
0.00793688695099
0.00754004260344
0.00716304047327
0.00680488844961
0.00646464402713
0.00614141182577
0.00583434123448
0.00554262417276
0.00526549296412
0.00500221831591
0.00475210740012
0.00451450203011
0.00428877692861
0.00407433808218
0.00387062117807
0.00367709011916
0.00349323561321
0.00331857383254
0.00315264514092
0.00299501288387
0.00284526223968
0.00270299912769
0.00256784917131
0.00243945671274
0.00231748387711
0.00220160968325
0.00209152919909
0.00198695273913
0.00188760510218
0.00179322484707
0.00170356360472
0.00161838542448
0.00153746615326
0.00146059284559
0.00138756320331
0.00131818504315
0.00125227579099
0.00118966200144
0.00113017890137
0.0010736699563
0.00101998645849
0.000968987135561
0.000920537778783
0.000874510889844
0.000830785345352
0.000789246078084
0.00074978377418
0.000712294585471
0.000676679856197
0.000642845863387
0.000610703570218
0.000580168391707
0.000551159972122
0.000523601973516
0.00049742187484
0.000472550781098
0.000448923242043
0.000426477079941
0.000405153225944
0.000384895564647
0.000365650786414
0.000347368247094
0.000329999834739
0.000313499843002
0.000297824850852
0.000282933608309
0.000268786927894
0.000255347581499
0.000242580202424
0.000230451192303
0.000218928632688
0.000207982201053
0.000197583091001
0.000187703936451
0.000178318739628
0.000169402802647
0.000160932662514
0.000152886029389
0.000145241727919
0.000137979641523
0.000131080659447
0.000124526626475
0.000118300295151
0.000112385280393
0.000106766016374
0.000101427715555
9.63563297774e-05
9.15385132885e-05
8.69615876241e-05
8.26135082429e-05
7.84828328307e-05
7.45586911892e-05
7.08307566297e-05
6.72892187982e-05
6.39247578583e-05
6.07285199654e-05
5.76920939671e-05
5.48074892688e-05
5.20671148053e-05
4.94637590651e-05
4.69905711118e-05
4.46410425562e-05
4.24089904284e-05
4.0288540907e-05
3.82741138617e-05
3.63604081686e-05
3.45423877601e-05
3.28152683721e-05
3.11745049535e-05
2.96157797059e-05
2.81349907206e-05
2.67282411845e-05
2.53918291253e-05
2.4122237669e-05
2.29161257856e-05
2.17703194963e-05
2.06818035215e-05
1.96477133454e-05
1.86653276781e-05
1.77320612942e-05
1.68454582295e-05
1.60031853181e-05
1.52030260521e-05
1.44428747495e-05
1.37207310121e-05
1.30346944615e-05
1.23829597384e-05
1.17638117515e-05
1.11756211639e-05
1.06168401057e-05
1.00859981004e-05
9.58169819539e-06
9.10261328562e-06
8.64748262134e-06
8.21510849028e-06
7.80435306576e-06
7.41413541247e-06
7.04342864185e-06
6.69125720976e-06
6.35669434927e-06
6.03885963181e-06
5.73691665022e-06
5.45007081771e-06
5.17756727682e-06
4.91868891298e-06
4.67275446733e-06
4.43911674396e-06
4.21716090677e-06
4.00630286143e-06
3.80598771836e-06
3.61568833244e-06
3.43490391582e-06
3.26315872003e-06
3.10000078402e-06
2.94500074482e-06
2.79775070758e-06
2.6578631722e-06
2.52497001359e-06
2.39872151291e-06
2.27878543727e-06
2.1648461654e-06
2.05660385713e-06
1.95377366428e-06
1.85608498106e-06
1.76328073201e-06
1.67511669541e-06
1.59136086064e-06
1.51179281761e-06
1.43620317673e-06
1.36439301789e-06
1.296173367e-06
1.23136469865e-06
1.16979646371e-06
1.11130664053e-06
1.0557413085e-06
1.00295424308e-06
9.52806530923e-07
9.05166204377e-07
8.59907894158e-07
8.1691249945e-07
7.76066874477e-07
7.37263530754e-07
7.00400354216e-07
6.65380336505e-07
6.3211131968e-07
6.00505753696e-07
5.70480466011e-07
5.4195644271e-07
5.14858620575e-07
4.89115689546e-07
4.64659905069e-07
4.41426909815e-07
4.19355564325e-07
3.98387786108e-07
3.78468396803e-07
3.59544976963e-07
3.41567728115e-07
3.24489341709e-07
3.08264874624e-07
2.92851630892e-07
2.78209049348e-07
2.6429859688e-07
2.51083667036e-07
2.38529483685e-07
2.266030095e-07
2.15272859025e-07
2.04509216074e-07
1.9428375527e-07
1.84569567507e-07
1.75341089131e-07
1.66574034675e-07
1.58245332941e-07
1.50333066294e-07
1.42816412979e-07
1.3567559233e-07
1.28891812714e-07
1.22447222078e-07
1.16324860974e-07
1.10508617926e-07
1.04983187029e-07
9.97340276778e-08
9.47473262939e-08
9.00099599792e-08
8.55094619803e-08
8.12339888813e-08
7.71722894372e-08
7.33136749653e-08
6.96479912171e-08
6.61655916562e-08
6.28573120734e-08
5.97144464697e-08
5.67287241463e-08
5.38922879389e-08
5.1197673542e-08
4.86377898649e-08
4.62059003717e-08
4.38956053531e-08
4.17008250854e-08
3.96157838311e-08
3.76349946396e-08
3.57532449076e-08
3.39655826622e-08
3.22673035291e-08
3.06539383527e-08
2.9121241435e-08
2.76651793633e-08
2.62819203951e-08
2.49678243754e-08
2.37194331566e-08
2.25334614988e-08
2.14067884238e-08
2.03364490026e-08
1.93196265525e-08
1.83536452249e-08
1.74359629636e-08
1.65641648154e-08
1.57359565747e-08
1.49491587459e-08
1.42017008086e-08
1.34916157682e-08
1.28170349798e-08
1.21761832308e-08
1.15673740693e-08
1.09890053658e-08
1.04395550975e-08
9.91757734264e-09
9.42169847551e-09
8.95061355173e-09
8.50308287415e-09
8.07792873044e-09
7.67403229392e-09
7.29033067922e-09
6.92581414526e-09
6.579523438e-09
6.2505472661e-09
5.93801990279e-09
5.64111890765e-09
5.35906296227e-09
5.09110981416e-09
4.83655432345e-09
4.59472660728e-09
4.36499027691e-09
4.14674076307e-09
3.93940372491e-09
3.74243353867e-09
3.55531186173e-09
3.37754626865e-09
3.20866895522e-09
3.04823550745e-09
2.89582373208e-09
2.75103254548e-09
2.6134809182e-09
2.48280687229e-09
2.35866652868e-09
2.24073320225e-09
2.12869654213e-09
2.02226171503e-09
1.92114862928e-09
1.82509119781e-09
1.73383663792e-09
1.64714480602e-09
1.56478756572e-09
1.48654818744e-09
1.41222077807e-09
1.34160973916e-09
1.2745292522e-09
1.21080278959e-09
1.15026265011e-09
1.09274951761e-09
1.03811204173e-09
9.86206439642e-10
9.3689611766e-10
8.90051311777e-10
8.45548746188e-10
8.03271308878e-10
7.63107743434e-10
7.24952356263e-10
6.8870473845e-10
6.54269501527e-10
6.21556026451e-10
5.90478225128e-10
5.60954313872e-10
5.32906598178e-10
5.06261268269e-10
4.80948204856e-10
4.56900794613e-10
4.34055754882e-10
4.12352967138e-10
3.91735318781e-10
3.72148552842e-10
3.535411252e-10
3.3586406894e-10
3.19070865493e-10
3.03117322218e-10
2.87961456108e-10
2.73563383302e-10
2.59885214137e-10
2.4689095343e-10
2.34546405759e-10
2.22819085471e-10
2.11678131197e-10
2.01094224637e-10
1.91039513406e-10
1.81487537735e-10
1.72413160848e-10
1.63792502806e-10
1.55602877666e-10
1.47822733782e-10
1.40431597093e-10
1.33410017239e-10
1.26739516377e-10
1.20402540558e-10
1.1438241353e-10
1.08663292854e-10
1.03230128211e-10
9.80686218003e-11
9.31651907103e-11
8.85069311748e-11
8.4081584616e-11
7.98775053852e-11
7.5883630116e-11
7.20894486102e-11
6.84849761797e-11
6.50607273707e-11
6.18076910021e-11
5.8717306452e-11
5.57814411294e-11
5.2992369073e-11
5.03427506193e-11
4.78256130883e-11
4.54343324339e-11
4.31626158122e-11
4.10044850216e-11
3.89542607705e-11
3.7006547732e-11
3.51562203454e-11
3.33984093281e-11
3.17284888617e-11
3.01420644186e-11
2.86349611977e-11
2.72032131378e-11
2.58430524809e-11
2.45508998569e-11
2.3323354864e-11
2.21571871208e-11
2.10493277648e-11
1.99968613766e-11
1.89970183077e-11
1.80471673923e-11
1.71448090227e-11
1.62875685716e-11
1.5473190143e-11
1.46995306359e-11
1.39645541041e-11
1.32663263989e-11
1.26030100789e-11
1.1972859575e-11
1.13742165962e-11
1.08055057664e-11
1.02652304781e-11
9.75196895419e-12
9.26437050648e-12
8.80115198116e-12
8.3610943821e-12
7.94303966299e-12
7.54588767984e-12
7.16859329585e-12
6.81016363106e-12
6.46965544951e-12
6.14617267703e-12
5.83886404318e-12
5.54692084102e-12
5.26957479897e-12
5.00609605902e-12
4.75579125607e-12
4.51800169327e-12
4.2921016086e-12
4.07749652817e-12
3.87362170176e-12
3.67994061668e-12
3.49594358584e-12
3.32114640655e-12
3.15508908622e-12
2.99733463191e-12
2.84746790032e-12
2.7050945053e-12
2.56983978004e-12
2.44134779103e-12
2.31928040148e-12
2.20331638141e-12
2.09315056234e-12
1.98849303422e-12
1.88906838251e-12
1.79461496338e-12
1.70488421521e-12
1.61964000445e-12
1.53865800423e-12
1.46172510402e-12
1.38863884882e-12
1.31920690638e-12
1.25324656106e-12
1.19058423301e-12
1.13105502136e-12
1.07450227029e-12
1.02077715677e-12
9.69738298935e-13
9.21251383988e-13
8.75188814789e-13
8.31429374049e-13
7.89857905347e-13
7.50365010079e-13
7.12846759576e-13
6.77204421597e-13
6.43344200517e-13
6.11176990491e-13
5.80618140966e-13
5.51587233918e-13
5.24007872222e-13
4.97807478611e-13
4.72917104681e-13
4.49271249447e-13
4.26807686974e-13
4.05467302626e-13
3.85193937494e-13
3.6593424062e-13
3.47637528589e-13
3.30255652159e-13
3.13742869551e-13
2.98055726074e-13
2.8315293977e-13
2.68995292781e-13
2.55545528142e-13
2.42768251735e-13
2.30629839148e-13
2.19098347191e-13
2.08143429832e-13
1.9773625834e-13
1.87849445423e-13
1.78456973152e-13
1.69534124494e-13
1.61057418269e-13
1.53004547356e-13
1.45354319988e-13
1.38086603989e-13
1.31182273789e-13
1.246231601e-13
1.18392002095e-13
1.1247240199e-13
1.06848781891e-13
1.01506342796e-13
9.64310256563e-14
9.16094743735e-14
8.70290006548e-14
8.26775506221e-14
7.8543673091e-14
7.46164894364e-14
7.08856649646e-14
6.73413817164e-14
6.39743126306e-14
6.0775596999e-14
5.77368171491e-14
5.48499762916e-14
5.2107477477e-14
4.95021036032e-14
4.7026998423e-14
4.46756485019e-14
4.24418660768e-14
4.03197727729e-14
3.83037841343e-14
3.63885949276e-14
3.45691651812e-14
3.28407069221e-14
3.1198671576e-14
2.96387379972e-14
2.81568010974e-14
2.67489610425e-14
2.54115129904e-14
2.41409373409e-14
2.29338904738e-14
2.17871959501e-14
2.06978361526e-14
1.9662944345e-14
1.86797971277e-14
1.77458072714e-14
1.68585169078e-14
1.60155910624e-14
1.52148115093e-14
1.44540709338e-14
1.37313673871e-14
1.30447990178e-14
1.23925590669e-14
1.17729311135e-14
1.11842845579e-14
1.062507033e-14
1.00938168135e-14
9.58912597279e-15
9.10966967415e-15
8.65418619045e-15
8.22147688092e-15
7.81040303688e-15
7.41988288503e-15
7.04888874078e-15
6.69644430374e-15
6.36162208855e-15
6.04354098413e-15
5.74136393492e-15
5.45429573817e-15
5.18158095127e-15
4.9225019037e-15
4.67637680852e-15
4.44255796809e-15
4.22043006969e-15
4.0094085662e-15
3.80893813789e-15
3.618491231e-15
3.43756666945e-15
3.26568833598e-15
3.10240391918e-15
2.94728372322e-15
2.79991953706e-15
2.6599235602e-15
2.52692738219e-15
2.40058101308e-15
2.28055196243e-15
2.16652436431e-15
2.05819814609e-15
1.95528823879e-15
1.85752382685e-15
1.76464763551e-15
1.67641525373e-15
1.59259449104e-15
1.51296476649e-15
1.43731652817e-15
1.36545070176e-15
1.29717816667e-15
1.23231925834e-15
1.17070329542e-15
1.11216813065e-15
1.05655972412e-15
1.00373173791e-15
9.53545151016e-16
9.05867893465e-16
8.60574498792e-16
8.17545773852e-16
7.7666848516e-16
7.37835060902e-16
7.00943307857e-16
6.65896142464e-16
6.32601335341e-16
6.00971268574e-16
5.70922705145e-16
5.42376569888e-16
5.15257741393e-16
4.89494854324e-16
4.65020111607e-16
4.41769106027e-16
4.19680650726e-16
3.98696618189e-16
3.7876178728e-16
3.59823697916e-16
3.4183251302e-16
3.24740887369e-16
3.08503843001e-16
2.93078650851e-16
2.78424718308e-16
2.64503482393e-16
2.51278308273e-16
2.38714392859e-16
2.26778673216e-16
2.15439739556e-16
2.04667752578e-16
1.94434364949e-16
1.84712646702e-16
1.75477014366e-16
1.66703163648e-16
1.58368005466e-16
1.50449605192e-16
1.42927124933e-16
1.35780768686e-16
1.28991730252e-16
1.22542143739e-16
1.16415036552e-16
1.10594284725e-16
1.05064570488e-16
9.9811341964e-17
9.48207748658e-17
9.00797361225e-17
8.55757493164e-17
