0.472969170201
-0.103642192645
0.0298607730694
0.0469950431905
0.0118996492614
-0.0868866403822
0.00098165697774
0.0747759854781
0.0768056791154
-0.104677555889
0.00235833403778
0.0354099627275
0.0888623855724
0.0690586803606
0.00962224058039
0.0620699206986
0.163626544986
-0.221787908566
-0.0114405777055
0.0737582942785
0.0562320709313
-0.102045456029
-0.0155477511982
0.0849710131121
0.0330438891411
-0.127153109578
0.0951302688076
0.10134445241
0.0635982096324
-0.0576332526094
-0.0486273016416
0.0711730743276
0.0495684935658
-0.174297127422
0.0511247791174
0.0881522250801
7.45022560825
-1.92392409139
0.652194398525
0.536427441343
-0.312555356896
-1.78951051852
-0.494251912574
1.1558519262
1.13579178832
-1.71053410225
-0.126624904986
0.471225423589
1.30797366
0.72560184712
0.523944050741
0.434087147639
2.62012965374
-2.96156060777
-0.21118576417
0.695121126983
0.547148678991
-1.04974905674
-0.454868786833
0.87965355405
0.636469206125
-1.26547531482
0.815517877311
0.970286064617
0.7982435874
-0.61942863089
-0.191731452312
0.242704009997
0.855115373858
-1.54862589812
0.218701807555
0.607019488632
30.6670530167
-6.32365793788
4.78173999035
1.43476109861
-0.727868366201
-6.86145780518
-2.75443746672
4.61348823245
4.12505592425
-3.68990894614
0.0615915323749
1.99474098712
4.47949385659
0.654421289013
3.25454287191
-0.562101077857
8.6525066034
-6.83023156438
0.583931462871
1.74766981314
1.72410071433
-1.85533129804
-2.02252151659
2.18816034514
1.68972176932
-1.72522796967
1.73010358182
1.95505473719
2.82972442604
-2.12792485583
1.17765938196
-0.692060481518
2.7802853662
-2.57845669617
0.364093238524
1.21156366981
56.7437178546
-8.61280398611
12.6552417925
-0.936916326218
-0.216342168588
-11.4349342254
-5.78049563266
7.48350864628
7.66042670411
-1.51800375511
1.62681038357
3.80188155369
6.36803430047
-1.20128901559
6.59028226722
-3.45115438324
13.5991378438
-6.50168871453
3.37119671083
1.63908430711
2.26934761649
-1.13672672874
-2.83518895062
2.55308905475
2.21895160197
0.439422235602
2.26958368896
1.86036253227
3.94714137769
-2.79172883306
2.73232408933
-1.83235752736
3.83074457896
-1.47943402362
1.03395452574
1.2943330861
69.4954642434
-9.38995333662
19.4028951418
-8.24616223641
1.73634359943
-9.72630978021
-4.90968594608
7.46358860145
9.67743953338
3.09105123037
3.38800374438
3.547893642
5.5393740779
-4.57442514513
9.19197671142
-4.85184544503
15.7382592114
-3.39318172177
5.66941153049
-0.42683439456
1.82929695698
-0.368033314628
-0.460168707296
2.15066158486
3.35335508436
1.75374167601
2.99121862691
-0.112814104252
3.75785159999
-2.93499540027
3.94675038319
-1.55622581348
4.39587095817
-0.348566769239
1.81821462005
0.0942318625996
73.5302601005
-12.6488528953
21.5330060236
-17.0490062463
6.96969761402
-4.73765396381
2.05242061301
5.23494163224
11.1522024242
3.9437626658
4.25473500896
-0.264209225564
7.18097654024
-7.86776390186
12.2063521822
-4.39709357377
16.8017665198
-3.64581859405
6.46152006595
-2.99165405594
3.26624420892
-0.18888833679
3.23464529591
1.29395370914
4.99447375137
-0.382243637339
4.41440760041
-2.41183197759
4.96549003527
-3.14962320116
5.28980744214
-1.5200498543
4.60673944227
-0.717830216121
2.38822806906
-0.625884961929
79.1534296366
-17.7614719589
20.1886570716
-24.0001336579
16.1286863887
-4.10304609104
9.62406850964
4.68162486152
11.3314873485
5.04936835579
1.74949242453
-2.89577760131
10.5993814661
-8.43089188659
15.1719645568
-2.60943568472
14.6461636515
-6.04454191705
6.78883217476
-1.3157704934
3.27404791335
2.11464602672
3.28287755267
2.72743623113
4.19768621103
-2.14157052106
5.02991890926
-1.96925643948
5.79340010073
-2.75457049326
5.68129177566
-1.15017813955
2.9784559721
0.491803085933
1.69537755028
0.528094707342
81.5780288659
-21.8329928943
15.6128017755
-23.8902782527
23.9107047141
-5.82054122586
10.4873445337
6.71647869671
8.84473078135
10.6578046052
-3.46053749015
0.809550373531
11.1150466919
-5.65190355975
12.2964984458
2.31218404836
8.55089976138
-3.99504776906
4.37495547547
5.14577077648
0.123607592295
5.65249276866
-0.664838951751
5.93254622161
2.85119066233
-2.05475037145
4.67572944376
0.818241681091
4.70962554258
-1.66279000175
4.41031088798
0.516523612109
1.50695546488
1.56662069481
1.13228874448
1.92103736436
79.5464455099
-22.5168094932
12.7854460267
-19.2609055566
24.7055316708
-8.30996779536
6.0704800117
6.54641929942
8.86834019424
12.9111440338
-6.13752894373
5.84032767565
10.4591283045
-6.22688210885
5.66255274458
7.37925050143
5.11164744359
1.78514851974
-0.0411378610976
9.88325814992
-1.91261122456
5.40960937402
-4.81017310489
8.65016773007
2.526165005
-1.22711143232
3.96542800296
3.3201632084
2.96181301037
-1.35697410705
1.79109438961
2.85264664514
1.55931052276
0.914849966193
1.40892975419
3.02547140809
78.6348019092
-22.5566608655
18.3519532612
-16.140950087
22.7020244567
-14.4204428313
4.67580461112
1.70145681153
17.4882022081
5.80760830789
-1.86105733906
5.92377550601
10.16864348
-10.31052685
5.09245656348
5.42273322527
10.5984774723
1.48617580511
1.72825396413
6.0766408177
0.422335606745
-1.42612872694
-1.49536938182
6.07788535947
5.45475957519
-1.16721961833
4.90648036113
1.69572228334
2.32146189913
-3.55682262455
2.823611031
1.80181676889
4.48887990266
-0.812624559405
3.60710054021
0.368700425349
84.4289528902
-29.359661422
31.8324342677
-18.494940044
24.2517294462
-20.2539092927
7.34014273795
-5.94727619557
30.3754827948
-5.33928602537
7.40666384017
-0.599324197871
9.64691484985
-11.2510976241
9.76807345386
-2.23479197834
21.8505558091
-6.41795141426
12.0197791698
-5.0256577378
6.65648819962
-8.66289788955
7.17459210263
-1.96484994875
13.0165941
-4.94233145964
9.21329991201
-4.48328198486
4.70337631199
-5.91728875281
6.35335651075
-2.22954368905
9.74795713245
-4.49376101051
7.94737206295
-5.49996210925
91.8135932619
-35.0679725247
43.5576406848
-20.1229159301
25.8782276048
-19.8000815507
10.4435053161
-8.89648349672
35.0743627801
-8.76103291095
12.9412862092
-6.49157718186
9.35801639568
-7.64608844069
10.4290652119
-4.66223373099
28.0081966693
-12.2843913266
20.0062547081
-13.3717726796
12.5007884458
-11.237392714
11.64024596
-6.2195314851
16.6005088688
-6.38329252732
9.9585662127
-6.83334026534
7.06428514677
-5.40144572135
6.79282336601
-2.44946855079
10.5817139375
-5.3349183257
8.85856102569
-7.57721958198
91.0715456709
-32.1460000273
45.4411524458
-18.7855801138
23.8195898086
-16.7463927714
7.89206336376
-3.7894991878
27.2385938681
-4.04187126192
9.78968334341
-5.45247744068
10.2513086997
-3.07846156207
5.61728557711
0.747493142101
27.1639215199
-11.6910112577
18.73258809
-14.0811649494
15.1653237754
-11.1775976889
8.5995410672
-3.31847313224
14.568496927
-3.28740008519
5.75356022642
-3.32379556916
7.77773918199
-3.23082549837
3.69847827213
0.875523035899
9.55606640145
-3.58369311565
5.83256410582
-5.46226957936
98.903226422
-41.8943687178
45.1622981759
-9.01538070946
16.0678031918
-17.827720365
16.6071334578
-8.65473460904
28.0131567955
-1.38338038189
2.35658928387
1.87081912175
10.7646775339
-5.87949270581
10.2295705974
-0.940357987186
26.3661763143
-5.59363774917
8.53288160887
-5.91326243703
13.3844467816
-10.3163716947
8.49002024669
-1.77265649103
12.6143845062
2.60149875173
-2.79614071138
3.77864104015
7.20900539349
-4.89289610623
5.28019006501
2.04539100653
5.887648315
1.9823365954
-0.446795337111
-0.750317461223
230.358850157
-189.138588417
143.622278987
75.2067839327
-75.8155664142
0.920718750139
161.094484804
-157.896785443
137.870136401
-19.7912103821
-22.6037215285
48.4337479157
-23.5923037604
-30.969295565
106.40262813
-116.669871558
79.4832483455
33.7448926413
-59.7411453876
37.6873580627
37.4040035303
-38.0177484011
52.4301770161
-27.6033241667
59.097709702
-5.60600340238
-27.6608661647
65.5164935515
-19.6240202795
-32.5088493133
67.3350624496
-53.2853277634
23.4488436437
6.4095070145
-37.2098402652
47.0208616911
711.775386145
-858.062171813
775.153422707
247.575616796
-482.683586747
347.811446033
527.330724758
-727.43630061
694.951120762
-219.25112901
-96.8789168186
313.717079233
-353.361202434
23.1254739516
418.501732373
-720.874051613
468.699379689
58.2707222244
-351.671889859
273.429136858
122.02590275
-201.174705813
317.217633231
-167.683672128
289.495477829
-51.8109857991
-55.1469265381
261.415751617
-88.1081446492
-106.762638888
252.786715159
-261.162996805
162.896667537
-126.464291388
-72.5477524989
182.252994775
1660.87229125
-2374.95293276
2438.51021136
416.177858977
-1396.18174205
1555.42677028
876.76932234
-1607.59667161
1935.48005671
-778.325877241
-54.2860754339
939.725809838
-1297.18747479
426.764378626
957.852206439
-2155.9334672
1482.99010647
-67.457058899
-999.944220992
815.551756037
112.406056206
-421.605627837
779.248814582
-500.714698514
810.448461772
-67.3961747097
-187.442821563
706.221923764
-100.87821481
-208.685401004
498.064285397
-439.462287263
476.69909944
-539.319549412
15.6961543057
478.628933239
2359.28249338
-3837.57292951
4256.10380788
539.320173916
-2383.63925514
3045.9038561
963.877568606
-1983.4995219
2857.31619879
-1139.93012205
381.940523394
1272.16558878
-2048.81720034
1177.79880847
1167.86776035
-3190.05446543
2319.96583959
-148.897665815
-1431.22020211
1028.7153881
104.121977207
-301.062973165
607.606510272
-524.274575402
1249.87294484
-269.529526953
-198.194694385
1015.61729467
-59.0767678457
-128.095800153
409.230376364
-148.905585158
658.496127788
-921.58277283
345.341732234
670.838075334
2733.20739519
-4649.61775779
5156.23622712
1247.01179164
-3695.64007738
4210.56567421
1334.64854342
-2548.12901959
3386.00439015
-922.067036734
264.482490004
1810.20135015
-2535.42946699
1455.54799874
1869.83236869
-4087.90324194
2623.41831361
619.799518537
-2277.7991631
1326.91296192
379.271741152
-431.71230178
611.706169494
-474.915807333
1328.45418966
-21.803276736
-525.866221102
1225.35478218
230.365938462
-364.727348883
465.868438807
46.9056777575
688.35258018
-898.805127792
152.007327822
1125.15213432
3201.7966331
-5980.58060929
6410.17534879
1952.54385649
-5337.60148075
5743.03994231
1439.02936738
-3153.37669497
4248.48252725
-1332.43784707
579.638536921
2362.49344889
-3492.34397156
2101.8113869
2566.39044473
-5424.96061224
3381.25453682
1036.01021425
-3095.01494514
1778.74920982
302.453752535
-404.158767495
745.828116131
-894.302794354
1807.69897782
56.6663466439
-974.808680083
1550.77346944
492.291575315
-683.775319723
556.983148478
167.416573018
870.845555138
-1210.20739484
193.969653856
1523.72006853
3527.23311685
-7139.70080557
7589.50161453
2182.78977246
-6356.85020748
6372.29326573
1815.66922651
-3593.47328224
4408.1141295
-1465.90982215
1088.1183996
2092.93560119
-3838.72243056
2634.70729755
2786.64288255
-6261.15856284
4000.73731758
1214.92626038
-3456.83590573
1733.91331078
700.476672169
-473.824844329
578.801548227
-984.354814348
2314.86079721
-221.557941599
-1255.37351728
1933.4966796
727.485608062
-1281.38352817
825.777832939
498.420789566
621.080342269
-1387.74694312
585.010404721
1493.97524167
3633.4563857
-7516.86774853
8011.52130281
2377.5311068
-6634.62081796
6184.70191475
2664.12495396
-4146.89943039
4227.49007809
-903.777974289
1029.97818098
1703.1269867
-3472.14692871
2650.89099559
2848.33498395
-6555.36915528
4244.42114906
1453.15678142
-3785.77288099
1591.81621239
1271.10365212
-901.950170182
523.674988541
-849.106541308
2411.86850951
-332.496565621
-1530.51858179
2283.30531921
860.188702011
-2002.85524889
1413.82801165
558.496685765
109.893955621
-1022.32914996
536.602758668
1336.32425853
3957.44868386
-8105.20601853
8410.09948917
2455.43964908
-7200.81856057
6173.99719184
3376.92739435
-5050.17952108
4304.38099756
-353.37216884
493.053821775
1695.90285336
-3345.48066861
2651.67242824
2856.8624985
-6805.40505187
4496.50920005
1673.64232991
-4291.82745863
1785.45233966
1682.15890653
-1341.99198164
638.187709713
-764.490712045
2472.65722481
-280.037086474
-1960.69372484
2871.30381509
900.750167292
-2658.97441477
2033.03725685
721.630182751
-501.472550703
-501.672145556
500.01447035
1218.04217901
4334.63119571
-8773.33607136
9249.26715334
2323.17429173
-7567.03178359
6442.52295372
4265.86585725
-6246.95827699
4596.16109056
715.969640632
-493.566693562
1744.81375623
-2649.9259305
2416.20083232
2569.36653549
-6324.93476557
4068.24615364
2302.41918765
-4817.631621
1692.07120624
2416.62893275
-1983.29541447
445.227037659
78.3766216057
1660.95306859
5.5577774778
-1856.34645821
2516.14132651
1239.64666423
-2824.00565879
1646.12500914
1562.61550565
-1372.6851165
-301.302137383
1015.34491819
400.224683363
4799.69890257
-8602.57093486
8769.24930731
2734.58906754
-7809.244058
5938.45099599
5291.62452769
-7283.52894548
4577.91119391
1772.1205113
-1863.56498697
2126.9237618
-2018.98110672
1364.59318452
2855.45616751
-5592.83618391
2729.95356349
3355.90644701
-5167.23665684
1317.55524513
3197.60024972
-2623.89925764
457.760875435
925.589280171
460.251875093
685.397999284
-1433.82534543
1560.42663172
1869.21305217
-2541.09511238
909.155651874
2320.05841212
-1696.36156425
-279.288537497
1503.82640628
-210.08804099
5138.79619132
-8076.2697098
7872.48459681
3558.10392997
-7909.74649437
5898.78227169
5534.62266586
-7521.80331062
4795.98305654
2058.61552134
-2442.42789993
2571.92543041
-1769.83277534
896.296040271
3029.13464915
-5317.80674748
2480.81212749
3451.40139378
-5309.04132119
1530.74730272
3171.98151635
-3090.12411078
726.843620771
1268.16002688
-232.10252163
740.545534068
-906.162444041
1085.11195265
1594.88603907
-2162.78536056
868.811661884
2054.95901356
-1839.01028847
-77.2370053031
1589.26578344
-671.269340232
5259.17893878
-7733.58984774
7560.424714
3458.38454504
-8151.67463962
6611.96532687
4651.51776969
-7336.98150067
5282.17536392
1694.03073703
-2718.97238347
2987.53179135
-1835.60135461
618.341897282
3111.31345223
-5314.28483064
2603.0425425
3148.44891876
-5415.23926181
2054.858713
2864.23282911
-3350.58237022
1292.1269333
1147.54102766
-591.56975237
1235.85170279
-945.696389227
962.005628495
1885.0854863
-2270.03573295
1036.26345461
2120.44577591
-2092.15302517
375.713056926
1445.02550064
-998.940888217
5938.19550273
-8461.69827706
8092.63142997
3124.19826998
-7784.72745026
6552.48457487
4532.9417299
-7256.35397787
5580.09397691
1195.26103954
-2397.44038169
3097.65502579
-2002.60425923
406.76046986
3643.07037928
-5710.78093861
2488.34662708
3466.84565197
-5691.06935723
2093.59875317
2579.21233841
-3283.35596396
1394.91735979
708.100561288
-693.166181443
1910.95064179
-1944.43599866
1238.31503934
2252.90015141
-2826.63252862
1059.66132981
2544.97848004
-2624.38234637
840.842802487
1090.75480018
-905.505361547
6404.65649122
-9493.70325649
9333.871883
1888.23968076
-7028.56463693
6054.84611391
4586.07556107
-7521.7245083
6316.34458285
-48.3348872153
-1372.56518069
2629.57340915
-2005.89273748
459.481166706
3873.12275444
-6204.25639893
2997.4780332
3239.65132785
-5846.32110385
2463.05661037
2356.43993412
-3249.67395703
1642.76960419
336.412562414
-409.564253606
2173.07627521
-2629.86420485
2021.39469468
2147.79912451
-3155.06519531
1488.65397092
2740.95358604
-3042.79752969
1365.12333654
907.067632804
-769.267373673
6389.38392134
-9818.90868792
10000.0
1205.87708438
-6695.98609689
6233.67697938
4358.9633012
-7662.86056703
6796.25254935
-552.124294235
-840.499209308
2152.61840662
-1697.33781514
501.2410592
3765.1195596
-6315.472069
3203.91653508
3253.76361807
-6115.22492793
2359.87256575
2688.38775538
-3761.33804311
1537.13819896
522.411059772
-565.105994399
1796.75188606
-2386.09845948
1743.40437534
2231.691553
-3357.14078915
1320.96459502
3122.21098748
-3265.20495817
856.162893617
1757.7954601
-1153.90010113
5796.48177554
-8660.94199285
8966.24113936
1623.00116565
-6941.52776907
6269.67742871
4048.99688394
-6954.76684537
5505.65835104
692.434089013
-1331.00183681
1543.64961561
-750.193077184
198.072639539
3090.71092301
-5161.56553355
2286.69628379
3642.87167536
-5884.95651065
1675.58678545
3614.17717511
-3997.33792148
934.517840181
1588.66957377
-806.998168902
1064.09241462
-1037.76087297
1012.26983787
2276.40618072
-2661.19708097
702.462006739
3489.1751743
-2759.03257273
-120.605185901
2870.08598066
-1399.02929635
4789.69623959
-6669.93784798
7164.87675925
2350.99247712
-6440.0530113
5872.95173712
3630.59782962
-5420.33316936
3635.75276852
2135.56211081
-1502.52933371
759.988422189
409.122769123
-154.433377226
2429.59081734
-3740.59808284
1167.13709848
3871.80533903
-5219.6388303
829.534240653
3759.96302799
-3556.18625495
145.574334711
1944.99556837
-726.841039338
274.11355285
-184.689241652
324.646708
2008.28935366
-1890.10574059
-159.866691656
3524.53791384
-2227.34037633
-886.991665406
3123.86093685
-1221.6876822
4186.12285597
-5744.01419564
6223.30845879
2443.03026408
-5970.06131029
5185.74798023
3178.3313826
-4075.0942755
2127.90130778
2530.78167706
-1076.22051939
-117.122168375
942.743143089
-469.925496097
2248.04592175
-3289.37984347
646.870749426
3842.28570581
-4774.76926735
565.601543633
3518.06476711
-2903.37198656
-127.740543424
1744.28783861
-185.337937281
-37.0907685472
58.3875971678
343.091679157
1907.57235481
-1473.04641584
-387.623581491
3471.95727688
-1849.91076264
-964.47911778
2946.19034756
-1013.77796403
4036.6502578
-5637.39347499
6273.53040585
1821.10860318
-4951.76354758
4735.32949825
2463.26794288
-2988.63843056
1710.11950632
1954.08766401
-311.162093414
-404.952746178
775.034316154
-244.774739388
2050.3318973
-3135.68450643
773.221519018
3366.2838352
-4411.18031403
907.812366649
2578.38605888
-2433.8372358
265.125887917
951.588152329
10.6704478493
218.155369652
-372.615701986
467.203986645
1655.79459022
-1402.00052775
-244.640553408
2898.93656386
-1764.22777104
-561.212172092
2297.86572929
-1081.75797021
4432.30429703
-5940.60403563
6405.05705583
1067.72018247
-3959.95885216
4070.06826524
2003.1359727
-2335.95088839
1651.78702451
1304.84575209
6.09739232982
-164.024345682
373.132912473
-134.66359224
1981.02399954
-2884.3075525
643.824404755
3120.6690873
-4108.15208749
1193.32045665
1975.87618715
-1964.42781579
339.55198185
859.045016272
-189.328668782
597.507185253
-461.750007555
401.958215719
1600.72380649
-1161.63817286
-312.464951737
2708.76537712
-1596.71321858
-425.827779554
2089.81985745
-1045.02303648
4412.40615352
-5996.60509245
6806.78205605
200.110666086
-2830.28806466
3154.1271088
2657.55815172
-2729.90412948
1586.33398197
1720.82781465
-338.031254451
-294.201940027
684.88021771
-150.925175387
1541.9704853
-2517.05876295
718.129354568
2673.30632648
-3624.4079897
778.589649983
2132.87967663
-1764.87941784
-405.840007618
1667.5418155
-441.066979302
67.5037693663
124.164402422
286.290832886
1134.46790922
-803.949313213
-367.590131254
2370.65218833
-1221.87973869
-850.995047595
2119.84610019
-591.0721673
3682.52256533
-5792.57291997
7369.3238122
-668.403542674
-2434.75772373
2608.86877429
3660.93063481
-3789.94608707
1747.5934563
2251.06990043
-632.077722606
-721.234638349
1093.57764723
99.1097203236
1061.02862639
-2579.54441855
1385.46965595
2079.07914235
-3254.20870222
281.632143692
2966.17882812
-2129.875972
-810.801274155
2349.54370888
-418.254529312
-532.279476572
591.489433974
449.479174861
892.59227003
-864.953289763
-79.9604286717
2298.65826905
-1182.78230879
-1086.20333721
2490.23797152
-486.80226728
3143.07148866
-5300.8371703
7319.81353666
-777.556996188
-2266.16807664
2319.86471904
4437.15811571
-4555.63587818
2031.2602669
2401.46791688
-456.731839214
-1464.79798771
1835.57515019
88.997760594
533.56763061
-2272.53581628
1763.46882284
1432.01642839
-2822.56292685
138.377726938
3112.67196669
-2316.44061781
-906.461274664
2769.17233057
-691.104240566
-809.800377463
928.750925873
696.498983609
-33.0497716251
-277.789738238
106.580618063
1703.36689734
-1232.05542674
-496.403392542
1911.26013534
-440.504180177
3086.76813653
-4912.42333099
6830.32260162
-980.74466345
-1767.65746432
2218.1885462
3857.22200713
-4341.80081115
2943.59204418
991.795213551
182.597689577
-1232.74524859
1662.14160526
-195.1599192
679.816240588
-1870.14652954
1441.62124473
1138.50528134
-2447.80801567
632.395433019
2203.2461634
-1932.01064432
-385.517834717
2478.17888504
-1291.20262171
161.96442369
617.705839176
533.418743013
-163.242961506
291.928937145
-167.053915828
1397.47955961
-1058.25730437
19.5316733472
1224.8777753
-484.797295275
3476.55899002
-5016.28674311
6401.38605035
-951.728643996
-1051.49555259
1690.38778105
3563.94340255
-3994.5350403
3408.15687881
-45.4071502393
560.594320574
-705.059586687
1049.85180786
-210.756432488
736.053394506
-1376.49349125
675.999881271
1431.59540871
-2368.73839204
941.49363968
1177.52669311
-1005.89742344
-656.608604773
2364.68129672
-1535.02943304
771.903835512
82.0219823349
669.828769607
-239.410077005
528.437256356
-381.228364941
1254.93013532
-767.08477146
-48.9301739303
989.329772087
-381.09181672
3740.443709
-5476.54997113
6892.74339694
-1473.43685761
-605.303448361
1428.77923134
3576.99993768
-4183.25200702
4036.49940098
-761.607832404
718.470392369
-251.983458677
572.984388396
-211.844415877
1079.79911555
-1506.67677416
314.669403638
2045.00626501
-2836.49411855
1255.61031832
942.713843645
-601.056846043
-994.068514564
2702.39577788
-1894.06519981
1404.96491178
-439.062026719
876.631089385
-123.564535561
637.348503841
-915.814384778
1888.80897237
-941.293549694
-364.548400743
1277.03266237
-357.821554283
3505.34627363
-5475.10096644
7132.58011483
-1641.91181546
-483.480008885
1430.67234278
3772.13223645
-4373.14330513
4128.5773265
-741.721415234
886.466538536
-517.170720954
753.861760523
-193.314535141
1119.16852303
-1729.45001498
429.124376695
2262.21190871
-3245.74111394
1351.94066451
1083.41439936
-731.142394595
-1209.9585529
2959.42742574
-1982.22492433
1374.05803963
-608.151478536
1146.52246906
-148.212393538
376.050701072
-758.494899023
2171.74602593
-1313.57948701
-356.565658941
1713.73857947
-701.304763449
3571.79404013
-5400.50383876
7198.83234182
-1705.65573422
-699.553544389
1607.72532881
3817.52902806
-4500.15866416
3844.11702387
-65.7352578397
339.383413717
-544.065719045
976.506289118
-88.2274039145
613.461426952
-1301.24712115
274.484455733
2424.88799566
-3662.84333823
1838.56664599
933.075625792
-736.82091207
-1304.25180357
3214.37520253
-2035.19168725
1151.39204796
-399.83483096
1230.70760035
-277.673663675
155.729584414
-237.806556077
1746.53368573
-1253.53623424
-366.642339966
1924.13877337
-1141.84717589
3802.57911638
-5549.08564541
7288.10340504
-2066.21912523
-176.615684249
1205.49381262
3807.04050596
-4154.87372576
3398.45774657
64.3095852202
579.174408615
-829.331898501
989.43891152
287.870701459
240.628747819
-1187.37332302
534.029039465
2077.71869795
-3430.32466961
1903.37588048
550.248745943
-358.105709485
-1352.84824652
2749.23102655
-1430.2695397
899.704426324
-721.067287576
1675.0538724
-454.601571446
-66.9853737416
35.1492484182
1630.86902862
-1355.79257036
-49.2184340871
1417.43386842
-630.715329009
3437.79395726
-5314.34803117
6977.98826933
-1875.28276375
-300.696243828
958.102884473
3789.81796242
-3839.87167028
2891.29429163
5.49208077011
1099.77919404
-1522.28471533
1245.7404104
184.745087063
427.31300441
-1669.68401415
1125.30399707
1355.46172039
-2524.95909792
1038.94125294
1064.62867839
-361.705349262
-1300.35629423
2216.0273141
-586.232624599
321.927691254
-702.103781594
1888.33750138
-634.130528941
-1.14929664406
-124.200600859
1703.87049067
-1418.19630016
120.415068302
791.270444582
181.650996648
2554.07174763
-4581.64298925
6150.5431953
-1054.29239165
-728.62799136
1138.94307287
3671.95508422
-3526.50552065
2628.36894731
24.8955944997
1302.06549204
-1653.6934017
1339.37062412
-33.7137468583
771.269907322
-1879.8189723
1204.05693144
1050.26820785
-1768.62584361
127.075374127
1537.73865819
-481.790010139
-1206.58257385
1912.59142096
-268.99246584
82.3577390676
-427.935943984
1482.28469891
-437.430229027
160.071785527
-420.100496547
1626.42698634
-1043.434684
-124.402419342
582.476331152
535.349104249
2115.51746024
-3965.19648538
5117.99814069
-219.653261049
-1212.0835943
1176.60684497
3323.23808521
-2873.81175647
2027.60139155
278.879378396
1083.46707128
-1195.98752307
851.256646494
187.73645967
707.408140642
-1606.03502134
737.377875767
1266.87113476
-1613.32723369
-129.551356491
1652.69376188
-531.232131216
-1060.43756648
1695.01135656
-179.726143594
-37.8652583959
-86.006984739
994.913470431
-57.8821947048
31.1433734314
-237.021334961
1322.08004842
-612.346329178
-379.527422174
851.976754615
270.738937314
1957.74262193
-3347.62974347
4370.73001804
55.1774193698
-1239.06361886
1553.76151354
2416.10535991
-1999.51098586
1480.01977326
694.130117923
529.868698793
-639.273676464
643.736389098
382.388045409
201.19672725
-833.1634382
415.513580857
1088.84811094
-1426.06646128
109.456940129
1337.72388502
-736.452968926
-544.253797774
1400.02943632
-238.883855975
-170.995618403
367.195723794
586.916160131
-81.2556681905
56.7396762449
214.217734178
600.290800735
-305.256561907
-157.204506915
711.670376299
-73.4498892046
2137.57902546
-3070.99500474
4010.36900742
-256.7150409
-1002.8289112
1853.56252042
1351.97850066
-1261.29811755
1365.63116392
574.034057193
225.717627169
-250.532211971
616.294350828
116.66475508
109.774442829
-328.893575171
55.6999636219
875.370955133
-1096.86209097
144.781406131
1002.27635853
-690.171488339
-228.945548635
1018.64151047
-222.092620673
-118.095390492
441.246192522
417.820439546
-92.224505728
194.003803157
271.014145959
306.767710554
-54.1393241126
-52.8128137882
479.847228456
-14.9066587981
2324.3458427
-3399.04260515
4452.435412
-770.077677987
-689.649791894
1938.48551089
956.974942831
-1099.77441204
1415.63684082
341.744515746
284.769796096
-296.228283628
651.978211062
-5.99048213229
122.999789515
-339.721298332
63.3971361936
793.195898833
-1133.0676841
272.429731835
775.719629773
-622.985169209
-233.814727634
974.314913187
-229.602272121
-121.543703408
406.972136654
477.750680429
-176.10074778
232.707939655
290.249246994
318.306566173
-117.933547908
38.4836660285
476.435043544
-67.8014684675
2692.95622564
-4175.66849807
5616.94038715
-1820.92030761
-315.093065205
1972.79191434
811.289770018
-1334.81125424
1778.58529659
-18.0273488679
395.25100719
-403.136235454
741.849371075
-252.178466163
365.702777124
-687.500310048
224.928983129
826.283694785
-1496.39370475
595.018300606
622.332629258
-677.082961783
-279.49754967
1146.83641484
-450.526630818
-11.5981988461
398.351154944
537.407478774
-292.003524325
452.468521478
77.4568225774
601.196810056
-292.770646078
126.528105211
520.751207876
-48.4851381446
3048.02571964
-5086.69037798
6986.26856733
-2847.60693209
48.6600207805
2034.72151415
902.166820746
-1823.75396494
2383.30758871
-514.263347336
735.309336752
-731.3259676
1020.05267757
-572.888937216
787.728609734
-1260.62505472
668.208570182
797.520154915
-1787.28511082
833.223172451
666.977483237
-807.26761504
-319.185224983
1390.16623563
-650.202432409
110.715661301
260.550556736
779.690392715
-505.825596727
601.574069057
-131.25804507
972.702948551
-701.305041578
329.615127227
487.253306974
32.6294329258
2857.37731805
-4813.38562587
6875.13352461
-2933.14219302
223.720804664
1749.95837112
1278.73538451
-2216.14308019
2677.2297022
-690.788859401
931.725839997
-1027.15481324
1291.28439982
-706.977893631
822.637291754
-1399.08662872
948.389044646
463.919896663
-1576.56382195
760.848555588
648.424702378
-752.928226069
-363.608951923
1380.6277702
-630.140044524
162.179739908
75.5557684556
972.968537757
-603.554921265
520.900531109
-59.823005022
973.652802037
-846.880152253
453.062495271
393.44217095
19.4175312866
2308.04931568
-3533.30376803
5118.57342348
-1766.25683542
211.989831545
1182.20466401
1704.01822431
-2019.41790179
2265.61070931
-308.223847463
797.989765105
-812.721674623
1071.88418331
-281.20800679
427.844908627
-902.592696312
755.17664335
365.35592269
-1159.63835566
546.047224569
489.105887639
-415.079967719
-446.531252474
1140.78313936
-384.795671283
108.868070205
-11.0144633939
893.290597667
-386.49732962
243.486852408
161.026729665
694.277618837
-564.548239186
280.474491275
417.17238796
-16.3669190362
1998.58276909
-2694.301827
3760.80608126
-808.721496181
-165.155626813
965.87522327
1602.58183532
-1533.5692402
1504.35363739
99.3000352065
472.060300599
-449.302973801
435.17027482
283.310734949
-16.7401989347
-550.161107476
443.712023983
495.825632772
-1012.19234635
397.542112889
493.561122223
-243.262548389
-388.846057951
836.555339469
-47.1853002578
2.44992115561
9.22027823962
660.205246888
-14.0891748377
-106.989879257
282.211771303
504.4603878
-322.746679418
-15.7215938738
479.378784489
-55.6950915469
2073.39974951
-2971.86062743
3788.6198157
-434.711766876
-712.740484675
1471.07505074
1237.956316
-1146.38911555
1187.08743904
213.275765904
501.561810899
-284.723256052
13.5049163872
665.695951814
-28.0401885369
-762.413987729
511.241075525
646.771692241
-1055.83989056
181.466267088
838.232576164
-431.753860406
-250.793732874
686.075580231
165.697881083
-71.5089634853
36.2937335502
489.208970289
332.245047105
-411.22293001
275.534718202
614.1170921
-343.102818075
-248.835650576
635.204136887
-82.6213105088
2289.8476192
-3578.91262004
4400.40529883
-376.376818484
-1403.23662533
2129.71951081
1117.07776765
-1325.74353385
1306.98372939
174.072083305
655.660480319
-596.379721025
144.456400338
635.774781215
60.5562350325
-1182.4459447
856.465484133
591.245539695
-1246.82004261
101.42571711
1324.07570525
-920.955526367
-144.918098427
888.832840998
118.544326166
-260.2020339
231.680033763
554.006554565
243.970299807
-495.56338073
439.518640261
684.0444885
-597.037662578
-170.489224627
854.563800831
-292.018300631
2284.46424757
-3517.09241919
4525.59890278
-423.524151572
-1553.81258441
2403.92057186
1267.67424883
-1867.7866331
1739.87680764
285.502686458
416.564181638
-779.354744822
819.759506812
143.083130382
50.9184225837
-933.070721844
886.716143832
384.744924082
-1190.12186628
235.906363531
1305.14757822
-1151.39393976
-44.0392408092
1104.36626117
-160.993340818
-327.208453994
483.639581386
592.72360702
-190.536204258
-93.7808515853
506.294178424
422.566967633
-531.746967035
116.063015811
648.054345302
-286.65032024
2297.74806154
-3325.18927092
4230.7558694
-405.324606657
-1468.63212062
2107.3981381
1408.59463074
-2090.31144213
1787.26785729
340.855965767
177.608739196
-731.890206015
1075.6118163
-269.572301301
168.924792706
-615.826128593
402.175630681
580.697614243
-1089.00129262
78.5298439849
1174.95157205
-886.044912548
-294.228693719
1086.40158743
-133.039009171
-342.407539212
382.555148331
672.816304673
-317.86228352
109.926234257
345.669855949
416.038722922
-285.100176795
9.72174958219
538.661155073
7.72795954279
2098.7643999
-3287.11157482
4242.26641765
-501.036281387
-1243.77830364
1761.14137711
1582.25987184
-1992.9415556
1461.60860581
610.486226972
60.0841617728
-666.817989423
963.358805647
-119.116885962
83.5896659404
-521.994213718
261.776141825
798.273620092
-1251.13589548
188.839410237
982.174384504
-583.466299687
-628.85083405
1270.64306498
-188.19100218
-336.576478768
300.329560917
751.831698349
-349.8912897
84.1001523095
350.232010752
431.832074037
-288.316139562
-64.9117938073
653.6620254
-78.3886564246
2020.19016597
-3027.42185557
4181.6789781
-1124.90041821
-147.498925325
744.093270893
1934.91664299
-1815.52933419
1275.21376963
635.349740018
5.12242390743
-449.391129509
726.780550902
-21.8446261891
-4.0309843847
-353.645832459
113.95677915
727.429952988
-1193.60218298
454.016934104
348.011079999
5.90740225606
-923.629154821
1408.23039783
-483.492225525
51.0652982785
80.2667800174
755.500324998
-404.226303251
272.841915232
217.277174517
329.540591866
-158.626241303
23.686083052
420.120497727
-80.1095498676
2214.6194127
-2985.45539577
4058.14793888
-1469.36375099
1158.07785056
-582.027668453
2630.42597658
-1706.55266285
1305.40790325
324.694379906
354.018281176
-340.34567813
597.791109383
-179.845349302
391.42904306
-453.803107146
33.1984510684
612.51983823
-734.333346743
191.893884588
70.9337548259
495.847880725
-1064.04083007
1224.45264721
-416.944411644
291.718826368
-149.447582576
729.322610145
-313.943850771
418.537093058
-34.4752630571
393.933430937
-59.9299887499
117.029623834
49.3040157619
274.180362833
2025.76988631
-2638.9030631
3599.14159658
-1221.0759266
1412.54304136
-963.021017639
2716.7609718
-1399.79583692
1162.66207082
168.575008869
636.129915882
-433.854116438
693.973613261
-388.007723112
719.093867677
-660.036146495
242.232028261
250.517708075
-194.33391439
-184.826914313
251.727938663
385.941653758
-716.357442433
767.391812893
-71.8482161063
149.266782665
-37.1667947259
541.218697702
-147.428556554
326.769970879
-19.5728702183
345.796342188
-64.7381145893
200.016128523
-103.842546451
347.395439825
1606.66601672
-1920.55633671
2617.11209032
-544.291422191
1053.28475861
-606.288123894
2177.89546597
-846.683505395
857.895878537
260.803229117
647.293163295
-391.761736159
733.771748349
-361.194703919
685.191181407
-564.396269958
339.48761261
33.0556922538
67.4249992814
-302.322884182
338.517262933
174.150583326
-365.444488424
429.145908949
143.729702359
13.6338614596
83.409977761
392.201814065
-31.9085750598
220.985978411
63.7264483781
277.617765188
-36.8738562128
181.556284464
-54.216445575
277.311409291
1290.32371883
-1338.30742535
1787.38251629
-18.9375629383
550.367502502
-295.600336487
1682.55041181
-504.312706701
550.883647226
358.211668779
536.541783631
-329.621015875
596.570769186
-206.261944182
499.692978625
-403.390715357
241.63822129
116.255498948
25.260705955
-280.230725976
405.850253895
93.0279819218
-283.083520231
352.481045309
201.335139767
-65.3479710814
120.275597439
347.861301554
-10.2314241534
177.782384389
68.5818046578
256.17132553
7.637735165
77.2932198437
44.631425788
243.270089304
1074.66553728
-1019.94223277
1363.82930521
311.036514014
236.332251604
-56.7665928195
1370.6012326
-345.327976422
365.098593423
402.978204845
384.35310105
-176.886078239
366.707964007
-63.6532991082
360.943989003
-298.140961602
74.8406514397
240.976671847
-54.7772126707
-285.536156751
423.890751608
48.9475153584
-252.63004456
311.36310688
216.165945552
-88.4483528412
142.13408871
268.831780868
37.9550569017
143.669418055
44.6669364506
220.327063744
71.411067095
-27.463456388
86.7474556358
208.718800816
1015.05817084
-965.724814919
1171.65290261
490.593314158
8.54426511279
-2.16284458542
1268.71034854
-262.611071739
220.200958495
481.692029892
258.150451914
-26.5749787632
140.678965516
64.9158113462
292.830038588
-263.295233513
-75.2801074757
412.358753939
-179.898909415
-317.508070406
464.912174372
44.6816234912
-327.973755568
332.200886723
221.326327535
-110.940160338
124.092879549
254.757923258
98.8515597263
86.4973465312
21.6725031444
281.616245503
81.0283378358
-139.102225741
188.327704626
201.004711798
1072.83498678
-1202.83956833
1509.39361119
305.672602997
28.9591126516
18.9330992543
1420.62620252
-437.319468461
280.069337005
521.773755012
286.97602721
-126.293571296
169.324695156
142.526019403
261.133426038
-410.218571141
67.4371110721
452.346068667
-422.699878595
-132.109372727
414.935721894
51.1667784802
-454.174648512
531.09104418
87.2417000423
-30.5616850054
31.8107985776
399.911423395
33.5768368747
78.9677324004
19.8760789022
434.026670773
-125.07180506
-20.245924869
207.60377698
168.214128176
1333.21133336
-1735.98701155
2337.5152103
-309.699342574
391.285407908
-74.605581711
1791.43749714
-830.74044525
679.562512764
432.845815572
477.948836292
-408.466352661
560.369421305
-113.114996699
472.757729787
-725.883418864
414.831803408
227.819017193
-496.234073498
-9.85207201911
353.345504915
0.608301860008
-498.829676035
692.421711049
-75.5708196206
68.8051733487
11.7671555869
531.617698438
-76.3679687262
212.828443392
6.98368709028
570.002147242
-311.631696151
239.389009407
89.9235257718
218.483292714
1650.83126889
-2313.38669625
3165.1435793
-825.936053497
729.644271092
-108.993375394
2143.52854645
-1288.82603562
1264.5894192
168.255917287
737.507841581
-659.471441828
983.273773723
-400.002667367
680.93283832
-918.131252634
746.181687626
-49.2745194364
-423.031520073
82.6594468016
364.10197555
-178.353271951
-336.149730927
760.848246815
-222.707836728
114.938270227
106.8293493
568.466692096
-266.41228149
402.88707939
45.5795882623
490.159428945
-378.640656481
475.520455949
-4.39099231371
127.796658715
2004.69463894
-2511.7799758
3319.34601094
-786.460478577
857.781569403
-195.39830801
2404.87594212
-1638.71863947
1880.67916533
-345.281192832
1056.58628533
-766.743103639
1116.36297271
-566.524971503
795.841167143
-915.589302147
769.529872291
-128.360957507
-287.71661326
92.1075973329
344.340802665
-111.797164695
-255.705410029
747.353212631
-212.536192734
232.206730184
18.2222163368
705.521325379
-384.318490312
513.254182398
-20.6951437089
493.448132884
-393.687015417
466.727279287
-42.292858482
133.94494499
1877.94894302
-2153.8304245
2728.86121638
-225.720830779
580.527573116
-158.548915279
2404.31775397
-1610.4849882
1842.47386979
-409.02070333
1121.65402556
-769.598548987
974.757518605
-346.509508746
586.383004835
-773.043929548
699.420977365
-81.8829886387
-281.555019032
88.7894598813
331.48912993
-36.5172287909
-289.83010391
683.980690853
-47.2145811812
120.173915994
7.26360063906
742.008247121
-328.077286626
350.737897477
106.097837875
427.335523158
-324.670581917
322.632681222
96.2687017118
79.4225539714
1584.51575688
-1589.88659086
2031.2671808
134.69618109
354.620620867
-119.340238619
2055.98925305
-1132.9524916
1256.31505185
-86.0681313724
903.739837884
-606.735387287
641.238608297
20.2374617254
243.079170998
-477.228772988
417.368154207
147.017946179
-355.692638026
82.6116176361
263.582731822
160.504994105
-446.454844971
609.158346557
129.052762858
33.6446903054
-85.7509156804
754.466954228
-169.643933064
107.945623766
191.080226747
433.659406854
-252.763423399
112.966660593
263.981551107
56.7035066928
1400.76390496
-1509.57152427
1986.94066894
111.407936647
310.167289711
-108.682736598
1982.25870638
-1006.27809269
915.00033602
209.89100349
754.741556232
-643.082678911
650.371558343
138.842631357
57.0906004094
-323.120369118
261.756115578
285.414694299
-463.795445785
81.2842200506
224.987384635
255.497087467
-640.65433241
712.056423234
76.3907176303
56.0730089553
-204.72196906
868.468962226
-238.052157124
131.017215848
133.94422874
540.256969605
-314.078915406
139.54320281
250.889639189
123.137639346
1345.59376833
-1607.71289075
2126.38365093
60.5798014913
181.857442704
-84.3112622429
2051.19838268
-1158.63481004
902.507508915
306.127159712
666.487790082
-743.225626695
761.305826408
23.2515496465
91.2347124484
-418.746106762
307.293859611
270.240224839
-542.034664158
53.2756710569
331.878949309
92.3582895682
-641.27702348
784.408784648
-8.60830890942
-5.382087937
-141.155288941
868.601923548
-319.592666388
159.299711757
168.622436468
539.888255173
-393.380362971
234.084002847
267.922378072
71.5797390792
1328.65512765
-1517.95226576
2102.13406253
43.9497324939
80.0593967433
133.220613427
1830.29775583
-1186.16663703
985.949552295
285.504555545
463.610821921
-561.686774938
723.005725626
-70.1316171073
100.559953908
-365.08849662
333.866326605
147.336763959
-483.440245872
141.475276803
298.982739062
-105.818745699
-345.728544966
688.520966391
-121.511920518
20.963580606
84.3166977748
568.718702608
-262.297671912
242.539231505
180.807130997
307.106035432
-248.798842828
272.351070839
153.222406627
-20.2190519417
1507.32971546
-1567.37984694
1987.58084345
25.2012313526
148.77986266
31.4104586731
1643.66928547
-976.781140711
927.028676091
139.753292606
494.299204935
-415.253987688
576.096736954
-151.975687387
240.036137878
-356.683517524
194.018950057
153.196536687
-334.093970636
15.5459792874
239.031662155
-30.4944077324
-288.056803495
498.092129053
-68.6812917977
76.2276741091
48.0337090767
452.892114733
-151.044658788
277.280660771
76.8659119471
309.137916976
-115.960413419
221.54874388
64.6550711953
116.200315897
1504.70222882
-1581.97758871
1962.3062562
49.5401838864
245.668668199
-118.974712297
1656.43979622
-874.826431046
776.739122466
106.799971838
588.21083442
-530.928165926
609.462473068
-219.881994488
289.458110365
-393.574697033
176.837576318
111.888059565
-227.468929062
-102.187756088
239.080901508
37.0285354096
-322.465321969
441.704944234
10.4079279954
81.1024012551
-24.9350762642
512.47609068
-154.347623442
277.388121683
36.7269880201
372.071328667
-155.731142934
239.237519784
27.1102290584
180.365043027
1431.90290069
-1494.93194364
1933.21166668
-38.6999047522
495.150343025
-366.364949663
1829.89680249
-841.658444022
811.164191773
-10.0962815188
892.962189997
-792.249708415
804.789884434
-308.202075575
369.464906124
-485.165733078
257.056517629
-7.88262976208
-140.61015531
-171.119016078
178.109544327
113.487276803
-365.037314309
388.45306999
17.2919268776
208.502858196
-207.536982934
662.507515667
-181.596662278
357.520502001
-73.2009410849
551.374024682
-240.787582985
325.109331304
-55.1450436598
296.140418273
1461.74617469
-1596.78546582
2116.6659729
-125.468553109
765.200270796
-622.877314886
2210.35387851
-963.520207891
992.465137864
-218.944365205
1347.27295093
-1086.66240883
991.739783347
-342.205244422
565.270221396
-704.769398061
444.036010666
-61.1163702524
-72.7587857981
-267.79859402
242.260634874
137.33426824
-384.811837763
333.045666792
95.1410138637
242.084875264
-318.415157983
729.49929384
-132.075515031
324.38353205
-121.966188969
664.267444172
-259.433640178
302.653798748
-38.6685645905
380.437930775
1509.46700705
-1734.70797775
2365.46412047
-110.924730542
633.500706854
-421.034761766
2315.32698727
-1084.66861883
1169.81430762
-201.991774595
1338.44993689
-966.982296561
850.856243806
-153.248520396
520.051539927
-744.100957807
513.138371609
10.7062984604
-157.719124971
-195.635018038
296.050168345
147.971404002
-367.422069337
336.751493783
220.709195935
140.075399626
-224.432139792
690.641478827
-39.7130797075
185.672281723
-0.802303518578
543.066907979
-162.688334271
141.070160972
66.5537274769
287.889800473
1530.51805184
-1907.85601517
2448.24321109
78.9555238648
82.5253216289
193.582910363
2043.8962423
-1143.67651784
1242.84901528
-3.88986844569
959.348625751
-506.758910344
488.469404304
187.007400369
321.77674755
-612.80232385
443.830152587
173.474438908
-305.662790993
-85.6670366144
292.46371257
197.03375143
-422.798767189
370.285005447
330.227509123
16.8461336974
-139.711241851
659.860585493
33.2918755957
60.0740052729
107.644898365
467.455209608
-77.7227863476
-1.99963680359
180.219458544
228.593686713
1555.86889672
-2101.0433267
2517.87430215
264.109867254
-485.725019867
638.313556313
1872.77236998
-1229.37361328
1192.20507824
225.599306302
690.46269132
-361.283778154
329.287150538
409.565247201
122.647953114
-545.430982138
449.656648427
280.409052699
-475.880191842
4.12467938521
344.553240954
169.695033969
-527.299091406
484.277652122
318.844013959
-67.3029586837
-156.568777426
758.972086558
-17.3822800383
-11.9318601115
172.482794993
533.472330387
-175.563787573
11.120205368
284.108471955
213.323490701
1577.09694745
-2176.15392138
2589.10555891
355.304384
-719.027595474
744.843377782
1916.25314618
-1392.83525447
1108.05488894
301.599623602
675.679220776
-584.248831791
450.104573786
419.591312611
12.6343909648
-592.55362286
547.224456007
228.967336131
-535.6252813
4.56065065313
410.989533389
94.1914523834
-575.106090142
558.25836447
281.816462217
-76.8121589463
-214.544455147
840.235594017
-70.998284583
-27.1889259041
149.02403633
634.426103811
-291.098409782
59.6860034968
276.311075969
254.139320363
1695.7190877
-2416.03486934
2747.07663344
414.424585348
-919.42378503
607.331644839
2163.77290187
-1591.4549456
996.419675471
322.36766246
807.678857926
-899.964675809
531.221180899
423.385026172
3.75796323355
-750.461686162
584.746501524
282.839744683
-605.680684211
-162.118038604
588.148818608
73.2452817409
-773.150876029
626.699922599
368.987994429
-223.397279374
-264.497412477
948.705612944
-72.1841315878
-144.669910658
182.154869129
745.37814768
-356.22259005
-19.4800022559
403.821986447
287.029293486
-501.610605218
161.072415763
370.469179698
-210.332798633
-358.60188615
321.140875355
116.149349467
-438.071249328
-2.5169918516
307.858135645
-127.902695345
-314.162505181
288.96663148
162.262000369
-218.186131443
-38.6732148981
392.06302474
-38.1578482244
-163.380680784
202.91145411
260.641635417
-192.760383498
-13.1336401196
266.599297845
12.7450628172
-209.585455084
123.32858277
154.660107497
-170.997763722
-97.325984144
167.984465758
-13.0661625918
-197.891945403
51.1371323326
119.373074532
-121.4334055
-90.9123145373
143.751693223
21.5023623141
-124.413859451
47.3603485393
133.078422351
-61.5846372684
-49.1316522445
120.639435647
47.3756562078
-85.748872019
34.6133397102
100.757778301
-40.1724051643
-53.0751275404
74.0067500067
27.0092506201
-76.7018174997
2.60961010946
60.6693081214
-36.8766938784
-53.232551912
42.1000028294
17.7889624221
-56.1661214409
-3.18445126852
45.7603631172
-18.884714034
-33.8467762774
32.6221944065
22.4982574003
-30.380833562
2.18894623935
37.3835304294
-5.32980379195
-20.0013059571
22.9556939352
18.2054443244
-19.4185015764
-0.883857282758
22.6329184786
-4.20549989245
-15.8261718769
11.3046134212
10.0082911551
-13.9116367076
-4.02788098933
11.3730718176
-3.82443425651
-11.1113510647
5.28139442879
5.73495678265
-8.19717689929
-2.83321132251
7.70036120927
-0.681662148713
-5.13153653526
3.93630989058
4.43174119426
-3.58132918077
-0.994119506535
4.88842810238
0.323368689807
-2.01593562744
2.39924409986
2.52620307278
-1.50890162073
-0.24702067239
2.63951305064
0.296435580663
-1.47556721547
0.273880005215
0.35733607735
-1.1356762821
-0.578572967874
0.569442314948
-0.320610938208
-0.943215702517
0.166081123793
0.197655513935
-0.144557115368
-0.0374523652828
0.217911761508
0.0174368749129
-0.140027536461
0.1007783747
0.141708576366
0.134623147548
0.12789199017
0.121497390662
0.115422521129
0.109651395072
0.104168825319
0.0989603840528
0.0940123648502
0.0893117466077
0.0848461592773
0.0806038513134
0.0765736587478
0.0727449758104
0.0691077270199
0.0656523406689
0.0623697236354
0.0592512374537
0.056288675581
0.0534742418019
0.0508005297118
0.0482605032262
0.0458474780649
0.0435551041617
0.0413773489536
0.0393084815059
0.0373430574306
0.0354759045591
0.0337021093311
0.0320170038646
0.0304161536713
0.0288953459878
0.0274505786884
0.026078049754
0.0247741472663
0.023535439903
0.0223586679078
0.0212407345124
0.0201786977868
0.0191697628975
0.0182112747526
0.017300711015
0.0164356754642
0.015613891691
0.0148331971064
0.0140915372511
0.0133869603886
0.0127176123691
0.0120817317507
0.0114776451632
0.010903762905
0.0103585747597
0.00984064602176
0.00934861372067
0.00888118303463
0.0084371238829
0.00801526768876
0.00761450430432
0.0072337790891
0.00687209013465
0.00652848562792
0.00620206134652
0.00589195827919
0.00559736036523
0.00531749234697
0.00505161772962
0.00479903684314
0.00455908500099
0.00433113075094
0.00411457421339
0.00390884550272
0.00371340322758
0.00352773306621
0.00335134641289
0.00318377909225
0.00302459013764
0.00287336063076
0.00272969259922
0.00259320796926
0.00246354757079
0.00234037019225
0.00222335168264
0.00211218409851
0.00200657489358
0.00190624614891
0.00181093384146
0.00172038714939
0.00163436779192
0.00155264940232
0.00147501693221
0.0014012660856
0.00133120278132
0.00126464264225
0.00120141051014
0.00114133998463
0.0010842729854
0.00103005933613
0.000978556369322
0.000929628550856
0.000883147123313
0.000838989767148
0.00079704027879
0.000757188264851
0.000719328851608
0.000683362409028
0.000649194288577
0.000616734574148
0.00058589784544
0.000556602953168
0.00052877280551
0.000502334165234
0.000477217456973
0.000453356584124
0.000430688754918
0.000409154317172
0.000388696601313
0.000369261771248
0.000350798682685
0.000333258748551
0.000316595811123
0.000300766020567
0.000285727719539
0.000271441333562
0.000257869266884
0.00024497580354
0.000232727013363
0.000221090662695
0.00021003612956
0.000199534323082
0.000189557606928
0.000180079726581
0.000171075740252
0.00016252195324
0.000154395855578
0.000146676062799
0.000139342259659
0.000132375146676
0.000125756389342
0.000119468569875
0.000113495141381
0.000107820384312
0.000102429365097
9.73078968418e-05
9.24425019997e-05
8.78203768997e-05
8.34293580547e-05
7.9257890152e-05
7.52949956444e-05
7.15302458622e-05
6.79537335691e-05
6.45560468906e-05
6.13282445461e-05
5.82618323188e-05
5.53487407028e-05
5.25813036677e-05
4.99522384843e-05
4.74546265601e-05
4.50818952321e-05
4.28278004705e-05
4.0686410447e-05
3.86520899246e-05
3.67194854284e-05
3.4883511157e-05
3.31393355991e-05
3.14823688192e-05
2.99082503782e-05
2.84128378593e-05
2.69921959663e-05
2.5642586168e-05
2.43604568596e-05
2.31424340166e-05
2.19853123158e-05
2.08860467e-05
1.9841744365e-05
1.88496571468e-05
1.79071742894e-05
1.70118155749e-05
1.61612247962e-05
1.53531635564e-05
1.45855053786e-05
1.38562301096e-05
1.31634186042e-05
1.2505247674e-05
1.18799852903e-05
1.12859860257e-05
1.07216867245e-05
1.01856023882e-05
9.67632226882e-06
9.19250615538e-06
8.73288084761e-06
8.29623680523e-06
7.88142496497e-06
7.48735371672e-06
7.11298603088e-06
6.75733672934e-06
6.41946989287e-06
6.09849639823e-06
5.79357157832e-06
5.5038929994e-06
5.22869834943e-06
4.96726343196e-06
4.71890026036e-06
4.48295524734e-06
4.25880748498e-06
4.04586711073e-06
3.84357375519e-06
3.65139506743e-06
3.46882531406e-06
3.29538404836e-06
3.13061484594e-06
2.97408410364e-06
2.82537989846e-06
2.68411090354e-06
2.54990535836e-06
2.42241009044e-06
2.30128958592e-06
2.18622510662e-06
2.07691385129e-06
1.97306815873e-06
1.87441475079e-06
1.78069401325e-06
1.69165931259e-06
1.60707634696e-06
1.52672252961e-06
1.45038640313e-06
1.37786708298e-06
1.30897372883e-06
1.24352504238e-06
1.18134879027e-06
1.12228135075e-06
1.06616728321e-06
1.01285891905e-06
9.62215973101e-07
9.14105174446e-07
8.68399915724e-07
8.24979919938e-07
7.83730923941e-07
7.44544377744e-07
7.07317158857e-07
6.71951300914e-07
6.38353735868e-07
6.06436049075e-07
5.76114246621e-07
5.4730853429e-07
5.19943107575e-07
4.93945952197e-07
4.69248654587e-07
4.45786221858e-07
4.23496910765e-07
4.02322065226e-07
3.82205961965e-07
3.63095663867e-07
3.44940880673e-07
3.2769383664e-07
3.11309144808e-07
2.95743687567e-07
2.80956503189e-07
2.6690867803e-07
2.53563244128e-07
2.40885081922e-07
2.28840827826e-07
2.17398786434e-07
2.06528847113e-07
1.96202404757e-07
1.86392284519e-07
1.77072670293e-07
1.68219036779e-07
1.5980808494e-07
1.51817680693e-07
1.44226796658e-07
1.37015456825e-07
1.30164683984e-07
1.23656449785e-07
1.17473627295e-07
1.11599945931e-07
1.06019948634e-07
1.00718951202e-07
9.56830036423e-08
9.08988534602e-08
8.63539107872e-08
8.20362152478e-08
7.79344044854e-08
7.40376842611e-08
7.03358000481e-08
6.68190100457e-08
6.34780595434e-08
6.03041565662e-08
5.72889487379e-08
5.4424501301e-08
5.1703276236e-08
4.91181124242e-08
4.6662206803e-08
4.43290964628e-08
4.21126416397e-08
4.00070095577e-08
3.80066590798e-08
3.61063261258e-08
3.43010098195e-08
3.25859593285e-08
3.09566613621e-08
2.9408828294e-08
2.79383868793e-08
2.65414675353e-08
2.52143941586e-08
2.39536744507e-08
2.27559907281e-08
2.16181911917e-08
2.05372816321e-08
1.95104175505e-08
1.8534896673e-08
1.76081518393e-08
1.67277442474e-08
1.5891357035e-08
1.50967891833e-08
1.43419497241e-08
1.36248522379e-08
1.2943609626e-08
1.22964291447e-08
1.16816076875e-08
1.10975273031e-08
1.05426509379e-08
1.0015518391e-08
9.51474247149e-09
9.03900534791e-09
8.58705508052e-09
8.15770232649e-09
7.74981721017e-09
7.36232634966e-09
6.99421003217e-09
6.64449953057e-09
6.31227455404e-09
5.99666082634e-09
5.69682778502e-09
5.41198639577e-09
5.14138707598e-09
4.88431772218e-09
4.64010183607e-09
4.40809674427e-09
4.18769190705e-09
3.9783073117e-09
3.77939194612e-09
3.59042234881e-09
3.41090123137e-09
3.2403561698e-09
3.07833836131e-09
2.92442144325e-09
2.77820037108e-09
2.63929035253e-09
2.5073258349e-09
2.38195954316e-09
2.262861566e-09
2.1497184877e-09
2.04223256332e-09
1.94012093515e-09
1.84311488839e-09
1.75095914397e-09
1.66341118677e-09
1.58024062743e-09
1.50122859606e-09
1.42616716626e-09
1.35485880795e-09
1.28711586755e-09
1.22276007417e-09
1.16162207046e-09
1.10354096694e-09
1.04836391859e-09
9.95945722664e-10
9.46148436531e-10
8.98841014704e-10
8.53898963969e-10
8.1120401577e-10
7.70643814982e-10
7.32111624233e-10
6.95506043021e-10
6.6073074087e-10
6.27694203827e-10
5.96309493635e-10
5.66494018953e-10
5.38169318006e-10
5.11260852106e-10
4.856978095e-10
4.61412919025e-10
4.38342273074e-10
4.1642515942e-10
3.95603901449e-10
3.75823706377e-10
3.57032521058e-10
3.39180895005e-10
3.22221850255e-10
3.06110757742e-10
2.90805219855e-10
2.76264958862e-10
2.62451710919e-10
2.49329125373e-10
2.36862669104e-10
2.25019535649e-10
2.13768558867e-10
2.03080130923e-10
1.92926124377e-10
1.83279818158e-10
1.74115827251e-10
1.65410035888e-10
1.57139534094e-10
1.49282557389e-10
1.41818429519e-10
1.34727508043e-10
1.27991132641e-10
1.21591576009e-10
1.15511997209e-10
1.09736397348e-10
1.04249577481e-10
9.90370986069e-11
9.40852436765e-11
8.93809814927e-11
8.49119324181e-11
8.06663357972e-11
7.66330190073e-11
7.28013680569e-11
6.91612996541e-11
6.57032346714e-11
6.24180729378e-11
5.92971692909e-11
5.63323108264e-11
5.35156952851e-11
5.08399105208e-11
4.82979149948e-11
4.5883019245e-11
4.35888682828e-11
4.14094248686e-11
3.93389536252e-11
3.73720059439e-11
3.55034056468e-11
3.37282353644e-11
3.20418235962e-11
3.04397324164e-11
2.89177457956e-11
2.74718585058e-11
2.60982655805e-11
2.47933523015e-11
2.35536846864e-11
2.23760004521e-11
2.12572004295e-11
2.0194340408e-11
1.91846233876e-11
1.82253922182e-11
1.73141226073e-11
1.64484164769e-11
1.56259956531e-11
1.48446958704e-11
1.41024610769e-11
1.33973380231e-11
1.27274711219e-11
1.20910975658e-11
1.14865426875e-11
1.09122155532e-11
1.03666047755e-11
9.84827453672e-12
9.35586080989e-12
8.88806776939e-12
8.44366438092e-12
8.02148116188e-12
7.62040710378e-12
7.23938674859e-12
6.87741741116e-12
6.53354654061e-12
6.20686921358e-12
5.8965257529e-12
5.60169946525e-12
5.32161449199e-12
5.05553376739e-12
4.80275707902e-12
4.56261922507e-12
4.33448826382e-12
4.11776385063e-12
3.91187565809e-12
3.71628187519e-12
3.53046778143e-12
3.35394439236e-12
3.18624717274e-12
3.0269348141e-12
2.8755880734e-12
2.73180866973e-12
2.59521823624e-12
2.46545732443e-12
2.34218445821e-12
2.2250752353e-12
2.11382147353e-12
2.00813039986e-12
1.90772387986e-12
1.81233768587e-12
1.72172080158e-12
1.6356347615e-12
1.55385302342e-12
1.47616037225e-12
1.40235235364e-12
1.33223473596e-12
1.26562299916e-12
1.2023418492e-12
1.14222475674e-12
1.0851135189e-12
1.03085784296e-12
9.79314950811e-13
9.30349203271e-13
8.83831743107e-13
8.39640155952e-13
7.97658148154e-13
7.57775240747e-13
7.19886478709e-13
6.83892154774e-13
6.49697547035e-13
6.17212669683e-13
5.86352036199e-13
5.57034434389e-13
5.2918271267e-13
5.02723577036e-13
4.77587398184e-13
4.53708028275e-13
4.31022626861e-13
4.09471495518e-13
3.88997920742e-13
3.69548024705e-13
3.5107062347e-13
3.33517092297e-13
3.16841237682e-13
3.00999175798e-13
2.85949217008e-13
2.71651756157e-13
2.58069168349e-13
2.45165709932e-13
2.32907424435e-13
2.21262053214e-13
2.10198950553e-13
1.99689003025e-13
1.89704552874e-13
1.8021932523e-13
1.71208358969e-13
1.6264794102e-13
1.54515543969e-13
1.46789766771e-13
1.39450278432e-13
1.32477764511e-13
1.25853876285e-13
1.19561182471e-13
1.13583123347e-13
1.0790396718e-13
1.02508768821e-13
9.738333038e-14
9.2514163861e-14
8.78884556679e-14
8.34940328845e-14
7.93193312403e-14
7.53533646783e-14
7.15856964444e-14
6.80064116222e-14
6.4606091041e-14
6.1375786489e-14
5.83069971645e-14
5.53916473063e-14
5.2622064941e-14
4.9990961694e-14
4.74914136093e-14
4.51168429288e-14
4.28610007824e-14
4.07179507432e-14
3.86820532061e-14
3.67479505458e-14
3.49105530185e-14
3.31650253676e-14
3.15067740992e-14
2.99314353942e-14
2.84348636245e-14
2.70131204433e-14
2.56624644211e-14
2.43793412001e-14
2.31603741401e-14
2.20023554331e-14
2.09022376614e-14
1.98571257783e-14
1.88642694894e-14
1.79210560149e-14
1.70250032142e-14
1.61737530535e-14
1.53650654008e-14
1.45968121308e-14
1.38669715242e-14
1.3173622948e-14
1.25149418006e-14
1.18891947106e-14
1.12947349751e-14
1.07299982263e-14
1.0193498315e-14
9.68382339924e-15
9.19963222928e-15
8.73965061782e-15
8.30266808693e-15
7.88753468258e-15
7.49315794845e-15
7.11850005103e-15
6.76257504848e-15
6.42444629605e-15
6.10322398125e-15
5.79806278219e-15
5.50815964308e-15
5.23275166092e-15
4.97111407788e-15
4.72255837398e-15
4.48643045529e-15
4.26210893252e-15
4.04900348589e-15
3.8465533116e-15
3.65422564602e-15
3.47151436372e-15
3.29793864553e-15
3.13304171326e-15
2.97638962759e-15
2.82757014621e-15
2.6861916389e-15
2.55188205696e-15
2.42428795411e-15
2.3030735564e-15
2.18791987858e-15
2.07852388466e-15
1.97459769042e-15
1.8758678059e-15
1.78207441561e-15
1.69297069483e-15
1.60832216008e-15
1.52790605208e-15
1.45151074948e-15
1.378935212e-15
1.3099884514e-15
1.24448902883e-15
1.18226457739e-15
1.12315134852e-15
1.0669937811e-15
1.01364409204e-15
9.62961887438e-16
9.14813793066e-16
8.69073103413e-16
8.25619448242e-16
7.8433847583e-16
7.45121552039e-16
7.07865474437e-16
6.72472200715e-16
6.38848590679e-16
6.06906161145e-16
5.76560853088e-16
5.47732810434e-16
5.20346169912e-16
4.94328861416e-16
4.69612418346e-16
4.46131797428e-16
4.23825207557e-16
4.02633947179e-16
3.8250224982e-16
3.63377137329e-16
3.45208280463e-16
3.27947866439e-16
3.11550473118e-16
2.95972949462e-16
2.81174301989e-16
2.67115586889e-16
2.53759807545e-16
2.41071817167e-16
2.29018226309e-16
2.17567314994e-16
2.06688949244e-16
1.96354501782e-16
1.86536776693e-16
1.77209937858e-16
1.68349440965e-16
1.59931968917e-16
1.51935370471e-16
1.44338601947e-16
1.3712167185e-16
1.30265588258e-16
1.23752308845e-16
1.17564693402e-16
1.11686458732e-16
1.06102135796e-16
1.00797029006e-16
9.57571775556e-17
9.09693186779e-17
8.6420852744e-17
8.20998101068e-17
7.79948196014e-17
7.40950786214e-17
7.03903246903e-17
6.68708084558e-17
6.3527268033e-17
6.03509046313e-17
5.73333593998e-17
5.44666914298e-17
5.17433568583e-17
4.91561890154e-17
4.66983795646e-17
4.43634605864e-17
4.21452875571e-17
4.00380231792e-17
3.80361220202e-17
3.61343159192e-17
3.43276001233e-17
3.26112201171e-17
3.09806591113e-17
2.94316261557e-17
2.79600448479e-17
2.65620426055e-17
2.52339404752e-17
2.39722434515e-17
2.27736312789e-17
2.1634949715e-17
2.05532022292e-17
1.95255421177e-17
1.85492650119e-17
1.76218017613e-17
1.67407116732e-17
1.59036760895e-17
1.51084922851e-17
1.43530676708e-17
1.36354142873e-17
1.29536435729e-17
1.23059613943e-17
1.16906633246e-17
1.11061301583e-17
1.05508236504e-17
1.00232824679e-17
9.52211834449e-18
9.04601242727e-18
8.5937118059e-18
8.16402621561e-18
7.75582490483e-18
7.36803365959e-18
6.99963197661e-18
6.64965037778e-18
6.31716785889e-18
6.00130946594e-18
5.70124399265e-18
5.41618179301e-18
5.14537270336e-18
4.8881040682e-18
4.64369886479e-18
4.41151392155e-18
4.19093822547e-18
3.9813913142e-18
3.78232174849e-18
3.59320566106e-18
3.41354537801e-18
3.24286810911e-18
3.08072470365e-18
2.92668846847e-18
2.78035404505e-18
2.64133634279e-18
2.50926952565e-18
2.38380604937e-18
2.2646157469e-18
2.15138495956e-18
2.04381571158e-18
1.941624926e-18
1.8445436797e-18
1.75231649572e-18
1.66470067093e-18
1.58146563738e-18
1.50239235551e-18
1.42727273774e-18
1.35590910085e-18
1.28811364581e-18
1.22370796352e-18
1.16252256534e-18
1.10439643708e-18
1.04917661522e-18
9.96717784461e-19
9.46881895238e-19
8.99537800476e-19
8.54560910452e-19
8.1183286493e-19
7.71241221683e-19
7.32679160599e-19
6.96045202569e-19
6.61242942441e-19
6.28180795318e-19
5.96771755553e-19
5.66933167775e-19
5.38586509386e-19
5.11657183917e-19
4.86074324721e-19
4.61770608485e-19
4.38682078061e-19
4.16747974158e-19
3.9591057545e-19
3.76115046677e-19
3.57309294343e-19
3.39443829626e-19
3.22471638145e-19
3.06348056238e-19
2.91030653426e-19
2.76479120755e-19
2.62655164717e-19
2.49522406481e-19
2.37046286157e-19
2.25193971849e-19
2.13934273257e-19
2.03237559594e-19
1.93075681614e-19
1.83421897533e-19
1.74250802657e-19
1.65538262524e-19
1.57261349398e-19
1.49398281928e-19
1.41928367831e-19
1.3483194944e-19
1.28090351968e-19
1.21685834369e-19
1.15601542651e-19
1.09821465518e-19
1.04330392243e-19
9.91138726304e-20
9.41581789989e-20
8.94502700489e-20
8.49777565465e-20
8.07288687192e-20
7.66924252832e-20
7.2857804019e-20
6.92149138181e-20
6.57541681272e-20
6.24664597208e-20
5.93431367348e-20
5.6375979898e-20
5.35571809031e-20
5.0879321858e-20
4.83353557651e-20
4.59185879768e-20
4.3622658578e-20
4.14415256491e-20
3.93694493666e-20
3.74009768983e-20
3.55309280534e-20
3.37543816507e-20
3.20666625682e-20
3.04633294398e-20
2.89401629678e-20
2.74931548194e-20
2.61184970784e-20
2.48125722245e-20
2.35719436133e-20
2.23933464326e-20
2.1273679111e-20
2.02099951554e-20
1.91994953977e-20
1.82395206278e-20
1.73275445964e-20
1.64611673666e-20
1.56381089982e-20
1.48562035483e-20
1.41133933709e-20
1.34077237024e-20
1.27373375173e-20
1.21004706414e-20
1.14954471093e-20
1.09206747539e-20
1.03746410162e-20
9.85590896535e-21
9.36311351708e-21
8.89495784123e-21
8.45020994917e-21
8.02769945171e-21
7.62631447912e-21
7.24499875517e-21
6.88274881741e-21
6.53861137654e-21
6.21168080771e-21
5.90109676733e-21
5.60604192896e-21
5.32573983251e-21
5.05945284089e-21
4.80648019884e-21
4.5661561889e-21
4.33784837946e-21
4.12095596048e-21
3.91490816246e-21
3.71916275434e-21
3.53320461662e-21
3.35654438579e-21
3.1887171665e-21
3.02928130817e-21
2.87781724276e-21
2.73392638063e-21
2.5972300616e-21
2.46736855852e-21
2.34400013059e-21
2.22680012406e-21
2.11546011786e-21
2.00968711196e-21
1.90920275637e-21
1.81374261855e-21
1.72305548762e-21
1.63690271324e-21
1.55505757758e-21
1.4773046987e-21
1.40343946376e-21
1.33326749058e-21
1.26660411605e-21
1.20327391024e-21
1.14311021473e-21
1.085954704e-21
1.0316569688e-21
9.80074120356e-22
9.31070414338e-22
8.84516893621e-22
8.4029104894e-22
7.98276496493e-22
7.58362671669e-22
7.20444538085e-22
6.84422311181e-22
6.50201195622e-22
6.17691135841e-22
5.86806579049e-22
5.57466250096e-22
5.29592937591e-22
5.03113290712e-22
4.77957626176e-22
4.54059744867e-22
4.31356757624e-22
4.09788919743e-22
3.89299473756e-22
3.69834500068e-22
3.51342775065e-22
3.33775636311e-22
3.17086854496e-22
3.01232511771e-22
2.86170886182e-22
2.71862341873e-22
2.5826922478e-22
2.45355763541e-22
2.33087975364e-22
2.21433576595e-22
2.10361897766e-22
1.99843802877e-22
1.89851612734e-22
1.80359032097e-22
1.71341080492e-22
1.62774026467e-22
1.54635325144e-22
1.46903558887e-22
1.39558380942e-22
1.32580461895e-22
1.25951438801e-22
1.19653866861e-22
1.13671173518e-22
1.07987614842e-22
1.025882341e-22
9.74588223946e-23
9.25858812749e-23
8.79565872111e-23
8.35587578506e-23
7.9380819958e-23
7.54117789601e-23
7.16411900121e-23
6.80591305115e-23
6.46561739859e-23
6.14233652867e-23
5.83521970223e-23
5.54345871712e-23
5.26628578126e-23
5.0029714922e-23
4.75282291759e-23
4.51518177171e-23
4.28942268313e-23
4.07495154897e-23
3.87120397152e-23
3.67764377295e-23
3.4937615843e-23
3.31907350508e-23
3.15311982983e-23
2.99546383834e-23
2.84569064642e-23
2.7034061141e-23
2.56823580839e-23
2.43982401797e-23
2.31783281708e-23
2.20194117622e-23
2.09184411741e-23
1.98725191154e-23
1.88788931596e-23
1.79349485017e-23
1.70382010766e-23
1.61862910227e-23
1.53769764716e-23
1.4608127648e-23
1.38777212656e-23
1.31838352023e-23
1.25246434422e-23
1.18984112701e-23
1.13034907066e-23
1.07383161713e-23
1.02014003627e-23
9.69133034458e-24
9.20676382735e-24
