0.671133732416
-0.170043051789
0.147294644548
-0.126518729284
0.165003084097
0.0851355636112
-0.113236302538
0.191401038392
0.176774507409
-0.00524357657923
0.0508020366148
-0.109571899158
0.0570860217307
-0.0919772157932
0.0852368398559
0.0165027507544
0.258885095021
-0.048444687795
0.0848884826811
-0.123097047562
-0.0566755494566
0.0814538373819
-0.0432265260488
0.116228204951
0.153070268479
0.0149497911943
0.0958955115425
-0.210753958276
0.030802359078
-0.0616185664225
0.0428191783053
0.0659137979312
0.138042604515
0.040493153045
0.0101365196
-0.102402124862
10.4944104057
-2.59568672005
2.01921909468
-2.3686089589
2.50958716178
0.710538628888
-1.7959052916
1.79031057944
3.46706222385
-0.891137059852
0.898080192105
-1.78738759581
0.315389245079
-1.52926257748
1.48426419491
-0.631547814448
4.23756397692
-1.40701942063
2.17495045169
-1.86208935399
-0.469498759121
0.332001103127
0.355075729772
0.104338248754
2.48804091953
-0.635879954659
1.69574821678
-2.18151411171
0.334425210587
-0.909931977581
1.03401098521
-0.557405967116
2.39375919981
-0.781570434223
1.1950019919
-1.26523640446
41.9848961503
-7.0984545396
8.30890436755
-8.01844140072
10.2068051615
0.113023284985
-3.85588732249
2.30102814783
13.6064515129
-3.44920594894
4.35317305993
-3.47196662216
2.53584004874
-4.40968121521
6.19941534759
-3.01485310037
13.3229279497
-4.67225912257
8.04120438702
-4.29672599338
1.07567060769
-1.28135895361
3.59385807396
-2.43399258768
7.41971668451
-2.48145633733
5.34442708664
-3.87398510649
2.35267399976
-2.61282602338
4.33367469611
-3.37810364558
6.67498340677
-2.94217042332
4.14298296502
-2.775030771
75.6637301759
-9.12946755103
15.8188202399
-12.941399375
17.9392490495
-3.71700605948
-4.0144739315
-0.554207369538
23.0549991923
-5.83342102388
9.39368696958
-1.79430762926
6.86023175827
-6.27250252235
11.1084916983
-5.92160865419
20.2787531202
-7.92197007033
13.0477825811
-5.07293706618
4.84232452079
-2.99414792371
6.8092554101
-4.6693943765
10.2676318403
-3.65172195945
7.71888030753
-3.31183596998
4.96571239091
-3.30093103415
6.85882142569
-4.98446466794
8.68092085724
-4.21993703677
5.91219626015
-2.91688338296
88.2886948476
-10.2690733597
18.109122691
-11.1793760886
18.734708527
-5.07182404389
-4.62440570516
-3.13592679614
21.8942287434
-4.94038994628
12.6467669559
2.4204760374
8.74930145416
-4.78546459275
11.0812689687
-6.88400440815
21.17017358
-9.16484525418
12.7945858015
-3.16682384295
7.09685535718
-0.790453188739
4.81431356907
-3.65062536655
8.84851737767
-3.07248046336
7.56194233646
-1.7775095042
5.37199792655
-1.82761273315
6.03982998423
-3.65390320947
7.73730446111
-3.97662383712
5.63298962246
-1.75629718887
87.5738146462
-14.7643439717
16.9653334778
-6.91538365723
15.9042695457
-0.151245640979
-6.53743808992
-2.61805501659
16.2261951373
-2.70605238058
14.0257169502
0.955869650757
7.77508851619
-2.86634351326
8.52232207585
-5.4479028033
21.011108817
-8.27168019312
11.5484795388
-1.97394736296
7.48806632533
1.96509469309
0.968912192249
-1.24443730132
7.6332917988
-2.17488337405
7.6818024766
-2.75749421555
5.21817599558
-1.15814104598
4.33102245411
-1.81054565998
6.70432216819
-2.54594266862
5.61251279316
-1.26405200362
85.3501535143
-18.8136531116
17.0172652241
-4.803769089
14.6727819371
4.37305961449
-7.91095340721
0.1855066946
13.9015913361
-1.6991314372
12.7027212922
-3.77001215113
5.74966523366
-2.63176013947
4.90378188236
-1.94447031917
20.514914831
-6.01597361814
10.8601670343
-1.61594208781
7.30579800624
1.05371326675
-1.65112498998
1.32645925841
6.56435581682
-0.823776334371
6.51487331195
-2.48677405646
4.46958339362
-1.79864752282
1.87165507458
-0.141637022526
5.21006660594
-0.997524896458
4.65182384529
-0.248263065521
81.0800747158
-18.3495934479
15.2961724034
-3.77447424671
15.054004814
3.05477034244
-7.3128177878
6.72658026527
12.8822458488
2.18533046845
7.33005841682
-1.91259278594
4.97471424452
-3.35756260246
1.58626367393
1.17789510271
18.6603114102
-3.03035389345
8.35401799357
0.287500556405
6.41247015104
-0.0215151542881
-2.78087601245
4.18873343942
4.76996527553
1.98906661142
3.58528359556
0.669119913398
3.90413044298
-1.83464117068
0.830187883623
0.70750952261
4.31693077948
0.31212150451
2.78315454949
1.56127396727
79.3654130172
-15.619101649
11.5884451529
-8.65209251123
21.1248552021
-2.61500207179
-1.31578480146
11.1253281549
13.6170207283
10.180791742
1.10171888841
0.315760447053
6.24892018151
-3.03006878379
2.36288210145
1.2792266291
20.805275713
-2.78713865421
7.15362739979
-1.19749571163
5.92450065679
-0.127014015598
-1.23864797728
5.47405787994
4.740503119
5.67522946805
0.517284652028
0.756051833098
3.84379921095
-2.2122045624
2.52325524496
0.317176191029
6.69903389572
-0.128761106378
2.81649434161
0.377280497763
84.0889171862
-16.1490514916
8.842669329
-20.4918123696
32.8725792455
-9.3752126895
8.74093636542
7.86486629044
16.569995265
15.0882273054
-0.132887195003
-2.19794517646
8.53062339499
-2.8339169171
5.99725378003
0.993225425187
26.5186916041
-6.49248802738
8.00975213603
-4.41752667236
8.36404755205
-1.70090325156
2.33760002687
4.28369858464
7.29512172161
6.75805528555
0.332694931318
-0.791151101607
4.44321903334
-2.97060045936
4.50846251797
0.915126734764
8.84874300773
-1.79735102879
4.05601259529
-0.719542111897
91.3348710005
-18.4681169303
11.5613431248
-29.6942158525
39.3503343301
-17.1576366455
13.8722614745
1.76240548388
17.3841418363
11.8056456312
4.28768886949
-1.87765708902
7.86969075716
-5.82497552675
7.94336949743
3.40048983796
24.597339901
-8.44036163
8.42032114994
-4.36149105711
7.91008672094
-3.59707905289
4.48953433733
2.19478249712
7.01060664163
5.6865244562
2.30802605914
-0.827387361306
2.99414648525
-1.90073262987
3.73541629391
1.09457203749
6.71933388517
-1.10789586797
3.31002690383
-0.353939608681
90.3636350101
-15.7568513694
17.4065463506
-26.0856014941
33.0216622351
-22.5947377539
8.20249363593
-1.00791946192
16.2047468369
3.13704050154
11.2263256391
3.56196728018
7.18923321474
-8.28634755938
10.9727912115
4.88430792522
12.6078141785
-5.08839853282
8.37718637655
-1.84935987428
1.42489304067
-1.37404220692
5.56526654676
0.553322355296
4.27650423473
6.22856013405
4.38677676383
-0.850669189662
1.91701124224
1.72110282401
0.778417221573
-0.266370198406
3.82471082416
1.53230098455
0.289379638336
0.602935999145
85.8304834316
-10.1304171957
22.1973771147
-18.6245792307
25.090440095
-26.6849211353
-0.560767031928
-0.454670247001
16.1893453482
-5.57684284659
15.9554968381
7.29457778633
8.8605961264
-8.7073590287
14.3706131489
3.67743989465
6.494158405
-2.00201847246
11.1361573621
-3.32171107308
-2.08558785194
-2.07121318495
5.49465666888
-1.2337117394
4.42989257443
5.61457283508
5.85937591275
-1.21042158425
3.95328724536
2.19313771459
-0.0410588119343
-1.59945826109
3.92019253805
1.52769789461
0.926263002991
0.0819496215367
87.7427157944
-12.676293466
26.4008822424
-21.6414025428
23.7702789443
-26.4429976788
-1.12276563853
1.35734731901
16.3267830843
-10.4965582303
12.3672117226
5.31579293745
10.0677491531
-7.66984237853
10.3093025846
0.657813694722
17.1714439765
-3.34442608461
16.0479335838
-10.7021302428
5.49585080079
-8.59818533381
5.74911780544
-1.04228054642
8.52245132154
0.266575874338
2.81512862926
-1.17707055705
5.79823496308
-0.781571348023
0.0579438578058
-2.44393892996
8.60472238141
-1.47930908613
6.7297744765
-4.34931941388
100.777561824
-23.9686704044
33.916292719
-33.4559334017
31.796247493
-20.9382497636
1.98638353536
3.50081055254
13.973930679
-11.3557666909
-0.147995481812
0.96264930426
10.6602786546
-8.74588686896
5.67331043149
-5.96448927905
36.8217576208
-11.0753565005
22.8211379399
-19.9919098058
20.0364044158
-11.9057238913
7.51266567542
0.877363923372
10.6724499197
-3.57133915909
-3.81144281361
-1.81623974642
7.21654979857
-4.94117941234
2.10486235864
-7.08446222
17.2063487508
-9.12243485009
12.68199169
-11.0260710466
116.569582831
-29.9994998771
41.1238741613
-37.9486972683
37.2147669114
-10.9105786813
3.20783731466
8.24467206315
14.1743914532
-11.204749802
-6.94418758491
-6.01917765329
15.5900375955
-13.7109264177
8.83706351499
-12.8262147859
46.2058235353
-17.5194631957
25.0254592114
-20.2535333768
24.8073665568
-8.69284388514
7.33913457617
4.04194959015
11.6962358589
-4.5207487888
-3.15872971415
-5.16382936324
10.7731541177
-9.17831951911
6.80402205397
-9.33207719793
19.5106207775
-12.3583054267
11.8046160115
-10.0566881205
115.584322986
-26.2436152832
39.8565276517
-32.3432805185
31.0452795412
-6.29341044758
4.46116724544
12.1114838812
19.4657141336
-13.1741352122
-3.37537064879
-11.2504344983
20.4258715066
-11.5535958773
11.8161780366
-10.5406293179
38.9560973667
-17.984199289
19.1408348527
-14.7250426679
21.9941184294
-7.56230758783
5.56708562817
2.38319904849
13.4264167185
-6.41141239507
2.918039164
-7.30926244912
13.8916569946
-8.63669011168
8.55826893459
-6.54886526012
15.8468503761
-10.4302145441
7.94832803874
-7.88988475041
108.52662398
-24.2680890928
33.5929365955
-27.6373603558
24.0603240776
-11.7080664754
5.42101206638
9.46167044126
25.7553229634
-14.9253434897
4.11146164443
-15.0679013856
22.8775290483
-6.30948260196
14.8125998743
-7.62867484563
35.2884228595
-16.3116956171
15.1641137073
-15.7560229967
21.1175030454
-10.6330393485
6.82720361574
-3.74983100158
16.9205750996
-9.10269628996
8.31109812863
-10.4975046497
16.4076624423
-7.53877394405
11.6862664676
-6.5677500148
16.4739054287
-9.24044042111
8.37643674069
-10.6511430287
122.973789548
-26.653303014
24.2229849674
-24.0579505781
32.9073321319
-26.7446494146
7.08066481732
-2.96034031891
31.0860122462
-12.6983525422
12.8221460167
-19.0300352259
29.5495343531
-6.91425939439
19.3382883278
-9.62135003348
37.6436690697
-15.1691219503
14.8204242892
-21.0929836509
22.0964265675
-15.332552161
9.31163342684
-8.90756556722
21.1424201732
-9.21516899081
13.336555421
-11.6560431419
18.6096705224
-7.8735411344
12.2042980055
-9.93305915059
15.9740186377
-9.58414248572
9.0111836209
-11.7195537792
271.87971968
-42.3099331186
-48.19688953
38.5418163871
62.0418612314
-77.0149821324
-1.32771353049
-47.0138444786
50.3238602724
15.8605760339
-2.60382125338
-19.9256700615
82.3860206204
23.5997076763
0.504612543005
8.32819183729
58.0060149753
-21.7559241649
-0.534581541904
-41.1862205838
12.9177305729
1.9874061784
-19.2210330314
-15.3402859328
45.878891612
14.6349664003
18.5976554147
-4.24556887731
33.2627640259
11.6724879798
1.17794315149
-21.2707465814
2.55476741324
-2.53524566479
-4.52492448351
-26.0326660195
1016.3709548
-191.365685873
-335.682907247
451.659544397
41.4338030781
-191.942853882
-54.5254477222
-311.327691675
175.176659927
125.993225417
-177.777495936
-34.8878574828
286.749462042
261.915214521
-139.760618645
116.333446409
240.254360156
-48.6957665585
12.5988681707
-170.308510857
-67.4044224008
121.518443938
-200.646361269
-139.65304303
107.741175765
109.561776513
64.7937614185
-44.7437737953
165.134604735
172.857606057
16.6920180563
-11.6878711911
-58.2790473572
49.6976944431
-10.5110951317
-204.791989211
2629.55598779
-667.964862296
-840.744292914
1481.18405005
-183.159979777
-226.922970462
-85.5862014745
-904.043080246
524.342287093
331.249722518
-580.522728379
-136.489652063
591.284010796
817.242885291
-485.457573364
280.78324692
685.31592393
-96.218813147
223.487020865
-388.788637447
-290.19312479
456.822685086
-458.115016813
-491.160316478
131.139190615
239.426155417
161.631751606
-192.367284682
358.346041492
463.19243887
137.446998519
137.777883947
-182.971826075
147.245892383
164.792922602
-516.271593751
4451.00633427
-1420.0756932
-1333.72566834
2807.76896344
-545.579512693
-330.740694425
-25.205506794
-1357.66013179
985.644110092
452.67292482
-952.87501147
-142.101927719
874.152982921
1433.48159255
-958.410810318
432.249950716
1237.76659496
-293.371838371
406.397544638
-457.114033998
-566.019930331
763.652254555
-598.696035073
-734.165914337
201.394406571
315.122353093
295.239272031
-265.33173173
566.488534624
627.730953496
121.426484992
360.933901742
-233.83644496
51.1744700492
273.905447287
-682.911169499
5803.17135731
-2338.41190916
-1809.37359817
4028.60205175
-620.415637043
-792.341484799
10.0548399924
-1310.87811938
1481.50765199
283.945336118
-1316.03538899
-82.4797850841
1141.46450516
1835.75115556
-1570.16899914
530.56612257
1808.65516817
-556.492469601
368.411791457
-348.074231926
-705.387589801
927.507985541
-677.554171193
-742.291523427
241.248541545
327.524881858
403.722876455
-339.563815023
735.022120094
649.222686854
-67.7199363382
567.003616369
-211.438150914
-144.52512315
290.732034497
-677.721976859
7304.17938278
-3648.05154764
-2371.66941012
5420.46285214
-698.80127271
-1565.73313163
10.8162021515
-1234.10003447
2083.64918456
-95.7408393558
-1715.34906984
-10.6246089097
1589.87158303
2266.1068461
-2325.3081669
707.688022021
2504.39052313
-869.104069219
276.041158638
-377.129339906
-902.517822885
1201.72373134
-916.102805095
-948.435567379
249.446135406
512.950410594
510.090528853
-540.694306545
943.787232474
846.415518648
-150.727934635
734.226655099
-370.898108525
-276.934709547
464.257560075
-892.350788669
8378.23108847
-4741.0455813
-2581.77215266
6275.89397674
-927.626414213
-1915.26944649
151.689558074
-1340.85865124
2640.46511234
-328.06556456
-1905.52677006
-59.4938812632
1823.4465263
2536.55312033
-2874.55211553
609.7552933
2860.4232683
-908.988284502
160.915454464
-532.221517748
-912.923245059
1585.97813847
-935.732833247
-1121.05634589
177.861455113
876.994869388
638.860023984
-882.847510246
835.456782888
1033.42081534
-110.566474186
567.778389642
-578.433182324
-199.301875545
683.225027633
-865.272646963
9103.1381959
-5509.60941043
-2209.57059616
6674.75981881
-1297.66083075
-1918.9600574
201.026448878
-1801.46624049
3028.89081209
-367.421445389
-2098.01063076
-223.664598176
2261.95153718
3068.7786379
-3263.47087613
578.993725828
3149.65720023
-710.11140969
58.529441446
-1025.67100221
-1059.2616923
2014.51926823
-1081.66133181
-1499.3289859
-36.667536934
1425.56818414
991.707491106
-1296.75871659
822.154808395
1434.98590196
112.234759713
430.931379488
-1043.47806884
-200.009829233
970.626325223
-1099.53219712
9436.76729864
-6336.52667262
-1934.0504445
7191.74323538
-1814.68241996
-1802.99362674
396.646998811
-1959.94984198
3492.10519836
-647.556431475
-2350.76647255
-20.5163268108
2103.93287086
3119.922805
-3583.61917117
419.823225776
3394.66835621
-761.788295319
27.1265456363
-1109.0673048
-946.76599177
2363.46019046
-1262.62262636
-1526.61735448
160.065644904
1276.06027644
1110.84861697
-1428.9296091
574.54287732
1573.38095987
37.6809231423
318.46162011
-1004.73289616
-160.438754223
1102.52810607
-1075.86440254
10000.0
-6317.00870887
-2553.10756286
8199.27098481
-2109.03492807
-1921.41711396
396.403049887
-2343.2424109
3663.77895048
-538.862468665
-2760.42232915
544.842827106
1973.72988112
3378.21539288
-2996.79485641
-39.6935930328
3711.02469854
-724.537694072
-53.6116678076
-1095.24110214
-1347.8591628
2322.82058001
-1233.55768195
-1704.16667564
451.838228561
902.021808213
1464.63580032
-904.024759851
263.656644312
1826.45468378
70.0559535528
259.334438031
-848.500400535
-609.210748954
929.774091844
-1066.00124978
9926.07340636
-5749.04548119
-3636.34335658
9203.77497627
-2029.85788999
-2028.67521126
700.101352655
-2468.81216134
3602.31701205
-340.320466934
-3231.7040648
885.945234939
1433.88967054
3077.94390227
-2335.96608912
-655.206134888
3977.79895654
-651.242210969
-147.701054278
-551.433464358
-1405.2734214
2092.99341819
-1003.96245152
-1742.22218036
651.786708055
413.918425842
1324.70933085
-546.721834712
-25.2794984545
1897.31822143
-18.3656053319
209.604560112
-336.339271443
-680.687387344
801.807923855
-822.210652231
9519.42450482
-4717.5808562
-4330.86478222
8922.29590833
-1521.97520537
-2294.92876802
663.990096081
-2132.11323337
2984.52050565
39.700368097
-2844.41473006
1036.41829131
1184.56272117
2960.70300599
-1568.3917355
-867.135826723
3648.74377361
-611.944612964
-443.024291861
-128.217671087
-1387.21417339
1326.71761004
-615.405993757
-1404.10585103
711.244364985
239.990065979
1140.53977383
-29.0027715471
26.6886676481
1604.50668038
-108.552886758
47.1876118848
-20.6081480649
-817.159822911
262.460592935
-575.39481627
8653.61015445
-3707.03865389
-4226.42654732
7377.99921183
-225.327370372
-2410.52003705
197.164384687
-1339.98967387
1982.79133909
218.909849232
-2380.24950709
564.024119539
809.338940928
2601.3056382
-1051.26838433
-828.270165046
2982.79640951
-233.406842335
-520.875494155
181.296628565
-1205.46344195
526.090865987
-137.251821175
-1163.7343929
386.452948276
73.7089852337
911.010587745
312.292594952
45.6514757188
1173.92620452
68.1937003225
81.9267019379
235.413998407
-806.969954186
-84.8791435383
-176.808957851
7827.39456717
-3003.41903191
-3883.37630805
5822.7276601
902.408248425
-2434.96608436
-380.185891329
-697.390124848
1505.8967534
554.48698126
-1939.60355879
280.030103167
780.325045848
2675.31219506
-626.227718451
-951.234898329
2276.49111711
385.702071428
-650.507454375
72.0198724699
-1063.89266714
114.032282946
319.013159683
-911.990665417
69.0857933911
124.012080193
986.06597958
539.203102572
-31.318594353
744.475006729
374.741568662
-11.765150547
146.214067247
-721.243699468
-400.216377125
17.8100707713
7333.88352791
-2509.81805045
-3554.33073769
4449.57777998
1847.41418382
-2279.29128849
-1040.18997627
-425.617889433
1357.99334117
606.268474052
-1772.46277967
-217.858034731
630.590472737
2788.14388135
-407.382455611
-1270.97729261
1739.2507535
1149.71793441
-767.959727195
-270.79870771
-828.685507125
-73.6659264585
511.035136985
-733.087639133
-392.351285635
147.76482893
1128.14469988
549.881771826
-198.031368082
429.898925875
726.856702515
-4.91754699251
-32.2324949659
-577.984921721
-500.088569704
162.710206508
6994.27750237
-2155.20082085
-3475.74662717
3568.32241955
2625.59380248
-2175.15878633
-1533.0636626
-194.909047462
1359.98604303
731.769211201
-1625.85115012
-573.846392715
864.428138229
2919.01601029
-316.784028784
-1396.04051028
1414.54553052
1562.20430993
-750.902901695
-605.725320501
-667.151125224
-59.4655710408
593.871059727
-595.44192645
-640.377510198
344.351616171
1243.44189166
469.960440426
-197.230474321
364.088454663
753.342715225
46.8782580519
-192.054541091
-549.29626911
-451.307750603
163.549961847
6548.53592252
-1593.81055595
-3399.04437479
2801.76194107
3017.69664639
-1860.26586988
-1737.7898936
-162.635110213
1049.66054196
925.292873207
-1439.66733841
-985.744056011
1016.38747452
2725.15535043
-254.541233432
-1161.9546489
1117.00108056
1446.50784699
-445.570202266
-767.811563792
-603.291723265
-95.6752177528
454.534247284
-476.504508893
-644.137446671
359.785951906
1117.78471947
410.688811904
-20.7867438916
371.650892355
538.346210255
113.256520962
-217.774778369
-505.568210149
-411.258834551
2.59043341984
6076.68568198
-936.945616049
-3375.37885224
2191.50161576
3184.31205631
-1525.2006372
-1832.35852056
-137.427568752
724.941259113
1062.33650304
-1129.10364398
-1158.63970029
995.345412308
2557.86876891
-100.72041512
-933.101797103
817.724171937
1259.28341365
-164.970364886
-874.052428742
-575.432066058
-81.4172247549
360.687769882
-331.651836787
-521.284320005
342.755588042
1045.79437989
436.879807411
39.5430180663
311.334606179
428.916932169
149.916604059
-287.692050692
-478.485104674
-329.449076638
-34.8883521257
5836.49436713
-557.306391684
-3335.65656194
2094.84848042
2951.73023795
-1459.66086454
-1900.68688191
-8.15076662681
558.004669991
886.005097486
-827.792042359
-1059.12288441
809.847533328
2433.78087357
43.0010643191
-850.924551516
759.520007488
1083.79379282
-45.7120960548
-961.348398586
-601.755162809
-61.1468815947
273.120313424
-341.791374971
-437.442155006
381.514788597
968.430904848
469.298121705
57.0379897092
288.381908872
389.23761987
168.215343616
-403.778859941
-491.079933092
-263.34980809
-84.8583925905
5668.12194158
-469.13970058
-3353.89644899
2314.98258002
2622.46805411
-1466.27016438
-1864.81920576
211.517774344
354.727833296
723.895487829
-506.298317457
-973.245285205
594.752257527
2418.08015918
105.384090431
-836.007035512
716.677399949
909.114547966
93.8598627373
-966.713306769
-618.792659938
-55.4833042232
376.766281746
-314.644780063
-408.576504627
368.978978039
950.702812022
508.673739418
-8.83298241395
181.292739533
349.853814875
263.739462719
-450.828788903
-524.862319504
-237.349976116
44.375755811
5509.74179576
-592.969633226
-3070.29185576
2229.27697253
2295.65773216
-1285.47726569
-1749.92854616
160.650279978
102.879772615
827.084935718
-439.506281949
-1005.57780888
531.414776827
2333.47296765
144.523639093
-702.129574475
498.168408966
866.149386475
293.687066753
-1002.43308518
-706.302648424
-106.303785069
504.107852763
-371.212516749
-440.482630915
230.177053101
982.727724873
619.133399418
-64.5470480008
55.0411658358
405.252202586
393.156943769
-474.545987485
-561.465237147
-307.084108859
156.686724749
5112.25462411
-889.523787133
-2437.48290034
1883.81687452
1967.91705028
-795.228467187
-1423.93344657
-128.479071302
-87.6504951875
1153.2262523
-476.990430647
-1035.33216993
523.546111555
2147.49046025
150.982142875
-462.164178959
136.775077859
804.333088654
517.422064251
-939.605327469
-757.207189897
-114.466470905
680.146443714
-339.407543872
-363.831949917
70.7288339449
978.196604397
673.939688416
-104.969046305
-132.128743779
375.086244233
445.42874333
-447.948003069
-553.970868033
-347.340891139
284.749874419
4888.51603776
-954.990345277
-1930.81150885
1497.60075237
1662.02474201
-453.442067362
-1329.45953256
-478.689562367
-230.042345448
1307.06471953
-473.52448566
-1014.02339879
498.691827027
2022.50805326
245.541334821
-252.326569005
-34.3013566847
666.533331077
535.047683271
-835.969513758
-831.364160335
-257.765502585
633.368900728
-280.737029983
-275.849248878
51.7094285927
915.515518957
685.491493769
47.1341295204
-118.881349496
266.349901923
351.55457411
-391.618654529
-531.321674039
-394.269961682
182.234841268
4718.94923162
-751.121967924
-1609.8311837
1276.26449096
1585.26742586
-191.671699771
-1240.32595203
-614.855609788
-368.145555419
1228.96591734
-272.184430991
-848.823853843
307.382722495
1924.89645442
435.227445174
-1.77421709683
-45.5416517369
382.668184161
473.944513253
-577.744927663
-767.921689474
-544.034161113
489.644495533
-75.9568905208
-64.2066186168
69.1782759393
748.712650454
693.355254781
320.300674805
-9.71576016936
-5.39684862331
182.833027607
-289.356435079
-422.89367994
-519.253247993
-8.78210751063
4716.44874852
-384.693773474
-1371.4566987
1039.80130536
1540.39728527
53.0757403748
-1098.66058483
-832.971971212
-578.126821514
1095.54824431
-114.723903979
-732.931959538
-30.4562757909
1866.48551985
721.040330291
189.30155024
-43.0169002369
268.866362774
494.337521463
-355.56654194
-743.442530752
-840.524358305
332.079168096
38.411316197
-15.0600865582
-75.8726626913
679.11047696
786.725658985
511.270903628
78.749923714
-76.6874194724
183.588662245
-178.811820456
-375.267547465
-661.795248492
-126.092939941
4627.69278743
-267.799233236
-1264.08022191
834.959183608
1639.02343774
191.057886632
-907.685644963
-969.544705249
-602.057205652
1112.87148548
-20.9761562775
-590.042080549
-306.543240843
1909.53741928
879.059031038
117.04392457
-128.990431434
349.188854416
385.096689396
-310.616492538
-663.723669693
-889.611515591
320.978364207
172.505325888
85.6045292763
-164.800897892
774.332810747
775.989942394
445.153088171
10.0882958716
-75.9231045034
49.6783742086
-223.26550067
-338.42714528
-655.549423499
-81.3673381306
4514.53224386
-99.386233264
-1135.2831447
691.926215416
1687.47956708
82.5790339425
-817.289749587
-1042.51350403
-740.887293273
926.645388252
105.767476309
-406.598587611
-459.336713886
1927.03516784
1014.57085811
158.587161665
-63.6150061764
368.14996978
118.831657372
-262.926178011
-549.026883805
-1001.13300825
102.728604967
237.270975616
218.959384614
-142.522256266
812.43069366
722.141121503
495.37660913
163.197236192
-49.0496990883
-181.643724883
-259.475948443
-248.445279939
-663.102993542
-202.615379217
4235.01737569
79.1357485212
-1054.4782327
690.785799791
1590.18745544
41.9738370079
-623.309757223
-867.50061624
-844.121339787
646.851058619
359.217120328
-355.034179628
-578.515348167
1730.41796473
976.833220899
263.751084133
110.898656511
205.889020923
-92.2274368375
-66.0160371449
-299.696882322
-1012.48782838
-158.073261507
318.171936988
303.427932854
-28.8612782718
675.866209788
523.087309684
458.46540007
359.340916871
-12.3292483593
-369.617223109
-269.831971014
-125.836973083
-504.762512593
-237.398284177
3974.57032568
197.023323481
-1089.64032698
753.38513845
1209.42509939
-71.817472702
-603.128609528
-655.446114989
-794.436899088
384.275513999
694.410490157
-325.743747764
-501.027648179
1505.3942505
952.259227262
303.295779454
187.78721015
-29.6092358621
-287.964905667
-12.6528158359
-135.930206547
-959.53797592
-377.234013503
421.5834615
389.734761084
164.925011895
551.007893328
403.842462933
399.51722684
456.73940109
-4.87284041561
-537.591725271
-376.268283895
-104.898638996
-349.355082987
-258.240935523
3846.14793328
328.19700596
-1155.07488569
889.901110104
938.738659674
-104.39163348
-647.890458423
-546.203558375
-800.692307764
162.227826636
885.244970312
-344.885240497
-401.301608026
1269.87479509
1011.52174667
405.181580089
227.90222678
-141.233945811
-334.10277188
-0.168340481309
-73.3620357658
-889.107997815
-520.872099963
363.426774312
423.687298739
312.469945502
420.120084293
351.829980908
395.855828697
499.076499702
45.7987899964
-517.582880078
-429.078980773
-152.26148312
-231.470863836
-241.273478975
3755.35048971
285.645714501
-1232.22122084
810.748795228
834.581526258
63.3159723122
-679.570339689
-505.767338862
-877.976425163
308.390933515
945.308631441
-269.665641824
-439.081716097
948.121951841
1103.16805955
482.748577061
118.423166606
-342.411253973
-286.667565815
24.8355566055
93.281518977
-736.728171453
-583.808306654
245.809441725
562.01074131
457.346892318
226.873567618
211.058829624
252.563456078
477.046853622
102.695368108
-437.077909633
-548.979901092
-177.954768913
10.7190837464
-65.401145601
3920.87981682
62.3819703439
-1400.62460684
618.526258101
877.088826198
217.640298501
-908.468845877
-567.976781041
-1023.63837146
661.497213499
1083.31734342
-66.3731404899
-670.631411018
857.507219942
1337.72434991
529.048020616
-79.658870798
-687.76997382
-305.712219754
-22.9176409854
375.206802497
-734.860421291
-694.842365789
246.509762217
909.100402536
650.973001666
88.5030112655
73.5071637156
66.9309691772
525.222431657
100.182802308
-502.50886333
-865.321670094
-149.670813988
256.261454386
126.167974025
4120.77033367
-81.3581844519
-1405.85833973
540.925490994
966.404207591
202.10902759
-1112.30021182
-699.705224878
-1090.10096075
701.736730132
1143.87085576
141.986675775
-797.26545774
947.577901512
1441.64384258
627.192778748
-205.449238593
-767.54277424
-325.119879721
-167.396894149
412.963826164
-744.792518562
-704.952255536
201.190256307
1046.75302475
697.12621968
124.371423163
88.7078598092
105.146518345
450.266973666
44.4985926707
-470.324397551
-906.968733805
-171.842575874
199.163589831
172.143059308
4077.68608389
46.4893793116
-1320.80447834
359.659677801
833.762193773
441.733580996
-889.451111246
-773.027709022
-1248.91088109
467.232067601
1318.49459067
434.126030482
-794.355681343
628.706657655
1270.61912995
857.391392835
-72.3632563528
-726.136110805
-515.802863888
-346.695024292
557.709987783
-404.034128278
-676.097054724
-75.7196637926
917.97003384
848.684216767
282.837322515
68.283439548
-80.9706159431
205.091898894
157.095901798
-201.65609739
-845.584724164
-405.602355888
117.001337368
351.407569639
4267.46274089
151.076131895
-1452.27484138
-8.38416034253
734.913129923
762.766372807
-788.360982177
-967.711823633
-1455.56422814
450.576252523
1589.31174387
686.274529654
-836.811398509
290.537426862
1235.12058313
1114.4828726
-13.297781716
-844.785290482
-769.658267768
-425.743836193
715.905483289
-171.690363889
-694.311923547
-303.050941277
906.701886833
1042.9491325
427.032953627
-12.0515099367
-268.974856519
82.7587275541
256.110061129
-54.3099713317
-866.049968975
-572.230150852
69.7036706638
509.583417615
4294.80173908
280.823695668
-1467.76395754
-256.969531514
717.488203051
817.111040524
-730.089050778
-946.527679824
-1438.64668482
412.261831001
1601.5939954
850.453473635
-755.816290156
166.38706981
1045.42869598
1062.19871446
107.784885217
-748.413272479
-864.027632532
-555.429119443
669.439925122
38.7777911672
-441.938754288
-307.611112701
695.384377103
900.809656634
558.294428784
106.489018901
-332.992271744
-134.722691598
92.8864070278
48.7921098738
-601.191115667
-448.123908133
-70.8500419589
371.84071638
4157.06420554
684.48779285
-1326.10908306
-627.268916337
386.688319349
605.186419104
-472.974593209
-581.690544416
-1413.80047609
72.0663797289
1384.91380086
1214.46067011
-353.515162141
111.346825199
575.387426732
690.19177714
408.095696229
-410.361926217
-848.91332813
-954.698852665
399.448519116
289.510867705
14.5626792419
-153.345037708
282.347092569
587.399420445
655.829427268
512.691396162
-303.94565825
-402.655166912
-236.148811331
104.371799088
-229.409665629
-269.978271917
-223.005075692
5.11407970784
4124.0011051
1070.98474851
-1055.89802438
-876.614352913
32.3988691901
505.73975049
-178.940267345
-106.529382594
-1588.47763971
-255.564309276
1090.02653842
1526.7609355
-17.7642681469
74.3540471986
284.068752643
311.347301154
761.246317123
-154.408906919
-689.10628781
-1296.19606717
232.038688177
349.45759114
267.774043719
21.0148845969
-20.3956132271
424.700377258
557.278564768
868.612574247
-288.039537998
-396.172732711
-449.451740517
72.3690763588
-57.2499309992
-182.222088309
-165.568281705
-268.665359037
4001.61487741
1143.4983373
-764.111217223
-979.161469821
-204.80943601
404.712391339
-15.416347614
204.828925163
-1736.32558944
-316.10166394
851.44714045
1704.12416648
167.211061595
150.184404823
138.200508501
0.770320823225
831.048479708
-114.854209651
-467.771927835
-1432.02334643
156.718873111
231.332401982
457.080598163
234.926179861
6.1754239177
316.665955068
310.536783742
949.943729561
-272.599138636
-261.348769378
-663.704996903
-37.6094598219
-113.799247801
19.3950942032
61.6517841326
-260.764140205
3777.0617149
1248.73624192
-551.581446391
-1071.79142084
-353.141126643
113.536255499
74.7994558154
240.938692388
-1649.41508178
-379.360942252
782.587355481
1891.90686766
368.711475302
356.360913556
-6.65597619466
-137.887943548
574.869252024
-45.3073101571
-414.298846406
-1492.3007075
-49.5958727896
116.86901256
673.279250984
432.657175053
314.167035674
198.06550783
226.968356248
854.678656577
-93.7401692993
-255.395642037
-859.414899141
-251.315133351
-314.514406507
179.562503386
184.875127653
-53.825860628
3484.94384483
1450.85681791
-371.802584421
-992.971625444
-444.966615975
-128.928045983
18.2997534602
144.21511399
-1497.36788249
-511.86712542
726.041586606
1740.95004834
684.036827054
466.022875186
58.7618023805
-121.982798749
361.297456673
43.2201139095
-388.601953721
-1300.39162918
-439.388480972
3.57201235055
594.517854876
551.191674323
486.052923366
219.438319749
182.169224336
649.654365366
197.92958944
-158.898279827
-722.39168629
-480.160023407
-426.433998397
53.592903483
226.516953378
98.7758475576
3326.03729185
1427.88496385
-396.136197878
-884.185838933
-466.322114607
-16.4685904404
-12.337802947
281.662374337
-1548.59677916
-535.408406587
635.715269806
1476.00573277
897.497514649
342.825742735
117.7219547
-183.962281116
434.555645687
158.168325765
-215.848663937
-1140.17086054
-725.937744344
-69.5240078211
502.83383039
641.58112813
430.304095023
174.818340323
16.9412835079
607.171276265
459.732498324
53.4789113617
-595.084274372
-632.001994683
-476.350600819
-16.9386347367
311.767203862
86.3750048502
3252.73976149
1199.85226945
-336.43503391
-773.943695276
-385.248596457
-0.775003034366
-11.8820228624
388.682513843
-1574.88246236
-412.194609786
434.990110147
1278.32879786
803.276902787
381.917113412
142.598585419
-124.497142285
520.884170335
182.182245056
-109.332411776
-1069.38902102
-654.797758708
-225.941877061
424.994836884
510.145374128
368.419895831
123.173752248
64.3325181656
639.187893998
435.066147944
176.670700524
-527.914787215
-508.828588081
-484.635780941
12.5706946225
158.034909337
-6.79984124991
3137.46646499
826.867164751
88.6719968507
-604.940873258
-359.462489383
-349.999052233
173.085048331
448.800499916
-1365.80073032
-103.300541454
73.1716681528
1093.79999053
477.774570704
750.653847136
2.65157096978
-36.8598840587
456.82338345
163.038944827
-10.3568632275
-950.845656002
-322.478784002
-599.182380933
447.48651005
331.288035083
516.006898632
60.1768430151
204.223384015
511.08284034
179.522430933
347.300488064
-458.13427029
-229.993592117
-614.827671725
127.585675678
-115.132330999
70.2638451025
3171.62584515
262.456505316
561.948130198
-469.87732444
-235.73055232
-928.751534315
447.23291713
294.578119169
-1184.821471
270.100330459
-170.410029782
935.38014833
31.6606592297
1207.1281801
-243.300536368
227.296983794
354.13031403
199.600503478
-78.6463593034
-825.900354812
4.6222157852
-939.15363258
512.615910587
22.0359461948
656.832081821
-130.337883338
464.705609381
389.504006858
65.35347419
462.001289119
-381.170037807
28.0281492553
-745.681830049
286.906890276
-449.410702669
123.95657873
3016.19193138
64.7622680735
722.15259803
-461.198573193
56.5253012461
-1143.31537911
772.996257626
186.545575128
-957.304123455
200.093980839
-249.075599464
799.706667054
-211.329504513
1331.61096761
-378.226703534
387.960826344
186.970929474
429.663584036
-67.0131511505
-593.425812139
109.295797419
-922.464722686
436.901828855
-160.557696871
663.243417265
-360.357676855
473.917519345
237.924502583
171.863480379
446.688502857
-162.028935809
133.622266945
-672.432440565
350.948197348
-440.266189844
168.176267645
2252.52423263
185.295021525
356.634045097
-547.656149795
283.610111263
-768.182481283
783.199194376
105.792152038
-578.812806417
-65.9169459058
-35.0747693052
623.977561891
-161.019282721
848.841676849
-329.760861354
256.41434372
64.7617155418
493.111471827
-55.3846966139
-333.552369646
43.0190419611
-456.817203905
306.829214488
-35.1065866037
414.260838125
-357.809818059
239.926385314
117.736404911
201.238045179
222.275096728
-37.0030022409
20.7378098657
-333.102990583
271.644764851
-127.41864969
118.42217278
-181.7473389
38.2466298913
-29.7095230438
116.5137053
252.267701029
-54.5516125333
71.6958430262
-124.375116679
156.084117385
-64.1947112502
119.928429212
-93.3749648508
-81.1256605785
-25.3969743568
32.054437199
119.896605148
-35.1278316872
73.8169982877
-85.7639222298
79.057094242
23.551278569
86.2674914607
-35.5449950668
-50.1647764063
-12.5401747183
-22.2186560199
66.4694602602
-13.8682385421
18.6614401674
-63.2186288642
35.2459058389
24.6391391538
46.5748230275
12.6562949326
-16.7855330153
16.9856160795
-5.37984578256
56.1823475813
5.43700940164
-21.5620417106
-34.255390534
12.4465930763
38.7712573607
22.2911718524
19.9172957122
-20.5928767676
11.429589055
17.8960351625
11.7865555659
-11.5445166235
-27.6201004015
14.9717995939
-12.6547146291
29.2993200393
-10.7238573966
2.95648348515
-30.8725695313
19.0333160237
31.498857518
20.140721872
-16.2885130525
-25.2214483126
-18.4433502611
7.19113558302
16.7699990961
-7.29567876946
-0.192831036156
0.169340482166
13.5025659969
7.79301759946
-11.7145245111
-26.7467510957
3.00576757369
-7.18331749885
2.39004007666
14.2284450936
18.8216908071
7.95110817351
-13.4449751731
7.25779469064
-9.95607020447
27.3063391929
5.19284474189
-18.2618366209
-17.8551267763
-5.28278467083
3.4805595424
17.2643007078
19.8878207258
-27.0179239736
-17.506048195
15.75158173
18.9471091102
24.23586412
5.51629686162
-3.48180426457
-15.3824702186
24.2194779008
1.7096608384
4.46265323248
-6.7405990936
-6.81826416202
10.0532328176
-8.14077206675
12.906027011
-4.12365114292
-3.419034636
14.2279549581
20.7707290552
-14.6654675542
-4.57451872583
-10.6147853522
6.6378105136
0.784528413492
18.918435916
-9.95687065047
4.99297499388
4.03483851797
-7.78566798614
13.0520795999
5.029419593
4.37759536338
2.38339992873
17.7583131759
-7.52754547315
-0.914261318597
-11.4573043152
7.5210765476
12.9106757587
-11.1256394534
11.6478456094
-13.0422516416
7.77366859408
-7.64625738699
25.6613391115
8.01458799533
3.34429683475
-4.45867920475
-18.1258765268
-1.60394057707
7.91816726887
21.9175461616
-12.2374364091
-0.487823266789
3.99398537117
4.04137345239
-2.34593371754
5.85287771253
15.7011412208
-16.5893005178
22.7365060445
8.89081102263
-13.6060704446
0.734603518634
15.1231579016
1.16028299336
5.81441188515
-2.95380994709
-15.1572667666
1.86681851491
25.2226335702
-6.55932741368
11.8970427425
6.34459574987
9.4726531036
8.03689109307
0.361855942735
-7.08809582593
-22.3276624926
4.33625624515
-0.986883765203
-2.87814113298
-1.11242907845
13.8306512225
0.4199091637
-0.0237831488043
12.3853357138
8.40711752757
-15.596076421
5.49512171424
2.33058963095
1.93330323764
-14.1596991441
-1.31360302675
-18.8362466922
1.97385093528
4.86454625118
4.1859732443
3.26278730384
16.9237105134
-1.27116108321
3.89366075018
-4.97140575842
-16.1908962521
5.13567048061
-13.5410710547
-10.9103514375
12.5134899912
-15.481457448
7.86143532425
14.2690308903
15.2167075804
-7.53207509812
20.618773092
-2.1756892334
-9.19444468807
-4.01405094705
-25.3500335169
19.4119159985
-23.2245774816
20.7941230369
-16.3162928343
29.7368332849
-17.0332683874
2.0872473919
7.83546745352
3.27669952939
15.408240974
-8.86153755652
-3.0477843188
-11.9698348051
14.2372201008
-10.0720265707
8.11776861728
-5.21401806983
-6.27808266511
-4.667272262
1.65835835109
30.9321192615
-17.711022435
6.80819912909
-19.3178428092
1.46081051178
17.1899097392
-19.4367264115
2.59743532124
-14.1109284946
9.93587062806
-12.9475978008
21.3974724265
-9.62485244074
-15.0777660811
-7.4285706688
-5.51796918708
37.9454656727
-18.8459632729
0.872418541824
-29.6505311362
35.0517313944
-28.2116660685
24.575101935
-7.87980227149
-10.066478531
17.3968245969
-12.2197428949
13.5284645769
-42.5624387394
38.5783935026
-13.527158426
33.1199309587
-40.2649920301
15.1782743057
-4.3884581257
10.3771592968
-7.91443880089
-20.9184885418
15.3240882745
2.09851278758
17.2179181111
-2.33700265315
7.24994685468
-8.96333724404
-9.60507244828
14.6651745898
-1.71048374677
-12.4269121042
-15.5363234528
3.00572561793
17.1778064143
1.38150829704
-14.4005198481
21.5029506147
-14.1311759435
3.12429202341
-4.84310347825
24.4209197577
-38.4543003331
19.5256868539
0.976983955172
11.1938163273
-4.49092998844
7.97401465135
-24.2244312472
10.7528088325
2.34637655111
-3.77899766697
-13.2377527194
19.0090378275
-16.7179517274
29.1138720269
-25.9297129265
17.6861380973
-2.27506121415
20.5239496228
-2.61702404905
4.57947051473
-2.84964653423
-13.5450608694
21.229468661
-14.5934926644
13.6610063694
-9.05877461327
22.5409220439
-32.4127103998
13.2035463799
16.8837218255
15.3578551575
-10.5961463735
-0.394092953669
14.429917203
-34.3794861559
13.1796639932
2.20426254604
9.97347634313
-13.5420634543
15.1147503897
-3.58146704995
4.51870224759
4.51769545914
-22.6332591781
32.8293983065
-12.6085236565
18.9740045889
-12.247679624
-8.73039959674
-17.3576093688
7.08622952324
15.9970723615
10.7384093146
-3.25812137944
-20.6234785557
2.81581897668
-13.5174421674
43.2850888846
-2.48222073046
-3.5452446467
-31.3467874062
0.143479629601
2.0457098318
4.21691887158
-7.57791165728
1.87800398715
-3.92648773469
8.4820270291
-10.1509595859
34.2697546608
-20.0317001185
19.2116449355
-20.1920045464
0.89470291448
7.22896078779
-27.9486393941
0.222586595164
3.27378731221
11.5580053267
-13.2812733301
4.04640343306
2.11167539914
-14.7668111186
29.7393126578
-32.6812890022
38.1292800383
-51.0892300295
48.6817103407
-57.7763498961
49.3024870863
-38.438323275
9.9539787679
12.8125379812
-12.3277396395
21.0276567704
-43.2683666979
56.7594849722
-31.7494699759
6.41887331085
-4.94796330424
12.0478208245
-18.6656493742
-5.44717590911
-1.91410014518
20.306399942
18.1662732614
-46.9221749599
43.3338714846
-29.4239459087
1.43965289582
-15.5626101571
41.8451479483
-27.0749301908
-12.3246678828
-11.0728096795
-2.76908880506
23.0813867125
-33.1780586759
35.8565878195
-14.698399444
-4.82926281321
-8.45490720858
6.62956770923
7.93208399298
-0.443450761806
-1.94809798828
-26.0450427088
20.9135196834
-40.7806564421
13.8411698054
-4.21612942073
9.64202390056
-13.2768125577
1.58971895131
-0.182861006562
12.2271030287
-1.76099388554
3.89692960824
-11.7925203074
16.4062443047
-25.3556927616
21.4060858864
-22.2406349052
30.65445973
-45.5399281987
46.223776552
-36.4521312721
24.6157974145
1.93865926887
-22.436883207
31.0426160539
-27.4709693759
2.45024777868
-21.205740409
42.1868042666
-18.945517875
-6.72665955876
2.04085404937
20.3604491258
0.128875381194
-21.0103659139
15.987096573
-33.5690599492
44.0846369655
-28.0307790748
10.7449513211
-18.5573046661
11.2097083757
-12.2539156834
42.1809645215
-26.8275518786
-7.4105642739
9.74786616208
13.1487553786
9.81403824715
-32.251139847
7.10857506225
-4.57275170746
-12.2590137453
1.19257876777
17.8035582275
-28.1429149357
33.3941437694
-32.6308446493
26.7234926542
-14.4860325414
-11.6379818259
2.82678316332
-3.32897880717
-5.39611955065
20.7371240316
-21.3863630799
-9.30007069068
32.6630567132
-25.5700314275
18.4839715766
-27.1732935024
-6.30611416909
8.50464763399
-7.07960924109
-9.25180310689
28.9785540804
-39.9351477916
35.0874290346
-13.1613987048
-1.00768993328
-12.469281284
-3.1304751428
-10.6301802125
-1.54568961613
15.9140735491
3.78569614392
-13.1630784392
0.0324302662339
31.0703456397
-12.5644689784
-6.56148728866
-8.86377252082
17.3920002426
-37.6385498229
3.10035382021
17.3988975406
-12.8050466991
0.391593929768
17.6833468377
-11.0792125617
29.7247813133
-17.669663281
-2.82507541773
-5.07400722761
8.4803311956
-14.3613343583
22.796683329
-19.2606049289
-13.7956154854
42.7305474814
-21.249015144
0.821507282913
18.9524314901
2.54895755617
-29.8876355614
8.73222549293
-9.43351305301
15.2924028438
-38.565270997
39.3281397392
-25.0795079023
24.7780677085
2.38320959478
-16.2082992039
33.6245610759
-28.3079407263
-4.75223742515
17.8977447564
-27.1447504478
11.279138125
-10.782666738
-19.4194211932
45.3219374082
-31.2629872808
1.58825342889
9.23712589269
-25.4441774007
44.0669056304
-36.9589057319
-11.5391117129
15.210373326
-15.9163313931
10.0211801242
20.4250721186
-29.4473891936
-2.714959349
29.1911122163
-42.7306466245
14.2882603361
7.85928246415
-4.248130404
-5.03299416475
-4.78990546904
-22.357898133
20.4704592187
10.1518320912
3.53385536591
-10.3573214868
-15.6648981819
-0.617146758674
16.8820204211
-19.0186173657
31.6271876486
-50.0906934434
28.9924587381
3.18318446476
-14.177597384
-3.13873376306
16.8436439839
-11.1990715259
-9.14825854641
16.5017724876
-32.7103356857
32.5998792409
-1.48726914886
-35.4173151039
35.6242355627
-29.2939813658
12.3840786918
31.539733888
-66.8798450562
63.2963773983
-36.9240229183
16.8601664423
-11.086173897
11.3143632827
-19.773689891
29.9300502294
-15.5694636689
20.2611025236
-18.9513648076
-6.26463762035
20.1777011404
-5.67015788434
11.9928180833
0.174652222151
3.07154708953
-10.0357280062
-0.0349394799532
-0.482815426681
-1.94786455089
-8.46641682635
20.7530383843
-22.3151475104
9.81987830789
-15.7823808433
21.7733483315
14.266786942
-5.25140462236
-4.40034493268
-23.1092611539
40.697076828
-35.293020441
16.066913047
-17.3505803095
10.4221645374
8.26448516888
6.66788040728
-3.42465794732
3.54262175243
0.351449159765
-10.5412250311
7.67820640607
-6.72896027826
7.02277658212
5.32144375835
-1.36157273818
-22.9716916454
15.3703929425
-10.4115779921
13.1087689893
-17.134896694
16.6879068125
7.09924417815
-3.02659091035
-11.3459804179
7.586335509
19.1838530746
-31.0392961699
19.3225057764
0.62998403326
-21.07822659
23.5961945107
-15.6611462419
-0.786245426133
11.0341148035
-11.2794548087
15.4325482302
0.220740720868
-2.68835040421
-1.71491891932
20.3541101136
-20.3071071286
13.7848411184
8.60362164752
-3.74885123688
-2.99563180875
-17.234787844
34.6015334905
-16.6001385916
-3.65715561068
1.95446772521
-0.41868552055
-5.47337621562
15.2017365468
-11.5686731334
12.3102328037
2.80346305172
-1.47180051221
-12.3271684243
25.016246133
-37.2492679926
12.702874736
-2.48873246357
-0.814361612032
-5.48451386239
8.43228997273
-20.4288200322
37.9979844607
-30.8944449086
9.72653605233
7.0449362519
6.84935552605
-1.87881786382
2.98098927546
-23.2492449746
34.8647224233
-11.2463646736
-11.0056197
16.387530222
2.61077600576
-20.7756541169
41.6748520959
-26.1087875658
11.790178173
8.52796211178
-18.4762837408
8.35969344619
2.88287339412
-19.1439229772
45.2070797105
-50.2660831167
15.6476259758
9.60236012477
-18.3388544654
38.2761365079
-7.05075099465
-18.1415590774
0.0409247825711
22.0606164563
-43.3210357522
48.9611920482
-44.3740884313
11.3509148553
12.8836353489
-8.81298694654
-4.8592347446
0.577431702553
-8.23983262919
10.7327609343
-8.00831727483
6.1339254855
-0.515409194063
-29.6100515542
26.2361366408
-3.09855461799
1.46234282627
-16.1882442838
28.1387251568
-11.5264127344
24.2818171181
-10.0848298151
-10.6108310677
-7.6706728829
22.6073928942
-40.852843193
22.6756359031
-3.16337902549
-19.7208579381
48.6110967129
-13.4448815395
-3.35144514836
-5.24135208524
-14.6426358383
8.56761948312
9.61185620161
0.387455717119
-18.3764067425
8.16144891103
0.25069905527
34.4318658053
-14.7702265567
-33.798131566
58.9957938685
-76.22358916
48.4776192456
-24.7967259623
18.1910139389
-22.5087637597
40.865117748
-21.2677418128
27.211721957
-25.9545739606
-12.0364310031
14.4128345282
-10.2500084547
28.7683180999
-30.5940075653
1.17914946146
16.0696402093
2.38556713141
-23.7020022908
37.2298730487
-52.5721672901
40.4780224501
1.95052147441
-45.5229641804
34.0517497419
-26.2566975365
17.070222659
14.1211625159
-14.8996960014
-22.9758711729
55.1793086689
-56.4383756878
31.0285076581
-12.4435969715
-2.90225508465
11.1687691459
-9.76730023388
-8.35761015059
13.8478290807
-5.02499476288
3.04078954324
-1.50973816693
-11.4098947124
16.2489093687
-10.4699037565
-1.7790749122
2.72253149384
-0.534198967018
2.1405105023
0.0432809261805
-9.64608837371
7.3314836393
1.39699989099
-3.14196791428
0.466947231695
-3.89676553998
3.410239424
1.13877113417
-5.39874393331
1.35744479862
2.66899594948
-1.3439488536
0.406648729458
-4.0134305827
0.77432130576
3.75760271574
-2.34975364918
-1.56059726083
0.456596544391
0.213757508436
0.802508186956
-1.84458953652
-1.02169858885
2.22650868482
0.209672404091
-1.34779838123
-1.18370583243
0.154179931849
1.56165416863
-0.357667660194
-1.3665426692
0.14148647575
0.689048365714
0.0214152878134
-0.828566004634
-0.519170387675
0.971937931997
0.473100248079
-0.819504847883
-0.662512997489
0.211200897193
0.690329091642
-0.00789451149377
-0.689723684728
-0.0124565360186
0.496588253726
-0.0502094240906
-0.408192832322
-0.184080312387
0.398214319226
0.338112691225
-0.326092953586
-0.388113628431
0.157195686864
0.305716748587
-0.0109226854923
-0.24547343203
-0.0306318560133
0.228984591244
0.0370949068251
-0.209110161288
-0.0799319789724
0.183695547444
0.13827852932
-0.109639446857
-0.150896385971
0.0498259070675
0.139433626767
0.00382192565596
-0.0998688231226
-0.00430970004436
0.0919592087749
0.0166242292125
-0.0719137929879
-0.0276869514916
0.0703890831383
0.0570166143383
-0.0332567505645
-0.0527680380579
0.0191753178941
0.0436114334059
-0.000419827942793
-0.0281490151496
0.00196531759026
0.0293983205335
0.00739786674712
-0.0230560506958
-0.00994954085224
0.0159999668495
0.0108299850151
-0.0114076393563
-0.0148733469488
0.00215379731334
0.00932153539884
-0.00140836111075
-0.00957037715517
-0.00114459357715
0.00360864494929
-0.00260473286749
-0.00811217479473
-0.00405997238071
0.00213382483489
0.000688105046504
-0.00467801874641
-0.00418396162685
-0.00160551742941
-0.00146373103654
-0.00327233823408
-0.00356912880029
-0.00176612696156
-0.000940564720898
-0.00215534397491
-0.00237482280921
-0.00212331963196
-0.00170357702863
-0.00167719915497
-0.00184369441285
-0.00177065796607
-0.00145452481029
-0.00133727104328
-0.0012677383254
-0.00121970118407
-0.00114925717443
-0.00108623073707
-0.00103144471385
-0.000989197792268
-0.000941251377912
-0.000887287611443
-0.000843581296856
-0.00080051016384
-0.000761543279923
-0.000722158734669
-0.00068748300935
-0.000651768335333
-0.000620393785222
-0.00058826471762
-0.000558851481739
-0.000530908907652
-0.000504363462269
-0.000479145289156
-0.000455188024698
-0.000432428623463
-0.00041080719229
-0.000390266832676
-0.000370753491042
-0.00035221581649
-0.000334605025665
-0.000317874774382
-0.000301981035663
-0.00028688198388
-0.000272537884686
-0.000258910990451
-0.000245965440929
-0.000233667168882
-0.000221983810438
-0.000210884619916
-0.000200340388921
-0.000190323369475
-0.000180807201001
-0.000171766840951
-0.000163178498903
-0.000155019573958
-0.00014726859526
-0.000139905165497
-0.000132909907222
-0.000126264411861
-0.000119951191268
-0.000113953631705
-0.00010825595012
-0.000102843152614
-9.77009949828e-05
-9.28159452337e-05
-8.8175147972e-05
-8.37663905734e-05
-7.95780710447e-05
-7.55991674925e-05
-7.18192091179e-05
-6.8228248662e-05
-6.48168362289e-05
-6.15759944174e-05
-5.84971946966e-05
-5.55723349617e-05
-5.27937182137e-05
-5.0154032303e-05
-4.76463306878e-05
-4.52640141534e-05
-4.30008134458e-05
-4.08507727735e-05
-3.88082341348e-05
-3.68678224281e-05
-3.50244313067e-05
-3.32732097413e-05
-3.16095492543e-05
-3.00290717915e-05
-2.8527618202e-05
-2.71012372919e-05
-2.57461754273e-05
-2.44588666559e-05
-2.32359233231e-05
-2.2074127157e-05
-2.09704207991e-05
-1.99218997592e-05
-1.89258047712e-05
-1.79795145326e-05
-1.7080538806e-05
-1.62265118657e-05
-1.54151862724e-05
-1.46444269588e-05
-1.39122056109e-05
-1.32165953303e-05
-1.25557655638e-05
-1.19279772856e-05
-1.13315784213e-05
-1.07649995003e-05
-1.02267495253e-05
-9.71541204899e-06
-9.22964144654e-06
-8.76815937421e-06
-8.3297514055e-06
-7.91326383523e-06
-7.51760064347e-06
-7.14172061129e-06
-6.78463458073e-06
-6.44540285169e-06
-6.12313270911e-06
-5.81697607365e-06
-5.52612726997e-06
-5.24982090647e-06
-4.98732986115e-06
-4.73796336809e-06
-4.50106519969e-06
-4.2760119397e-06
-4.06221134272e-06
-3.85910077558e-06
-3.6661457368e-06
-3.48283844996e-06
-3.30869652746e-06
-3.14326170109e-06
-2.98609861604e-06
-2.83679368523e-06
-2.69495400097e-06
-2.56020630092e-06
-2.43219598588e-06
-2.31058618658e-06
-2.19505687725e-06
-2.08530403339e-06
-1.98103883172e-06
-1.88198689014e-06
-1.78788754563e-06
-1.69849316835e-06
-1.61356850993e-06
-1.53289008443e-06
-1.45624558021e-06
-1.3834333012e-06
-1.31426163614e-06
-1.24854855433e-06
-1.18612112662e-06
-1.12681507029e-06
-1.07047431677e-06
-1.01695060093e-06
-9.66103070887e-07
-9.17797917343e-07
-8.71908021475e-07
-8.28312620402e-07
-7.86896989382e-07
-7.47552139913e-07
-7.10174532917e-07
-6.74665806271e-07
-6.40932515958e-07
-6.0888589016e-07
-5.78441595652e-07
-5.49519515869e-07
-5.22043540076e-07
-4.95941363072e-07
-4.71144294918e-07
-4.47587080172e-07
-4.25207726164e-07
-4.03947339856e-07
-3.83749972863e-07
-3.6456247422e-07
-3.46334350509e-07
-3.29017632983e-07
-3.12566751334e-07
-2.96938413767e-07
-2.82091493079e-07
-2.67986918425e-07
-2.54587572504e-07
-2.41858193879e-07
-2.29765284185e-07
-2.18277019975e-07
-2.07363168977e-07
-1.96995010528e-07
-1.87145260001e-07
-1.77787997001e-07
-1.68898597151e-07
-1.60453667294e-07
-1.52430983929e-07
-1.44809434733e-07
-1.37568962996e-07
-1.30690514846e-07
-1.24155989104e-07
-1.17948189649e-07
-1.12050780166e-07
-1.06448241158e-07
-1.011258291e-07
-9.6069537645e-08
-9.12660607628e-08
-8.67027577246e-08
-8.23676198384e-08
-7.82492388465e-08
-7.43367769042e-08
-7.06199380589e-08
-6.7088941156e-08
-6.37344940982e-08
-6.05477693933e-08
-5.75203809236e-08
-5.46443618774e-08
-5.19121437836e-08
-4.93165365944e-08
-4.68507097647e-08
-4.45081742764e-08
-4.22827655626e-08
-4.01686272845e-08
-3.81601959203e-08
-3.62521861242e-08
-3.4439576818e-08
-3.27175979771e-08
-3.10817180783e-08
-2.95276321744e-08
-2.80512505656e-08
-2.66486880374e-08
-2.53162536355e-08
-2.40504409537e-08
-2.2847918906e-08
-2.17055229607e-08
-2.06202468127e-08
-1.95892344721e-08
-1.86097727485e-08
-1.7679284111e-08
-1.67953199055e-08
-1.59555539102e-08
-1.51577762147e-08
-1.4399887404e-08
-1.36798930338e-08
-1.29958983821e-08
-1.2346103463e-08
-1.17287982898e-08
-1.11423583753e-08
-1.05852404566e-08
-1.00559784337e-08
-9.55317951205e-09
-9.07552053645e-09
-8.62174450963e-09
-8.19065728415e-09
-7.78112441994e-09
-7.39206819894e-09
-7.02246478899e-09
-6.67134154954e-09
-6.33777447207e-09
-6.02088574846e-09
-5.71984146104e-09
-5.43384938799e-09
-5.16215691859e-09
-4.90404907266e-09
-4.65884661903e-09
-4.42590428808e-09
-4.20460907367e-09
-3.99437861999e-09
-3.79465968899e-09
-3.60492670454e-09
-3.42468036931e-09
-3.25344635085e-09
-3.0907740333e-09
-2.93623533164e-09
-2.78942356506e-09
-2.6499523868e-09
-2.51745476746e-09
-2.39158202909e-09
-2.27200292764e-09
-2.15840278125e-09
-2.05048264219e-09
-1.94795851008e-09
-1.85056058458e-09
-1.75803255535e-09
-1.67013092758e-09
-1.5866243812e-09
-1.50729316214e-09
-1.43192850404e-09
-1.36033207883e-09
-1.29231547489e-09
-1.22769970115e-09
-1.16631471609e-09
-1.10799898029e-09
-1.05259903127e-09
-9.99969079708e-10
-9.49970625722e-10
-9.02472094436e-10
-8.57348489714e-10
-8.14481065229e-10
-7.73757011967e-10
-7.35069161369e-10
-6.983157033e-10
-6.63399918135e-10
-6.30229922229e-10
-5.98718426117e-10
-5.68782504811e-10
-5.40343379571e-10
-5.13326210592e-10
-4.87659900063e-10
-4.63276905059e-10
-4.40113059806e-10
-4.18107406816e-10
-3.97202036475e-10
-3.77341934652e-10
-3.58474837919e-10
-3.40551096023e-10
-3.23523541222e-10
-3.07347364161e-10
-2.91979995953e-10
-2.77380996155e-10
-2.63511946347e-10
-2.5033634903e-10
-2.37819531579e-10
-2.25928555e-10
-2.1463212725e-10
-2.03900520887e-10
-1.93705494843e-10
-1.84020220101e-10
-1.74819209096e-10
-1.66078248641e-10
-1.57774336209e-10
-1.49885619398e-10
-1.42391338428e-10
-1.35271771507e-10
-1.28508182932e-10
-1.22082773785e-10
-1.15978635096e-10
-1.10179703341e-10
-1.04670718174e-10
-9.94371822653e-11
-9.4465323152e-11
-8.97420569944e-11
-8.52549541447e-11
-8.09922064375e-11
-7.69425961156e-11
-7.30954663098e-11
-6.94406929943e-11
-6.59686583446e-11
-6.26702254274e-11
-5.9536714156e-11
-5.65598784482e-11
-5.37318845258e-11
-5.10452902995e-11
-4.84930257845e-11
-4.60683744953e-11
-4.37649557705e-11
-4.1576707982e-11
-3.94978725829e-11
-3.75229789538e-11
-3.56468300061e-11
-3.38644885058e-11
-3.21712640805e-11
-3.05627008765e-11
-2.90345658326e-11
-2.7582837541e-11
-2.6203695664e-11
-2.48935108808e-11
-2.36488353367e-11
-2.24663935699e-11
-2.13430738914e-11
-2.02759201968e-11
-1.9262124187e-11
-1.82990179776e-11
-1.73840670787e-11
-1.65148637248e-11
-1.56891205386e-11
-1.49046645116e-11
-1.41594312861e-11
-1.34514597218e-11
-1.27788867357e-11
-1.21399423989e-11
-1.15329452789e-11
-1.0956298015e-11
-1.04084831142e-11
-9.88805895853e-12
-9.3936560106e-12
-8.92397321007e-12
-8.47777454957e-12
-8.05388582209e-12
-7.65119153099e-12
-7.26863195444e-12
-6.90520035672e-12
-6.55994033888e-12
-6.23194332194e-12
-5.92034615584e-12
-5.62432884805e-12
-5.34311240565e-12
-5.07595678536e-12
-4.82215894609e-12
-4.58105099879e-12
-4.35199844885e-12
-4.13439852641e-12
-3.92767860009e-12
-3.73129467008e-12
-3.54472993658e-12
-3.36749343975e-12
-3.19911876776e-12
-3.03916282937e-12
-2.88720468791e-12
-2.74284445351e-12
-2.60570223083e-12
-2.47541711929e-12
-2.35164626333e-12
-2.23406395016e-12
-2.12236075265e-12
-2.01624271502e-12
-1.91543057927e-12
-1.81965905031e-12
-1.72867609779e-12
-1.6422422929e-12
-1.56013017826e-12
-1.48212366934e-12
-1.40801748588e-12
-1.33761661158e-12
-1.270735781e-12
-1.20719899195e-12
-1.14683904236e-12
-1.08949709024e-12
-1.03502223573e-12
-9.8327112394e-13
-9.34107567743e-13
-8.87402189356e-13
-8.43032079888e-13
-8.00880475894e-13
-7.60836452099e-13
-7.22794629494e-13
-6.86654898019e-13
-6.52322153118e-13
-6.19706045462e-13
-5.88720743189e-13
-5.5928470603e-13
-5.31320470728e-13
-5.04754447192e-13
-4.79516724832e-13
-4.55540888591e-13
-4.32763844161e-13
-4.11125651953e-13
-3.90569369355e-13
-3.71040900888e-13
-3.52488855843e-13
-3.34864413051e-13
-3.18121192399e-13
-3.02215132779e-13
-2.8710437614e-13
-2.72749157333e-13
-2.59111699466e-13
-2.46156114493e-13
-2.33848308768e-13
-2.2215589333e-13
-2.11048098663e-13
-2.0049569373e-13
-1.90470909044e-13
-1.80947363591e-13
-1.71899995412e-13
-1.63304995641e-13
-1.55139745859e-13
-1.47382758566e-13
-1.40013620638e-13
-1.33012939606e-13
-1.26362292626e-13
-1.20044177994e-13
-1.14041969095e-13
-1.0833987064e-13
-1.02922877108e-13
-9.77767332526e-14
-9.28878965899e-14
-8.82435017604e-14
-8.38313266724e-14
-7.96397603388e-14
-7.56577723219e-14
-7.18748837058e-14
-6.82811395205e-14
-6.48670825445e-14
-6.16237284172e-14
-5.85425419964e-14
-5.56154148966e-14
-5.28346441517e-14
-5.01929119441e-14
-4.76832663469e-14
-4.52991030296e-14
-4.30341478781e-14
-4.08824404842e-14
-3.883831846e-14
-3.6896402537e-14
-3.50515824101e-14
-3.32990032896e-14
-3.16340531252e-14
-3.00523504689e-14
-2.85497329454e-14
-2.71222462982e-14
-2.57661339833e-14
-2.44778272841e-14
-2.32539359199e-14
-2.20912391239e-14
-2.09866771677e-14
-1.99373433093e-14
-1.89404761439e-14
-1.79934523367e-14
-1.70937797198e-14
-1.62390907338e-14
-1.54271361971e-14
-1.46557793873e-14
-1.39229904179e-14
-1.3226840897e-14
-1.25654988522e-14
-1.19372239096e-14
-1.13403627141e-14
-1.07733445784e-14
-1.02346773495e-14
-9.72294348199e-15
-9.23679630789e-15
-8.7749564925e-15
-8.33620866787e-15
-7.91939823448e-15
-7.52342832276e-15
-7.14725690662e-15
-6.78989406129e-15
-6.45039935822e-15
-6.12787939031e-15
-5.8214854208e-15
-5.53041114976e-15
-5.25389059227e-15
-4.99119606266e-15
-4.74163625952e-15
-4.50455444655e-15
-4.27932672422e-15
-4.06536038801e-15
-3.86209236861e-15
-3.66898775018e-15
-3.48553836267e-15
-3.31126144454e-15
-3.14569837231e-15
-2.98841345369e-15
-2.83899278101e-15
-2.69704314196e-15
-2.56219098486e-15
-2.43408143562e-15
-2.31237736384e-15
-2.19675849564e-15
-2.08692057086e-15
-1.98257454232e-15
-1.8834458152e-15
-1.78927352444e-15
-1.69980984822e-15
-1.61481935581e-15
-1.53407838802e-15
-1.45737446862e-15
-1.38450574519e-15
-1.31528045793e-15
-1.24951643503e-15
-1.18704061328e-15
-1.12768858262e-15
-1.07130415349e-15
-1.01773894581e-15
-9.6685199852e-16
-9.18509398594e-16
-8.72583928665e-16
-8.28954732231e-16
-7.8750699562e-16
-7.48131645839e-16
-7.10725063547e-16
-6.7518881037e-16
-6.41429369851e-16
-6.09357901359e-16
-5.78890006291e-16
-5.49945505976e-16
-5.22448230677e-16
-4.96325819143e-16
-4.71509528186e-16
-4.47934051777e-16
-4.25537349188e-16
-4.04260481729e-16
-3.84047457642e-16
-3.6484508476e-16
-3.46602830522e-16
-3.29272688996e-16
-3.12809054546e-16
-2.97168601819e-16
-2.82310171728e-16
-2.68194663142e-16
-2.54784929984e-16
-2.42045683485e-16
-2.29943399311e-16
-2.18446229345e-16
-2.07523917878e-16
-1.97147721984e-16
-1.87290335885e-16
-1.77925819091e-16
-1.69029528136e-16
-1.60578051729e-16
-1.52549149143e-16
-1.44921691686e-16
-1.37675607102e-16
-1.30791826746e-16
-1.24252235409e-16
-1.18039623639e-16
-1.12137642457e-16
-1.06530760334e-16
-1.01204222317e-16
-9.61440112014e-17
-9.13368106413e-17
-8.67699701092e-17
-8.24314716038e-17
-7.83098980236e-17
-7.43944031224e-17
-7.06746829663e-17
-6.7140948818e-17
-6.37839013771e-17
-6.05947063082e-17
-5.75649709928e-17
-5.46867224432e-17
-5.1952386321e-17
-4.9354767005e-17
-4.68870286547e-17
-4.4542677222e-17
-4.23155433609e-17
-4.01997661928e-17
-3.81897778832e-17
-3.6280288989e-17
-3.44662745396e-17
-3.27429608126e-17
-3.1105812772e-17
-2.95505221334e-17
-2.80729960267e-17
-2.66693462254e-17
-2.53358789141e-17
-2.40690849684e-17
-2.286563072e-17
-2.1722349184e-17
-2.06362317248e-17
-1.96044201385e-17
-1.86241991316e-17
-1.7692989175e-17
-1.68083397163e-17
-1.59679227305e-17
-1.51695265939e-17
-1.44110502642e-17
-1.3690497751e-17
-1.30059728635e-17
-1.23556742203e-17
-1.17378905093e-17
-1.11509959838e-17
-1.05934461846e-17
-1.00637738754e-17
-9.56058518163e-18
-9.08255592255e-18
-8.62842812642e-18
-8.1970067201e-18
-7.7871563841e-18
-7.39779856489e-18
-7.02790863665e-18
-6.67651320482e-18
-6.34268754457e-18
-6.02555316735e-18
-5.72427550898e-18
-5.43806173353e-18
-5.16615864685e-18
-4.90785071451e-18
-4.66245817878e-18
-4.42933526985e-18
-4.20786850635e-18
-3.99747508104e-18
-3.79760132698e-18
-3.60772126063e-18
-3.4273351976e-18
-3.25596843772e-18
-3.09317001584e-18
-2.93851151504e-18
-2.79158593929e-18
-2.65200664233e-18
-2.51940631021e-18
-2.3934359947e-18
-2.27376419497e-18
-2.16007598522e-18
-2.05207218596e-18
-1.94946857666e-18
-1.85199514783e-18
-1.75939539043e-18
-1.67142562091e-18
-1.58785433987e-18
-1.50846162287e-18
-1.43303854173e-18
-1.36138661464e-18
-1.29331728391e-18
-1.22865141972e-18
-1.16721884873e-18
-1.10885790629e-18
-1.05341501098e-18
-1.00074426043e-18
-9.50707047409e-19
-9.03171695038e-19
-8.58013110286e-19
-8.15112454772e-19
-7.74356832033e-19
-7.35638990432e-19
-6.9885704091e-19
-6.63914188865e-19
-6.30718479421e-19
-5.9918255545e-19
-5.69223427678e-19
-5.40762256294e-19
-5.13724143479e-19
-4.88037936305e-19
-4.6363603949e-19
-4.40454237515e-19
-4.1843152564e-19
-3.97509949358e-19
-3.7763445189e-19
-3.58752729295e-19
-3.40815092831e-19
-3.23774338189e-19
-3.0758562128e-19
-2.92206340216e-19
-2.77596023205e-19
-2.63716222045e-19
-2.50530410942e-19
-2.38003890395e-19
-2.26103695875e-19
-2.14798511082e-19
-2.04058585528e-19
-1.93855656251e-19
-1.84162873439e-19
-1.74954729767e-19
-1.66206993278e-19
-1.57896643614e-19
-1.50001811434e-19
-1.42501720862e-19
-1.35376634819e-19
-1.28607803078e-19
-1.22177412924e-19
-1.16068542278e-19
-1.10265115164e-19
-1.04751859406e-19
-9.95142664355e-20
-9.45385531137e-20
-8.98116254581e-20
-8.53210441852e-20
-8.10549919759e-20
-7.70022423771e-20
-7.31521302582e-20
-6.94945237453e-20
-6.60197975581e-20
-6.27188076802e-20
-5.95828672962e-20
-5.66037239313e-20
-5.37735377348e-20
-5.1084860848e-20
-4.85306178056e-20
-4.61040869154e-20
-4.37988825696e-20
-4.16089384411e-20
-3.95284915191e-20
-3.75520669431e-20
-3.56744635959e-20
-3.38907404161e-20
-3.21962033953e-20
-3.05863932256e-20
-2.90570735643e-20
-2.76042198861e-20
-2.62240088918e-20
-2.49128084472e-20
-2.36671680248e-20
-2.24838096236e-20
-2.13596191424e-20
-2.02916381853e-20
-1.9277056276e-20
-1.83132034622e-20
-1.73975432891e-20
-1.65276661247e-20
-1.57012828184e-20
-1.49162186775e-20
-1.41704077436e-20
-1.34618873564e-20
-1.27887929886e-20
-1.21493533392e-20
-1.15418856722e-20
-1.09647913886e-20
-1.04165518192e-20
-9.89572422823e-21
-9.40093801682e-21
-8.93089111598e-21
-8.48434656018e-21
-8.06012923217e-21
-7.65712277056e-21
-7.27426663203e-21
-6.91055330043e-21
-6.56502563541e-21
-6.23677435364e-21
-5.92493563596e-21
-5.62868885416e-21
-5.34725441145e-21
-5.07989169088e-21
-4.82589710634e-21
-4.58460225102e-21
-4.35537213847e-21
-4.13760353154e-21
-3.93072335497e-21
-3.73418718722e-21
-3.54747782786e-21
-3.37010393646e-21
-3.20159873964e-21
-3.04151880266e-21
-2.88944286253e-21
-2.7449707194e-21
-2.60772218343e-21
-2.47733607426e-21
-2.35346927055e-21
-2.23579580702e-21
-2.12400601667e-21
-2.01780571583e-21
-1.91691543004e-21
-1.82106965854e-21
-1.73001617561e-21
-1.64351536683e-21
-1.56133959849e-21
-1.48327261857e-21
-1.40910898764e-21
-1.33865353826e-21
-1.27172086134e-21
-1.20813481828e-21
-1.14772807736e-21
-1.09034167349e-21
-1.03582458982e-21
-9.84033360329e-22
-9.34831692312e-22
-8.88090107697e-22
-8.43685602312e-22
-8.01501322196e-22
-7.61426256086e-22
-7.23354943282e-22
-6.87187196118e-22
-6.52827836312e-22
-6.20186444496e-22
-5.89177122272e-22
-5.59718266158e-22
-5.3173235285e-22
-5.05145735208e-22
-4.79888448447e-22
-4.55894026025e-22
-4.33099324724e-22
-4.11444358487e-22
-3.90872140563e-22
-3.71328533535e-22
-3.52762106858e-22
-3.35124001515e-22
-3.1836780144e-22
-3.02449411368e-22
-2.87326940799e-22
-2.72960593759e-22
-2.59312564071e-22
-2.46346935868e-22
-2.34029589074e-22
-2.22328109621e-22
-2.1121170414e-22
-2.00651118933e-22
-1.90618562986e-22
-1.81087634837e-22
-1.72033253095e-22
-1.6343159044e-22
-1.55260010918e-22
-1.47497010372e-22
-1.40122159854e-22
-1.33116051861e-22
-1.26460249268e-22
-1.20137236804e-22
-1.14130374964e-22
-1.08423856216e-22
-1.03002663405e-22
-9.78525302349e-23
-9.29599037232e-23
-8.8311908537e-23
-8.38963131102e-23
-7.97014974547e-23
-7.57164225819e-23
-7.19306014528e-23
-6.83340713802e-23
-6.49173678112e-23
-6.16714994206e-23
-5.85879244496e-23
-5.56585282271e-23
-5.28756018158e-23
-5.0231821725e-23
-4.77202306387e-23
-4.53342191068e-23
-4.30675081515e-23
-4.09141327439e-23
-3.88684261067e-23
-3.69250048014e-23
-3.50787545613e-23
-3.33248168332e-23
-3.16585759916e-23
-3.0075647192e-23
-2.85718648324e-23
-2.71432715908e-23
-2.57861080112e-23
-2.44968026107e-23
-2.32719624801e-23
-2.21083643561e-23
-2.10029461383e-23
-1.99527988314e-23
-1.89551588898e-23
-1.80074009453e-23
-1.71070308981e-23
-1.62516793532e-23
-1.54390953855e-23
-1.46671406162e-23
-1.39337835854e-23
-1.32370944062e-23
-1.25752396858e-23
-1.19464777016e-23
-1.13491538165e-23
-1.07816961257e-23
-1.02426113194e-23
-9.7304807534e-24
-9.24395671573e-24
-8.78175887994e-24
-8.34267093595e-24
-7.92553738915e-24
-7.52926051969e-24
-7.15279749371e-24
-6.79515761902e-24
-6.45539973807e-24
-6.13262975117e-24
-5.82599826361e-24
-5.53469835043e-24
-5.25796343291e-24
-4.99506526126e-24
-4.7453119982e-24
-4.50804639829e-24
-4.28264407837e-24
-4.06851187446e-24
-3.86508628073e-24
-3.6718319667e-24
-3.48824036836e-24
-3.31382834994e-24
-3.14813693245e-24
-2.99073008582e-24
-2.84119358153e-24
-2.69913390246e-24
-2.56417720733e-24
-2.43596834697e-24
-2.31416992962e-24
-2.19846143314e-24
-2.08853836148e-24
-1.98411144341e-24
-1.88490587124e-24
-1.79066057767e-24
-1.70112754879e-24
-1.61607117135e-24
-1.53526761278e-24
-1.45850423214e-24
-1.38557902054e-24
-1.31630006951e-24
-1.25048506603e-24
-1.18796081273e-24
-1.1285627721e-24
-1.07213463349e-24
-1.01852790182e-24
-9.67601506726e-25
-9.1922143139e-25
-8.7326035982e-25
-8.29597341829e-25
-7.88117474738e-25
-7.48711601001e-25
-7.11276020951e-25
-6.75712219903e-25
-6.41926608908e-25
-6.09830278463e-25
-5.7933876454e-25
-5.50371826313e-25
-5.22853234997e-25
-4.96710573247e-25
-4.71875044585e-25
-4.48281292356e-25
-4.25867227738e-25
-4.04573866351e-25
-3.84345173033e-25
-3.65127914382e-25
-3.46871518663e-25
-3.29527942729e-25
-3.13051545593e-25
-2.97398968313e-25
-2.82529019898e-25
-2.68402568903e-25
-2.54982440458e-25
-2.42233318435e-25
-2.30121652513e-25
-2.18615569887e-25
-2.07684791393e-25
-1.97300551823e-25
-1.87435524232e-25
-1.78063748021e-25
-1.6916056062e-25
-1.60702532589e-25
-1.52667405959e-25
-1.45034035661e-25
-1.37782333878e-25
-1.30893217184e-25
-1.24348556325e-25
-1.18131128509e-25
-1.12224572083e-25
-1.06613343479e-25
-1.01282676305e-25
-9.62185424899e-26
-9.14076153654e-26
-8.68372345972e-26
-8.24953728673e-26
-7.83706042239e-26
-7.44520740127e-26
-7.07294703121e-26
-6.71929967965e-26
-6.38333469567e-26
-6.06416796088e-26
-5.76095956284e-26
-5.4729115847e-26
-5.19926600546e-26
-4.93930270519e-26
-4.69233756993e-26
-4.45772069143e-26
-4.23483465686e-26
-4.02309292402e-26
-3.82193827782e-26
-3.63084136393e-26
-3.44929929573e-26
-3.27683433094e-26
-3.1129926144e-26
-2.95734298368e-26
-2.80947583449e-26
-2.66900204277e-26
-2.53555194063e-26
-2.4087743436e-26
-2.28833562642e-26
-2.1739188451e-26
-2.06522290284e-26
-1.9619617577e-26
-1.86386366982e-26
-1.77067048633e-26
-1.68213696201e-26
-1.59803011391e-26
-1.51812860821e-26
-1.4422221778e-26
-1.37011106891e-26
-1.30160551547e-26
-1.23652523969e-26
-1.17469897771e-26
-1.11596402882e-26
-1.06016582738e-26
-1.00715753601e-26
-9.56799659212e-27
-9.08959676252e-27
-8.63511692439e-27
-8.20336107817e-27
-7.79319302426e-27
-7.40353337305e-27
-7.0333567044e-27
-6.68168886918e-27
-6.34760442572e-27
-6.03022420443e-27
-5.72871299421e-27
-5.4422773445e-27
-5.17016347728e-27
-4.91165530341e-27
-4.66607253824e-27
-4.43276891133e-27
-4.21113046576e-27
-4.00057394247e-27
-3.80054524535e-27
-3.61051798308e-27
-3.42999208393e-27
-3.25849247973e-27
-3.09556785575e-27
-2.94078946296e-27
-2.79374998981e-27
-2.65406249032e-27
-2.5213593658e-27
-2.39529139751e-27
-2.27552682764e-27
-2.16175048626e-27
-2.05366296194e-27
-1.95097981385e-27
-1.85343082315e-27
-1.760759282e-27
-1.6727213179e-27
-1.589085252e-27
-1.5096309894e-27
-1.43414943993e-27
-1.36244196793e-27
-1.29431986954e-27
-1.22960387606e-27
-1.16812368226e-27
-1.10971749815e-27
-1.05423162324e-27
-1.00152004208e-27
-9.51444039972e-28
-9.03871837974e-28
-8.58678246075e-28
-8.15744333771e-28
-7.74957117083e-28
-7.36209261229e-28
-6.99398798167e-28
-6.64428858259e-28
-6.31207415346e-28
-5.99647044579e-28
-5.6966469235e-28
-5.41181457732e-28
-5.14122384846e-28
-4.88416265603e-28
-4.63995452323e-28
-4.40795679707e-28
-4.18755895722e-28
-3.97818100936e-28
-3.77927195889e-28
-3.59030836094e-28
-3.4107929429e-28
-3.24025329575e-28
-3.07824063096e-28
-2.92432859942e-28
-2.77811216944e-28
-2.63920656097e-28
-2.50724623292e-28
-2.38188392128e-28
-2.26278972521e-28
-2.14965023895e-28
-2.04216772701e-28
-1.94005934066e-28
-1.84305637362e-28
-1.75090355494e-28
-1.66335837719e-28
-1.58019045833e-28
-1.50118093542e-28
-1.42612188865e-28
-1.35481579421e-28
-1.2870750045e-28
-1.22272125428e-28
-1.16158519156e-28
-1.10350593199e-28
-1.04833063539e-28
-9.95914103618e-29
-9.46118398437e-29
-8.98812478515e-29
-8.53871854589e-29
-8.1117826186e-29
-7.70619348767e-29
-7.32088381328e-29
-6.95483962262e-29
-6.60709764149e-29
-6.27674275942e-29
-5.96290562144e-29
-5.66476034037e-29
-5.38152232335e-29
-5.11244620719e-29
-4.85682389683e-29
-4.61398270199e-29
-4.38328356689e-29
-4.16411938854e-29
-3.95591341911e-29
-3.75811774816e-29
-3.57021186075e-29
-3.39170126771e-29
-3.22211620433e-29
-3.06101039411e-29
-2.90795987441e-29
-2.76256188069e-29
-2.62443378665e-29
-2.49321209732e-29
-2.36855149245e-29
-2.25012391783e-29
-2.13761772194e-29
-2.03073683584e-29
-1.92919999405e-29
-1.83273999435e-29
-1.74110299463e-29
-1.6540478449e-29
-1.57134545265e-29
-1.49277818002e-29
-1.41813927102e-29
-1.34723230747e-29
-1.2798706921e-29
-1.21587715749e-29
-1.15508329962e-29
-1.09732913464e-29
-1.0424626779e-29
-9.90339544008e-30
-9.40822566808e-30
-8.93781438467e-30
-8.49092366544e-30
-8.06637748217e-30
-7.66305860806e-30
-7.27990567766e-30
-6.91591039377e-30
-6.57011487409e-30
-6.24160913038e-30
-5.92952867386e-30
-5.63305224017e-30
-5.35139962816e-30
-5.08382964675e-30
-4.82963816441e-30
-4.58815625619e-30
-4.35874844338e-30
-4.14081102122e-30
-3.93377047015e-30
-3.73708194665e-30
-3.55022784931e-30
-3.37271645685e-30
-3.20408063401e-30
-3.04387660231e-30
-2.89168277219e-30
-2.74709863358e-30
-2.6097437019e-30
-2.47925651681e-30
-2.35529369097e-30
-2.23752900642e-30
-2.1256525561e-30
-2.01936992829e-30
-1.91840143188e-30
-1.82248136028e-30
-1.73135729227e-30
-1.64478942766e-30
-1.56254995627e-30
-1.48442245846e-30
-1.41020133554e-30
-1.33969126876e-30
-1.27270670532e-30
-1.20907137006e-30
-1.14861780155e-30
-1.09118691148e-30
-1.0366275659e-30
-9.84796187607e-31
-9.35556378226e-31
-8.88778559315e-31
-8.44339631349e-31
-8.02122649782e-31
-7.62016517293e-31
-7.23915691428e-31
-6.87719906857e-31
-6.53333911514e-31
-6.20667215938e-31
-5.89633855141e-31
-5.60152162384e-31
-5.32144554265e-31
-5.05537326552e-31
-4.80260460224e-31
-4.56247437213e-31
-4.33435065352e-31
-4.11763312085e-31
-3.9117514648e-31
-3.71616389156e-31
-3.53035569699e-31
-3.35383791214e-31
-3.18614601653e-31
