0.82074237976
-0.247921856453
0.403338052536
-0.265346881446
0.176881856761
-0.150749650104
0.111072674584
-0.0409480262407
0.207328404012
0.00305340554969
-0.0691753212487
0.0445068209616
-0.182675066341
0.0810090867933
-0.00357187233853
0.103947352089
0.196747036104
0.247738334201
-0.114769436034
0.171456084957
-0.26665229268
0.127103984536
-0.1153043447
0.164472851159
-0.00822906082491
0.218757689606
-0.17130960168
0.0120164251468
-0.141299513915
-0.110095258251
0.0993982793457
-0.000148338381634
0.187237533212
0.101344029738
0.0639141732325
-0.0949771232077
0.0224093199611
-0.17176723475
0.123254379907
-0.0228959830355
16.3359643292
-5.88748928917
7.44518742212
-5.84983830281
4.18402833905
-4.63145696137
1.68108065378
-1.39892816587
5.11308216743
-0.844479500867
-1.25853272424
0.290844671807
-4.19980760112
0.570296710378
-0.819369308721
2.06154425276
4.17803577231
3.61416345968
-0.913730127915
1.62159593703
-3.33927621578
0.585601304567
-1.37710462149
1.69888110035
1.84881743846
2.54091978477
-1.59702254022
-0.284299457433
-2.71348809398
-1.6973767623
0.0136864696885
0.567172541948
3.04255407358
1.84042943207
0.792765906262
-0.755168852003
-1.00280596132
-1.8548146665
0.36159485135
0.350183735163
65.3722105805
-21.5931322898
26.2098674156
-20.1874186702
17.7960066209
-17.5534973718
3.3896449749
-2.79926126883
21.6323604632
-5.13838807045
1.0625970544
-1.46507892127
-10.5073599145
-1.08043655904
-2.52179418391
6.64319003456
17.1360870042
5.92864515698
4.32947881652
-0.995641879893
-4.51193784763
-1.21798481827
-3.92276496817
3.29935235243
10.2579374229
3.54953003615
0.52537972747
-3.1231109074
-5.40055954139
-3.66722375972
-2.83141772671
3.43964876838
9.23607374477
3.53115607699
4.15266108366
-2.33867473992
-2.64168944364
-3.31121299624
-1.85470788737
2.18795125899
112.713736861
-37.9307548031
39.7481629243
-32.298687942
32.4720261075
-27.6654335547
-1.75924903317
0.525666286119
38.1109343314
-13.4883956582
9.34808264397
-6.91683152134
-8.1113116753
-5.53658575395
-1.65813760112
10.6977227945
30.222613875
0.503370624531
13.1204651148
-8.29073367352
-0.204409143427
-4.81812495939
-5.46540469793
5.18469891751
16.6336999153
0.441284371733
4.06079003952
-6.45740629623
-2.84283913005
-4.6059691036
-2.77607597702
6.97105803665
12.7144016808
1.98729673576
5.52950636787
-3.84214796009
-1.88942380985
-3.75035841217
-2.20731659385
4.52172548532
120.844972832
-41.7711316416
33.9607739272
-32.6014694856
33.1606328173
-24.0833898333
-6.66113909235
8.27952996824
34.5676898116
-12.4563400661
5.31831398154
-6.55182394667
0.823044326485
-10.4692935922
4.23824712099
9.95174899514
33.9825801867
-6.36498376051
10.3831582398
-9.22555670071
3.46490284062
-4.75636655139
-4.81807595618
9.53019380006
12.5190773683
-1.23267299804
0.214737995258
-4.22364093109
2.07488425414
-6.26324550023
1.91404323371
5.94777603636
12.4131713539
-1.53635305077
1.26500661438
-1.31764368916
-0.792942282438
-1.7999757991
-1.69755008534
6.26478079922
109.494330811
-33.4535646364
22.3739034192
-24.7752639357
24.7587038353
-14.0194162758
-3.7236354235
11.9951767271
16.7169491975
0.197326968156
-8.59056192998
2.42208326022
6.67448831506
-13.198656574
6.08226596352
4.42538506566
32.2798394597
-7.5654347875
5.36501905758
-4.79166672659
4.76259688916
-1.73807013157
-4.50318204179
11.559389217
4.39736541288
0.164384118001
-3.17484630356
0.855502321591
4.81687855342
-7.08909058683
3.13447010512
1.12493788135
10.5152116139
-2.20103361732
0.256104087158
1.52162275104
-0.173425625406
0.179476885505
-1.88250221819
5.55321530043
101.163297248
-26.5182210105
19.5224191832
-15.3986155726
19.6907739017
-9.51422288212
2.91181039105
10.5154651139
4.33894226956
3.71001240011
-5.99556277934
5.38138072618
7.63523205618
-11.2326360656
3.72164286843
1.23365308378
27.4936497454
-3.94120518841
6.30868885597
-1.78355041193
5.47507699768
-1.156831553
-1.00997242181
9.13410012998
0.751870820354
0.00420264234028
0.186632398942
2.37511613361
4.00702821884
-4.70236359379
2.3259019015
-0.144706646557
6.90999305937
0.34914524706
1.93665632789
1.53810830876
0.724050364174
0.145773425264
0.211599109271
3.28075179341
96.7785835641
-26.0947645489
20.0356101276
-7.92037843115
16.6857895228
-9.30667227703
7.1956672216
9.51255996595
5.09939763804
-6.0344275473
7.81510978185
0.238499689669
6.16536035462
-5.95984855205
-0.291635567893
4.14336684463
19.309052041
0.678869755032
5.3020519766
0.250565980741
4.71388622808
-2.14674237376
1.53658838129
8.31187873145
0.00293583857993
0.129535163425
1.73865043725
2.73453348093
1.80008316998
-1.4944853358
0.755198108833
1.48361594182
3.03955388331
2.50096181618
1.32825561722
1.71743555358
0.684684765535
-0.603832244824
1.15213405069
2.17944246355
91.1242978455
-22.2099866724
16.173352107
-2.8380132065
12.1738306047
-6.90170427838
11.3650186786
7.91232812536
12.1690441737
-11.2965061456
12.8960805753
-2.58274777704
6.08471667174
-2.94029780726
-4.21709281654
7.26700087409
13.753369004
4.33957858718
3.35809149569
1.3684922021
1.38890013748
-1.18869103464
1.63054445517
9.46004562716
1.63125195622
1.82025483674
0.372933146077
3.19409145716
0.803513142244
0.229105418638
-0.152753708572
2.62562393725
2.05316188979
3.3065879627
1.31279079638
1.62503945908
-0.240196696274
-0.894309462336
1.04638823939
2.64583591969
90.0091160488
-16.7943016238
13.541989672
-1.13333856356
1.97855824289
-4.38521706061
14.8754476732
9.01912832826
15.5790457746
-3.54246350782
5.01193522166
-0.529817299861
6.58779408175
-5.7306797552
-1.66679498058
8.5628390886
14.9405833644
3.12618263813
5.35940523562
0.795635586212
-3.63611309155
-0.299494632418
1.44465989891
9.9655782709
5.01828101311
2.99999095612
-0.572629209511
2.55824093663
0.356848676392
-2.43215343264
2.70676272264
2.96789749165
3.71341960357
2.211337524
2.4579520485
0.96168773489
-1.66518872075
-0.316130154913
0.235403565331
4.02324865481
94.9089047296
-18.15205005
13.7023554165
-0.703972050199
-11.584629346
-6.20068153193
11.0191580543
15.0334694386
13.7802748674
9.64881121514
-4.86002119777
2.66851485552
6.48738218842
-10.2485037234
2.03490249037
6.52346122516
20.5498403551
-2.41591523851
9.4477053584
1.72999525184
-5.89795518877
-1.06173227323
-2.03562771591
9.64591733447
5.04320673659
6.03056500255
-1.20095428897
3.33162105466
1.68131513648
-5.92523728778
3.39810366702
0.831007874524
6.15535163165
-0.307386056663
4.21951676833
2.15020412268
-1.41391093213
0.296617433444
-2.55780974812
3.99769856712
97.6108006977
-20.4237025017
18.2031428
-3.56536224938
-10.9388841517
-8.5039577206
4.44575230859
17.3102066634
8.20395083842
14.5795471288
-8.77053274619
5.40128018694
6.16980990574
-7.8796514868
0.00094938761678
2.27456504694
23.2290418989
-3.76354138835
11.887845913
1.37932096291
-1.83246474661
-2.28328289089
-2.4739069451
7.76511653368
3.31030956931
6.37921042922
-3.0564097036
3.61442595402
2.31558169611
-2.92361179572
1.55507368541
0.0603474844679
5.77709398007
-0.833829785464
4.33923177491
1.85905370617
0.999265646145
0.221011572723
-1.45308271819
2.6969456609
101.324056617
-24.212120781
31.9593646998
-18.5939536101
3.31696091796
-9.11655099627
8.67467662841
15.8312052368
3.48336875679
9.31579560217
-8.87482022284
4.26890483483
3.45177769034
-1.30531602578
0.0347897249824
6.1891065077
18.3620966538
0.69009221932
10.1630096704
-3.48440032146
1.61448966025
-1.96309505261
4.25536424229
5.98659912133
3.89876673179
3.10862967451
-3.03743479164
0.706180518469
0.903874951097
0.92970985422
2.47678436365
2.44028313181
3.98781000096
1.00347356239
1.7075736271
-0.0878466845451
0.912167032376
0.890866452365
1.66524761516
2.34804548643
109.359145256
-33.5987149391
42.7345846847
-31.4392811945
14.6491065146
-10.8337516052
15.4478583227
15.1618106264
6.1741951241
0.174431230701
-1.48324558502
0.652372739938
-0.651500800671
-0.0655571062842
2.08724054046
13.9943520411
13.4153507273
3.13004497327
5.89255198097
-5.25972005791
1.51387459798
-0.550813400922
8.27002366727
6.07102781568
4.17583262957
0.311841879991
-0.0234553422382
-1.04440125087
-0.389347756708
0.45316296763
3.32977015244
4.42104202423
3.63290318681
1.58589421667
0.394242091782
-0.81657226404
0.0425989139235
1.31409942667
3.1067728071
2.76534971303
115.106744768
-41.3423887675
38.7741763953
-26.4878634237
18.2974184934
-9.06785807268
12.3136997385
14.1834486106
9.79618526358
-8.79745917172
5.85851388826
0.663855643341
-0.791640970447
-3.89454518143
2.77938034854
12.3381945041
19.8040701937
-0.601054672364
6.21892645401
-2.41265976052
3.10157455732
-0.115156671267
6.56573180399
7.21266318979
3.92217338166
-2.77946578333
1.17286227136
1.54531437033
0.267599050781
-2.04742632991
2.22446057426
3.17177444665
6.26167414581
0.231547378042
2.50884400111
0.688050794845
0.974814026937
0.358464292373
2.77521620522
3.53097425494
113.955870342
-39.4376044172
30.3400916838
-16.3763959689
20.9753520418
-7.2454835948
5.48230369665
11.3877478365
11.6811838134
-11.2655738686
1.36247432571
5.59993319939
1.25769967867
-7.68716802099
2.8875125672
2.93978877754
31.2136310963
-5.47519877564
8.21455740487
-0.581109808887
6.27116520005
-0.904908592596
2.12472073994
8.02258491182
6.17711678401
-2.2667757051
-2.60574779799
3.33736462021
2.86145897626
-5.32407494067
2.07072929034
-0.38698880409
11.1703121455
-1.59895781939
2.17208831036
1.27609458238
2.22138777394
-0.252176407004
0.0741729571798
4.62229839577
108.25145632
-29.4134955127
25.7440251395
-14.7529303185
22.9879693616
-7.18328374295
0.516151797107
11.5970483705
20.389229715
-5.04205817168
-7.48276571905
5.08967275405
3.48704317656
-9.41288824037
3.65833763059
-2.55772751964
39.4844049449
-9.43861057328
7.91627827177
-4.28561310101
8.78278849341
-2.6605207396
-1.00410715223
9.04509453196
12.9310162957
0.0405636223499
-5.12268484824
0.199640504191
5.51646642596
-7.17210987553
3.48891024817
-1.51633455204
17.3460209006
-5.51786013878
1.93048604469
-2.4036134153
4.39957584158
-2.110708047
-0.629262400231
4.8798934728
123.183150672
-40.5220284418
22.6850777493
-3.36265187569
15.4976371821
-11.7630004208
11.6639531202
9.31556481592
31.2909993244
3.02458138609
-6.73017767501
3.36496849395
3.50478283154
-5.12228184846
5.74626911424
3.07337869454
33.4429434331
-8.51291093837
5.93416427424
-2.23661194923
6.88338424948
-2.63127792836
3.1771717888
5.85631424622
16.4179022447
-1.38589771702
0.298400843561
-3.12341826128
8.7667447336
-6.89545403526
6.45069144483
-1.18688071579
15.6482138455
-6.36726438431
4.2954582283
-2.90157522764
5.09339722754
-2.28891925986
1.45551477695
3.28261640879
251.130761818
-173.49238774
13.0570119307
68.1607452647
-24.1384111528
-46.0746074402
94.6288370652
-25.2887010215
12.3667414189
39.6139406666
-19.1844413996
20.1850200025
-19.4485623619
26.2356407841
-1.0299697209
28.349345768
-17.2487574405
26.2059962549
-14.8269566959
15.9227243369
0.151208195747
9.28694176823
1.86129456969
2.43350570959
15.3001260356
-7.4115207996
14.8988543677
-15.2990004587
24.7991049335
-15.6798239027
19.2927931837
-13.7830357509
20.9759129451
-13.2606785964
14.0303674751
-4.6478895541
6.44580441524
-0.213437081146
0.697993873622
6.15833402471
542.589852539
-469.486409183
0.476539971819
213.612303953
-106.557275362
-107.31203221
249.242475536
-90.9851774935
-32.0938175114
114.399543319
-52.9663843037
40.4662995841
-42.0124391545
61.8538090814
-12.8886324273
67.7652780631
-101.524290709
104.199561009
-53.8048127928
20.2028146245
14.7231738948
28.2568642779
-35.173434509
34.2306533299
11.1593827819
-29.0547378682
42.8414589437
-25.4795922625
25.177345305
-10.3164298158
25.954454949
-33.2392057154
49.349275422
-40.0469068426
31.3393548
-3.67048458625
2.05145401765
-4.00796911832
20.5757538875
-15.6474221113
791.635202789
-703.102858572
30.4456712424
290.121953877
-155.416483162
-157.80577645
345.131609258
-128.333293653
-41.6027753576
151.004625156
-70.4748490945
29.9409741183
12.0308667178
16.2348897228
16.9998001461
106.453630005
-197.694692848
200.33395203
-92.4491916707
-11.6414011404
58.8905250822
43.4168275191
-97.7553108549
113.33885272
-21.8326516078
-45.9730275575
74.0761362465
-18.2548294545
-25.4253477014
67.3034906149
-28.3166666894
-30.2331143436
92.0899939534
-92.5974714252
51.317722781
24.1454890812
-35.9399388244
10.8790720986
54.637913687
-72.424464774
847.963821701
-703.342471101
71.0199789574
249.755982507
-154.91942551
-178.888731574
348.039751964
-144.885483164
12.0503565097
124.273981929
-86.8949750846
24.0188884176
113.471565736
-109.397387624
95.9750707844
146.469413036
-274.102860349
246.516068173
-92.9030087105
-63.2263391318
98.1537521137
40.3209257738
-131.289608471
187.173157306
-76.407809454
-41.2410563702
105.277495851
-30.5302879342
-60.3703657142
140.495748797
-83.8408144955
-17.6557791829
117.582721309
-130.338528889
61.7304793439
46.2248097518
-69.8350902345
33.3104423755
68.9740002318
-106.733695841
769.20971944
-574.126947988
84.7575199314
199.501782467
-171.364585201
-123.121847822
282.30371667
-151.51226991
63.7822649832
98.0724093347
-119.126069388
69.6032194177
95.8158272811
-123.935008458
99.589140002
157.756300159
-247.164933424
221.263143608
-86.0420641574
-49.8028047046
82.4116104614
5.50541501613
-81.2237450006
155.788021022
-80.3599402149
-16.9823612167
99.6627033195
-65.549478128
-3.89665036595
76.4035222842
-46.7179469274
-14.3054734887
93.9939657953
-109.293959949
68.4149372044
7.24984765744
-39.9191546774
29.1042501557
32.7348404182
-57.3420240604
592.801685229
-451.51620335
146.463690952
133.507374876
-169.044687949
-35.2725767332
183.832747261
-129.147967857
86.8715820228
74.3766380207
-93.4257907888
81.6515557835
10.6579362636
-39.1408815084
43.3185856909
94.3828467181
-109.161963878
136.356429087
-60.0503353832
3.54230735076
32.1261196729
-11.6402842452
-16.421085916
71.4411405701
-40.2122657507
15.0133133836
44.5239248367
-40.5870860885
22.5866619623
12.3812386217
-9.50842113454
4.5071204802
28.5762626421
-30.1159009959
29.7017836875
-4.05356638902
-11.506059283
18.3015748916
-3.90421449289
-0.560057573002
569.015156141
-640.006176765
483.997604254
-97.1870162827
-25.6702173497
-150.581388602
368.561162705
-331.816272477
268.392193038
-59.3604702252
68.4894023163
-42.3124163743
85.5399413504
-106.436119937
148.622000546
-79.080964931
32.5369551982
108.136098905
-84.4888886752
50.3138583954
40.6717402562
-17.9678871945
-59.1004479322
168.698523449
-160.249097596
121.006782905
-27.5988991255
36.9341818434
-62.1830559936
127.958825687
-135.735423747
125.343602445
-64.8815609194
33.0479079998
-11.2482823352
54.8601134119
-83.2941491053
96.8951242816
-40.6143059736
-10.3901280351
957.361740997
-1411.28274597
1262.07980851
-502.277438227
205.001646507
-473.376402105
1007.43455658
-986.048899247
744.565963328
-278.048827808
239.558126504
-221.536294157
350.90809841
-380.899968169
430.974447847
-243.005796821
33.3322775488
242.735191851
-168.151768784
17.3858346705
160.994372253
-11.7508443691
-225.264555971
420.323299432
-317.021928342
155.45905632
-3.03290328098
82.6343599583
-178.570614665
291.352636284
-248.18273753
171.415780232
-38.4638513461
5.37258473883
-20.5405354524
126.044017049
-147.331117255
111.518273242
20.7548684163
-78.5073671053
1433.75447663
-2238.13069
2014.99116142
-786.65021343
253.631964402
-564.69896562
1466.77383607
-1534.15573511
1140.4301632
-368.871979574
200.365702607
-210.304962723
481.638826865
-491.925306705
478.380379843
-108.127004783
-157.824238433
384.911654915
-186.453103291
40.0544341372
35.1829344003
250.708504919
-424.909574519
483.915802092
-262.722415246
174.023143674
-152.71552921
303.651122257
-304.687590899
282.139639318
-148.315907741
126.106718018
-86.7586022826
118.806753985
-74.1643691937
70.8102641639
-11.0559086311
7.98183741567
43.6739048978
-49.9995325052
1839.71732141
-2978.81950292
2588.9038349
-732.133238598
-164.486978729
-277.537447651
1697.46884422
-2031.78751646
1553.29392211
-424.410037168
66.0349839231
-207.313266878
709.121244836
-671.164673344
469.885519932
65.2502050692
-207.339251142
249.481436839
-27.0341958114
174.246926013
-396.639352461
701.236483279
-517.189357612
294.751522419
-144.968402481
442.677326151
-699.907459571
791.22663339
-476.259197025
252.374226365
-194.59109227
425.045251311
-514.696821063
438.702911063
-181.670677123
76.5169779186
-74.4132161358
170.093335089
-114.698568687
3.48444528577
2476.67744137
-4090.47052187
3474.16502152
-567.824127703
-941.357477881
273.257931373
1913.79655149
-2516.0529742
1654.69803599
100.542088928
-406.19537295
-493.198490225
1681.70447227
-1433.31121762
522.097913265
385.173941196
-170.284494066
-298.556087617
558.602785497
139.238502751
-885.005561417
1168.20292733
-429.700900781
-257.740612913
376.507874193
346.680672618
-909.553209838
933.563963295
-289.957901091
-126.143696234
41.1205997582
573.655910513
-899.302577744
734.262151369
-138.771018025
-176.503759705
90.9306303845
308.786691425
-423.438552435
197.54568219
3583.20374394
-6636.15514621
5925.92727357
-791.489796569
-2739.23459813
2189.15402692
1655.79528126
-3219.95185509
1345.77519969
2447.31235314
-3102.91355102
260.715746646
3243.85412948
-2996.13932289
121.743312545
2308.9176828
-1365.89103595
-980.733586077
2137.78876957
-366.890114507
-1920.97206344
2456.36829756
-395.985629861
-1585.83629047
1712.72799974
65.9411889041
-1342.76380595
1017.83124633
559.705030344
-1358.66026776
752.035003525
695.009505898
-1273.17141753
655.505747352
506.2265956
-838.110905086
242.09375352
656.114685564
-762.394379258
125.328386497
5190.8845486
-9708.0898168
8804.52410334
-1221.88202113
-4510.82299304
4106.01094067
1599.10730284
-4374.62875
1665.96739487
4272.65510501
-5467.88088259
1106.38164611
4165.55997893
-3514.82002697
-1076.12570846
4414.2099487
-2359.92866757
-1445.79750906
2733.47762313
426.069171484
-3583.35428151
3348.62227603
351.172343707
-2747.92131716
1823.57359991
1160.42235879
-2209.68044585
744.18340991
1556.04096909
-1756.1533627
203.577939512
1331.60966698
-858.594835192
-608.144348198
1487.52963204
-742.660977878
-301.725775393
582.718418787
246.496581911
-899.675599473
5967.69187521
-10368.3746778
10000.0
-2588.04680107
-3319.79324081
3834.60791234
1145.19199419
-4191.96516138
2715.36501414
2352.79209799
-3914.25740971
880.539654639
3163.14264977
-2307.6915446
-1360.65897938
3803.37294145
-2068.87275877
-325.464480103
701.505695016
2122.63349029
-4129.00812707
3209.49091247
270.921197488
-1857.57536872
555.20826319
1889.12762459
-2181.73106662
644.214212678
986.272653187
-706.622660081
-601.830705454
1374.93344163
-299.178605762
-1044.76492631
1402.43477642
-392.665736268
-176.822638472
-179.501455826
1168.59649254
-1328.33262812
5569.23903908
-9474.13216337
9566.78477691
-3466.50382137
-1322.41364942
2350.66623938
842.291313669
-3067.39833547
2606.64621858
617.879351257
-1949.95143525
200.704115121
2220.93716123
-1466.19713856
-877.033436027
2164.39002324
-1162.66511044
226.615785465
-453.525170352
2355.38056406
-3353.56846242
2501.89259772
-27.281211883
-816.723525389
-103.737358548
1592.57662114
-1374.10001284
267.192555635
631.789986191
-206.762801991
-664.44703513
994.518166105
-139.34237842
-764.739273658
808.413207387
-21.250362703
-232.411532449
-251.459791729
985.156424082
-906.914556875
4372.25615541
-7122.78640069
7021.0337264
-2344.95750286
-532.211636963
1135.07448945
838.180320008
-1665.34645813
1097.65929167
945.311539891
-1648.77779537
367.323740983
1167.14046492
-761.813056964
-539.910079101
992.456370473
-293.188700859
-122.292986108
-159.704817502
1262.53073868
-1696.75465867
1269.45989557
78.4276020782
-423.07401273
-52.8545553116
806.865648398
-512.913726334
-140.254712795
585.270580233
-281.929093116
-197.787988202
347.556389241
-12.5688305916
-372.137945415
292.215291494
74.5657391425
-208.115563961
-55.7215618628
369.527832493
-294.61151744
3121.06981342
-4904.07505999
4515.17810367
-912.242568073
-550.327639894
613.73188624
860.888060333
-974.957302686
548.635361005
852.540293832
-1504.25415316
930.785260161
242.383602896
-538.925615831
-15.6468802946
306.471205423
-52.0133583495
-109.670287842
23.6466377283
339.688745035
-343.264059299
464.99855734
-110.782934943
86.1481788603
117.390585303
219.354241788
-141.065950327
131.374051142
187.620650623
-140.045385442
152.63386975
-120.646075255
84.9243056856
36.3847298296
-161.722540371
16.6767068349
106.410353991
-161.02766669
-1.04599498847
111.147639268
2564.68227081
-4087.53457142
3649.38114541
-305.043050557
-702.154956273
839.287421341
635.418571642
-861.125312235
1066.21126523
237.89834458
-1421.77304401
1477.98323634
-118.950462673
-1003.34912434
625.51846412
12.3930553894
-424.696830384
209.046431778
-59.568365067
-144.682816543
235.390948422
220.674557567
-392.87529849
428.21657287
283.290431792
-115.19698914
49.2147554736
390.341822666
-18.4393988695
-51.7067986743
292.075624427
-178.700566939
30.4723821043
179.311985412
-244.117419686
-90.7818826918
210.42469602
-204.089548491
-143.593115507
170.649347562
2606.98630524
-3908.73014336
2994.32085087
742.370566898
-1065.06302039
390.549954525
1411.59823659
-923.940460876
838.215047786
386.079454016
-1272.86471419
1371.87261018
60.1601290068
-1281.36898603
562.50572991
498.815522182
-873.75514015
134.041890798
48.1623694051
67.0971771562
39.4753306778
-94.7941297278
100.190478427
481.981716884
-159.304003012
142.62255628
316.719636634
43.9936934395
254.699593698
-72.8835156885
28.6857220843
350.61837229
-172.747804468
-263.345904268
355.455354184
-141.519530021
-266.790314163
108.786045725
-73.079765612
-45.8474509161
3289.74970575
-4411.19518029
2526.20027757
2590.72368631
-1728.81075804
-987.384912465
3496.59173089
-1089.1049204
-103.413513257
891.801255946
-1014.95697648
1326.11557539
-29.8645266968
-1612.50405897
639.089772756
1042.28181412
-1431.19475043
-125.364072225
186.051726448
623.631565702
-286.079323273
-963.760605068
1187.13126257
738.36929369
-1128.10972823
548.093919893
876.27864262
-377.133042718
576.673185393
-242.165600241
-103.294117231
1164.27608191
-652.846624483
-746.065954243
1099.49671643
-131.317532725
-791.329636111
203.40722079
15.7734363781
97.7266728507
3865.49710368
-5375.32405378
2710.67925174
4123.52730708
-2428.44189665
-1972.40508562
5012.78892643
-711.345208213
-863.7239297
829.140458411
-363.467166415
1738.70399546
-673.09116595
-1748.03482898
1179.12433011
1103.25966684
-1663.19297909
-400.677162378
245.538806029
1226.6387917
-593.643605115
-1710.02601404
1928.48310168
1063.2097543
-1714.89740217
499.769520704
1213.02859727
-158.042574809
388.167697994
-523.928429059
283.351053522
1384.23275028
-969.55912801
-719.63982592
1187.34511705
11.4131731181
-697.822320472
-177.651447122
174.928548996
509.123048182
4022.29907544
-5503.89617776
2185.77928818
5330.08272798
-2502.4519464
-2982.84528963
5706.64487427
79.5524155956
-1723.06437583
576.614752323
473.417210193
1489.69453358
-982.555237521
-1635.37280019
1339.74536568
956.153237121
-1525.41453786
-426.531401225
74.8491598656
1656.87419817
-604.753203266
-1833.64812479
1999.24548102
1450.53423847
-1795.08028797
513.238765974
1200.9002005
168.399457779
288.233715335
-659.552607139
482.061277191
1279.72705799
-990.053874546
-619.843711068
925.951312289
19.8467836848
-398.448348945
-591.804084643
221.587580848
739.125058448
4415.7694315
-5679.27310758
1641.24808819
6634.24482717
-2618.38238327
-3873.36055556
6744.32019204
465.704531178
-2349.88123368
622.190549486
1159.39609073
1191.75622144
-1161.16921759
-1599.05290118
1516.574443
811.288723503
-1655.50108751
-550.207613514
135.630907587
1937.83749637
-1185.57135332
-1734.7362226
2445.68888883
1290.5192407
-2018.77587863
887.729513089
1312.32201919
363.48352422
93.3311116861
-566.184032912
1060.25479429
1107.0890708
-1213.71806315
-266.902713295
1067.15825301
-57.4793110446
-629.504435442
-616.522802581
664.461843868
378.857081075
4300.30670172
-5654.61081834
1748.43087581
7091.32185133
-3347.43649145
-3787.82093552
7813.75196473
-179.262883583
-2631.63972468
1328.85400837
1343.81052239
956.485918756
-1219.09251288
-1422.62936527
1879.76467755
581.272048904
-1951.47627127
-484.749232853
596.33077952
1739.25189265
-2085.97228362
-1091.83739183
3016.44174553
192.369861018
-2077.2849058
1683.58544358
1011.49056119
131.01169139
38.0649197963
-251.589456096
1384.66499232
578.04144456
-1302.55495187
359.179211182
980.988352342
-393.025030759
-709.993311801
-210.397260323
834.738566759
-365.259234215
4574.2454147
-5408.15607303
1521.14104971
7310.59080953
-3753.61421913
-3548.22627442
8584.65808622
-1233.16303632
-2437.05558427
2303.45488336
851.609388386
539.532980063
-678.308660988
-1333.01010729
1760.8426462
293.819325419
-1756.66017368
-334.815438327
448.506204874
1661.83099501
-2296.03621707
-751.730702793
3200.78173707
-448.405870572
-1871.90683007
2367.19077591
458.635066955
127.6712897
392.032644246
-235.304684634
1451.5224932
524.523736726
-1289.96067093
765.294412252
787.194378246
-474.30820116
-510.514199294
-252.126172467
900.059692651
-478.747669595
4494.58216424
-5235.22322158
1645.78567434
6860.01501847
-3502.93435406
-3355.25845632
8616.23798939
-1540.46652998
-2173.74414375
2562.4570596
904.382406537
322.365455438
-347.913995839
-1160.00788152
1870.99004924
163.40994319
-1669.10396417
13.0178201097
356.784793082
1362.10161362
-1966.8397664
-797.175841546
2972.76946956
-360.163760882
-2032.76544389
2325.92885883
532.267564065
-136.541492615
414.232745013
-143.196559688
1365.49383822
566.047522977
-1350.50497098
941.629495366
910.376265302
-649.79269138
-258.247789653
-75.9748778146
719.026212221
-207.644495625
4296.51739784
-5301.98282315
2457.96240998
5743.97726864
-3405.64062994
-2420.5683765
7884.18870394
-2035.0394001
-1481.38019751
2366.1668149
668.757381896
333.777894264
-482.516559921
-894.903683782
1859.55657895
-249.55902344
-1440.37146766
338.644499245
193.505858319
1120.37601343
-1612.42995437
-600.334451815
2913.86302056
-656.769091036
-1516.86541435
2355.45809816
308.8888499
-95.3129015056
611.081999264
-357.303529428
1570.41920821
240.644809625
-1413.13069567
1288.98100275
557.536507427
-906.15934507
43.8750461105
-166.717633624
584.363797322
-228.035432939
4583.33880916
-5797.24902035
3382.44867429
5104.36293724
-3379.52594295
-1997.21819167
8319.37705685
-2845.90110809
-1083.78852373
2785.40860656
454.974650242
181.841746442
-453.281584871
-655.089059212
1827.27745236
-437.302312074
-1638.92959245
670.033818062
363.843579672
553.017961606
-1620.53074665
-84.1096509916
2937.7796476
-1518.75413188
-786.76388049
2415.2040836
100.447467341
-250.777239873
908.023671484
-428.497749298
1810.88234234
-195.331484013
-1222.41343733
1634.2581212
324.562218884
-1072.53231313
206.495980509
114.049289542
378.294578028
-513.092061789
5260.53548141
-6588.37831655
4242.40127802
4408.96110256
-3353.15429492
-1788.08677591
8537.80912346
-3805.70056306
-349.451185305
2583.34951582
104.649850664
452.013377361
-677.568239755
-562.150428992
1890.37156746
-612.596740351
-1519.69914167
580.49135172
764.68043902
204.03631689
-1813.91053392
615.351714285
2939.41716912
-2746.38400106
607.738439673
2168.90831304
-756.606529264
335.105869121
981.195926583
-885.307620446
2104.72147541
-682.370725417
-986.781687582
1923.96963692
-398.030192674
-923.71527484
595.074379613
-56.9717146545
123.673566844
-618.844471357
5951.03715618
-7028.72467308
4077.14937729
4620.82248245
-3176.03005812
-1991.51234231
8437.14244054
-3904.06870255
77.5983339627
2556.14888766
-638.543289204
974.260714437
-327.513832535
-1240.1575446
1944.09183494
-240.413068039
-1637.71646831
296.925164352
1114.89178173
-1.72218047938
-1845.95291271
911.427700107
2761.65494648
-3078.18079642
1139.4327598
2251.55590259
-1435.77970138
746.925483635
1219.03972276
-1157.6340699
1998.34905836
-473.811700581
-965.859936684
2025.90465329
-599.128697248
-946.110546397
984.417426402
-132.174575532
-210.254896913
-420.944788465
5811.10282067
-6317.19811637
3094.85507429
4776.70064676
-2553.69484186
-2202.79842014
7584.94332838
-3113.45983644
123.968327988
2171.45745206
-571.838223003
971.957787926
116.004966042
-1669.10609794
2056.7396088
49.4747136936
-1860.0850402
581.441813727
1033.85563909
-190.387966709
-1526.777354
1083.59554669
1929.80452587
-2133.84026058
476.353167585
2383.10523678
-1309.79253039
432.892998824
1084.67680045
-507.030043469
1173.73623893
-268.455192402
-668.127986046
1855.83566683
-716.788081125
-942.089066866
1346.46738046
-220.14041979
-616.792603628
156.249377047
5368.69483197
-5969.87697764
3051.78315413
4223.46586175
-1939.7891663
-2130.61342739
6870.30471977
-3020.17978661
1158.93229779
806.533217764
18.8296152718
1057.73947134
154.152300791
-2289.73098507
2831.16905781
-213.423747721
-2280.65318637
1144.99613212
945.692877232
-535.591493289
-1446.5735847
1712.2113317
849.838596314
-1190.60757899
1.31060100263
2460.20563012
-1257.33980429
775.215168096
195.305261783
569.969595412
805.253563618
-589.296931158
-366.509932219
2276.44538192
-1337.11809202
-821.829296316
1700.63103889
-431.881429058
-763.398093602
173.762735385
5879.85080725
-7092.60887178
4391.32324275
3127.39407367
-1375.61752537
-2465.21847539
7961.80057208
-5080.02446117
3433.39742161
-552.133972554
586.313298265
695.626616885
970.608779216
-3332.33445066
3847.01924663
-833.746448611
-2223.62557665
1515.31448609
423.249955932
-207.352649875
-1847.39948853
2302.18909086
-74.1595312918
-399.005656446
-756.828073283
3241.46437624
-2405.61541753
1938.24266255
-706.084760515
1016.83672856
468.124455489
-142.974357845
-924.485898394
2724.64000397
-1582.68064005
-756.085426136
1909.41897963
-856.102798903
-258.023185569
-128.731218067
6573.75300829
-8661.06317593
6794.26138493
1460.25669437
-730.49647663
-2917.50613921
9812.12981505
-7654.40869496
5261.54185517
-1260.17654857
1195.06976693
-389.36709063
1770.10143892
-3612.32847948
4033.46016282
-1370.92476227
-1985.4046202
2178.00404534
-505.600042992
367.264833681
-1963.67081993
2974.1902248
-1024.96029405
562.466146854
-1263.76982877
4003.82043562
-3380.92260179
2747.69292682
-979.677803433
1152.43253315
-129.357912685
475.973051766
-1247.0963037
2543.86016677
-1666.58710875
-598.600138565
1904.59153066
-1277.32874058
44.8669545917
-40.0096882942
6412.18382757
-8652.70478406
7223.73851823
1427.30333537
-1024.38722937
-2264.47893515
9613.52056644
-7582.03372785
5158.87044141
-767.203417071
684.657479209
14.6428257787
1405.12696716
-3264.41436037
3888.88863348
-1492.64069744
-1929.6001458
2511.65821773
-842.951192869
215.257470126
-1271.32698986
2482.74781662
-963.289604975
653.836716541
-946.57081714
3446.35011264
-2852.9656976
2440.64336293
-758.115282673
1166.91382426
-271.474420282
483.928713172
-820.644709873
2189.76261187
-1907.13482481
207.913216855
1329.15086431
-1197.06006611
56.4763411691
299.623975719
5293.64846803
-6963.5287676
5354.63428775
2538.34738835
-1821.12993484
-1521.43427197
7922.78554725
-5803.86675615
4100.73728176
-586.072670344
336.406124964
1234.05378425
68.017010751
-2740.40569863
4612.69142993
-2206.55766774
-1796.96450327
3073.39445347
-1036.18248706
-147.475714422
-527.133628911
1787.84733397
-435.267443556
258.398579631
-976.396967708
3428.48280835
-2537.61941629
1649.66804016
-462.917688523
1568.51949707
-826.45003015
201.235641949
-105.105351861
2033.99564796
-2599.33180412
912.059441256
1314.94095517
-1521.45347825
230.404495345
313.325301646
5355.92148645
-6744.87815204
4772.29759544
2764.00481958
-1469.04260597
-2180.11782145
7582.34889035
-5237.56140955
4160.9859834
-1709.76829058
711.020214795
1989.81344424
-1036.27421042
-2957.95901559
5488.37604765
-2595.32878386
-2486.46188096
3866.8963581
-1502.34138848
125.186842265
-860.9644524
1887.56609239
-437.920348318
740.087046298
-1928.30055458
4072.80040605
-2324.37080157
1315.86130538
-757.810162012
2208.3291645
-868.9523362
-365.490730797
340.478763411
2048.84404463
-2624.05345784
593.193343943
1681.93876821
-1876.62183133
744.089321348
-454.019113875
6051.20183506
-7320.09683808
5558.07472943
1684.65405714
-555.410105376
-2496.79404612
7673.02045893
-5711.54494709
4990.30291826
-2267.28664363
628.604032338
2364.26927457
-1219.61341227
-2882.18290073
5222.74535417
-2281.31217272
-2665.17372463
4071.51386468
-2194.62027341
833.698044101
-1079.44100807
1526.3494985
-421.399863337
1096.69219028
-2120.63922016
3636.06048378
-1894.6889766
1247.45741387
-615.598366292
1487.46420923
28.7169815529
-761.897305431
446.475000595
1573.81727407
-1835.88347969
180.571822849
1697.43266431
-2104.28286207
1337.52400472
-747.23945519
5532.44158499
-7009.47222199
5976.39375414
1011.51728504
-550.564336809
-1935.51546626
7459.09565891
-5838.52062076
4877.57811772
-1662.33205509
300.470079493
2225.94783981
-1160.43819564
-2410.62513984
4837.45325932
-2563.56383559
-2211.97265446
4235.08133912
-2707.84640412
765.926976268
-302.802507845
932.886693584
-320.292245883
1049.96476608
-1709.53779866
3373.86252948
-1904.06619368
1137.89887006
32.9679482045
988.722485007
-204.459860909
-190.566114097
373.059156752
1186.66947877
-1844.52921167
684.304850281
1200.80887472
-2045.07794321
1220.20964389
-384.6118146
4930.58805332
-6443.00412052
5071.6427387
2397.1081304
-1562.28114597
-1602.92351705
7812.29790879
-5576.90963414
4016.76251967
-529.211151752
-62.8230987017
2234.20836607
-1030.17049848
-2506.10209494
5335.78328794
-3179.05044634
-2084.62077796
4409.82795417
-2590.25420379
-88.2530503693
531.428187198
390.437776386
-5.5653174242
519.867842824
-1378.85714566
3459.60943068
-2003.00476902
707.31217537
793.924302239
837.461314019
-661.361304768
445.610490435
344.926365098
1167.81261567
-1862.0654874
948.377389539
1084.87485113
-1684.41615497
592.166215514
236.291771875
4136.63015147
-5433.19446547
3538.51195416
3566.77159242
-2514.11911527
-1023.93447643
6731.1202868
-4142.28801086
2327.11269039
639.585559928
-446.204739975
2257.28364012
-1234.89818434
-1595.46860218
4429.84277779
-2554.24874465
-1930.25209566
3988.55569548
-1988.1995334
-522.346395604
811.81262167
238.152559728
118.761940682
8.59267209636
-661.856814796
2468.64252899
-1305.66714725
6.50796403414
1326.3093407
230.707296685
-420.778670343
361.802822696
497.16884973
503.341039256
-951.931485659
411.947415963
999.767323752
-1173.30830027
193.741939921
460.510985519
3609.43789172
-4682.33658759
2894.83096806
3568.19664627
-2915.79336922
-168.030967807
5215.69449774
-2998.77414335
1325.58918544
1165.08949426
-813.885747333
2175.54324215
-1456.9978198
-826.877941446
3237.61934436
-1895.15493796
-1626.06553994
3340.52588581
-1643.29752244
-478.800924866
906.86053579
10.5097727697
302.804363194
-51.6762030645
-249.056216473
1760.9551147
-660.026822276
-208.948974277
1422.285955
-21.2031119158
-102.100768723
271.858773087
465.443839375
305.38004768
-570.895447455
228.076014058
803.247662183
-912.048669571
122.673967703
400.732830543
3453.23253377
-4468.74944121
2891.7026754
3222.75273124
-2816.80792466
202.490077996
4457.02301427
-2619.90431226
1421.3550045
794.662212228
-673.242052538
2222.56254972
-1546.92641313
-745.259142659
3174.77053819
-2049.98076367
-1228.16227046
2861.59669504
-1502.42268902
-421.805749493
855.129810315
-254.506420101
579.949616518
-355.250634919
-220.245797187
1710.73166104
-756.195038057
-306.569522649
1486.95590877
-175.590151867
-143.614044521
344.77728692
345.496792174
382.366102636
-603.328923368
199.921933282
880.391401101
-868.277233298
-46.2439948279
626.244342815
3482.34805683
-5070.83265684
3889.00830221
2422.69122346
-2840.34568609
1015.58785228
3250.53187822
-2206.73339066
2056.98740605
-562.971400709
55.3929405081
2383.8273225
-2329.34056204
-318.725865474
3384.65638487
-2987.13190477
-215.87952709
2321.6210472
-1711.51946156
117.932081784
570.500409141
-499.226482091
1243.00467852
-984.481412619
-50.9887270771
2123.34933981
-1276.6813337
-273.362982488
1929.54823362
-667.495527504
-95.5993643352
553.000017625
-4.22709254174
559.586030084
-661.888149625
-96.3132166077
1244.03216561
-1030.01938266
-390.11738181
1110.30831534
3916.47673795
-6730.61577154
6168.16756616
1240.81195509
-2900.55079415
2043.47733562
2475.84016421
-2055.96391805
2904.38453555
-1792.93290352
867.339501531
2698.4140033
-3512.66579694
641.719736015
3366.28353755
-3768.12356405
391.842814315
2379.3225411
-2278.44807274
729.397222685
143.490919182
-293.900412983
1434.57918895
-1331.0620344
148.449114052
2488.24907409
-1722.34226866
-143.573145811
2321.68911701
-978.222149498
-61.7526642223
681.487018405
98.730297778
340.437837651
-562.22212004
-64.0980436462
1314.95370485
-1237.02255448
-321.857145167
1232.28432024
4269.17587706
-7787.34273558
7535.91229741
479.416372103
-2516.3893607
1426.58435794
3775.19541241
-3024.44876633
2933.92407204
-1298.98114563
975.129970712
2118.19610274
-3219.62395884
1006.01526293
2881.88979018
-3214.3133558
-598.775857163
3603.21584413
-2754.17789433
129.875639265
667.243855787
505.188877318
-393.687203469
26.3624865007
59.9102935308
1931.6277699
-1398.94350487
-112.524704034
2136.48805211
-440.278229912
-974.3676097
1156.5089401
912.135921582
-1201.56733969
176.823113197
580.98155645
373.11379693
-1204.26581811
445.725070483
488.472775772
4630.14416524
-7746.72217061
6956.63186737
1441.85879084
-2516.92609618
-664.41684728
7158.88191938
-4896.26568351
2027.26049365
664.110089655
541.371718423
570.250633192
-1254.55755831
-275.424856055
3066.5497729
-2263.88881759
-2631.48822608
5314.11967623
-2625.24317841
-1724.51761371
1965.54849886
1500.52936806
-2952.37551787
2168.96110138
-494.588910753
1633.64433555
-916.879952422
-195.017960771
1688.739613
1035.04756413
-2752.29186162
2049.85267172
1650.78662027
-2438.51132798
495.252497364
1380.71712649
-518.478797167
-974.930130027
701.6092819
-64.6410767894
5180.49159383
-7829.92109164
6116.28211589
2803.38056084
-2866.73305319
-1918.41605568
9155.27028378
-5735.36744505
1660.70397588
1331.39473632
805.396104502
-210.597189168
-180.366821757
-1256.68598166
3972.2886758
-2456.59038592
-3141.21611193
5762.76191215
-2320.48549152
-2516.46038237
2332.60354528
1690.86280933
-3406.85911279
2429.4015417
-1005.66639818
2130.06832022
-1275.97734216
-293.442507861
1608.82121108
1528.06798539
-3539.31510668
2586.37822713
1373.41842399
-2195.12864871
304.631781705
1436.52227437
-518.859683162
-667.973072368
211.228127582
240.745701785
4897.21705846
-7668.12176164
5959.09617878
2530.7650495
-3204.71750481
-875.553376132
7375.56738238
-4663.40213495
1480.1891127
1003.9984563
852.657630553
96.6765562214
-660.120107052
-625.662833787
3638.50534704
-2765.46086775
-1979.56705558
4850.15478882
-2316.23440531
-1725.41764868
2071.20499745
869.36853246
-1996.33152897
1325.69528652
-628.344719115
1991.10945832
-1246.8843177
-531.584458034
2110.65068961
514.761698401
-2645.9053199
2363.06538449
686.543048951
-1666.34854314
465.583210599
711.708942667
-173.796570601
-443.888817679
-382.134736729
751.01869566
4254.5182553
-7380.65092556
6040.8392844
2102.20834887
-3987.24336891
1088.74694313
4824.14227427
-3240.09095764
1119.95954033
997.480014215
432.309828223
779.69315825
-1502.21720855
211.95060301
3174.18795416
-3114.70608611
-883.121650664
4107.84816908
-2493.43470658
-1017.16384861
1952.66098907
26.7682283644
-688.267319051
285.432802964
-116.025351857
1883.42698821
-1273.3718672
-740.748946374
2813.24395635
-495.563593544
-1897.7535531
2326.95102753
235.848557019
-1300.91521061
610.97957952
280.175157399
237.830463938
-466.219165324
-721.101075887
1336.9604072
3657.83219821
-6901.8376213
5776.5736338
2167.86363819
-4196.81879657
1538.39283365
4216.42085051
-2932.87057871
832.202474112
1152.27209649
250.226159371
678.861406208
-1393.13088056
258.103358336
2908.71161805
-3027.32554762
-749.875423823
3751.1757787
-2184.67308736
-1333.05308392
2120.53252047
26.9083076974
-961.584373423
369.049268122
150.71989072
1342.12905588
-1095.37670308
-576.770924486
2419.14850582
-398.122793934
-1883.26398071
2182.74189782
444.463126342
-1538.23263322
591.348305418
711.025999727
-235.094865251
-392.014669252
-254.058487648
939.386572683
3575.95667135
-6090.89203839
4929.94887604
2660.52393886
-3773.79865752
472.09134501
5844.3798238
-4222.68954184
1026.64908726
2079.30700274
-607.597207406
233.631697354
112.944255993
-1028.88672834
2904.32283641
-2047.23458276
-1798.76609392
4175.8211451
-1787.3407441
-2322.24208901
3054.47020774
135.144845368
-2220.12570327
1920.14412548
-232.45606991
590.965705698
-125.728178532
-615.750894549
1744.54136542
471.863217291
-2436.99644717
2381.22038092
782.240734681
-2306.55799834
1160.51907561
1023.1714385
-1235.26870864
254.07832116
55.5479715317
72.884792529
4310.85450081
-6325.65525528
5011.99527434
2855.80759904
-3893.3684854
311.801403753
7047.5467393
-5771.92848683
1892.8966441
2678.95579508
-1579.79465325
505.603797403
762.428089093
-1614.54053706
3079.52894299
-2052.86781355
-1845.4448981
4599.6515805
-2616.36182585
-1954.82381353
3598.70451928
-706.349581728
-2257.22610625
2756.39348587
-990.053172537
629.885645458
66.1465172174
-657.884563122
1861.48111365
71.9276967544
-2258.62536804
2980.30990109
1.15566152869
-2280.00114007
2033.4670908
370.4031759
-1417.9761507
835.593143868
-112.556808661
-50.6975733468
4095.19853534
-6198.60820762
5650.76510966
1477.76140176
-3532.44789536
1463.67211521
5290.93685374
-5114.92971229
2386.9627225
2099.93052544
-1515.47909327
847.742336484
275.405864695
-728.144473632
2420.43038133
-2448.34837654
-209.347205038
3386.87816892
-3055.90612549
-390.70504063
2835.99889259
-1510.84526636
-945.111397496
2104.53124633
-1125.05217139
793.115907491
-108.350087421
-404.520068948
1777.63002446
-630.987622557
-1171.8936829
2596.77260987
-798.972654747
-1285.03497219
1941.70792012
-318.910501468
-906.384199387
942.239816476
-403.735758008
102.140404886
3575.38659591
-5578.31532308
5655.90542155
218.482244596
-2459.14446857
1819.27923588
3465.87170366
-3706.17533122
2505.15585305
1002.48879886
-812.875423404
983.44544656
-180.775646176
-391.751259352
2301.04379417
-2612.16600506
547.390578403
2385.435034
-2577.88269171
82.3780766064
2120.28189759
-1532.48286204
-125.854406983
1291.69203299
-995.409027782
1092.38186325
-320.696073946
-423.540683785
1790.96069452
-657.411766693
-955.884546366
2298.09522188
-800.684508847
-790.270752845
1485.569291
-335.955298603
-467.341700949
740.742754978
-623.95176927
498.480772186
3404.93658273
-5589.20741414
5836.3887156
-169.795460628
-1888.60858685
1607.78826828
3108.83823537
-3353.16412989
2678.31489342
150.476073666
-243.776415424
1117.64853827
-855.618272871
-26.7349787819
2330.22378298
-2828.08854509
494.937146606
2424.9612295
-2646.0759674
271.298232561
1634.99568547
-1179.79186873
0.979838216716
851.746928232
-793.753730144
1433.67976239
-839.518881674
-228.144397284
1933.04226256
-930.373080173
-786.405702493
2151.58788453
-779.180515172
-654.33287911
1224.76952573
-385.50414366
-45.4804957517
211.333619506
-471.124645764
739.945646835
3264.40948658
-5809.90590481
6366.34797458
-659.247126039
-1623.67968577
1806.18259262
2707.7229566
-3061.62643076
2660.7839781
82.7591197189
-439.038016706
1582.66150581
-1535.21889854
476.834940207
1925.61410274
-2590.9985145
186.27547465
2760.65728137
-3130.18347727
790.370888558
1150.39880248
-829.754327463
-179.258317926
1024.63019367
-931.877091826
1670.11695652
-946.499738469
-136.807431794
2060.47151296
-1064.65025935
-550.953233988
2022.32504325
-677.30365632
-741.255157769
1437.49583709
-721.589179633
268.055994444
-29.5113429198
-385.886376358
570.686030768
3941.48096777
-7036.51500204
7597.75048985
-1209.67563855
-1734.48534999
1999.41157701
3041.83861313
-3683.71736358
3194.41582125
71.902606211
-821.392323713
2301.26441891
-2249.76202765
924.126508961
1876.29095407
-2562.39394364
-336.633029151
3813.45957386
-4366.25061047
1693.10200283
516.869027885
-430.151477416
-574.869586074
1416.53263727
-1596.06121308
2536.76451317
-1706.47035133
46.7436457006
2446.35947277
-1525.64289077
-337.026928738
2106.73168173
-639.560839674
-917.780866968
1963.97901086
-1485.4356841
1305.19059245
-864.005317122
41.4647971046
531.664005027
4461.78452985
-8205.44558542
9177.99609085
-2367.8549385
-928.185309637
1335.26848063
3654.81681409
-3934.7808214
3377.90440987
-424.052403066
-44.2890370346
2012.8038664
-2943.59075157
2370.48391103
486.271637512
-1790.65392015
-553.887844823
3947.99062299
-4919.77023882
2851.02840814
-918.309764142
725.85716373
-1000.50004282
1208.81066807
-1162.71186963
2403.65614859
-2106.95367839
807.787135485
1913.93984452
-1832.15854946
725.739704466
928.323225968
-132.600545095
-844.144431447
1724.37379935
-1611.68556032
1741.69851688
-1610.91262983
871.545249231
-49.3602617671
3998.93354704
-6848.3795237
8038.80886884
-2621.50951515
357.96650409
533.013605619
3070.07215704
-2533.73297502
2321.90101505
-183.901058153
331.690687314
1246.28090619
-2167.5120814
2274.01274667
-420.370077431
-689.787069933
-502.014953381
2625.00983804
-3421.22397519
2253.44200156
-970.193595153
772.542297369
-775.198226274
917.206505652
-606.34231257
1377.61962348
-1064.09896838
624.392824418
1108.05472348
-974.2847161
615.813809343
507.222792565
18.1973124296
-443.703524377
1065.03361582
-846.46245954
829.856259747
-671.445888099
408.717590921
-91.4021394246
3307.97764089
-4927.16986149
5648.56918712
-1491.95983752
331.737682739
448.899383765
2323.75766163
-1626.6380746
1784.64504225
-58.1645752147
367.256682892
822.676830398
-962.5879067
842.139477675
612.09610683
-995.761340382
-156.291343958
1698.84046172
-1976.9381224
970.401835539
-127.618371274
239.669983232
-455.376158507
711.348566515
-626.735828331
1139.90952409
-709.29767758
232.172799577
815.356672604
-229.379327061
-314.647266505
1009.68117331
-193.462839248
-206.781345572
556.799805043
-180.091420704
211.063142564
-75.6999890114
-56.9054900664
210.861906527
3101.86805172
-4782.42227281
5114.85846792
-620.800328325
-552.23842544
554.363541507
2795.56388876
-2131.77637711
1648.83727508
301.901733602
200.710117158
548.638760913
-470.90455186
118.297205875
1425.11104075
-1541.8308955
-298.47830659
2139.73647812
-1957.48525814
194.821279597
618.214470972
172.121122124
-954.488711843
1064.21730528
-643.002131097
1134.37630433
-759.526946436
128.78841099
1062.42131855
-54.9496934794
-993.361688121
1616.70178925
-55.3761630537
-777.53761633
755.211336869
238.742111196
-256.954578881
-46.0752161394
94.1451743636
130.266532361
3511.62275645
-6041.0338061
6210.24180042
-304.77859487
-1757.3351829
859.526297769
4060.08272755
-3467.88558303
1729.6524096
1141.57859857
-202.800359049
342.551834981
-236.586326365
54.1501159653
1839.41687674
-2178.98996378
-326.668580039
3095.52884894
-2781.97681226
-236.038445476
1650.44179122
-185.652365064
-1725.95450599
1810.92863139
-724.999204679
859.127506471
-803.649703064
232.835996215
1306.50321155
-274.342206761
-1383.49229877
2450.63018853
-245.836942042
-1403.76195362
1434.80916617
513.668758312
-962.419310183
314.346254261
383.231829044
-74.8667727405
3381.70484783
-5932.78136843
6370.41483719
-405.976077677
-2114.94846712
1079.23722412
4327.57729202
-4069.57529151
1750.09671804
1699.10177003
-679.951227081
157.355026003
130.044121234
188.21551416
1347.40661018
-1975.34969735
68.3786084042
2764.38215099
-2781.28531733
-141.912446747
2066.58374696
-722.588259383
-1570.46281991
2046.4248869
-604.685437277
160.110673785
-253.490565956
402.216732501
788.35542745
-393.219732812
-708.074025208
1921.33811301
-468.068827163
-1091.23268794
1466.90035458
230.500757705
-1067.16609499
572.365849108
438.317232737
-419.515404261
2970.39685687
-4470.05429816
5017.82862805
-595.806365403
-986.977809669
532.105723964
3480.51914153
-2932.55831964
1272.83151948
1670.62896956
-864.101430809
418.996492943
53.4042523419
404.917663807
332.990944945
-673.11822598
-251.837442748
1760.10601498
-1711.64535155
-83.9258134015
1256.21155233
-377.082285625
-1077.61599739
1374.78833599
-258.161668514
-156.832412735
172.56200493
319.292287433
307.959946528
-55.5964777525
-118.360529109
744.017561918
97.012394123
-655.196808013
812.884700083
178.527193783
-506.152461493
142.847751368
458.229108981
-411.505569478
2802.2342077
-3843.75302695
4133.44580978
-565.070293015
-53.2260506324
-425.779779093
3237.72411351
-2009.68197431
698.468077856
1394.70739085
-520.630814588
435.404799083
-170.49370305
506.302932524
90.0849125019
-115.50314437
-696.954760461
1538.26818698
-1039.92681194
-305.946132938
696.225583937
328.07662292
-1200.08446173
1052.27578066
-86.2186795186
59.2291324468
-79.3475791209
396.840116743
180.225746736
200.919083426
-233.10403015
496.816418068
438.3266262
-591.946389305
441.957056673
374.930374748
-239.12584791
-182.658370988
523.754006137
-255.07406405
2622.10065106
-3599.37051328
3745.90102372
-443.967247699
229.887969859
-895.171253373
3268.27089197
-1871.78287359
694.355792114
995.449251619
-186.204680562
217.351342263
-18.324805888
161.543271205
312.43287187
-151.204343127
-817.992720981
1383.48573647
-767.743319014
-421.333502575
419.538071092
630.31822354
-1291.24779053
996.37897143
-181.083862388
280.081241816
-245.215755579
458.262976232
60.8668887346
392.653895092
-348.710553765
450.27446904
446.845282518
-462.34728683
233.946828698
394.663706641
-172.566732341
-254.518595335
438.174846532
-231.218665409
2655.6196743
-3630.4198493
3561.73706407
-293.882351426
180.871460286
-1001.80822437
3298.92995297
-1944.36536205
875.558716296
762.17236025
-83.2854825426
188.212173523
63.4105838063
-19.6980897056
410.933629648
-123.698010037
-917.115438433
1433.26229786
-832.821932075
-363.107672514
397.688278384
523.099080657
-1184.68421183
940.903873525
-190.218111267
183.171108358
-78.9035110367
280.465106198
169.369666592
296.654199056
-277.814169602
427.677653791
419.872781742
-500.335704394
355.238539849
302.562337142
-217.35857854
-134.883727696
376.818659449
-249.928349648
2525.29530543
-3231.12826004
3115.49953829
-78.0013402802
-9.97221564466
-642.825302971
2820.57615569
-1795.31382469
971.093859266
634.747990487
-212.428763103
388.665359912
-133.486479975
112.274620835
307.424788963
-90.7340861276
-820.801095519
1434.86295432
-944.937758586
-162.073045023
507.788867061
165.791822365
-718.873290343
700.840263267
-24.1249923459
-19.952606986
213.774645619
-17.8002156757
409.972529136
4.25147506812
-90.8645366125
339.391451602
297.615294336
-460.819705927
370.232801001
221.004294704
-303.51926528
65.3802685853
164.526905831
-84.9595868648
-99.9519024769
63.0580948468
-13.0183619958
64.6562564726
-180.253582888
99.239164547
148.248006572
-163.547594258
33.0980732651
189.290215452
-14.3210262525
-103.367188067
218.006741711
-6.55453463851
8.27303867233
-4.63002150427
104.239106499
2.75872807171
-38.0312504687
18.7563845048
64.2353768025
-22.2827103843
-89.3749584018
114.573407486
-38.8805930882
-33.223437295
-11.5542526146
81.3258004746
-64.0643854245
4.2975535029
30.7863975112
26.0096663167
-17.6812260132
-4.44400858067
66.4548537558
-20.0644167849
2.86441779756
5.13652729489
55.074479313
-46.4946369353
19.2421756137
15.6186873261
8.04778106016
-26.9950993233
12.7649314264
19.9335267733
-23.6694074982
2.03813930632
4.26693606603
17.932509028
-29.3870658398
20.3110106476
4.08071064774
5.67772311032
-12.8799987603
18.5710378051
6.24171441437
-7.27553506802
5.74390846204
8.32794141024
5.39066241531
-12.5485409299
14.8230456522
-1.53884511378
1.09748550857
-6.63858490267
10.8780642457
-3.98862393217
-2.98892727495
1.53154353726
3.31668483678
-1.34948304989
-4.1628242477
6.97664123609
-1.67786067313
0.511677813666
-1.35546588416
6.58633687244
-2.88235977352
1.02505320943
1.67533575543
2.39258111583
-1.25559371292
0.387104612535
2.92379845273
-0.887383851417
0.229882828332
-0.032694011739
2.19433103613
-1.88280338929
0.738934704718
0.33872736955
0.612555834184
-1.08496380064
0.661832620212
0.63045178432
-0.399813531582
0.109108916425
0.369112818426
0.615632324857
-0.574017330515
0.646293384517
0.218790059131
0.313812290476
-0.203307341557
0.537269291995
0.172419856781
0.0109317621161
0.127315026129
0.281485416529
0.126843659877
-0.0160444815974
0.226168123944
0.0944607308948
0.0857539777136
-0.00211789758937
0.216279623529
0.0209386280185
0.049248638781
0.046786206842
0.0444468964999
0.0422245516749
0.0401133240912
0.0381076578866
0.0362022749923
0.0343921612427
0.0326725531805
0.0310389255215
0.0294869792454
0.0280126302832
0.026611998769
0.0252813988305
0.024017328889
0.0228164624446
0.0216756393223
0.0205918573562
0.0195622644884
0.018584151264
0.0176549437008
0.0167721965158
0.01593358669
0.0151369073555
0.0143800619877
0.0136610588883
0.0129780059439
0.0123291056467
0.0117126503644
0.0111270178461
0.0105706669538
0.0100421336061
0.00954002692584
0.00906302557955
0.00860987430057
0.00817938058554
0.00777041155626
0.00738189097845
0.00701279642953
0.00666215660805
0.00632904877765
0.00601259633877
0.00571196652183
0.00542636819574
0.00515504978595
0.00489729729665
0.00465243243182
0.00441981081023
0.00419882026972
0.00398887925623
0.00378943529342
0.00359996352875
0.00341996535231
0.0032489670847
0.00308651873046
0.00293219279394
0.00278558315424
0.00264630399653
0.0025139887967
0.00238828935687
0.00226887488902
0.00215543114457
0.00204765958734
0.00194527660798
0.00184801277758
0.0017556121387
0.00166783153176
0.00158443995518
0.00150521795742
0.00142995705955
0.00135845920657
0.00129053624624
0.00122600943393
0.00116470896223
0.00110647351412
0.00105114983841
0.000998592346494
0.000948662729169
0.000901229592711
0.000856168113075
0.000813359707421
0.00077269172205
0.000734057135948
0.00069735427915
0.000662486565193
0.000629362236933
0.000597894125087
0.000567999418832
0.000539599447891
0.000512619475496
0.000486988501721
0.000462639076635
0.000439507122803
0.000417531766663
0.00039665517833
0.000376822419414
0.000357981298443
0.000340082233521
0.000323078121845
0.000306924215753
0.000291578004965
0.000276999104717
0.000263149149481
0.000249991692007
0.000237492107406
0.000225617502036
0.000214336626934
0.000203619795588
0.000193438805808
0.000183766865518
0.000174578522242
0.00016584959613
0.000157557116323
0.000149679260507
0.000142195297482
0.000135085532608
0.000128331255977
0.000121914693178
0.00011581895852
0.000110028010594
0.000104526610064
9.93002795607e-05
9.43352655826e-05
8.96185023035e-05
8.51375771883e-05
8.08806983289e-05
7.68366634125e-05
7.29948302419e-05
6.93450887298e-05
6.58778342933e-05
6.25839425786e-05
5.94547454497e-05
5.64820081772e-05
5.36579077683e-05
5.09750123799e-05
4.84262617609e-05
4.60049486729e-05
4.37047012392e-05
4.15194661773e-05
3.94434928684e-05
3.7471318225e-05
3.55977523137e-05
3.38178646981e-05
3.21269714631e-05
3.052062289e-05
2.89945917455e-05
2.75448621582e-05
2.61676190503e-05
2.48592380978e-05
2.36162761929e-05
2.24354623833e-05
2.13136892641e-05
2.02480048009e-05
1.92356045608e-05
1.82738243328e-05
1.73601331162e-05
1.64921264604e-05
1.56675201373e-05
1.48841441305e-05
1.41399369239e-05
1.34329400777e-05
1.27612930739e-05
1.21232284202e-05
1.15170669992e-05
1.09412136492e-05
1.03941529667e-05
9.8744453184e-06
9.38072305248e-06
8.91168689986e-06
8.46610255487e-06
8.04279742712e-06
7.64065755577e-06
7.25862467798e-06
6.89569344408e-06
6.55090877188e-06
6.22336333328e-06
5.91219516662e-06
5.61658540829e-06
5.33575613787e-06
5.06896833098e-06
4.81551991443e-06
4.57474391871e-06
4.34600672277e-06
4.12870638663e-06
3.9222710673e-06
3.72615751394e-06
3.53984963824e-06
3.36285715633e-06
3.19471429851e-06
3.03497858359e-06
2.88322965441e-06
2.73906817169e-06
2.6021147631e-06
2.47200902495e-06
2.3484085737e-06
2.23098814502e-06
2.11943873776e-06
2.01346680088e-06
1.91279346083e-06
1.81715378779e-06
1.7262960984e-06
1.63998129348e-06
1.55798222881e-06
1.48008311737e-06
1.4060789615e-06
1.33577501342e-06
1.26898626275e-06
1.20553694961e-06
1.14526010213e-06
1.08799709703e-06
1.03359724218e-06
9.81917380067e-07
9.32821511064e-07
8.86180435511e-07
8.41871413735e-07
7.99777843048e-07
7.59788950896e-07
7.21799503351e-07
6.85709528184e-07
6.51424051774e-07
6.18852849186e-07
5.87910206726e-07
5.5851469639e-07
5.30588961571e-07
5.04059513492e-07
4.78856537817e-07
4.54913710927e-07
4.3216802538e-07
4.10559624111e-07
3.90031642906e-07
3.7053006076e-07
3.52003557722e-07
3.34403379836e-07
3.17683210844e-07
3.01799050302e-07
2.86709097787e-07
2.72373642898e-07
2.58754960753e-07
2.45817212715e-07
2.33526352079e-07
2.21850034475e-07
2.10757532752e-07
2.00219656114e-07
1.90208673308e-07
1.80698239643e-07
1.71663327661e-07
1.63080161278e-07
1.54926153214e-07
1.47179845553e-07
1.39820853276e-07
1.32829810612e-07
1.26188320081e-07
1.19878904077e-07
1.13884958873e-07
1.0819071093e-07
1.02781175383e-07
9.7642116614e-08
9.27600107833e-08
8.81220102441e-08
8.37159097319e-08
7.95301142453e-08
7.5553608533e-08
7.17759281064e-08
6.81871317011e-08
6.4777775116e-08
6.15388863602e-08
5.84619420422e-08
5.55388449401e-08
5.27619026931e-08
5.01238075584e-08
4.76176171805e-08
4.52367363215e-08
4.29748995054e-08
4.08261545301e-08
3.87848468036e-08
3.68456044635e-08
3.50033242403e-08
3.32531580283e-08
3.15905001269e-08
3.00109751205e-08
2.85104263645e-08
2.70849050463e-08
2.57306597939e-08
2.44441268043e-08
2.3221920464e-08
2.20608244408e-08
2.09577832188e-08
1.99098940579e-08
1.8914399355e-08
1.79686793872e-08
1.70702454179e-08
1.6216733147e-08
1.54058964896e-08
1.46356016651e-08
1.39038215819e-08
1.32086305028e-08
1.25481989776e-08
1.19207890288e-08
1.13247495773e-08
1.07585120985e-08
1.02205864935e-08
9.70955716886e-09
9.22407931041e-09
8.76287534489e-09
8.32473157765e-09
7.90849499877e-09
7.51307024883e-09
7.13741673639e-09
6.78054589957e-09
6.44151860459e-09
6.11944267436e-09
5.81347054064e-09
5.52279701361e-09
5.24665716293e-09
4.98432430478e-09
4.73510808954e-09
4.49835268507e-09
4.27343505081e-09
4.05976329827e-09
3.85677513336e-09
3.66393637669e-09
3.48073955786e-09
3.30670257996e-09
3.14136745097e-09
2.98429907842e-09
2.8350841245e-09
2.69332991827e-09
2.55866342236e-09
2.43073025124e-09
2.30919373868e-09
2.19373405174e-09
2.08404734916e-09
1.9798449817e-09
1.88085273261e-09
1.78681009598e-09
1.69746959118e-09
1.61259611162e-09
1.53196630604e-09
1.45536799074e-09
1.3825995912e-09
1.31346961164e-09
1.24779613106e-09
1.18540632451e-09
1.12613600828e-09
1.06982920787e-09
1.01633774748e-09
9.65520860102e-10
9.17244817097e-10
8.71382576242e-10
8.2781344743e-10
7.86422775058e-10
7.47101636306e-10
7.0974655449e-10
6.74259226766e-10
6.40546265427e-10
6.08518952156e-10
5.78093004548e-10
5.49188354321e-10
5.21728936605e-10
4.95642489775e-10
4.70860365286e-10
4.47317347022e-10
4.2495147967e-10
4.03703905687e-10
3.83518710403e-10
3.64342774882e-10
3.46125636138e-10
3.28819354331e-10
3.12378386615e-10
2.96759467284e-10
2.8192149392e-10
2.67825419224e-10
2.54434148263e-10
2.4171244085e-10
2.29626818807e-10
2.18145477867e-10
2.07238203973e-10
1.96876293775e-10
1.87032479086e-10
1.77680855132e-10
1.68796812375e-10
1.60356971756e-10
1.52339123169e-10
1.4472216701e-10
1.3748605866e-10
1.30611755727e-10
1.2408116794e-10
1.17877109543e-10
1.11983254066e-10
1.06384091363e-10
1.01064886795e-10
9.60116424549e-11
9.12110603322e-11
8.66505073156e-11
8.23179819498e-11
7.82020828523e-11
7.42919787097e-11
7.05773797742e-11
6.70485107855e-11
6.36960852462e-11
6.05112809839e-11
5.74857169347e-11
5.4611431088e-11
5.18808595336e-11
4.92868165569e-11
4.68224757291e-11
4.44813519426e-11
4.22572843455e-11
4.01444201282e-11
3.81371991218e-11
3.62303391657e-11
3.44188222074e-11
3.2697881097e-11
3.10629870422e-11
2.95098376901e-11
2.80343458056e-11
2.66326285153e-11
2.53009970895e-11
2.40359472351e-11
2.28341498733e-11
2.16924423796e-11
2.06078202607e-11
1.95774292476e-11
1.85985577852e-11
1.7668629896e-11
1.67851984012e-11
1.59459384811e-11
1.51486415571e-11
1.43912094792e-11
1.36716490053e-11
1.2988066555e-11
1.23386632272e-11
1.17217300659e-11
1.11356435626e-11
1.05788613845e-11
1.00499183152e-11
9.54742239947e-12
9.0700512795e-12
8.61654871552e-12
8.18572127975e-12
7.77643521576e-12
7.38761345497e-12
7.01823278222e-12
6.66732114311e-12
6.33395508596e-12
6.01725733166e-12
5.71639446508e-12
5.43057474182e-12
5.15904600473e-12
4.90109370449e-12
4.65603901927e-12
4.42323706831e-12
4.20207521489e-12
3.99197145415e-12
3.79237288144e-12
3.60275423737e-12
3.4226165255e-12
3.25148569922e-12
3.08891141426e-12
2.93446584355e-12
2.78774255137e-12
2.6483554238e-12
2.51593765261e-12
2.39014076998e-12
2.27063373148e-12
2.15710204491e-12
2.04924694266e-12
1.94678459553e-12
1.84944536575e-12
1.75697309747e-12
1.66912444259e-12
1.58566822046e-12
1.50638480944e-12
1.43106556897e-12
1.35951229052e-12
1.29153667599e-12
1.22695984219e-12
1.16561185008e-12
1.10733125758e-12
1.0519646947e-12
9.99366459966e-13
9.49398136968e-13
9.01928230119e-13
8.56831818613e-13
8.13990227683e-13
7.73290716299e-13
7.34626180484e-13
6.9789487146e-13
6.63000127887e-13
6.29850121492e-13
5.98357615418e-13
5.68439734647e-13
5.40017747914e-13
5.13016860519e-13
4.87366017493e-13
4.62997716618e-13
4.39847830787e-13
4.17855439248e-13
3.96962667285e-13
3.77114533921e-13
3.58258807225e-13
3.40345866864e-13
3.23328573521e-13
3.07162144845e-13
2.91804037602e-13
2.77213835722e-13
2.63353143936e-13
2.50185486739e-13
2.37676212402e-13
2.25792401782e-13
2.14502781693e-13
2.03777642608e-13
1.93588760478e-13
1.83909322454e-13
1.74713856331e-13
1.65978163515e-13
1.57679255339e-13
1.49795292572e-13
1.42305527944e-13
1.35190251546e-13
1.28430738969e-13
1.22009202021e-13
1.1590874192e-13
1.10113304824e-13
1.04607639582e-13
9.93772576033e-14
9.44083947231e-14
8.9687974987e-14
8.52035762376e-14
8.09433974258e-14
7.68962275545e-14
7.30514161767e-14
6.93988453679e-14
6.59289030995e-14
6.26324579445e-14
5.95008350473e-14
5.65257932949e-14
5.36995036302e-14
5.10145284487e-14
4.84638020263e-14
4.60406119249e-14
4.37385813287e-14
4.15516522623e-14
3.94740696491e-14
3.75003661667e-14
3.56253478584e-14
3.38440804654e-14
3.21518764422e-14
3.05442826201e-14
2.90170684891e-14
2.75662150646e-14
2.61879043114e-14
2.48785090958e-14
2.3634583641e-14
2.2452854459e-14
2.1330211736e-14
2.02637011492e-14
1.92505160918e-14
1.82879902872e-14
1.73735907728e-14
1.65049112342e-14
1.56796656725e-14
1.48956823888e-14
1.41508982694e-14
1.34433533559e-14
1.27711856881e-14
1.21326264037e-14
1.15259950835e-14
1.09496953294e-14
1.04022105629e-14
9.88210003475e-15
9.38799503301e-15
8.91859528136e-15
8.47266551729e-15
8.04903224143e-15
7.64658062935e-15
7.26425159789e-15
6.90103901799e-15
6.55598706709e-15
6.22818771374e-15
5.91677832805e-15
5.62093941165e-15
5.33989244107e-15
5.07289781901e-15
4.81925292806e-15
4.57829028166e-15
4.34937576758e-15
4.1319069792e-15
3.92531163024e-15
3.72904604873e-15
3.54259374629e-15
3.36546405897e-15
3.19719085603e-15
3.03733131322e-15
2.88546474756e-15
2.74119151019e-15
2.60413193468e-15
2.47392533794e-15
2.35022907105e-15
2.23271761749e-15
2.12108173662e-15
2.01502764979e-15
1.9142762673e-15
1.81856245393e-15
1.72763433124e-15
1.64125261467e-15
1.55918998394e-15
1.48123048474e-15
1.40716896051e-15
1.33681051248e-15
1.26996998686e-15
1.20647148751e-15
1.14614791314e-15
1.08884051748e-15
1.03439849161e-15
9.82678567027e-16
9.33544638676e-16
8.86867406742e-16
8.42524036405e-16
8.00397834585e-16
7.60377942856e-16
7.22359045713e-16
6.86241093427e-16
6.51929038756e-16
6.19332586818e-16
5.88365957477e-16
5.58947659603e-16
5.31000276623e-16
5.04450262792e-16
4.79227749652e-16
4.5526636217e-16
4.32503044061e-16
4.10877891858e-16
3.90333997265e-16
3.70817297402e-16
3.52276432532e-16
3.34662610905e-16
3.1792948036e-16
3.02033006342e-16
2.86931356025e-16
2.72584788224e-16
2.58955548812e-16
2.46007771372e-16
2.33707382803e-16
2.22022013663e-16
2.1092091298e-16
2.00374867331e-16
1.90356123964e-16
1.80838317766e-16
1.71796401878e-16
1.63206581784e-16
1.55046252695e-16
1.4729394006e-16
1.39929243057e-16
1.32932780904e-16
1.26286141859e-16
1.19971834766e-16
1.13973243028e-16
1.08274580876e-16
1.02860851833e-16
9.77178092409e-17
9.28319187789e-17
8.81903228399e-17
8.37808066979e-17
7.9591766363e-17
7.56121780449e-17
7.18315691426e-17
6.82399906855e-17
6.48279911512e-17
6.15865915937e-17
5.8507262014e-17
5.55818989133e-17
5.28028039676e-17
5.01626637692e-17
4.76545305808e-17
4.52718040517e-17
4.30082138491e-17
4.08578031567e-17
3.88149129989e-17
3.68741673489e-17
3.50304589815e-17
3.32789360324e-17
3.16149892308e-17
3.00342397692e-17
2.85325277808e-17
2.71059013917e-17
2.57506063221e-17
2.4463076006e-17
2.32399222057e-17
2.20779260955e-17
2.09740297907e-17
1.99253283011e-17
1.89290618861e-17
1.79826087918e-17
1.70834783522e-17
1.62293044346e-17
1.54178392129e-17
1.46469472522e-17
1.39145998896e-17
1.32188698951e-17
1.25579264004e-17
1.19300300803e-17
1.13335285763e-17
1.07668521475e-17
1.02285095401e-17
9.71708406313e-18
9.23122985997e-18
8.76966836698e-18
8.33118494863e-18
7.9146257012e-18
7.51889441614e-18
7.14294969533e-18
6.78580221056e-18
6.44651210003e-18
6.12418649503e-18
5.81797717028e-18
5.52707831177e-18
5.25072439618e-18
4.98818817637e-18
4.73877876755e-18
4.50183982917e-18
4.27674783771e-18
4.06291044583e-18
3.85976492354e-18
3.66677667736e-18
3.48343784349e-18
3.30926595132e-18
3.14380265375e-18
2.98661252106e-18
2.83728189501e-18
2.69541780026e-18
2.56064691025e-18
2.43261456474e-18
2.3109838365e-18
2.19543464467e-18
2.08566291244e-18
1.98137976682e-18
1.88231077848e-18
1.78819523955e-18
1.69878547758e-18
1.6138462037e-18
1.53315389351e-18
1.45649619884e-18
1.38367138889e-18
1.31448781945e-18
1.24876342848e-18
1.18632525705e-18
1.1270089942e-18
1.07065854449e-18
1.01712561727e-18
9.66269336403e-19
9.17955869583e-19
8.72058076104e-19
8.28455172298e-19
7.87032413683e-19
7.47680792999e-19
7.10296753349e-19
6.74781915682e-19
6.41042819898e-19
6.08990678903e-19
5.78541144958e-19
5.4961408771e-19
5.22133383324e-19
4.96026714158e-19
4.7122537845e-19
4.47664109528e-19
4.25280904051e-19
4.04016858849e-19
3.83816015906e-19
3.64625215111e-19
3.46393954355e-19
3.29074256638e-19
3.12620543806e-19
2.96989516616e-19
2.82140040785e-19
2.68033038746e-19
2.54631386808e-19
2.41899817468e-19
2.29804826594e-19
2.18314585265e-19
2.07398856001e-19
1.97028913201e-19
1.87177467541e-19
1.77818594164e-19
1.68927664456e-19
1.60481281233e-19
1.52457217172e-19
1.44834356313e-19
1.37592638497e-19
1.30713006572e-19
1.24177356244e-19
1.17968488432e-19
1.1207006401e-19
1.0646656081e-19
1.01143232769e-19
9.60860711306e-20
9.12817675741e-20
8.67176791954e-20
8.23817952356e-20
7.82627054739e-20
7.43495702002e-20
7.06320916902e-20
6.71004871056e-20
6.37454627504e-20
6.05581896128e-20
5.75302801322e-20
5.46537661256e-20
5.19210778193e-20
4.93250239284e-20
4.68587727319e-20
4.45158340953e-20
4.22900423906e-20
4.0175540271e-20
3.81667632575e-20
3.62584250946e-20
3.44455038399e-20
3.27232286479e-20
3.10870672155e-20
2.95327138547e-20
2.8056078162e-20
2.66532742539e-20
2.53206105412e-20
2.40545800141e-20
2.28518510134e-20
2.17092584628e-20
2.06237955396e-20
1.95926057626e-20
1.86129754745e-20
1.76823267008e-20
1.67982103657e-20
1.59582998475e-20
1.51603848551e-20
1.44023656123e-20
1.36822473317e-20
1.29981349651e-20
1.23482282169e-20
1.1730816806e-20
1.11442759657e-20
1.05870621674e-20
1.00577090591e-20
9.55482360611e-21
9.07708242581e-21
8.62322830452e-21
8.19206688929e-21
7.78246354483e-21
7.39334036758e-21
7.02367334921e-21
6.67248968174e-21
6.33886519766e-21
6.02192193777e-21
5.72082584089e-21
5.43478454884e-21
5.1630453214e-21
4.90489305533e-21
4.65964840256e-21
4.42666598243e-21
4.20533268331e-21
3.99506604915e-21
3.79531274669e-21
3.60554710936e-21
3.42526975389e-21
3.25400626619e-21
3.09130595288e-21
2.93674065524e-21
2.78990362248e-21
2.65040844135e-21
2.51788801929e-21
2.39199361832e-21
2.27239393741e-21
2.15877424054e-21
2.05083552851e-21
1.94829375208e-21
1.85087906448e-21
1.75833511126e-21
1.67041835569e-21
1.58689743791e-21
1.50755256601e-21
1.43217493771e-21
1.36056619083e-21
1.29253788128e-21
1.22791098722e-21
1.16651543786e-21
1.10818966597e-21
1.05278018267e-21
1.00014117353e-21
9.50134114858e-22
9.02627409115e-22
8.57496038659e-22
8.14621236726e-22
7.7389017489e-22
7.35195666146e-22
6.98435882838e-22
6.63514088696e-22
6.30338384262e-22
5.98821465049e-22
5.68880391796e-22
5.40436372206e-22
5.13414553596e-22
4.87743825916e-22
4.6335663462e-22
4.40188802889e-22
4.18179362745e-22
3.97270394608e-22
3.77406874877e-22
3.58536531133e-22
3.40609704577e-22
3.23579219348e-22
3.0740025838e-22
2.92030245461e-22
2.77428733188e-22
2.63557296529e-22
2.50379431703e-22
2.37860460117e-22
2.25967437112e-22
2.14669065256e-22
2.03935611993e-22
1.93738831394e-22
1.84051889824e-22
1.74849295333e-22
1.66106830566e-22
1.57801489038e-22
1.49911414586e-22
1.42415843857e-22
1.35295051664e-22
1.28530299081e-22
1.22103784126e-22
1.1599859492e-22
1.10198665174e-22
1.04688731915e-22
9.94542953197e-23
9.44815805537e-23
8.9757501526e-23
8.52696264497e-23
8.10061451272e-23
7.69558378709e-23
7.31080459773e-23
6.94526436785e-23
6.59800114945e-23
6.26810109198e-23
5.95469603738e-23
5.65696123551e-23
5.37411317374e-23
5.10540751505e-23
4.8501371393e-23
4.60763028233e-23
4.37724876822e-23
4.1583863298e-23
3.95046701331e-23
3.75294366265e-23
3.56529647952e-23
3.38703165554e-23
3.21768007276e-23
3.05679606913e-23
