0.657988148715
-0.255569922065
0.226047427027
-0.144651094319
0.124914330842
-0.0681602903033
0.00683304349725
-0.0238690972984
0.214396822603
-0.164584469255
0.149469077884
-0.0677673535591
0.140970420764
-0.142862484862
0.12310917638
-0.139459485617
0.472488624866
-0.365765969011
0.343804775658
-0.273708683989
0.272262834338
-0.269705660111
0.185202622802
-0.219691750482
0.404670320397
-0.414296809666
0.393667676604
-0.319955719518
0.381623022082
-0.405773007477
0.365496812462
-0.397370790911
0.597418229428
-0.600587765484
0.585840293393
-0.519922977724
0.536377158048
-0.550809975755
0.496738880334
-0.516399505579
0.636942328757
-0.676686388659
0.671653443703
-0.620273083952
0.657066229037
15.0572423903
-5.67538908721
4.1390908222
-4.22929501236
2.9458856918
-1.86531767364
-0.610887614668
0.0112051872176
4.44237300145
-3.57573573018
1.66396626789
-1.14935385684
1.28906143705
-1.63565292322
2.35697846927
-2.61130487752
8.79777374272
-5.55166980075
5.38397306535
-5.08608607
3.57515010597
-2.89781914177
2.47196853572
-3.08124121379
5.4826639663
-4.46772753596
3.44521367146
-3.66232328515
3.42792902446
-3.29866351814
4.10096043503
-4.32038420986
6.89245121214
-5.85244465411
5.4962126917
-5.22033952297
4.47820692237
-4.24697913087
4.50457233172
-4.50229239139
5.40211781279
-5.06067005301
4.6042853246
-4.66218129347
4.36041128844
51.7594325431
-14.7620233689
11.2909058052
-12.3886782744
9.15689061596
-5.1158722388
-2.7757128803
3.76993671254
11.7745168557
-5.31662006853
-0.0173376709886
-0.497296575584
-0.235617369556
-1.28139649703
6.39645218611
-4.23581691181
21.4480393404
-9.06338517597
10.7077140545
-11.6626102618
6.07825221938
-4.57770852398
4.72018316221
-3.72282651424
10.4681594169
-4.14769739835
3.1185060701
-5.89954197383
3.97342702163
-4.6059477329
7.67572904212
-5.89152726682
12.8758016941
-7.69985982022
8.17395212086
-9.09396620797
5.89482219018
-6.3235622231
7.08730181638
-5.1112295256
8.16105522584
-4.99453708406
5.33691869174
-6.79337558036
4.95382344895
71.9411392877
-19.1484774386
17.0172585681
-15.7489855924
13.985502327
-10.3157060639
-2.69945479354
6.94264766302
17.3915450027
-1.55470502345
2.55717749844
-3.65992307707
0.555913940186
-3.36613802436
6.76619959871
-3.54309996295
24.652234904
-5.8553254535
12.7005233198
-13.3291051684
6.95166742128
-7.80067012367
5.21125544242
-2.23621470447
12.5546038715
-1.1362423192
5.89749909302
-7.36433590129
4.02775385066
-7.15434021059
7.04902450515
-4.71906142577
12.6839889034
-4.11555344073
8.67344871169
-8.71284940918
5.21124772726
-7.92012346425
6.2339321141
-4.526962091
8.89965770194
-3.12483167418
6.66251477687
-6.67533915787
4.45453621611
70.7742814471
-18.5088583789
14.0927779423
-6.58357641485
11.3764959654
-8.2849305989
-2.39630775412
7.66112402382
18.6926588892
-0.774481007365
10.6598563456
-6.63668944782
2.75053852082
-3.88885247418
2.71371591391
0.126665378179
19.734315311
-2.84144287151
11.8838783023
-8.23332955605
6.9755191076
-7.88285072942
3.72125319039
-0.437480578046
10.9387343894
-1.70514020712
9.36034813701
-5.91180101515
5.38028047349
-7.14624630463
4.49343712772
-2.79912834934
9.44458862351
-2.71231236613
8.38564490049
-5.41440834396
5.95676527275
-6.90831654557
4.74603733266
-3.5398625606
7.23385008358
-3.26118278594
7.25395862375
-4.61379127475
5.55175978546
69.8413529033
-14.0907498411
8.07169421972
-1.38223115915
6.82195015009
-2.19915697136
-1.65034548342
7.62307988517
17.1067255081
-5.74072981436
11.3414936517
-2.7397344848
5.01664208823
-2.17253023886
-0.269294765184
2.37520044678
17.8574467024
-6.20456070465
10.2466084139
-4.28620402172
7.7628906518
-5.76635350831
2.67561362577
1.35868438859
9.17646814377
-5.61666056161
8.4178634401
-3.39666880147
6.44468679119
-5.64717868518
3.43301535513
-1.1559825677
7.63446384908
-5.5910736127
7.7739771313
-4.20430566769
6.53093207993
-6.18120891122
4.63699687897
-2.45219504151
5.64767565843
-5.38244538936
6.5958234333
-4.08586389052
5.65521346641
74.8890606044
-16.3061451137
6.46937583915
0.676003071223
2.35601197498
-6.7034286579
4.23411700731
7.2989280256
12.0785662875
-3.93125104416
5.62445171353
2.46661563244
12.1038643046
-3.24131462233
3.26922306568
2.17930064527
15.1834712629
-9.59259700942
8.8764265191
-1.56859284517
8.3271776763
-6.90251515873
5.36145245966
1.31681464852
6.83790836276
-6.02150589232
8.62486502693
-2.45344213781
7.0122875049
-3.57388207876
5.20052684254
-1.27610560259
7.81651962209
-6.53350981707
7.37519791909
-2.99402335315
5.36251157711
-5.5064284788
6.02985571377
-3.06948784378
5.07561187209
-4.38616851916
6.31500433165
-3.14440201905
5.50500826492
116.747488202
-52.7467928975
3.06835380803
59.3801468133
-26.6109328436
-35.2253228315
36.4076220276
-12.2053489902
-9.06867975204
7.57923106406
4.87020231199
-20.0039538548
37.902608594
-9.13377203206
3.80889142858
18.8973608831
15.6690516194
-6.56459690091
14.0640417353
-0.0506262339313
11.8384901263
-24.2210474527
13.6400589993
-6.20774162129
-8.77603980994
-6.13993616229
13.1973010484
-12.9598948715
8.71938837684
7.79709750283
6.68991100281
-2.86910814346
25.6190802228
-10.9441691771
9.16375164976
3.29747553587
-0.803023146704
-10.3818257002
5.22020994468
-10.4330466828
-1.43952031569
-7.62438228858
7.21665844475
-8.31220290754
9.00751894014
211.573349604
-123.611243853
3.91910602949
186.560527686
-72.4101483043
-68.6922777073
89.7367587874
-27.6688595634
-46.4628818496
3.91308991392
18.399475795
-64.6687274311
62.1335496279
-8.83986008802
-3.94433314315
51.3181148068
20.0486618643
13.5200281772
20.2325441172
8.89304819738
33.1558017412
-46.8880496661
20.0353190171
-11.077593792
-18.0405780371
-17.7157769531
3.26560240691
-2.95338078645
-4.11120630552
16.2151264685
14.270594207
-1.2059394285
44.6191334168
-12.4308578099
18.6635123508
8.53609557325
-0.622821319276
-7.1121604281
-7.63620562768
-3.29424420753
-10.6565336389
-11.6902549351
5.98910103501
-11.7770681082
16.0772258241
467.928138527
-234.064711541
-138.09910479
557.205367976
-111.841304355
-266.641898696
271.180879129
-44.1073939799
-38.9370826106
-19.3666600139
-71.9136576787
67.4967344652
69.6470288557
-45.0173247001
45.4622041863
58.0845585253
132.029882228
-14.0252936744
-35.4643251689
121.598689683
-0.195663767945
-76.9018920428
49.913785169
-53.5075712669
-10.3686021007
20.154869088
-16.9217092679
-13.6929930662
61.4206748801
39.7777159384
-11.742675416
56.8645864479
34.4376057149
-15.6605327743
49.1568598178
-36.6784802755
-2.34719737412
-2.21895162665
-26.1609501417
9.92062159902
-41.4930345636
26.2911210558
29.9793270384
-38.051589023
64.634794447
2004.19954113
-826.131138891
-1586.69701608
3146.1269395
-457.942731245
-2054.26414229
1787.41648674
-590.813979607
-69.8951240699
264.540592147
-1377.4986432
1160.69384891
248.666017658
-564.024342048
393.843638372
-96.6088344387
1293.05461141
-431.472891248
-769.347362377
1552.03685528
-530.595115636
-455.214596721
449.331494304
-667.878057929
319.754433963
-99.6447529298
-526.99253865
288.810958387
147.245580524
164.619645167
-193.566693438
282.224690078
590.479763233
-320.077034236
165.296935661
230.835240109
-180.330200936
61.6535800583
-217.732594364
-136.769192225
-28.2636786814
-112.322711807
-94.4920018574
-134.858931992
266.302968845
4838.28694824
-2006.72476393
-3742.15724078
7978.99283465
-1191.96616427
-4711.01337176
4414.50599185
-1613.36307248
87.9265501958
331.844280931
-3584.89614247
2934.26702829
101.060242713
-1520.79927859
752.274286686
-218.388129346
3253.7120089
-1417.14680581
-1459.59008967
4178.07491105
-1419.9164723
-770.478814312
1135.06925745
-1451.67348846
1064.57945559
-782.824829355
-1464.15309806
1017.19653854
-121.298570482
-75.1526078446
-451.774664683
636.816161815
1438.4393681
-927.566677582
434.600887625
1067.4474928
-356.539644059
193.700873696
-297.99874715
-207.881985542
168.741651668
-543.367914968
-474.07350235
-86.039386935
319.248377319
5825.78273267
-3047.33149954
-3673.72427134
10000.0
-2060.9630682
-4836.86975174
5504.65057382
-1958.45830847
622.975659907
-300.004405369
-3894.00717701
3828.63120542
-663.663399472
-1972.24983515
842.590119201
-20.4856261359
3563.22869243
-2382.44392601
-907.886030755
5121.56875962
-2097.84627183
-686.03436524
1545.70213892
-1222.42276339
1077.52420029
-1291.38131671
-1189.21756098
1231.80272889
-411.90623418
-468.883745011
-446.979373421
1188.01616568
938.064748504
-1276.93474176
1037.85185705
1031.87672173
-417.156938618
57.1793898029
-118.156354515
246.076389862
-295.615961646
-519.143902621
-181.995708095
-172.394570227
396.512431974
5623.73877257
-3659.65802143
-2752.08751193
9801.74656758
-2924.65679485
-4207.67330946
5523.70102159
-2309.83067415
806.299184622
-784.255143645
-3478.36309637
4164.91932952
-1276.98780657
-1872.59681977
1005.31724841
151.047017988
3448.25636364
-3171.01759553
-194.448772443
5413.04211728
-3087.78824794
-470.575780234
1752.32967799
-1299.80736021
1006.026297
-1771.92187987
-781.568343627
1491.8273486
-855.02919294
-570.296468044
-277.781542572
1568.84538754
576.912757813
-1711.29506149
1665.31051604
1096.13493745
-886.203324472
89.987472984
77.0908559748
332.540976471
-518.224391424
-703.796969305
-32.2004440147
-8.77701984419
163.456023431
5242.85174663
-3452.64211398
-2384.14694846
9381.3737318
-3009.98915352
-3837.59053442
5787.87639666
-2222.5592475
654.099546416
-468.644701616
-3140.06179618
3940.81705469
-1264.24553994
-1972.94359052
1169.49210291
229.541244563
2827.11592277
-2823.77187525
169.974927344
4974.28870913
-2867.21707082
-149.460323136
1984.11431338
-1198.55439983
1000.48586845
-1298.60661719
-698.195776535
1324.64553069
-807.938926396
-572.584135568
-188.672607644
1231.6403903
346.957749491
-1342.7132611
1604.55729878
765.360995708
-680.879990235
567.353306313
20.296841548
253.059776899
-113.08471035
-532.9235827
29.5652080259
-132.043579891
76.2950354139
5161.20861005
-3280.82333255
-2813.21361993
8913.55309304
-2287.92473978
-4012.525654
5447.90900873
-1525.60330362
395.659776772
-180.532050191
-2875.83581569
3563.658018
-610.044117113
-2092.71883115
944.104389157
670.753041172
2361.13551317
-2677.51319923
320.706092285
4588.95601237
-2529.76654479
-61.7325544823
2066.29949644
-1034.96977931
955.458210551
-921.090190694
-680.834069684
1265.8766476
-612.219253576
-673.453287668
-70.0272733877
1229.69990059
71.0672157657
-1213.90553207
1801.09811583
617.267048479
-747.572738358
914.875401684
195.102744588
155.003761178
79.5808208129
-388.21427495
121.052387669
-40.142445865
-115.671563751
4959.23225592
-2988.47701379
-2629.95126159
8259.78462323
-2333.00379775
-3532.25153591
5178.61143397
-1660.67899227
555.170227223
205.08574882
-2750.12785871
3222.04151996
-467.603398647
-2084.78511659
998.668282625
555.313601875
1630.39140062
-2201.97081647
450.600566553
3767.2663873
-2380.10649482
25.2943636127
2043.00151524
-912.070496059
683.981183955
-715.362961329
-308.253517277
1217.73101126
-1054.05522419
-550.924983242
394.230890467
575.901093942
-227.212470903
-962.682219521
1566.10388823
552.386847017
-1124.29561332
922.286286052
561.301039039
-116.491301003
13.3344498044
-308.03258374
507.529540886
-38.6424612461
-712.940830558
5378.95109456
-3031.86772158
-2633.45985691
8062.27346297
-2826.2121236
-3128.0325754
5143.81224427
-2345.91517765
621.214595373
497.553046933
-2932.25193131
2880.82099429
-298.375815008
-2182.49937202
1017.10228105
648.341445678
1140.7544634
-2042.3204781
696.65700677
3257.90495819
-2374.38494462
106.736389609
1900.05832188
-851.371053758
597.114113556
-1011.54043254
-104.059797611
1352.10453985
-1586.88801439
-560.54361887
643.941373529
280.437266489
-344.644150434
-1109.93094904
1616.8209901
624.106266021
-1458.15839649
1001.36493271
634.359161641
-56.4271016245
60.2354837659
-670.129057581
922.629456923
85.8492751857
-1276.0188248
5446.58494821
-3067.86480151
-2274.99059788
7625.17668874
-3197.79368007
-2452.6367419
4994.88522568
-2669.93131039
728.764987278
557.590630197
-2500.9208172
2493.48645015
-461.509840678
-1700.32020559
942.158409545
358.715806427
1019.17239752
-1884.65095517
835.179148842
2705.47253177
-2284.21369199
472.025453127
1536.38277751
-937.0273899
876.072234248
-1030.48030477
-16.1455327754
1334.07703596
-1604.35930561
-239.872254335
593.024786861
-95.2121695074
-50.7704761233
-979.706253942
1207.66223233
588.667649059
-1299.58957299
913.332416867
465.75300762
-148.773635225
268.288539216
-637.9400328
791.09375504
168.510600128
-1132.30061315
5041.74233447
-2845.65223555
-1730.91291817
6636.0248033
-2802.90687671
-1952.64729806
4382.90235666
-2383.59894823
715.226895485
266.31289174
-1968.94521088
2052.83147283
-636.843846801
-1362.33835842
847.092370227
167.662464968
965.75623614
-1700.66488878
899.510267326
2405.1513799
-2103.15588337
659.363641662
1452.1401057
-876.475272389
945.351960352
-1028.5778423
147.468542781
1252.27343213
-1790.68265533
27.4580517037
584.033840773
-450.31994012
102.324355651
-928.328303456
1055.30957818
578.470542385
-1368.01890997
1090.08348908
524.138105254
-266.203840337
427.616283964
-500.803766371
900.988097285
106.321406723
-1154.15928263
5138.68436542
-3013.29134712
-1375.7291257
6141.97538038
-2964.17340787
-1473.71048511
4015.47450363
-2605.94108392
1037.23756748
172.407071536
-1867.53415912
2005.94075438
-676.855147071
-1146.91753777
877.570358628
103.70553019
855.521691569
-1504.66689392
1029.68241756
1944.61351893
-1945.32029623
894.746752876
1130.98020556
-807.796966045
871.736780124
-943.815120415
367.879547275
825.937227918
-1626.61574847
394.357830302
291.594010789
-469.397227131
168.348280264
-758.375576164
1021.1006713
230.665493949
-1066.21287814
1229.72683354
232.835837665
-274.320550841
499.61887734
-266.881652603
686.803946747
-116.65107276
-666.820584285
5127.46714936
-3786.08047687
-761.802737458
6575.66942447
-3786.212918
-1477.44401154
4719.35948244
-3037.22276616
853.019875006
492.544670376
-2127.61848913
2297.59595822
-688.180546286
-1873.63002251
1643.39308323
299.215846188
-327.380858811
-847.803355175
1533.54066432
1194.89129361
-1943.19382783
1256.51475376
1243.21600942
-949.475639255
610.236336542
-460.03312971
517.698390325
504.73549921
-1762.05631536
691.059476508
555.434241218
-1103.04231621
-13.9074539534
-26.9699362011
625.913595827
-284.198546401
-759.680966908
1437.18104182
92.5188380371
-591.199862557
768.805063499
183.661454578
377.759455759
-217.801266961
-329.985866497
5517.54359593
-4493.85742339
-407.660156145
7031.19969241
-4317.33908987
-1438.93984086
4981.15248721
-3209.37143593
1013.91169903
303.956426339
-2159.47267809
2776.31552692
-944.866665646
-2063.89161276
2098.48975039
468.991463963
-744.084134662
-557.860100415
1836.75855114
956.433437725
-1921.64503973
1502.42859507
1130.79213602
-897.397352347
643.201846276
-476.964491665
577.075507025
603.258723312
-1853.54962524
712.022268773
797.703559033
-1267.14646219
-79.2740344063
322.626198079
367.604032056
-326.041846486
-438.874419302
1126.72410483
106.180249261
-404.964369143
531.619395493
249.979653508
389.875759574
-261.549998299
-220.937536278
4802.80145665
-4357.02946948
466.712548428
5373.19295013
-3768.65293731
-270.970962195
3433.54819714
-2392.93197801
1178.53792453
-204.255552808
-1402.27299119
2227.41453551
-959.590982141
-1533.96075468
1772.24031993
293.012894831
-929.477709435
25.9634164124
1370.32368131
295.980480801
-905.334191929
1070.70103646
769.385607906
-369.332270763
330.337502713
-38.1352445358
470.22097624
249.466979229
-1015.33592757
428.499023328
601.29353454
-993.543712528
-187.914536205
572.802191363
-141.069357707
-377.62379523
123.824728314
414.204749326
83.7020240462
-114.042515397
227.053392183
463.742779333
152.76584538
-211.259735079
254.901313598
3966.99856458
-4187.63528279
1584.25341071
3823.78592862
-3274.99025903
465.994910213
2164.63673112
-1532.41730926
909.134224013
-547.781571396
-719.191430473
1582.33099327
-917.637088781
-1397.5743301
1697.56143383
143.401059439
-1152.98303447
514.336838454
1052.43954432
0.160544815849
-366.032646807
704.145204945
799.188380166
-134.028662713
-5.51960408616
266.67729508
493.100958192
-79.0976725487
-673.737790485
361.766692955
420.620211025
-833.994207309
-248.746332209
549.730159705
-165.751831232
-426.421478456
174.475875438
327.790607178
110.569594419
-118.430985304
178.178899267
545.023594206
76.9657147138
-176.740769128
324.301536612
3572.33611476
-4098.11376937
2219.36268422
2502.60563946
-2576.38921419
721.746830417
1170.98583318
-732.918053038
333.387556773
-515.148107816
-360.477358027
977.987493955
-677.402661562
-1218.19034178
1414.03748632
113.180365839
-1192.97541738
811.665753907
432.541236435
209.096043109
-257.696330152
332.13697222
813.149718564
-143.042156636
-159.374013251
226.301191597
532.576822291
-394.322146693
-408.417661911
402.867669239
-52.8782680834
-386.947962965
-247.183048695
205.208484391
166.776371049
-497.993135884
148.831198635
357.692242117
40.1136823219
-125.861197724
215.319872653
422.447938261
-73.2152554949
18.3474797558
148.022086231
3384.08782591
-4249.19664687
2817.91622757
1705.97984344
-2165.53281675
755.992641004
757.379071993
-42.538434507
-452.798722479
3.86322754793
-236.725922205
614.418595633
-450.834558966
-1196.46529433
1461.69407917
-29.3266265138
-1383.87407385
1285.04399367
-57.8802789317
227.702887657
-218.126927742
320.184612986
658.555117899
-210.608468063
-38.9414603558
124.227059963
681.671051542
-691.229768519
-128.654371741
542.140000516
-441.493792705
-130.334626759
-163.716176908
95.0263556335
53.5441400187
-453.484547365
209.98248457
148.682147185
-7.74550159441
-152.501015016
260.688827224
280.302694192
-222.752275326
222.815004488
72.8575086904
3156.87410337
-4221.64679662
3227.53330958
1276.02170219
-2109.37460328
1016.33733614
691.763766609
144.346631418
-991.148328511
762.393473157
-478.229108137
279.139805144
-197.691501746
-1085.61167724
1315.06180492
-223.937600452
-1305.01036274
1473.56953366
-142.042639192
-200.085450452
105.936898337
740.311126458
50.6832029116
-290.792163128
809.992134939
-334.256139831
514.271859555
-357.879464905
30.4833790216
410.410821515
-530.723160932
-27.4522466737
64.8453866316
0.20403591031
-398.16326207
31.8549236866
343.222571955
-449.487479573
131.13538007
277.81235426
-107.754174719
127.229946868
26.1406997111
304.573547656
-79.1902030627
3223.98911602
-4409.03096511
3898.3124877
868.683743845
-2297.00128618
1686.91015312
712.822370693
-216.477271956
-1065.55131594
1765.26250475
-1207.92829449
162.147388975
266.863499482
-1065.38731297
1054.66711553
-262.66040554
-1297.86112374
1747.50822342
-362.056580764
-651.85032385
585.195877081
1038.16841767
-787.090484402
-73.3161876228
1573.54628431
-1029.8701969
566.709374193
15.7492389634
129.985029178
210.76943676
-425.971569862
80.4529623526
255.43553526
-131.341198558
-681.025530043
553.767484553
247.107346111
-973.925486905
468.055342449
449.095005677
-551.611412556
128.135909954
259.708350653
213.589232959
-272.207513021
3319.24993426
-4323.52010352
4148.19772841
367.358712107
-1859.42360986
1763.22205222
740.117860067
-402.830126741
-739.993212599
1936.19820062
-1462.03250211
292.207183493
296.021778157
-881.490187541
652.561911738
-151.066206235
-1217.0419305
1595.55915627
-616.086749424
-517.49382885
578.95609711
867.339517686
-942.885124718
261.273912195
1356.15036699
-995.955948943
582.88630453
174.185610078
192.900045841
-8.12523664695
-64.2420117258
49.5003291906
290.779579377
-303.587399806
-327.70175447
450.188519932
6.25787671507
-776.342454143
489.982103287
220.080943055
-579.466323952
163.086584116
280.847971834
-11.3726608164
-240.448881118
3041.09334514
-3691.89741335
3578.48866626
160.914610458
-821.308995583
768.622625324
1270.1276866
-481.130958473
-323.394768843
1281.05612697
-741.986748071
124.964772406
133.191746095
-465.518524725
299.040734211
68.4041554777
-1205.41673503
1371.9708406
-646.737990235
-282.616440919
141.2386825
980.013821067
-999.523647696
363.143714533
856.409695877
-370.923442112
101.061426328
418.471317571
173.812540983
13.3912462531
-9.0181333439
82.4141230009
365.053104819
-387.331414085
-72.2368983761
238.801312664
134.869149422
-775.566830833
494.758835655
91.2302068079
-382.958391508
-88.773841337
411.619973583
-143.187368812
-170.893602415
2627.44188422
-3156.98545239
3067.7941202
160.379398159
-363.604670648
138.481468906
1704.17766016
-590.317730308
-195.005285235
953.778128836
-111.850042051
-323.164468624
295.846026617
-364.792474188
286.983669464
-135.197307699
-870.707792649
1063.18017005
-597.704030118
-139.399399726
-117.740229081
1013.14128485
-967.921327022
360.478677127
615.140404137
-98.0132405716
-111.293403961
471.681424707
202.383102841
23.6398195512
-71.7161565403
303.53991605
154.381606246
-238.572724847
-13.3486408497
184.007171788
73.6608243243
-582.257932715
408.068546785
-42.8203198099
-211.72108016
-147.081511136
317.63878288
-114.190857948
-165.738575822
2086.37155763
-2286.50259038
2029.36507756
546.18744827
-135.493193661
-369.802375438
1658.48274968
57.4181401107
-758.903472497
881.361781706
435.315966336
-473.12208989
-30.6965719296
138.127523561
209.142511197
-336.33909212
-466.747071094
683.1907598
-285.817798659
-224.75888448
-183.938920851
902.226986147
-584.772951529
-129.405917531
670.508259359
117.240769052
-345.223357218
275.231004381
550.660960729
-228.87994121
-120.422261849
424.458359966
116.455869995
-280.439161634
40.4047035891
219.248901578
-0.724541518721
-388.402148967
189.548796404
151.248234228
-212.593125626
-205.156435478
298.961060242
57.1006199429
-339.272828211
1765.91666356
-1503.58369464
1178.08758249
709.237467012
82.7109927024
-564.871612895
1429.17869326
295.567512304
-873.134776423
825.436377113
424.354819153
-394.952261018
-145.092724106
366.865128296
-61.079771762
-219.48765328
-229.497131341
284.775411559
-22.337000617
-289.975208469
-76.5047703833
593.05018767
-303.28566821
-221.864806739
578.56637523
160.202085025
-351.381101759
279.912126766
478.313500456
-240.317520421
-27.9145102073
358.398338523
86.5795748797
-215.974791362
75.3159264498
193.163611502
-50.9312969063
-222.479498776
110.972896715
160.766566159
-218.658136903
-126.008948018
250.616596018
-0.544544994589
-262.482226412
1469.75121641
-1133.30112417
888.912666768
628.772590865
231.621730507
-433.536874387
1112.19895031
339.002319813
-565.462218215
647.272667475
259.172066002
-92.2721599622
-174.758851116
277.826473585
-5.76244700568
-126.818862885
-168.473767882
133.098553191
151.414706141
-363.743615196
45.8358307571
378.966713345
-131.788559548
-224.130518044
455.120443781
174.374996941
-285.902157228
228.283556172
349.638151955
-94.4697060943
-96.1610553798
316.16532179
72.5717647073
-147.329058709
13.3000920117
191.447705737
-35.9150686116
-190.147038151
103.793245719
120.526911894
-135.791081056
-126.17506033
229.874136217
8.30545240467
-186.586277155
1179.27427855
-820.098833953
701.076590478
485.065210642
310.762730162
-270.750042892
756.199521925
458.331491854
-421.082897989
513.159069044
139.038256624
125.360383492
-262.899010425
288.126185982
-48.4728239149
-38.7539599163
-133.919016505
19.6598176549
208.232738588
-328.219463395
93.8365607555
155.659299238
98.845769962
-281.534045805
354.5862543
185.875908189
-182.294438523
144.055201554
259.258825665
53.7179904079
-175.673240495
318.267668289
31.8997646298
-38.1665753636
-31.5496143065
159.368228527
1.45749233701
-138.356888686
74.598209064
39.4669590478
2.14264618999
-165.427520616
155.617840457
20.7975695578
-92.3800292361
964.939353786
-772.805760382
760.950788037
321.06656565
287.402137537
-239.052188258
697.775628932
391.675038561
-395.254051825
497.286580263
148.025050419
141.730346689
-348.246492971
471.402634848
-153.36516575
-30.6409361057
-74.0245322102
97.0389922139
62.2740118141
-247.059087601
202.015641067
-20.5010179623
144.956774022
-209.748542285
311.502012623
51.3697573252
-8.12784556115
68.3286129233
178.490518297
96.8908655656
-119.920503678
228.648496836
7.31497977307
55.1401979368
-97.228865493
157.569238007
-19.0342575022
-65.3858852097
13.0367223463
37.6735386917
9.71727517852
-124.85403976
114.700150814
-14.4027892913
0.941055421882
1013.62564456
-1016.30936608
1002.89025137
185.74209699
321.626276582
-464.365271949
903.62644238
263.282044245
-482.624112412
426.426898436
274.883267852
32.9621184434
-583.288947525
708.79942525
-298.385371191
-81.4566815198
-178.799347958
279.930512191
-125.802408207
-284.521359303
295.639318302
-118.026850014
197.432862289
-315.214682432
460.241407308
-99.3699223398
150.366982351
-66.1610447104
290.406117748
101.927552452
-156.74041363
281.039545255
-22.32839306
166.614470514
-284.881843449
350.3695484
-148.325913353
-3.88280916841
-79.5403303946
98.1822933113
-28.6967388003
-206.473045125
192.317022441
-145.04018925
102.140185732
933.993578283
-1036.04572834
1078.04695455
105.633179722
418.375067952
-585.215247398
1145.55224502
77.4143656053
-273.750336366
353.922388824
370.407550753
16.4260890454
-484.066920958
704.35241697
-337.113371952
69.5999576959
-292.701057976
335.961826454
-197.069439176
-183.21052924
138.025017804
-81.7991360919
164.537621789
-359.226029699
426.944615748
-164.148295862
191.61085146
-156.613575272
326.483393208
12.0288003223
-50.7403727276
205.740545846
6.75305681183
172.596043552
-205.234869705
318.177369812
-140.855516238
104.882009655
-103.191482139
129.60851721
-41.1446237707
-86.9500014584
98.0482086886
-90.69462052
84.802162463
679.2705352
-728.381472989
790.825523766
-6.50561519195
418.234014761
-415.305270042
735.050955668
50.3856946129
-79.7619386189
258.712198027
82.007179997
173.554057472
-259.940664097
359.658801377
-198.289822541
139.437923622
-154.564210986
129.2647796
0.287287709976
-94.0448514982
92.0687874714
-27.9922939184
145.873801238
-171.787371115
215.150464416
-38.8252843613
91.0995030097
-40.2423641912
105.808912376
29.5520445173
-21.2541157596
76.3865473959
-30.6094375923
74.513089857
-64.6847609887
81.4669378906
-36.0483085544
42.9141484687
-13.221419896
35.3365661574
20.3850417383
-10.8910646202
47.926359666
0.0110833060309
42.149083612
465.694013045
-389.753765665
490.348720332
-74.3926337368
363.07729596
-252.309150611
307.786344212
42.7099843506
-13.6566528701
138.960778089
-103.813615566
146.276470984
-104.773542361
103.565710463
-84.3781835886
46.0090964475
17.6768260409
-16.5141809995
105.22303632
-56.4858209882
100.442249761
18.3240982213
95.1393872865
-23.9114231234
73.775277813
53.9249544709
9.67267646977
29.1999447592
4.21526238758
26.310155936
-5.81283709452
8.00289238271
-12.0178809434
-0.781451569185
13.379266537
-11.2664400209
18.5091225581
-4.44623592825
18.7161684506
15.0290059016
21.688472636
4.97481444577
17.07115803
30.5871046215
5.40131022613
357.526986492
-311.364145357
342.222879859
-76.819452594
218.041436323
-177.514728143
154.388516264
38.0268727491
-70.4987084042
106.40249903
-92.6926826041
66.4882574516
-44.8514098703
5.53401569329
17.7938828769
-50.4171817653
75.7217463288
-69.3358303025
127.769534108
-79.7833474102
56.7466910601
31.5542292762
29.7624295883
-3.46944411317
7.91706839141
62.9999963713
-21.4723514028
12.1703268691
13.4976615443
-4.56990820423
19.5250698438
-28.8593467936
28.9208428857
-19.7132417339
15.11833665
-12.2972443336
15.1324013625
3.67702039846
-10.6518882587
19.3907514659
7.86891729431
-2.17456133727
7.42393563466
7.33026737414
15.3575867585
303.336702621
-315.187200514
307.362252623
-56.3864425441
145.865091627
-143.187444385
161.459370305
46.0059644643
-75.0287535942
77.0531779681
-12.2772753908
22.0506961672
-23.5292056314
-32.4148766379
93.0959178905
-106.163896189
87.474942887
-87.0199185396
118.12867345
-70.4781113072
16.8876432154
46.1048947589
2.89602236005
21.2077322135
-18.8814389278
65.1548409954
4.18799602359
-23.1406943051
52.3712024711
-20.2647889299
46.8862981127
-55.2037493153
50.6836620766
-7.78281643346
-10.9539991891
6.14391446144
-7.63453010232
27.6073628231
-35.841806684
16.03613263
11.8120585555
-11.380039937
12.4723448171
-15.6586168867
38.6090863049
-23.8962557948
12.6550185814
7.95924794834
4.10168870236
8.73925591394
-14.6088415778
27.3672325422
-9.35962350608
1.34664531678
3.39080391873
0.553879933759
9.86372860368
-19.126081231
16.976160813
-5.71140760653
0.816651806647
-2.64350494207
-0.153290669599
10.3037229359
-13.2928143591
8.75881465744
-0.430945613628
3.04740578389
-1.14052617017
-1.81936735556
11.1589165478
-7.50740174562
4.69268372199
-0.488306285239
4.23977776218
-0.619873807802
-3.51914524273
7.427516216
-3.56427683486
1.49597636133
-1.80108698795
2.83385885332
0.600645292993
-4.04844596028
4.08441795455
-1.3082065828
1.22300006345
-2.07769351028
1.82719468597
1.70739437028
-2.4930595291
1.92177498066
-0.0410719405094
1.5190570194
-1.38768278273
0.621510232561
1.81918106112
-1.18668451499
0.615585349599
-0.18343929755
1.38133589794
-0.739254494293
-0.182825443874
1.14976743628
-0.292997880127
0.116981043503
-0.361119254761
0.96435935782
-0.171821009054
-0.401725705599
0.508913833987
0.121249013677
0.117029187087
-0.3518911679
0.51916233225
1.7614495227
6.36291065491
-5.98523402279
-0.217213918966
2.37886597395
2.35775320822
0.0614314962886
-8.25339462501
10.1811834188
-5.31796307349
-0.642431904648
3.95426461772
-14.5403123551
18.319673721
-14.4037689688
2.92596188831
-7.83535080434
10.2940822545
-25.3820321459
33.1620536435
-40.4506755376
38.9862341153
-22.5682941743
14.7332671569
-4.3940838288
16.2263167023
-25.3066937907
29.9223097443
-9.0866922095
9.06494368774
-1.1432058512
-0.114302935515
3.86248452713
-13.3208410798
4.57691490916
1.77266466246
-8.32031452652
-6.55843660355
17.5644899297
-30.684644421
32.0344941002
-47.7011454109
31.8161681262
-20.8383326462
-3.27345367852
8.93025839577
-12.2838829071
5.11213423346
-25.6507189671
24.0696454375
-42.0285946532
39.1758501283
-55.720156522
48.6448924375
-36.0998999151
18.1662404601
-18.8392958321
9.83681238827
-19.8312976043
35.421985167
-62.3070083984
86.0474799279
-75.1046617473
34.459291534
-14.2929610771
6.38990359442
-23.1238066566
31.746649324
-41.2161816009
48.2973261826
-59.9838321059
56.6044434653
-45.5652433052
48.885750748
-39.5315449691
41.6693334449
-22.0809307211
20.0339815351
-31.8691153049
58.9465011907
-47.1502138729
24.3064315331
-9.06957972754
-11.5915818571
31.9545219067
-64.8576703245
96.4343845741
-102.03496192
99.8443772486
-79.459273348
75.3270890518
-93.3447908409
119.794583258
-104.689375784
66.0039516542
-19.0555128698
-9.61831274677
0.815564350855
16.0852713125
-40.5527133543
41.8263717661
-37.2670909797
12.2575366434
7.42188361223
-18.4631427299
4.34499877294
21.8188512839
-58.4146379108
80.5990966175
-65.8295978041
30.7217042787
-11.1095896282
21.9515779498
-53.7032674744
87.6933949424
-122.980189036
129.31938723
-93.8117130447
71.6102625466
-34.3937693211
5.65855012706
32.2028424398
-36.965000796
32.9366064997
2.98680546794
4.23155954842
6.28705279648
-10.7058505255
12.8158896664
15.6762842901
-15.4259750921
26.1357863462
-26.7657520049
37.9328926874
-15.5443621744
-6.60198522201
25.4655831852
-14.5758334774
18.3926851455
-19.387135828
36.1735113321
-49.6293413562
45.9108387952
-47.2038633069
62.4514900882
-76.2818502512
69.0192886816
-59.7948440439
32.6925404632
-23.6810827857
11.5709154482
-10.249494179
19.4736499633
-27.4208862973
26.2549457061
-25.6621092288
21.9460920919
-30.5538030355
10.9317362727
-14.732432277
25.4933029562
-47.0120027663
50.4809098223
-59.6964277494
37.8504318721
-19.5298646669
8.75021201929
-7.53899903846
15.9746349575
-16.1914650421
25.9659682563
-38.8852368615
47.3224586516
-56.9368308219
40.1178469586
-12.9280869297
-17.2323990282
20.8640369244
-18.9349509922
9.41752932895
2.74209425162
-7.04200352222
8.20527618784
-12.1919966118
20.042675763
-15.1251484946
9.27550516249
-12.2741593737
28.0765391847
-30.5977871526
26.8812328157
-20.243791266
4.82788093292
-5.17353272533
0.369370720426
3.65845603635
-2.7072613165
12.6784981065
-12.8336711774
9.05461919155
8.79665400581
-26.2332513924
29.4806489198
-27.4260134126
30.68652933
-31.8525567985
40.7068005943
-45.8844400382
32.1079681258
-17.1023052746
19.1146218594
-16.3928643766
27.6639521855
-43.178532668
29.8005023972
-14.8458999461
15.254792781
-32.77649466
46.512198442
-36.1030329557
2.83880509221
24.6411698414
-41.6223087299
15.4018729486
14.3403161929
-31.1893701911
14.379895602
-1.37484599222
-10.9280110792
-2.69904222745
5.28786628921
-16.7371385407
15.7853162447
-17.6950532424
-5.45512807092
-4.18850510049
11.9558184367
-2.50833888337
-7.89021601187
-20.9812140634
46.9415882595
-44.9851576357
-1.90542763116
36.8502723085
-35.2257793341
-12.6246936999
58.0933033704
-84.162225803
81.8641794689
-35.6955580101
-10.8824597591
-0.921568738247
17.1409444099
-22.8030100404
28.665841396
-25.8441742484
-0.44802874124
-0.0066588758889
-2.14172420854
5.69087096065
4.18346714566
-4.23415269221
-18.376160465
9.98683639257
-3.84948012898
18.4754686179
-36.3697754539
28.5176110046
3.31895405027
-54.8667078561
48.5508544542
-27.820478249
27.3012715749
-35.935729359
-4.8117853699
14.8840548035
3.10239127589
-1.51790711236
-0.471561053539
-1.72923086528
8.18428477927
-23.5580856708
36.6297452609
-16.9230564204
7.28786521562
-3.4451532135
-38.2600793288
47.738936694
-2.22558673942
-27.3747980752
34.6551481367
4.58162440042
-37.8607569085
5.25114362744
58.2488315102
-62.5751951388
45.3660896634
-17.1379945409
-12.5077459976
20.743820274
-9.22134368195
-17.6303749043
13.3854176815
-4.09265073595
-23.5629702011
34.5792910172
-33.1590073728
9.12932094845
-7.01648103778
15.4522374419
-28.5984563036
50.9382643595
-43.4118733049
8.28696091134
-24.4935462718
46.3608774553
-28.0181818955
-10.9270938943
11.3323401018
-2.3530955976
11.7343865992
3.20563253409
-42.1435239044
64.7437525766
-52.5194186099
19.0234956501
-23.2879875073
6.52327831486
-2.24791878231
26.0163547712
-54.9934224253
51.3332415063
-10.5297337428
-51.2123282925
58.6153197535
3.96915264429
-43.8061389918
75.8331274942
-53.4865461156
33.6410579666
28.1636309301
-85.8615673907
114.4693815
-64.3036591204
26.4681163733
-24.8917308245
58.2814360198
-48.9467425814
18.5124721028
37.6083730599
-6.13159102098
-40.6965387025
86.2197562313
-57.299407923
44.4338012932
16.4095905137
-27.0684945507
4.52947366648
61.6210232423
-73.9354004226
27.1875984833
22.0568520658
34.899044694
-110.637492056
158.271062004
-138.513981962
115.238521817
-91.5453270575
51.4612370802
17.8665098696
-29.4100542065
-21.5397096615
44.9530996677
-9.50822765567
0.348387822154
-12.9850512443
13.956942962
54.7558514276
-73.4305761954
-0.698971628977
69.310163049
-91.648752889
118.386102626
-96.3313615623
71.3859566362
-3.83502576891
32.8382839255
-128.534879703
150.109290133
-5.6050667588
-51.1663451007
-11.3719865226
140.475383122
-181.88327784
176.134092501
-144.413565643
148.112270244
-142.445197526
216.243936012
-295.284930962
244.214523916
-35.2815392875
-129.515865034
186.32689583
-136.677375866
146.198548335
-159.946319669
95.3590031966
7.60852609506
-52.9154763324
59.3128613771
-47.9658448619
58.6968959476
-43.5348477576
31.3832833852
4.5267578701
-43.0859452038
149.360245138
-151.091547023
83.0249101591
-29.2239890859
58.4226588357
-22.1028774699
12.2846766611
-80.6847428103
246.600213626
-280.476873793
133.22177948
29.2263356392
-9.41500729494
-71.8540027783
171.814691153
-268.236780096
269.698521221
-164.273842016
79.357082564
-155.276454556
295.967238386
-313.255164845
243.499269902
-303.120564777
495.001197551
-566.17344739
343.579870119
-126.767222797
110.589576168
-193.594329878
175.74299042
-162.369968193
107.524177603
18.3007760051
-212.206637006
254.972256168
-221.705922562
111.191770953
-8.43003197318
-229.543328158
320.630890317
-195.225082572
-116.485024966
134.792233894
-23.6407844804
-115.008947621
105.029534854
-173.883619011
212.577940288
-271.591237133
245.867843961
-316.140360488
252.794382999
-195.109952912
188.703343662
-266.364842336
278.229419393
-156.183187369
5.25718261774
29.3655354893
63.8929673562
-176.728943881
157.515864948
-37.5151376643
-104.927788795
206.479915011
-297.310450887
261.365963913
-125.369802376
-13.059319393
120.290609434
-141.451349033
51.6389701416
73.3814126991
-115.930818581
-51.9480171797
342.999654727
-541.882275538
495.011037867
-211.311649439
-125.577932119
275.228839309
-211.164037947
69.2750732144
39.7079226315
-198.567058293
332.606541804
-213.955745936
-223.428341258
566.339780407
-441.618330234
139.869712938
-94.4741362411
117.482166481
45.6205579457
-168.165416491
-12.6385505752
211.302435287
-217.658816802
198.451715636
-311.670905518
293.941435497
-8.34640949281
-137.691282485
-31.8089259669
290.236220818
-252.004797528
142.670733778
-125.887140572
39.4324148154
238.476603267
-434.823831731
388.962554294
-328.355457759
281.975158995
-96.2570753318
-112.04465025
-2.95223507529
235.029780103
-165.809842176
-130.171263823
260.417585284
-178.403925737
235.207867369
-223.806630109
15.0089488719
317.519293178
-300.763634299
112.472081161
152.83671587
-143.102003292
70.6062884514
265.997439988
-546.906984939
535.943499397
49.6998375369
-617.84377825
657.528386709
-90.7392397569
-320.481809429
345.828945535
-30.3206253263
-63.1562781294
203.992046562
-280.501835056
371.580196409
-115.029020837
49.4117250532
-60.938812336
255.383294809
-222.747547218
185.676803085
-141.11884897
46.96222123
221.058736708
-232.866473018
-96.9271383457
587.45703564
-810.309317792
892.103787921
-713.186801906
424.289482318
-165.599902603
100.554779329
-120.972011534
-8.48394750172
88.4078149177
-108.222111155
207.247532978
-309.663110057
282.855715483
-330.833626971
653.912364775
-985.231754844
921.245374122
-614.42611267
280.566826792
-155.051704507
134.887767056
-142.395930794
114.361582398
33.9027075743
-314.627078363
485.43508479
-314.989859207
-142.454158971
403.871392662
-186.952858238
-201.154980455
518.572435465
-528.743699732
332.822079517
-42.7033447356
-0.425550616292
-2.53228182476
-147.298439287
556.90127621
-653.336821383
211.385220606
270.125651078
-20.4270749138
-488.749326125
788.283461889
-689.720189205
490.941823804
-285.11420873
140.666311706
-188.694688313
238.411963772
-193.673498372
-2.54968851694
182.74546355
-309.875149448
183.496950501
70.3672053268
-423.493123402
613.331346434
-715.887217128
802.530454775
-770.62064792
448.506868394
-97.8074668723
124.881263202
-337.156856326
217.392392576
51.0817538327
-99.3775535054
115.248189082
-272.135602679
554.070545568
-813.049024509
1036.53415558
-912.013209056
537.321916176
-41.3545633685
-266.213157943
308.468589323
-0.156220367865
-462.352572483
756.432841622
-480.902982093
-89.3300136092
445.610663431
-224.346008424
-79.8781722121
296.00222554
-116.591550795
-210.178477194
513.874530922
-256.542458445
-264.346261321
737.415961965
-647.504495977
419.34149091
-173.653009908
38.1885404808
332.048867848
-429.541374265
392.712349469
-128.676102884
24.7054169044
282.033330167
-312.069960285
200.974501784
-11.2958324392
64.9937975146
108.891226527
-369.19763198
591.388144937
-395.637774255
72.007773498
280.007454055
-338.214429476
94.7161855309
392.163753425
-402.38432715
127.457868663
-4.17792716956
209.861862269
-342.394526967
272.337839845
-140.245808441
59.9920823271
-31.2110327226
11.9916922759
-97.2077529428
112.773853318
-103.251635998
-67.0481364628
37.2755216521
-14.4105857886
-55.569711253
-51.8766063297
171.801497933
-386.319683976
388.425918808
-327.925534827
125.634865062
-66.5699423993
-130.963597389
253.891025452
-222.390349344
-143.629045371
187.004290733
190.447672156
-513.920286997
384.918054248
-220.371693042
124.244997762
26.5347519759
-199.711944604
91.2135738276
53.2324538764
-108.791086015
150.960807237
-413.56696898
561.773949331
-400.945114532
98.163278318
-69.1090895855
168.649878249
-255.630880196
160.202124003
-52.8040961035
-81.5537785963
197.170953231
-166.17753518
128.626990694
-208.092919417
400.657693319
-329.230691121
-13.9021319875
202.62726878
85.508856577
-324.179819366
371.117106533
-146.756788427
6.72225914116
206.943025077
-376.097192407
523.995142433
-518.265819328
374.077008801
-59.9439903251
-279.457196765
287.279586891
84.1312467383
-585.297554066
801.700623264
-686.214004903
436.946513986
-287.251852447
57.1793137911
71.6414953989
-54.887453711
55.2239224386
-95.1425409507
66.2676831362
-17.9517601944
180.870539294
-500.37587831
467.863565391
-27.372555013
-355.363508825
260.10528072
54.1978170157
-392.688344617
639.533327574
-625.902424746
364.703414212
-199.107385397
148.849775174
9.19951345624
-317.392533044
311.951771521
97.8750329299
-455.981568897
408.909715541
-65.9594005462
-385.633796607
662.987859473
-388.011642363
-289.686845575
537.461902111
-13.0828055743
-729.877406564
1081.32484667
-986.018021562
513.094372756
-64.2641174711
-32.9592778743
-303.461231835
484.043749524
-345.944991294
248.555738687
-291.718595972
50.6588605708
309.075410079
-379.202427217
212.835690363
-124.798682022
-41.1989162941
136.904426905
155.581459329
-768.856367161
1104.62644259
-1017.78034244
799.340376264
-594.323622083
158.683514406
25.37866101
310.360388106
-890.025614165
823.634948461
-334.899190765
-153.97352079
294.326977278
-436.352610217
327.254752125
-231.010791858
312.526442407
-702.846844443
964.594723274
-1102.78769908
950.891115747
-552.424815199
-136.562983764
343.75205119
16.5200233773
-685.194289729
812.637290419
-664.878192925
235.889902638
126.553878694
-559.586159936
679.619002602
-599.635046148
247.51155497
105.842007215
-302.337855496
141.993651248
190.405269107
-491.492233784
564.702708629
-554.687307179
337.246910215
-193.909640535
19.660981412
-135.947879832
343.492868186
-641.807283109
685.1896125
-440.861998539
10.1327884402
248.163764254
-278.719602816
71.605702594
42.1666755968
-160.464459833
28.019121498
130.323999535
-343.992782496
419.491385633
-615.918135948
674.928083784
-596.208564645
331.218101721
-259.35622395
188.374058283
-220.013823674
296.205523365
-574.950189642
471.544147547
25.8540370822
-671.883399318
836.275746635
-668.118633938
423.445178784
-324.254519634
407.735357624
-599.85190691
707.275644626
-689.137084086
599.654999255
-590.640319919
449.55351927
-189.329894851
-159.222198091
211.564334641
-139.730465603
-120.572946477
344.00643298
-503.893004111
220.258287007
45.5381297183
-66.9582040079
-172.836756836
120.161091006
-70.6180246261
38.4323453898
-189.634512189
224.576705567
-369.671632697
302.967909015
-26.2938334879
-436.012159881
606.001776301
-489.879053343
204.708023929
-55.3570252185
-83.5081163567
-32.4692642178
80.0527671378
58.5981078625
-272.756962414
114.369192481
203.00548907
-193.866587504
-49.6427455274
151.519477305
-170.708855421
92.1273687257
168.156560816
-511.60955112
387.46693288
-76.6947465461
66.7735742974
-487.978782811
771.822261609
-674.649162185
456.726802527
-372.920624845
400.924823248
-397.582667093
251.719211914
-138.491729716
146.791267856
-150.514754249
36.7071499114
125.512584436
-184.081919505
109.304876384
-26.4703491956
-46.6017025949
-33.0321314522
126.064859521
-107.723608952
-141.745764295
387.752315079
-523.263509799
467.575713117
-335.037893484
197.645526639
-131.077975715
52.9155115712
9.87365584166
90.3387116549
-362.454759107
363.568645474
-53.9289016001
-282.188360535
386.165475305
-300.66806951
169.921979995
-193.847014766
383.342207961
-484.44216258
338.815407034
-76.2609240181
58.1383399277
-274.76757677
313.951088861
19.671627505
-336.145157797
274.13315142
10.5480035866
-219.088162036
236.864494883
-5.69567807513
-282.292838429
426.827542035
-346.389243965
142.491483307
-18.2300880832
73.4048823644
-187.373468517
148.912994775
75.9766953499
-290.123711225
281.433970821
-202.159330852
213.045505115
-382.143841015
352.562242171
-102.096882251
-149.700239092
180.81745419
-80.4190906246
22.5814851751
-22.5077055591
86.0470213042
-196.035385056
342.932648169
-420.502560981
381.516399626
-250.083441118
81.168934086
46.0558229764
14.9902911913
-252.153174466
365.024484488
-317.790239787
121.973607023
21.1121089092
-21.8037587323
-92.9860716553
111.005885652
-134.046481316
223.277118543
-272.397987533
150.967323267
10.3459548688
-0.731040089037
-17.4152264529
-133.632230923
327.525264995
-309.033540383
192.752817933
-143.793849759
185.908186681
-233.20164489
195.165889913
-12.5325964777
-173.303375191
226.63472174
-196.690708923
135.619909707
-36.6883992616
-112.842307548
61.137519186
180.593736519
-423.502465077
432.739776223
-203.922419739
-10.0470639171
117.867723269
-56.8843375024
-105.276607857
148.13009078
109.864743438
-406.355881524
492.460967316
-222.441794365
-10.5444249722
-70.6699847888
361.58481002
-358.123886247
114.350123711
57.5275208348
-25.4315839619
45.5852240063
-3.36848686473
-66.4703829223
-23.3920719151
357.49646783
-364.861633239
17.145253787
246.128619946
-169.135834574
168.463477745
-304.982464491
436.897662262
-339.542082001
256.704536558
-170.548259427
80.3771074538
49.7122126975
-51.7042832082
-3.56911767142
151.468824232
-286.791871932
395.074883333
-395.823487
366.883650332
-357.974317833
316.871420474
-299.272594999
238.842615322
-75.8467558363
-136.472848469
73.2367208326
209.504168095
-360.827323793
264.056130742
-117.721943212
113.626552049
-154.612890466
125.275871274
-28.6238253611
-114.877280069
278.77275931
-406.067317489
336.712373367
-180.015276527
170.910243217
-238.248415315
85.7652900316
29.7250256738
110.855923166
-269.451651515
256.483620242
-214.524480932
88.5991075151
208.806774723
-419.661150399
369.060997863
-300.753467102
244.745508714
-150.733255207
99.193763744
-152.278424348
199.797940656
-139.774841188
-19.7141051621
115.447852114
-119.705394508
-35.6955333992
164.777800339
-101.206912611
-131.256074755
223.556056869
-135.438453594
113.560429673
-275.424004137
383.597435412
-340.569930068
276.593115186
-363.790979587
378.573930432
-323.194858955
392.48763766
-428.798096531
350.967469248
-256.035880936
367.933983863
-438.297064526
330.389997463
-56.1049643584
-67.451926546
7.46804393146
191.301342109
-360.199894656
501.202885852
-345.097506807
44.9332695716
216.050216143
-219.015655207
277.913191008
-321.503292657
260.180365006
-70.8324362883
161.847939345
-427.168274511
475.722642762
-328.953678326
214.812232202
-233.107971968
253.950411762
-247.732727736
256.831393778
-190.370920622
-17.9283121613
141.667759782
-104.265500633
34.8932652483
-5.32405817396
49.7507320657
-166.965482594
297.725371101
-231.026177115
-20.0229023838
204.477320887
-153.315690085
-18.6648402078
158.079486237
-136.227774723
67.0002482992
37.6717284757
-39.1243719847
-122.660626814
249.286284456
-115.099977494
-83.6463756549
13.2448870168
227.303838088
-382.883587381
247.145253687
31.5419300808
-302.626571929
419.15058467
-420.084630752
292.078098234
-249.181644274
269.257590003
-305.819813392
124.26596359
156.76609001
-258.558554372
155.609532384
-40.0521229939
88.6946934205
-175.564701313
224.396862267
-187.90457387
188.45862716
-91.5111530713
-26.2044156822
-1.15659322752
251.218745395
-327.523631284
120.052220849
27.5400545377
75.3413570309
-119.705449911
91.0768151788
-23.4454655743
38.8068845716
27.7074935772
-73.9219694875
115.915765472
-121.382621051
87.6078746366
13.4691102072
-127.744151607
108.287591482
-41.3845645962
-34.4325574192
85.0668172644
-100.745169161
70.41424356
-1.74339562022
-108.409384051
249.699122663
-337.619767636
161.378751727
201.630300425
-395.356124676
216.197321787
-39.1988745944
70.6069726139
-240.003384999
241.54971438
-272.600116667
227.088863404
-172.063389815
13.897586661
-3.27159267965
102.594156061
-106.853185597
-70.8102683761
152.644926309
-46.0098315347
-166.507922442
223.645203815
-192.605878472
152.253886914
-116.563046032
84.4238715675
-248.493344326
359.375163059
-130.064486365
-343.601695766
511.649944403
-368.350798184
187.271217469
-146.961016602
66.7164194336
-17.6671119432
-10.399133369
8.4044986936
44.8833495237
-197.132294981
136.580037578
109.718687906
-218.339527671
-100.35095536
404.555152447
-413.067674796
134.713432274
38.412394706
-81.0538211195
85.1480559685
-49.8569322909
-116.720455031
270.653102739
-207.070685388
-42.8616214251
127.533670355
-30.2589758541
-41.6418174646
-64.0517431169
180.598832436
-234.523917206
224.024526635
-190.740529591
58.2351472059
77.7707145092
-111.182499041
21.7799916023
22.316489864
-27.8306932035
9.61708686382
56.7907686376
-166.313865988
85.5371538213
45.4991410285
-72.8335910029
0.601748161024
6.53425375233
-16.9728264627
36.4428239982
-85.6040239498
82.1646863448
2.70033340237
-19.1809524081
-134.626990909
233.535291977
-118.629167211
-0.872758464711
19.0243599157
-14.8962076937
38.034023878
-80.6730951843
110.413212326
-140.374339983
185.036626899
-135.838806289
68.5505742529
-35.2699137337
109.005657721
-112.303284934
125.641214959
-120.228143387
43.5212971212
91.3478548768
-139.498269077
27.3684995735
59.3462424468
-27.8461066679
-74.7910353598
47.6997500971
36.5775131031
-125.978485035
165.262117712
-174.532545535
55.1538119263
59.8364820632
-43.2286054025
-109.274789972
198.647085586
-162.65348036
10.2948582502
100.755816565
-54.9232534588
-159.018211245
255.108788424
-96.3938372203
-165.502129825
162.601488517
57.2498997619
-160.448234371
-19.0471592001
205.037427851
-186.848588128
57.192332988
61.0954400728
-37.1703829168
-85.9701404237
164.509634627
-100.865847171
-0.590221624397
-6.1950476042
109.021473712
-127.339352816
92.2792897079
-51.8718282481
45.7800081365
24.9137162711
-65.7956655015
79.7663646659
-39.0863291299
34.6604210801
-43.7660094567
51.1057609079
-69.5826342931
147.960475597
-117.934457241
24.4918510566
-16.6288913775
133.054392129
-132.285526081
27.5483274729
36.84850512
4.98784287144
9.79912987054
-92.6629216409
129.328004589
-47.5517708372
36.3532747793
-67.3682962365
52.351296307
19.1512375784
32.9812524064
-55.6254534442
16.5017582317
32.8814029063
59.2582192682
-120.560888892
122.478534292
-99.7657192992
96.578086297
-28.7927782659
-48.8598029081
24.4930882132
53.3287981363
-75.2965040222
74.9450720787
-84.9055423208
91.4496739691
-26.7261358859
-73.5919580387
137.610462102
-35.8257185296
-91.5757916551
95.2215840178
-7.49768816841
-58.6604508274
111.466406106
-145.323071328
106.82511802
9.23524111214
-40.7639601003
-27.9469259866
40.8827932356
19.5904396807
1.60977374176
-81.6896653955
109.385445892
-25.6653378091
-32.1447688974
63.6449141635
-38.3382928068
15.201766323
1.40955612594
-35.2536823873
44.4575480236
51.0988004471
-119.422381383
78.0237983383
0.694613663938
6.16148225608
-15.9029246412
2.25132464353
16.0335831716
-9.89659650008
10.1897553272
8.51656685641
-27.9380848882
25.1800592998
15.4290735058
-36.1540315106
27.545663152
-4.3438031343
-2.35611002741
15.2988007963
-26.8359325168
26.07357794
-4.73964718704
-5.46681628882
7.65400973138
-3.48035756763
-2.39737282707
17.9692223958
-21.802146217
15.4582140381
-5.16644133081
-0.675513655828
12.5153848086
-17.0737930006
9.16501387993
6.50625135198
-10.3205568394
7.82684842599
-2.33798524286
-2.64631444038
10.459162817
-10.5587791191
4.54018288347
4.01208535965
-7.95598284276
11.2981630902
-9.30808492466
3.00530314666
4.66327509822
-5.10547403205
2.28616985611
1.80627038289
-4.65774341949
7.62619987372
-5.73354805539
0.83031174247
4.38248369161
-5.54512100537
5.03281835212
-2.20611569483
-1.09249253394
3.99602739048
-3.21465812046
0.884070035239
1.82116724205
-2.87481801908
3.09266169732
-1.10620260635
-1.50586643134
3.65005554075
-3.34068419723
2.04765933623
-0.12162240714
-1.14215373303
1.86323138809
-0.978344790906
-0.374440763595
1.61013365593
-1.57698687445
1.01591957973
0.182466809962
-1.14322315909
1.73489136222
-1.21063285625
0.344690068127
0.548398880082
-0.796428847057
0.765403519426
-0.211860528362
-0.334130588866
0.735029028871
-0.466143295105
0.0689332336184
0.424189958403
-0.605314160996
0.676556147492
-0.336579414132
-0.0224104997073
0.35226215133
-0.26600355918
0.195122477638
0.0571072406664
-0.158183736101
0.271785422576
-0.0856685446757
-0.0524528442315
0.230786470929
-0.165126100771
0.186646974325
-0.0171067398112
-0.0411573312343
0.155087464174
-0.0620180049435
0.0505026795168
0.0483677763475
-0.00625900233786
0.0673305854487
0.0267642718341
-0.0185415958082
0.0848064880131
-0.0208763616785
0.0456588396566
0.0094720341449
0.00253314045415
0.0437041716897
-0.00186644647497
0.0195283920765
0.0160221397795
0.00867693926257
0.0185777395446
0.00908473742369
0.00783724590266
0.0195745330799
0.00404095940084
0.0153752898547
0.00735645042129
0.00649791105196
0.0154095173606
0.00481620871106
0.014455682626
0.0066355115552
0.0098748098438
0.0101901801966
0.00598988888506
0.0081504579146
0.00882510031574
0.00823184071739
0.00939202670685
0.0065224820545
0.00799787422232
0.00768739550129
0.00544246191094
0.0077430628415
0.00496187295368
0.004713779306
0.0044780903407
0.00425418582366
0.00404147653248
0.00383940270586
0.00364743257056
0.00346506094203
0.00329180789493
0.00312721750019
0.00297085662518
0.00282231379392
0.00268119810422
0.00254713819901
0.00241978128906
0.00229879222461
0.00218385261338
0.00207465998271
0.00197092698357
0.00187238063439
0.00177876160267
0.00168982352254
0.00160533234641
0.00152506572909
0.00144881244264
0.00137637182051
0.00130755322948
0.00124217556801
0.00118006678961
0.00112106345013
0.00106501027762
0.00101175976374
0.000961171775552
0.000913113186774
0.000867457527436
0.000824084651064
0.000782880418511
0.000743736397585
0.000706549577706
0.000671222098821
0.00063766099388
0.000605777944186
0.000575489046976
0.000546714594628
0.000519378864896
0.000493409921651
0.000468739425569
0.00044530245429
0.000423037331576
0.000401885464997
0.000381791191747
0.00036270163216
0.000344566550552
0.000327338223024
0.000310971311873
0.000295422746279
0.000280651608965
0.000266619028517
0.000253288077091
0.000240623673237
0.000228592489575
0.000217162865096
0.000206304721841
0.000195989485749
0.000186190011462
0.000176880510889
0.000168036485344
0.000159634661077
0.000151652928023
0.000144070281622
0.000136866767541
0.000130023429164
0.000123522257706
0.00011734614482
0.000111478837579
0.0001059048957
0.000100609650915
9.55791683696e-05
9.08002099512e-05
8.62601994536e-05
8.19471894809e-05
7.78498300069e-05
7.39573385065e-05
7.02594715812e-05
6.67464980021e-05
6.3409173102e-05
6.02387144469e-05
5.72267787246e-05
5.43654397884e-05
5.16471677989e-05
4.9064809409e-05
4.66115689385e-05
4.42809904916e-05
4.2066940967e-05
3.99635939187e-05
3.79654142227e-05
3.60671435116e-05
3.4263786336e-05
3.25505970192e-05
3.09230671683e-05
2.93769138099e-05
2.79080681194e-05
2.65126647134e-05
2.51870314777e-05
2.39276799038e-05
2.27312959086e-05
2.15947311132e-05
2.05149945576e-05
1.94892448297e-05
1.85147825882e-05
1.75890434588e-05
1.67095912858e-05
1.58741117216e-05
1.50804061355e-05
1.43263858287e-05
1.36100665373e-05
1.29295632104e-05
1.22830850499e-05
1.16689307974e-05
1.10854842575e-05
1.05312100446e-05
1.00046495424e-05
9.50441706529e-06
9.02919621202e-06
8.57773640142e-06
8.14884958135e-06
7.74140710228e-06
7.35433674717e-06
6.98661990981e-06
6.63728891432e-06
6.30542446861e-06
5.99015324517e-06
5.69064558292e-06
5.40611330377e-06
5.13580763858e-06
4.87901725665e-06
4.63506639382e-06
4.40331307413e-06
4.18314742042e-06
3.9739900494e-06
3.77529054693e-06
3.58652601958e-06
3.40719971861e-06
3.23683973268e-06
3.07499774604e-06
2.92124785874e-06
2.7751854658e-06
2.63642619251e-06
2.50460488289e-06
2.37937463874e-06
2.26040590681e-06
2.14738561147e-06
2.04001633089e-06
1.93801551435e-06
1.84111473863e-06
1.7490590017e-06
1.66160605161e-06
1.57852574903e-06
1.49959946158e-06
1.4246194885e-06
1.35338851408e-06
1.28571908837e-06
1.22143313395e-06
1.16036147726e-06
1.10234340339e-06
1.04722623322e-06
9.94864921563e-07
9.45121675485e-07
8.97865591711e-07
8.52972312125e-07
8.10323696519e-07
7.69807511693e-07
7.31317136108e-07
6.94751279303e-07
6.60013715338e-07
6.27013029571e-07
5.95662378092e-07
5.65879259188e-07
5.37585296228e-07
5.10706031417e-07
4.85170729846e-07
4.60912193354e-07
4.37866583686e-07
4.15973254502e-07
3.95174591777e-07
3.75415862188e-07
3.56645069078e-07
3.38812815624e-07
3.21872174843e-07
3.05778566101e-07
2.90489637796e-07
2.75965155906e-07
2.62166898111e-07
2.49058553205e-07
2.36605625545e-07
2.24775344268e-07
2.13536577054e-07
2.02859748202e-07
1.92716760792e-07
1.83080922752e-07
1.73926876614e-07
1.65230532784e-07
1.56969006145e-07
1.49120555837e-07
1.41664528045e-07
1.34581301643e-07
1.27852236561e-07
1.21459624733e-07
1.15386643496e-07
1.09617311322e-07
1.04136445755e-07
9.89296234677e-08
9.39831422943e-08
8.92839851796e-08
8.48197859206e-08
8.05787966246e-08
7.65498567933e-08
7.27223639537e-08
6.9086245756e-08
6.56319334682e-08
6.23503367948e-08
5.9232819955e-08
5.62711789573e-08
5.34576200094e-08
5.07847390089e-08
4.82455020585e-08
4.58332269556e-08
4.35415656078e-08
4.13644873274e-08
3.9296262961e-08
3.7331449813e-08
3.54648773223e-08
3.36916334562e-08
3.20070517834e-08
3.04066991942e-08
2.88863642345e-08
2.74420460228e-08
2.60699437217e-08
2.47664465356e-08
2.35281242088e-08
2.23517179984e-08
2.12341320984e-08
2.01724254935e-08
1.91638042188e-08
1.82056140079e-08
1.72953333075e-08
1.64305666421e-08
1.560903831e-08
1.48285863945e-08
1.40871570748e-08
1.33827992211e-08
1.271365926e-08
1.2077976297e-08
1.14740774822e-08
1.0900373608e-08
1.03553549276e-08
9.83758718126e-09
9.3457078222e-09
8.87842243109e-09
8.43450130953e-09
8.01277624406e-09
7.61213743185e-09
7.23153056026e-09
6.86995403225e-09
6.52645633064e-09
6.2001335141e-09
5.8901268384e-09
5.59562049648e-09
5.31583947166e-09
5.05004749807e-09
4.79754512317e-09
4.55766786701e-09
4.32978447366e-09
4.11329524998e-09
3.90763048748e-09
3.7122489631e-09
3.52663651495e-09
3.3503046892e-09
3.18278945474e-09
3.023649982e-09
2.8724674829e-09
2.72884410876e-09
2.59240190332e-09
2.46278180815e-09
2.33964271775e-09
2.22266058186e-09
2.11152755277e-09
2.00595117513e-09
1.90565361637e-09
1.81037093555e-09
1.71985238878e-09
1.63385976934e-09
1.55216678087e-09
1.47455844183e-09
1.40083051974e-09
1.33078899375e-09
1.26424954406e-09
1.20103706686e-09
1.14098521352e-09
1.08393595284e-09
1.0297391552e-09
9.78252197438e-10
9.29339587566e-10
8.82872608187e-10
8.38728977778e-10
7.96792528889e-10
7.56952902445e-10
7.19105257322e-10
6.83149994456e-10
6.48992494733e-10
6.16542869997e-10
5.85715726497e-10
5.56429940172e-10
5.28608443164e-10
5.02178021005e-10
4.77069119955e-10
4.53215663957e-10
4.30554880759e-10
4.09027136721e-10
3.88575779885e-10
3.69146990891e-10
3.50689641347e-10
3.33155159279e-10
3.16497401315e-10
3.0067253125e-10
2.85638904687e-10
2.71356959453e-10
2.5778911148e-10
2.44899655906e-10
2.32654673111e-10
2.21021939455e-10
2.09970842482e-10
1.99472300358e-10
1.8949868534e-10
1.80023751073e-10
1.7102256352e-10
1.62471435344e-10
1.54347863577e-10
1.46630470398e-10
1.39298946878e-10
1.32333999534e-10
1.25717299557e-10
1.19431434579e-10
1.1345986285e-10
1.07786869708e-10
1.02397526223e-10
9.72776499114e-11
9.24137674158e-11
8.7793079045e-11
8.34034250928e-11
7.92332538381e-11
7.52715911462e-11
7.15080115889e-11
6.79326110095e-11
6.4535980459e-11
6.1309181436e-11
5.82437223642e-11
5.5331536246e-11
5.25649594337e-11
4.9936711462e-11
4.74398758889e-11
4.50678820945e-11
4.28144879898e-11
4.06737635903e-11
3.86400754108e-11
3.67080716402e-11
3.48726680582e-11
3.31290346553e-11
3.14725829225e-11
2.98989537764e-11
2.84040060876e-11
2.69838057832e-11
2.56346154941e-11
2.43528847193e-11
2.31352404834e-11
2.19784784592e-11
2.08795545363e-11
1.98355768094e-11
1.8843797969e-11
1.79016080705e-11
1.7006527667e-11
1.61562012836e-11
1.53483912195e-11
1.45809716585e-11
1.38519230756e-11
1.31593269218e-11
1.25013605757e-11
1.18762925469e-11
1.12824779196e-11
1.07183540236e-11
1.01824363224e-11
9.67331450629e-12
9.18964878097e-12
8.73016634192e-12
8.29365802483e-12
7.87897512359e-12
7.48502636741e-12
7.11077504904e-12
6.75523629659e-12
6.41747448176e-12
6.09660075767e-12
5.79177071978e-12
5.5021821838e-12
5.22707307461e-12
4.96571942088e-12
4.71743344983e-12
4.48156177734e-12
4.25748368847e-12
4.04460950405e-12
3.84237902885e-12
3.6502600774e-12
3.46774707353e-12
3.29435971986e-12
3.12964173386e-12
2.97315964717e-12
2.82450166481e-12
2.68327658157e-12
2.54911275249e-12
2.42165711487e-12
2.30057425913e-12
2.18554554617e-12
2.07626826886e-12
1.97245485542e-12
1.87383211265e-12
1.78014050701e-12
1.69113348166e-12
1.60657680758e-12
1.5262479672e-12
1.44993556884e-12
1.3774387904e-12
1.30856685088e-12
1.24313850834e-12
1.18098158292e-12
1.12193250377e-12
1.06583587858e-12
1.01254408465e-12
9.61916880422e-13
9.13821036401e-13
8.68129984581e-13
8.24723485352e-13
7.83487311084e-13
7.4431294553e-13
7.07097298254e-13
6.71742433341e-13
6.38155311674e-13
6.0624754609e-13
5.75935168786e-13
5.47138410346e-13
5.19781489829e-13
4.93792415338e-13
4.69102794571e-13
4.45647654842e-13
4.233652721e-13
4.02197008495e-13
3.8208715807e-13
3.62982800167e-13
3.44833660159e-13
3.27591977151e-13
3.11212378293e-13
2.95651759378e-13
2.80869171409e-13
2.66825712839e-13
2.53484427197e-13
2.40810205837e-13
2.28769695545e-13
2.17331210768e-13
2.0646465023e-13
1.96141417718e-13
1.86334346832e-13
1.77017629491e-13
1.68166748016e-13
1.59758410615e-13
1.51770490085e-13
1.4418196558e-13
1.36972867301e-13
1.30124223936e-13
1.23618012739e-13
1.17437112102e-13
1.11565256497e-13
1.05986993672e-13
1.00687643989e-13
9.56532617894e-14
9.08705986999e-14
8.63270687649e-14
8.20107153267e-14
7.79101795604e-14
7.40146705823e-14
7.03139370532e-14
6.67982402006e-14
6.34583281905e-14
6.0285411781e-14
5.7271141192e-14
5.44075841324e-14
5.16872049257e-14
4.91028446795e-14
4.66477024455e-14
4.43153173232e-14
4.2099551457e-14
3.99945738842e-14
3.799484519e-14
3.60951029305e-14
3.4290347784e-14
3.25758303948e-14
3.0947038875e-14
2.93996869313e-14
2.79297025847e-14
2.65332174555e-14
2.52065565827e-14
2.39462287536e-14
2.27489173159e-14
2.16114714501e-14
2.05308978776e-14
1.95043529837e-14
1.85291353345e-14
1.76026785678e-14
1.67225446394e-14
1.58864174074e-14
1.50920965371e-14
1.43374917102e-14
1.36206171247e-14
1.29395862685e-14
1.2292606955e-14
1.16779766073e-14
1.10940777769e-14
1.05393738881e-14
1.00124051937e-14
9.51178493399e-15
9.03619568729e-15
8.58438590293e-15
8.15516660778e-15
7.74740827739e-15
7.36003786352e-15
6.99203597035e-15
6.64243417183e-15
6.31031246324e-15
5.99479684008e-15
5.69505699807e-15
5.41030414817e-15
5.13978894076e-15
4.88279949372e-15
4.63865951904e-15
4.40672654308e-15
4.18639021593e-15
3.97707070513e-15
3.77821716988e-15
3.58930631138e-15
3.40984099581e-15
3.23934894602e-15
3.07738149872e-15
2.92351242379e-15
2.7773368026e-15
2.63846996247e-15
2.50654646434e-15
2.38121914113e-15
2.26215818407e-15
2.14905027487e-15
2.04159776112e-15
1.93951787307e-15
1.84254197941e-15
1.75041488044e-15
1.66289413642e-15
1.5797494296e-15
1.50076195812e-15
1.42572386021e-15
1.3544376672e-15
1.28671578384e-15
1.22237999465e-15
1.16126099492e-15
1.10319794517e-15
1.04803804791e-15
9.95636145518e-16
9.45854338242e-16
8.9856162133e-16
8.53633540264e-16
8.1095186325e-16
7.70404270088e-16
7.31884056583e-16
6.95289853754e-16
6.60525361067e-16
6.27499093013e-16
5.96124138363e-16
5.66317931444e-16
5.38002034872e-16
5.11101933129e-16
4.85546836472e-16
4.61269494649e-16
4.38206019916e-16
4.1629571892e-16
3.95480932974e-16
3.75706886326e-16
3.56921542009e-16
3.39075464909e-16
3.22121691663e-16
3.0601560708e-16
2.90714826726e-16
2.7617908539e-16
2.6237013112e-16
2.49251624564e-16
2.36789043336e-16
2.24949591169e-16
2.13702111611e-16
2.0301700603e-16
1.92866155729e-16
1.83222847942e-16
1.74061705545e-16
1.65358620268e-16
1.57090689255e-16
1.49236154792e-16
1.41774347052e-16
1.346856297e-16
1.27951348215e-16
1.21553780804e-16
1.15476091764e-16
1.09702287176e-16
1.04217172817e-16
9.9006314176e-17
9.40559984672e-17
8.93531985438e-17
8.48855386166e-17
8.06412616858e-17
7.66091986015e-17
7.27787386714e-17
6.91398017378e-17
6.5682811651e-17
6.23986710684e-17
5.9278737515e-17
5.63148006392e-17
5.34990606073e-17
5.08241075769e-17
4.82829021981e-17
4.58687570882e-17
4.35753192338e-17
4.13965532721e-17
3.93267256085e-17
3.7360389328e-17
3.54923698616e-17
3.37177513686e-17
3.20318638001e-17
3.04302706101e-17
2.89087570796e-17
2.74633192256e-17
2.60901532644e-17
2.47856456011e-17
2.35463633211e-17
2.2369045155e-17
2.12505928973e-17
2.01880632524e-17
1.91786600898e-17
1.82197270853e-17
1.7308740731e-17
1.64433036945e-17
1.56211385098e-17
1.48400815843e-17
1.40980775051e-17
1.33931736298e-17
1.27235149483e-17
1.20873392009e-17
1.14829722409e-17
1.09088236288e-17
1.03633824474e-17
9.845213325e-18
9.35295265875e-18
8.88530502581e-18
8.44103977452e-18
8.0189877858e-18
7.61803839651e-18
7.23713647668e-18
6.87527965285e-18
6.53151567021e-18
6.2049398867e-18
5.89469289236e-18
5.59995824774e-18
5.31996033536e-18
5.05396231859e-18
4.80126420266e-18
4.56120099253e-18
4.3331409429e-18
4.11648389575e-18
3.91065970097e-18
3.71512671592e-18
3.52937038012e-18
3.35290186112e-18
3.18525676806e-18
3.02599392966e-18
2.87469423317e-18
2.73095952152e-18
2.59441154544e-18
2.46469096817e-18
2.34145641976e-18
2.22438359877e-18
2.11316441883e-18
2.00750619789e-18
1.907130888e-18
1.8117743436e-18
1.72118562642e-18
1.6351263451e-18
1.55337002784e-18
1.47570152645e-18
1.40191645013e-18
1.33182062762e-18
1.26522959624e-18
1.20196811643e-18
1.14186971061e-18
1.08477622508e-18
1.03053741382e-18
9.79010543131e-19
9.30060015974e-19
8.83557015176e-19
8.39379164417e-19
7.97410206196e-19
7.57539695886e-19
7.19662711092e-19
6.83679575537e-19
6.4949559676e-19
6.17020816922e-19
5.86169776076e-19
5.56861287272e-19
5.29018222909e-19
5.02567311763e-19
4.77438946175e-19
4.53566998866e-19
4.30888648923e-19
4.09344216477e-19
3.88877005653e-19
3.6943315537e-19
3.50961497602e-19
3.33413422722e-19
3.16742751586e-19
3.00905614006e-19
2.85860333306e-19
2.71567316641e-19
2.57988950809e-19
2.45089503268e-19
2.32835028105e-19
2.211932767e-19
