0.592845371034
-0.0142214543689
0.0934250415905
-0.106128854323
0.111688561166
-0.0811714136257
-0.0148384149037
0.0773745364549
0.187644470111
0.0037337314007
0.040074448687
-0.0724335913284
0.0291731596724
0.00450926967484
-0.133324635231
0.165138713703
0.316474574145
-0.00727477924439
-0.0330340465321
-0.130989768745
0.157673287857
-0.204846828256
-0.0398640932868
0.15342748155
0.234372256864
-0.0122820974478
-0.0358078037032
-0.122948610194
0.119221366079
-0.167562460836
-0.0973002788246
0.201162420782
0.255046860826
0.0164527244423
-0.176386553659
-0.0148391388768
0.11203371982
-0.251222527322
-0.0202027797075
0.170690261598
0.232960541505
-0.0386525142368
-0.129865287507
-0.00433571158719
0.073650882861
14.1833124106
-1.18537227389
2.29239905242
-2.03697029291
1.84630657622
-2.20945099152
0.127835303597
2.11332683203
4.31569002648
-0.550877150827
0.138207915274
-1.45056046453
0.634908230398
-1.52130587189
-2.63445214749
2.49611035122
7.15502451629
-1.29230611003
0.577843543083
-1.49030501805
1.70819639111
-3.63459539197
-0.304829722643
2.89662003569
4.18863698903
-0.818984489668
-0.279027825847
-0.735857574551
1.18511986507
-3.28902864617
-1.2340420813
2.84286319999
3.83171272067
-1.1945203239
-0.266799312268
0.132290447511
0.628313504487
-3.66356679087
-0.0939052831187
2.6119749604
2.66763847842
-1.14303522668
-0.186848209897
0.551926388563
0.223678242253
51.4349733598
-6.31252042468
12.5028944071
-0.858227588151
5.21627948569
-4.56812681975
1.52254954791
8.9197108869
10.6962125057
0.764510709092
-0.550135638898
0.669904988102
2.22045193696
-6.19415683847
-2.93721109899
4.26769443818
18.4583765603
-4.37789708425
3.98396093613
1.11402776677
3.43900453853
-6.36465534227
-1.06198044247
8.15378495356
7.24187224985
-0.497074675849
-0.799264041411
2.8289712355
2.42175086916
-7.09467975556
-0.681774971569
4.49542911298
7.38744526523
-3.48624468646
0.961407103929
3.04180344895
1.28464695448
-5.2661512737
-1.12959854929
5.8427471749
3.08053828715
-1.81418597365
-0.180244712625
3.39637713783
1.00276102004
81.6109347041
-18.7587219625
24.6483343436
2.74415042627
9.39714692439
-6.60278028411
2.60176331739
16.0163059688
11.2189392929
1.63360625139
-7.14962395248
8.96635436919
3.47031259059
-8.82477254846
5.2671954739
0.937361954139
25.2702598509
-9.8631539742
7.20029952876
4.65769201074
7.21757784439
-5.62492652473
-1.64934366302
11.8017524618
3.5324665398
1.53670744144
-3.9765121906
7.13494624272
4.10176456077
-7.41373589879
3.22702661512
2.18788005967
9.41959131056
-6.02326663778
2.88184498609
3.44135899681
3.3041496811
-2.5865679884
-2.12305039126
7.39197973868
0.485316657008
-0.11803538513
-1.35339473191
4.03980428531
2.45148162041
94.0462152715
-22.99533283
27.5793421012
-0.143585401256
15.5313207366
-7.83900045277
4.56650563897
14.4665926377
10.9110796295
0.372906370535
-12.899775033
13.7074874114
5.31649615333
-9.14129101549
11.1205157018
-2.14351197238
24.441544101
-8.58483956283
9.26848203368
2.72352678289
10.3074276747
-4.84245888359
0.715224116351
9.7637843917
0.748789265829
3.62301783076
-2.73603556705
5.28212214887
3.93797161247
-4.8365419296
3.96496386882
0.339403712225
7.7880111978
-3.84614222362
4.96355173075
0.677056952738
3.41500408739
-0.479350137585
-0.661606216445
4.24566468411
0.22222008389
1.47337370358
0.170918002445
2.25900695348
1.38671696952
89.4098993222
-7.89027964034
20.6825961719
-3.30865502758
13.6946318009
-2.53638894371
3.65361079923
8.1124049453
9.89944066616
5.58154291223
-6.84534080216
10.7528705818
2.37487458109
-10.06570692
8.02263242612
-2.09332199186
22.7224397572
-1.29575938189
10.2681944003
1.10195522699
5.84441736718
-2.40530304768
-1.05810476354
5.3845337027
0.948873070065
7.13601675909
2.20744903715
3.68986729784
1.57958657238
-5.18361228223
2.64829174906
-2.45988879347
7.2194424947
-0.268545577057
6.08458383853
1.75553265342
1.2345346876
0.212252193757
-2.77412835508
1.65541123097
-0.399642621424
3.57950033218
2.46596910577
1.86863534647
1.81315710066
84.3855089082
0.946663416854
10.9472651434
-2.46083695622
6.23655747768
2.15407156259
-0.720409490562
7.47228374761
7.85888620143
11.4643545687
3.02066069185
6.46186775885
0.632713372539
-11.2479108225
8.06561960022
0.484304556773
25.3707379356
-1.11028719452
8.80727893529
1.33947635566
1.63919431166
0.080967962628
-3.13080377502
5.71898851731
2.39935447919
8.65592957287
4.20372447015
2.30554070531
1.16420895079
-6.48724482716
5.30350074275
-2.06419554376
8.61983276571
-0.464659412416
5.4757482287
1.82717150981
-0.113515142405
0.749004798825
-2.6573163235
2.96822847615
0.270100538843
3.95907034224
2.52206005043
0.623968385852
1.63763825922
90.7084442415
-7.02667601888
8.47036703284
-7.51472985058
9.1594958466
-3.34293884783
3.12376155647
8.74398703298
5.80676200944
14.6250213544
1.34161382549
5.36681733833
2.57767204911
-11.8956877269
3.78845183733
5.78190801803
24.8107344234
-5.08943446338
7.80990862823
-2.32787208473
2.16337688853
-1.50826749642
0.351506010317
5.19270249249
5.11384533881
6.2258973947
1.5818677441
3.26219774994
0.304105154442
-6.13203820513
3.1635248876
2.78549263827
7.17958884133
-0.0386093869313
3.61485526409
-0.467100933173
0.288047949065
-0.874582080649
-0.290530283856
2.99215669154
2.60159439102
1.81954684193
1.71915331597
1.18153167076
-0.305378207331
95.9422415579
-16.6214536335
22.454889016
-13.2868820188
24.2587407504
-13.7461603079
14.2493584385
7.38351088902
10.1486552942
14.6211606387
-0.101973057792
6.04876594935
5.93731601429
-6.14038992142
-3.13542590365
9.5172396326
20.5143565074
-4.70601415095
9.25790126226
-2.00659762086
7.37978463371
-5.33138931979
6.35398151677
1.40847650331
9.02729885004
2.12152699066
2.22822908848
3.59335385631
2.54951925769
-3.19060598669
0.744774457201
4.75590612648
4.67852330275
0.516422776167
3.19907559794
0.724543510035
1.96360132962
-1.51870690008
1.94664424276
1.14203216883
3.55389193436
-0.0219026597545
2.19295497079
1.20442661954
1.04758824351
96.4597845372
-15.9413269962
30.8054953904
-12.6114946312
28.3814059468
-19.711699894
12.1412817597
9.36137488184
14.4042264558
11.0407068827
4.53262353981
10.2020200027
7.16664880311
1.40531150493
0.0469744671343
9.28683050664
11.7788100009
-2.842148242
8.95674643802
1.62048077469
8.63530536504
-2.68725321633
9.46235360395
1.26015711037
6.47822532275
1.23536288427
4.00744036623
2.21823439198
3.41541390971
1.89343736435
1.79421507755
3.1056026547
2.85306069635
2.04795202449
2.2639608283
2.07836596906
2.75210450073
0.764069680516
1.72315523296
0.894593649627
2.61320335966
0.496823854176
1.84779611611
1.49673816005
2.00885081319
94.698441959
-12.4951334511
27.6456692527
-4.92116982028
15.9620497999
-13.3747317321
4.29461472743
17.0887294177
12.0119561493
11.8843087306
6.28772221582
16.6379964328
1.87714944405
7.99378409398
6.84484960321
12.1570498386
1.58578686246
0.0945345261409
8.98463629138
1.39233270616
6.72032271008
3.49600283848
11.8794218843
2.48572247192
4.8674544791
2.93583136501
4.01363920352
0.729096480361
3.15022914062
5.57760434653
2.27774426139
2.51133597781
2.57032939471
4.46937183182
0.872333632471
2.83675758827
3.28041065986
2.62508703966
0.997707599892
1.53247398181
2.42126542831
0.793089134896
1.65370656918
2.06948665073
2.54568853012
176.496551841
-11.0454870996
1.92639388733
0.579471139377
-50.6017376331
-21.6737054822
41.3246323638
55.1744839365
5.71844153687
39.1164697291
6.82989342368
-8.2259249635
20.9274125708
21.5892410713
-10.5032598871
3.7668848277
3.01754408885
-4.24843898522
12.0354156861
25.824272329
10.7200721189
0.747989726364
23.2727292227
8.36402668017
-1.38570092769
3.2280884244
-1.98723745938
-16.3084334236
1.93928465776
19.7832635697
8.93156137188
12.0697258158
13.6994702821
-0.935738630317
-4.68151833209
6.26027718414
0.666268541069
-4.22679186737
2.63747199807
1.51705029378
-1.03114797952
7.80205728109
9.54137064025
2.4606548415
3.84421711508
820.90813539
-3.88671268273
-111.509667934
1.05667463303
-510.8366275
-123.686133225
256.939573684
303.779188899
61.7296642012
155.862838823
32.0724215492
-179.94853926
160.265081887
154.662262857
-108.263743434
-54.4762706099
-26.8386075655
-107.227192239
32.2678482488
215.87980985
79.8097389494
-14.4722279776
101.597572583
10.2753712233
-56.1673542404
61.444216273
-19.2512469643
-132.455803203
-21.4327567336
57.9694094429
28.3053224525
91.0946838944
118.516975387
-22.3834710642
-40.2332579631
35.0805609378
-20.929170092
-29.2305047825
22.1228104172
-27.3646876
-52.924073996
33.1712074538
64.2035125296
27.4175919974
50.5991847598
3026.16285022
-42.5334637378
-645.403036518
-18.2104272944
-2538.10172538
-244.976505759
906.429100077
1177.91104736
738.187804943
126.395162073
184.287724871
-980.772790498
543.265398348
915.932286533
-481.478490808
-163.210947005
-606.376200631
-705.400073772
95.8535212425
949.29812238
914.579584002
-8.37509480457
282.863226845
-200.592996523
-616.728225687
343.390214757
-14.0103487886
-417.746877895
-237.496761629
-69.4382100642
148.324829922
390.026269495
883.460872873
189.763162872
-338.462065381
-78.22936258
-447.199734006
-236.936931442
157.320540286
40.5571030796
-136.350816069
-46.3232637424
304.092521326
189.687524701
341.211697066
6578.99226052
-213.662206834
-1683.58398222
-279.22658963
-5909.50817171
-256.123140473
1827.68686157
2651.48523794
1962.15274193
-112.515768755
646.130108158
-2235.07749999
1131.06060443
2088.12803092
-1194.68793687
-334.920233228
-1815.64369103
-1507.03474246
295.019891163
2100.62780283
2556.74752922
-37.2197667321
407.523215477
-821.815529324
-1641.84615835
789.053909105
103.092488593
-370.407133356
-516.757537964
-426.752792417
212.439904789
596.789979875
2066.96867903
649.063435939
-641.272167372
-409.782380104
-1365.50738633
-520.307180995
398.378285112
509.346942421
156.395377713
-220.439898961
351.139258063
12.119051563
566.893563791
8201.5371768
17.9823851933
-2131.96080868
-752.188425655
-7174.90568626
-542.940388414
2545.24204156
3450.09853303
2596.98058737
-138.138444973
342.899309626
-2650.06075996
1067.89823554
2600.57820976
-1084.2684212
-462.983625408
-2135.81718528
-1918.62594956
427.713742267
2544.44058489
3117.64187391
237.581798305
73.78335128
-1203.31430952
-1986.07048373
701.602779374
493.266250172
-120.706206722
-353.788196796
-505.305960988
18.7988060745
667.890710853
1989.30596031
832.242380407
-565.376427425
-662.589554611
-1376.11962959
-648.333813093
465.024626551
686.843102889
302.728936235
-45.5854314853
160.177204559
-19.1923082102
436.146377125
8107.47875958
961.793649757
-2915.93942066
-550.894503535
-7206.84264107
-1687.88858831
3622.03027229
3080.92627995
3313.28221812
494.047644291
-447.24055257
-2212.97467265
41.8587204116
2817.55182845
-690.23129135
-764.929205493
-1308.97777941
-2669.72503248
444.327763056
2707.08672958
2901.63957318
1176.46346822
-199.119660534
-1147.63274686
-2295.61061232
14.4398843709
946.291116786
-400.722847859
85.6189142045
-291.383192076
-426.323476919
1025.78350505
1831.83480181
1136.31647535
-390.867267555
-949.593662108
-1454.04675498
-1274.2649815
591.893245995
931.691157703
343.931041773
404.708934382
-13.9762605561
-100.4709865
510.201799244
8730.14002798
1637.76826908
-3494.38945448
-649.944929982
-8175.29333089
-2537.47050708
4435.30402089
3413.94724792
4069.64267027
1014.27336621
-935.451807612
-2512.67377205
-390.43938959
3051.11477408
-593.839428862
-1007.5036533
-1200.10939689
-3215.12303503
530.352815734
3296.18701193
3091.19923139
1324.04884031
-534.663889403
-1526.01003687
-2515.22265594
266.617427848
1493.71906741
-439.960784448
-159.712976696
-657.812709251
-762.284742724
1284.5053156
2361.90676317
1419.60644486
-548.16642738
-1321.67647073
-1724.04844256
-1223.92666625
1037.63661504
1304.16560636
256.966342444
-10.9241903437
-412.253506652
-219.980605591
751.318609638
8666.29165474
2149.22834219
-3137.34595296
-1143.96205809
-8092.1659388
-2892.13974655
4028.85303485
3689.33449557
3831.18696037
1283.12060823
-1030.01180576
-2649.04484968
-324.921664642
2701.2261584
-190.815366598
-1063.44017699
-1141.3463614
-3053.21792588
232.502749908
3263.49877889
2684.8479038
1278.15571303
-594.675231554
-1525.75110492
-1858.18991452
349.829330815
1695.74033516
-317.513379932
-703.007199042
-827.255323849
-975.691814965
1237.49512877
2597.23381171
1441.14453215
-274.219215926
-1437.95495149
-1777.3136771
-1002.38613377
821.85264353
1421.57085665
191.985867009
-286.487081023
-458.219159082
-385.884462888
903.44279689
8724.31487662
2762.52765154
-2911.46879533
-1587.43128142
-8293.3924354
-3512.66610766
4077.41713163
4296.58645786
4011.74528605
1850.86669378
-1198.85633135
-2885.09055507
-263.093990075
2558.95681528
120.031563371
-1039.19916861
-1119.88115616
-3171.19103995
266.690181326
3586.5329899
2734.04102298
1583.21232579
-636.003708955
-1911.05811244
-1958.95254527
156.017330808
1587.96764773
-166.269661679
-524.7051474
-615.735268409
-868.721513882
1404.54135626
2488.79266007
1118.23265351
-350.622616438
-1610.74928598
-1799.45714749
-829.028470805
928.781451223
1449.97233736
290.187374692
-55.5108444736
-350.752151703
-293.640258393
853.083787491
8517.92706996
2209.93060111
-3015.74290683
-1422.89380669
-8106.19305608
-2949.82940994
4264.45076531
4092.33033923
3810.26194479
1876.38351352
-1385.53542441
-2858.06374387
-363.065759154
2049.96173429
-130.390693267
-901.055387986
-599.58246834
-2903.12385034
574.742579112
3299.62392139
2087.11579202
1569.6337195
-552.326416927
-1699.08514294
-1865.69509479
-98.2278253173
1200.8013171
-236.105546776
-46.75633446
-46.0798590355
-657.039538449
1262.75303973
1974.41037009
596.300730498
-174.434625802
-1250.06911786
-1527.27901785
-797.294177585
578.36426967
1207.64323963
311.573920848
371.162983766
-55.2075512983
-432.875267913
568.729483161
8903.85206493
1658.4427626
-2825.71433678
-757.638660695
-8995.16392768
-2986.45760121
4196.65509956
3902.8602888
4316.9790858
2609.28354243
-1420.71940656
-3464.51824476
-587.226849081
1818.71146725
-165.816526
-283.453379625
-303.278061635
-3556.0125965
379.785031256
3366.86464957
2356.43760265
2291.40026618
18.5348407043
-2070.81998564
-2918.34041443
-339.723398021
1083.99476693
81.4848859581
934.605942448
90.5123670075
-1214.09331433
999.050567231
1980.9893023
744.427566654
307.201081836
-1040.14366338
-2209.14336626
-1551.08839811
645.431608202
1386.94897222
917.725827645
1165.03086583
-253.932116004
-992.515865943
234.229823422
9176.9446061
1238.18292196
-2283.80674194
-467.073875703
-9844.63104223
-2615.41742787
4608.43442994
4178.65890245
4801.83291809
3014.05404856
-2098.3473053
-4065.63838982
-408.30743101
1735.34020484
231.759503872
293.506337405
-369.789043668
-3907.04263672
440.053417956
3413.91985692
2614.49054809
2565.87896589
6.43818215318
-2432.15922215
-3475.65054596
-230.818051057
1058.30619939
437.113287447
1435.56643756
32.9990024161
-1244.21047593
796.169168347
1843.91176376
639.55841553
377.836527201
-942.863821053
-2212.89712154
-1450.3585916
683.114564237
1359.03801
978.921665555
1261.11425354
-303.324948057
-848.520230672
169.176619415
9485.10118215
734.834141694
-2404.02121103
-592.414193313
-10328.6313691
-1818.32230797
4704.61883812
4359.31863326
4554.25196571
2668.53915748
-2485.95436632
-4190.29172101
248.385717966
1574.8724699
305.338389668
67.9178084649
-1044.95958898
-4064.71690022
749.071600315
3536.89344664
2907.04154574
2520.40693181
-303.008018141
-2595.80590352
-3590.73935626
206.379199867
871.380066439
529.389146595
1304.36546057
-396.353247274
-996.259406373
1021.02064137
2108.04702213
670.197465131
269.189340756
-1280.87922633
-2468.25677069
-1310.95706164
932.379513523
1321.81738475
1054.44217389
1097.33081641
-632.867185237
-673.350330888
298.127982695
9764.63191383
581.560062536
-2489.55995754
-1464.20336965
-10057.9050873
-1316.40747979
4683.114663
5229.2341714
3734.70622501
2164.37505206
-2755.80897295
-4110.53890608
939.220392853
2032.55044711
641.477054067
-520.510031225
-1406.70282258
-3996.39841029
920.84378585
3909.97889648
3213.28157006
1982.43422833
-605.757722569
-2664.77857754
-3406.13996037
874.43222653
934.05541654
662.531405799
603.632781089
-754.574984774
-844.251139376
926.043359328
2595.86633891
676.447124697
104.443065179
-1465.58815981
-2313.64430651
-1150.56848062
997.613035367
1417.91865498
630.161879828
772.563222777
-713.207960164
-350.88618667
451.684537277
10000.0
1565.73359336
-3347.78750462
-2101.34782855
-9065.38629747
-2155.68741439
4705.42346164
6200.33211407
2804.05184328
2108.74523881
-2462.20814454
-4015.61271205
1161.25024823
2461.72284252
1183.13934103
-1788.04559618
-1339.5779556
-4279.4406654
131.438697991
4770.39898306
3514.90335812
2138.01762372
-556.667815301
-2635.28169962
-3951.83457174
803.885885894
1101.27997671
600.19810536
396.302090535
-875.571648832
-913.288090753
583.959105008
3440.28239368
896.436935906
280.930419835
-1474.11521512
-2868.49680917
-1602.52993515
827.701247765
1904.29969048
675.557112182
1190.11734656
-821.51842232
-651.768261251
442.822982353
9449.73956573
2564.60625547
-3165.66779039
-2345.93987462
-9032.91431212
-2796.96766144
4474.83636514
6299.15480014
3098.09489874
2097.34550087
-2478.86165936
-4160.02238401
829.264084433
2192.06526177
1350.45644021
-1554.79224133
-1339.99170441
-4050.81318159
-20.4146393392
4647.99199549
3307.60096784
2200.67787573
-582.795993244
-2783.50729427
-3552.36992298
661.208419922
1248.67074496
787.303452575
598.376287568
-897.669559683
-971.341763066
561.465827992
2751.48060938
892.97683261
244.72783999
-1286.64907836
-2520.27239967
-1191.06435261
797.275212145
1566.28934085
774.625964642
774.558352224
-761.241721888
-675.352317791
354.519614666
6967.58760295
2972.82261959
-1664.67414038
-2247.82722723
-6793.95808667
-2696.21203042
3028.45107526
4686.83704102
2857.91178577
1766.67158786
-1297.14914438
-2598.85571864
351.031371695
1496.38161658
834.005654108
-655.646074317
-1163.77125401
-2480.12382812
-116.046966683
2762.15431762
2478.63248057
1665.14093371
-27.7415317947
-1734.33787576
-2004.5723333
-43.1395676137
614.195514919
461.760588529
298.647909996
-473.870354053
-571.846787999
484.712251835
1405.02445684
897.671198438
277.703208127
-690.567335793
-1441.97834705
-879.236430932
185.113056837
713.131471717
707.923280179
455.938448208
-154.979276761
-243.643974294
190.298673251
5313.71560473
3119.36561785
-668.675591971
-1973.19450782
-5037.39948665
-3086.19026124
1670.48153487
3587.57860518
2536.56086666
1973.96648877
-534.739878066
-1895.67608741
-288.870576048
928.739020733
437.66985396
-51.7853004808
-798.948671008
-2066.40574686
-436.323178823
1465.56583915
1908.39274906
1582.27719859
669.638186851
-1151.63080222
-1461.76466438
-349.775670398
33.3519398036
423.540693379
421.809649778
-208.84607102
-554.293219361
344.470339308
689.244327544
767.146617028
661.637830511
-234.409687139
-919.235377144
-715.511804675
-168.134409498
106.853764221
662.497987438
402.052378065
-48.3303723678
-76.4865409531
46.4420011826
4423.73143834
3214.66481729
170.46252003
-1825.22415289
-4245.2722819
-3372.39187326
504.434936703
3032.07329837
2377.93125666
2263.1408141
53.0413605986
-1489.59178062
-751.914610931
638.579180134
437.523458153
335.969310377
-194.65097579
-1910.69161409
-882.557039832
601.793175494
1497.22727779
1626.55828382
1367.13816404
-474.641831579
-1247.64665787
-548.305033815
-408.477495668
283.830266194
546.966803295
109.393969011
-605.942200079
71.0074672667
290.792452542
591.258522967
999.370407995
281.415931895
-531.850777196
-797.489282945
-488.188311557
-369.66348617
518.317390465
576.36904845
166.466697119
19.0596522971
-74.4620901825
3904.46509305
3307.85319084
705.489921502
-1482.06474491
-3771.51287869
-3406.55237287
-178.101193728
2665.82976208
2431.36775718
2399.00904122
409.181896722
-1062.99311643
-816.607495468
464.05008858
636.967037667
302.249134898
-112.798446144
-1650.93425761
-965.215306554
289.716535368
1440.54281714
1625.40602563
1296.11810926
-94.0526892892
-1067.85236484
-637.053886829
-425.695937739
235.55607965
317.701540078
131.567514982
-385.502569649
-41.5252014672
352.691288161
587.846881817
813.578348612
224.935637137
-312.111322568
-694.471001718
-435.008263022
-209.290976333
287.991076957
408.901298145
177.629218451
93.5626674878
-10.8771266092
3888.49675729
2999.5424645
464.409893431
-1370.45626542
-3613.71450439
-3026.06566869
-123.488894969
2506.14881277
2145.64792687
1994.590235
194.507939973
-891.899093402
-528.301505981
535.738041975
691.364921952
-104.55388794
-486.719503767
-1562.71617529
-775.036007048
439.43323415
1537.50377364
1396.77980827
849.761069896
-109.265190068
-880.438457445
-452.760949615
-194.071823968
141.604277297
-126.376888627
-146.11126195
-340.460597618
138.819176753
693.572606547
821.723153946
590.73771865
-51.9882348195
-460.172372651
-704.403995381
-268.546746272
-2.28356376275
234.243010384
161.91492401
80.8414941439
53.8792546533
193.589355391
4335.01010756
2962.85802949
478.019589793
-1719.05755983
-3960.58754375
-3346.52435451
117.049159734
2781.49003189
2359.73235853
2193.42511762
-14.5463405699
-934.422565116
-621.565783489
758.594872609
571.229936886
-83.2210718497
-701.99650305
-1623.52125096
-708.5748771
586.008101907
1818.25030467
1301.29364822
982.264701218
-273.532221077
-777.630662635
-506.535426793
-84.5826994491
-17.0084443617
-254.021408892
-97.4785664252
-363.576099066
408.838313465
749.390005941
955.006671556
347.728290759
-28.086047941
-571.682056798
-662.612329631
-195.430348502
-19.6001833831
208.501027802
43.3679396715
212.842414072
1.72313997743
356.612849254
4443.36571374
3052.14555581
594.295347861
-1789.25364215
-4050.21393889
-3754.53326404
202.982223773
2917.36442969
2617.23357099
2443.71036761
125.23173847
-1095.50233088
-804.043025105
860.16010798
473.008598611
104.981673044
-577.007212496
-1628.73625806
-962.057671927
589.733567738
1795.25864833
1364.67435854
1284.05614848
-211.314431528
-901.580267608
-698.529989407
-102.037347874
-141.148876301
-71.867326465
1.49758257703
-439.209933986
259.620250006
744.277642599
988.396868596
468.517979415
215.165968232
-635.672210344
-811.548207866
-361.309654379
-29.2369729129
209.393182497
254.337037322
271.160261528
-78.0301181254
291.496576793
4573.24267242
3315.76656233
791.241099367
-1630.78933894
-4452.48051461
-4204.28522822
42.5084391083
2985.04927567
2803.60235153
2626.70220271
93.8550956048
-1360.05523755
-741.598393728
958.907640557
539.433280159
69.6268991299
-818.282526857
-1988.28858628
-1076.37609343
793.521117098
1981.14315785
1614.84418884
1231.95066912
-377.664669652
-1061.50744566
-642.407968761
-23.2413435656
-58.1563580497
-79.4800565559
-186.229092746
-486.203474212
277.520366696
910.19424235
1045.0400794
525.476231429
57.5530927974
-726.639124471
-815.115416721
-323.150346053
19.9633473302
187.388996455
218.023848756
165.837642413
14.386959526
317.088424551
4456.00422117
3130.53056773
704.740211763
-1508.60784075
-4428.52235385
-4028.73385535
191.928012348
2943.454952
2687.97804991
2521.23533306
13.0907198971
-1220.85934832
-324.387138342
975.642629709
418.190776994
-154.863494786
-1020.97563222
-1841.77377606
-562.951277228
1044.338407
1905.28728904
1454.45261626
844.091312411
-456.662617132
-811.161445305
-374.788022972
-37.776264566
-88.6219826047
-289.010876324
-294.158565747
-274.013932461
520.150138584
983.889660853
955.912024933
377.988399806
-189.00667161
-675.091932276
-662.745919745
-187.075455212
34.2704757786
164.174542607
102.754760757
132.934576192
144.612860399
399.970630581
4580.28931817
3112.78807431
558.787460848
-1528.67097943
-4426.69469362
-3971.07704366
347.810154591
2992.87040199
2491.54255384
2505.47570674
-73.4530494708
-1154.77608916
-95.8584978352
1096.61651821
331.158320635
-361.119215274
-1149.19067193
-2029.40226258
-417.607349869
1188.76646424
2022.33480249
1337.82581539
760.302078176
-578.701536084
-875.607851256
-179.60297893
56.8309866546
-78.933672812
-466.334292381
-361.034761623
-462.214126365
617.253998289
1142.89064649
1010.24392668
339.562926776
-256.504397679
-701.780061135
-710.870291213
14.6540113293
35.9443620164
119.486346129
-33.2046112619
74.6058368563
84.9279880692
482.87575628
4770.26209595
3012.58831036
294.679674902
-1672.90301292
-4226.6005124
-3786.01064395
608.326582086
3077.86430961
1967.04452463
2041.07671504
-174.421068756
-1111.43651912
43.3010187107
1581.0378131
402.141891885
-673.631744676
-1088.40622428
-2162.00162925
-633.401601038
1330.67809318
2128.73692968
1055.6309393
821.960918008
-433.484049726
-980.061332073
29.0062574244
283.045517082
-154.753520027
-620.238847512
-315.215018207
-706.307450264
477.784336394
1305.44149042
1038.03392304
364.446382069
-109.068325102
-627.678714396
-865.101687245
103.443664873
33.618860848
-3.49151228605
-76.6321588256
26.5528144584
-55.0977935942
452.565964428
5122.76667335
3471.94749273
169.282930117
-1727.19439943
-4351.18697549
-4069.59992925
727.023353746
3460.30932451
1972.29006101
1906.18580729
-47.8866083502
-1169.64239439
104.577638607
2033.14440836
674.035652792
-806.460640091
-1074.6998609
-2386.57871352
-946.336484579
1456.33614801
2356.37351119
1131.89979382
887.252131394
-418.471819121
-1144.55054779
104.158337405
498.761353842
-39.4344275999
-692.89670765
-472.376915251
-944.738016118
334.50846188
1456.27623714
1244.24339883
499.966007625
-113.938854374
-665.751981384
-934.339366444
159.697430325
180.227821238
48.2114838515
-157.329006818
-118.61922129
-132.076301351
434.874190116
5180.12637385
3627.216178
2.89794571922
-1858.80456997
-4339.11548025
-3862.74869183
788.270563749
3497.98137565
1776.17290478
1491.96249842
-192.932226197
-1177.50972441
198.237493186
2052.23334672
858.450338971
-902.879815082
-1158.91315454
-2377.47234357
-983.560360349
1321.95723586
2270.53043684
1149.28141249
613.155559867
-298.254543144
-1033.76282588
189.408980358
544.101656011
81.349776282
-779.658282914
-654.894289831
-823.268201795
165.704231456
1399.5201651
1194.26956513
577.453420453
-212.507179177
-496.434673115
-771.897862527
46.9577742191
226.698452684
-61.1781091553
-220.171526808
-287.550958197
-1.01593286079
327.418368612
5234.7777334
3636.72219514
-188.163415975
-1902.38937238
-4347.04962673
-3504.56836711
733.94821518
3596.69450752
1549.88913219
1234.50259499
-283.224121273
-1190.91482535
442.158385915
2091.71692963
1129.13825122
-934.073372916
-1140.51891616
-2510.03943534
-958.963433479
1258.88882506
2115.84007208
1240.13778042
491.742148804
-166.944630952
-937.674081357
459.207407125
493.388465809
54.5705768499
-816.948338176
-852.523171396
-799.367028695
186.166165753
1460.07414947
1017.21810516
644.900728931
-242.508138028
-447.702510972
-553.794828337
152.826313327
166.70412444
-251.395476667
-268.323221423
-453.248308725
86.1542352852
467.358380833
5056.46891593
3349.32048915
-219.174685933
-1843.03826654
-3965.86447977
-2943.50458262
698.872735977
3223.15516704
1336.27590166
1127.45177327
-327.925908863
-1025.42997051
596.924101403
1902.18120398
1024.37494773
-740.787943004
-1080.75685023
-2252.30940218
-738.796438228
1070.84744343
1642.45705558
966.372104601
423.939440658
-101.718727292
-511.307993915
591.203071155
379.973266986
-175.038303246
-859.464754898
-837.867316719
-605.501042643
388.23339491
1248.26262009
799.193129241
392.172793062
-198.062465162
-284.134668848
-206.121033739
259.067610872
58.7406598665
-360.010643343
-435.078192999
-369.453161795
142.327392595
569.201470734
4896.29163622
3096.57612637
-201.349606276
-1979.36596228
-3700.72770753
-2911.04137927
647.161387523
2929.99490586
1310.30998266
1142.66229162
-398.361315985
-933.331784705
391.482181908
1838.10654113
838.458628672
-658.051002644
-1215.79905792
-2095.69696607
-700.888864015
1016.82675616
1698.68965625
740.225147112
418.604952698
-152.061317019
-255.242762628
595.646737723
543.903092791
-318.891490612
-1134.45568869
-880.710951144
-617.757204649
606.566093056
1343.0683125
959.150746178
92.7652471238
-291.895934723
-322.912282799
-159.930093141
410.592946183
82.9978015889
-475.942123076
-731.669337196
-304.303580455
147.064562442
774.30883915
5133.18963931
2680.32040683
-150.490084073
-2248.23416746
-3489.63233
-2755.43631708
978.61106213
2808.32073677
1001.08252232
1066.82993436
-424.764377621
-433.067427433
543.81731772
2041.05845006
430.773981865
-896.953841818
-1232.3466377
-1780.3270347
-295.170318905
1096.54885078
1612.12621251
170.457332547
359.672504635
-70.3969830478
80.0029244944
736.428855067
474.894861392
-580.776029558
-1332.36416382
-560.326699138
-423.829668319
819.762568981
1135.7896545
662.152651618
-190.402054997
-158.001657381
24.3418467168
-30.4321421374
452.176632487
-203.866535652
-571.490411889
-669.110925447
56.2570771547
279.88124307
664.731459806
4873.08407989
2303.40386116
-34.8880732771
-2087.48934085
-3017.52882887
-2623.11265987
898.081380336
2511.5405929
636.885735437
1096.84805434
-219.295085981
-76.8787507613
527.898439047
1913.80326629
20.4087641292
-1062.41927307
-1115.6415599
-1571.64659523
-45.8181394381
1034.91399246
1495.56677392
-48.664040705
422.059439277
-33.5254743429
189.169680028
658.428619507
265.81509658
-680.654440316
-1326.26097768
-360.153818694
-299.656188212
935.545808439
973.160156349
585.662311532
-227.561240968
-96.0230317473
69.1482411597
-49.2670198747
324.934253003
-388.231375104
-528.462212796
-590.759232338
236.87521573
359.479760877
681.545967338
4488.52535287
2209.58761699
-190.618583331
-1912.63927096
-2711.85291186
-2390.79369161
817.923866665
2101.09536937
405.339141957
956.594936625
122.215241317
208.897551835
711.679801099
1475.26113751
-355.171082053
-1077.18381379
-991.343096708
-1090.59544977
187.459372239
916.40193134
1017.65647455
15.0932420388
418.387994702
145.743568275
385.415564906
435.777860428
-57.5658821218
-719.176612547
-929.709895142
-232.20863326
15.9407778948
713.680608866
564.796312213
349.180513207
-41.6047932809
96.2198392199
130.497924781
18.9568968451
-32.3406985365
-399.846705152
-361.87671689
-237.830596313
234.090559847
296.532429484
375.508782256
3858.41379297
2219.46235446
-160.20395932
-1559.80302533
-2363.303103
-1878.34160192
642.866521349
1871.3811899
305.062978139
663.827181138
332.54207805
398.44947737
820.974103039
1090.80155465
-292.186807583
-1096.88233645
-810.58684474
-698.92726264
273.136151224
735.622275297
680.41889123
23.5979740572
233.647056656
382.724846028
468.757387486
378.886947944
-200.424575153
-671.599732997
-791.177749996
-152.832325404
236.897394437
530.598202534
415.599450788
194.609674034
53.8532444304
151.174087036
292.082629675
47.9483750063
-184.730362475
-422.943525985
-354.684818888
-96.6596802266
282.462777816
372.544171165
218.094949315
3628.04216875
2521.49657788
-341.032323331
-1694.48575351
-2344.97193056
-1911.43163062
352.873655483
1941.06260556
443.078772377
494.539192647
684.376875014
502.073934852
507.511698274
856.728945504
-255.50198744
-1408.159886
-848.003641429
-422.517841489
180.506970561
764.85892805
880.543835777
2.03682639014
33.7704614036
559.901379653
456.420214245
184.210503815
-170.988268969
-695.775590008
-961.672801016
-141.133329495
412.68012962
462.497468504
447.782880879
324.858784935
4.55615563326
51.7449734899
320.292030045
-4.53156839866
-342.603975588
-394.492511051
-327.574312383
-149.243288756
318.491976536
462.17616331
185.435303442
3630.49109744
3203.70799787
-294.294439989
-2180.45992159
-2513.84281227
-2234.33414067
154.371097179
2308.89135764
829.579139597
220.491840046
790.46252715
774.796399263
409.425071391
956.427650343
-51.4516349353
-1676.08536194
-1150.30119857
-215.720244587
149.342769154
634.767662445
983.664353725
-7.34303269203
-111.689716879
806.190740871
825.823369771
153.567247447
-253.635479003
-782.223462194
-1186.94420862
-251.795445134
588.345644236
462.656910959
268.740199309
345.010100814
145.814263048
194.131298258
537.834609356
116.369981027
-562.074988023
-622.693743765
-348.994915417
-137.896468215
303.908183958
485.327529182
127.01380508
3633.9798694
3279.75655559
291.484601264
-2184.78587404
-2418.82742727
-2263.46618975
-135.435653647
2193.0135376
780.772137168
189.125784253
564.934080252
1148.38782466
652.927309685
1056.79336402
8.47741643339
-1677.58472016
-1238.33725051
-245.594561727
326.438275677
338.532826347
774.863306501
37.4063549529
97.7532762138
918.2265957
967.795827593
145.60035529
-543.757113064
-693.670868646
-937.755562721
-136.579294534
440.198596351
358.666419591
57.2904441968
272.998687495
451.738879013
362.119696844
421.158623572
-57.2036273344
-513.850776469
-579.903621636
-140.706308549
31.7097414725
125.626029514
209.114679263
98.8904818047
3773.93410166
2895.61036976
411.943233575
-2390.85410643
-2328.32803197
-1725.13496845
70.5304732644
2004.32774217
247.339631285
-162.080509129
229.662652949
1776.53598077
1140.87158487
760.932481847
-480.050753494
-1845.41477038
-998.519586284
166.484633219
809.836333805
-280.776377677
-87.4122547089
-70.5795308372
648.42300891
1363.5206208
1092.74136394
-99.436478579
-1184.96538168
-565.460628151
-251.523283799
178.177681773
-50.4554426878
-234.025899715
-310.642507882
345.710618046
1127.61896714
727.570854905
109.186236152
-513.28439915
-381.652568903
-229.909672276
125.915722085
-29.7957749535
-445.216554589
-333.401082801
162.514782939
4422.24569937
3530.18837114
304.66031714
-2866.84130626
-2569.70400397
-1237.78360758
413.042258151
2047.53909588
-236.196982107
-861.876393912
217.063657162
2430.69366285
1749.60208395
502.222770342
-816.853035425
-1810.29370091
-504.206565399
701.114896981
783.599093675
-974.439103685
-915.515911283
-66.297974452
1215.81752683
1746.15394689
951.579384312
-372.607269069
-1150.31940912
-175.041045439
271.548927321
165.745848123
-637.910924948
-754.115697462
-217.383582846
750.487687865
1281.8123287
570.003756202
-210.330764202
-532.818048756
22.9227059755
263.020568697
132.73956088
-429.146718386
-702.809816078
-277.79438069
391.415865269
4444.42311909
3445.01742642
-446.11789287
-2856.33935035
-1900.40231642
-617.09458407
290.448272638
1506.58438161
-508.107523043
-822.810944177
847.941634861
2504.86941619
1291.20181068
-295.19719739
-955.056277061
-1080.74653684
245.947246187
815.114289148
213.9619329
-1327.88880955
-1039.42205106
379.858002585
1501.79383255
1353.07100223
288.485503055
-369.763814923
-459.13982347
349.174782883
465.398586956
-301.4791685
-1187.24667799
-837.333074952
273.852068171
919.182782335
847.094830009
104.077316423
-324.09987475
-68.0061040572
602.346245931
548.795550373
-227.323522623
-796.832959788
-648.491324663
15.4090948313
439.211771667
4070.1450416
3069.34762527
-1031.44482592
-2310.3739259
-808.957305209
-153.098381758
-88.9279844563
694.228450297
-810.61283336
-664.783337637
1282.35823897
2293.8476253
764.043636203
-654.512500806
-505.061127029
-185.463298937
603.499888971
520.035099597
-384.799460559
-1496.30618691
-823.367765658
778.959321838
1224.44624837
645.126878797
-54.3689127245
-29.630546421
221.25540803
694.551883697
357.136741689
-723.937508977
-1163.59583024
-453.629539785
454.456836974
514.757749051
215.194898585
-127.638081336
-27.9215534221
498.694483351
773.639295657
272.264344049
-506.301024932
-617.740430299
-239.751024772
115.622832726
94.1280719132
3715.61282271
2381.61070553
-1564.75753634
-1249.17064651
11.5839744439
-138.2122006
-57.7718470577
335.358880485
-952.9351652
-378.570192112
1390.41203981
1723.78777022
266.163972961
-490.540382645
166.320861087
324.945679928
464.678561644
41.0463232194
-802.488084666
-1232.88751799
-122.296701435
1015.16351601
604.315520348
-1.13376881188
36.2994440287
468.994843853
646.811502016
591.493858852
-174.246888283
-919.581121999
-598.110989435
155.452187586
284.125927224
-190.989441923
-263.916661974
69.0683879122
568.122506597
802.573218019
427.372055849
-221.060713015
-384.269683637
22.6619545271
147.183842742
-180.159238457
-507.64948193
4316.8884764
2189.93947895
-2677.98399994
-846.827703308
297.502436187
-130.904345585
373.300079317
348.959006807
-1587.13173778
-479.227660044
1807.48539862
1663.94802041
-186.012651236
-556.195213648
427.810973919
462.116645854
659.776603831
-139.54059073
-1196.70301616
-1248.82057908
327.843048197
1177.88638078
200.191185297
-377.312749674
42.3356775057
759.671308687
849.49590575
566.119560552
-503.833129217
-985.19119151
-241.013753534
418.127948831
40.1211708642
-616.052853548
-367.596614531
228.039143087
808.67557893
763.84152127
171.97417626
-329.44353907
-80.6038874136
345.673263306
87.6616317977
-470.833916389
-688.499865673
4677.22706188
2119.92154364
-3045.17269298
-733.242665947
655.007077143
24.3934714998
358.890218803
192.914708016
-1872.59781441
-115.079878008
2126.64888422
1259.20277035
-638.448526404
-364.340119243
751.890155691
668.865975053
571.962350789
-555.074685254
-1022.79836352
-643.350399639
468.223821609
610.908004097
-254.721424914
-350.820764138
452.81343958
989.147738614
457.931427712
186.680431441
-223.794678265
-275.917110958
27.8898973078
67.7616843296
-414.959616473
-538.186251982
25.2928353529
239.596146122
292.729371575
245.210654456
266.570158877
224.316455202
256.083214999
133.138300576
-125.997708574
-220.304932999
-228.434856263
4682.13117574
1595.38429835
-3472.47258662
-325.96669554
1393.91506487
-307.097345012
-459.338575404
-141.029490788
-1347.59705847
904.300299803
2259.39087309
321.775446185
-1107.50469974
313.199280073
1474.50521469
559.006790945
-286.399780371
-1055.5886896
-478.558266924
184.945994124
370.830524116
-255.279877786
-645.622459236
205.09576614
1218.64962296
930.637748557
-215.296354957
-143.24359568
226.777416575
310.173336309
-15.409876955
-531.670390155
-762.306043285
-165.441432011
491.347846865
152.914220773
-192.949258817
57.7910661317
563.554447945
608.425188011
269.067970339
-179.685490645
-281.382208843
0.727441723238
57.2902490254
4518.5114465
1154.88767452
-3505.55480292
72.5155269338
1705.14760059
-486.399004683
-940.314233144
-396.01561495
-809.488993314
1335.09407183
1929.43594326
-173.213616772
-1186.86879899
802.733754816
1681.02647722
198.739593958
-666.308445803
-761.418277042
-47.512801222
265.947389995
96.9978065146
-600.043242111
-515.168506158
473.956198956
1120.22799811
485.573269135
-244.889566822
126.970620419
411.317239728
270.460093772
-139.966310062
-446.642728435
-517.996001693
-34.3049859065
252.774915531
-40.7005266053
-208.549329608
117.119025109
463.023866946
396.643267028
205.673336607
-19.7925368249
-42.8655783647
61.7179233561
47.176738023
4579.06218463
1422.70783735
-3621.61271957
-107.022677168
2075.65511284
-583.646217226
-1513.02875748
-766.122893185
-581.324759792
1550.6063588
1709.28184271
-464.686809593
-1141.3408277
1412.79489753
2120.8376384
-88.2742756187
-957.090857112
-307.2650736
414.081471401
74.2686889414
-602.58861681
-1006.50867117
-256.047860151
593.630855861
710.418670387
68.5099760952
-47.4298219188
806.161376705
821.864634444
102.023835158
-242.34264751
-52.9259100174
-142.310320171
-251.45178441
-331.55669505
-390.913942006
-203.588422988
108.158651925
181.699061318
103.443256876
351.864322045
464.450329996
294.129173756
146.302834901
138.275322857
5151.08303045
1781.36557603
-4153.93093873
-94.2286704984
2471.48642806
-945.726172361
-2011.42687998
-970.057733455
-668.338209903
1659.54482662
1634.80707496
-867.116265666
-862.665142301
2296.74742955
2309.93088064
-542.382617485
-758.391546624
306.839045845
465.369101625
-310.450851092
-982.040909171
-1134.66793453
-139.487745674
562.878932461
158.6379103
-254.098505176
429.351029268
1230.23907422
651.420443714
85.4078026225
184.88281316
233.076396023
-93.525735687
-308.759531054
-495.810755767
-509.899895365
-183.436688231
-72.5933319694
-174.492783622
37.3096382763
459.111768402
421.379829423
287.767334527
343.957322444
292.756092109
5278.86295495
1339.57099583
-4073.78080149
1269.57727433
2648.13261932
-1984.90571423
-1949.69401802
-238.574510873
-698.314093823
1012.95495768
846.809271712
-1245.84686461
-181.111038003
2843.71235876
1314.91785613
-1126.90502327
688.081146316
1356.46210017
-80.8080031868
-565.711684864
-415.832855265
-696.868215308
-237.361501802
-96.5330294922
-585.893560246
-294.20151898
665.337872151
688.143604546
-19.6272904107
489.555628833
897.62684818
333.165092125
-10.3866517606
186.627782626
-25.7563769637
-338.537423407
-298.847374406
-356.20101091
-396.023085739
-163.874790788
4.3213005607
-125.449825228
159.991183361
465.23015135
298.889175531
5486.41669552
1203.74819514
-3487.025399
2732.54112648
2827.25757582
-2580.19884461
-1607.92889745
326.396699237
-972.807286306
264.400993264
-31.8309440978
-1475.44503645
190.817170826
2638.698816
492.017086123
-875.182942407
1876.73352021
1664.97411362
-151.285645557
-138.129839244
142.748395139
-472.602998816
-348.563391386
-632.482750873
-951.86618952
-278.442688186
208.304523605
-43.0677119047
-93.5828011476
808.106303544
835.383315955
437.101829407
465.476982277
588.447895892
264.408417599
-86.8263959825
-219.713661081
-367.514972228
-394.041585732
-464.406144822
-399.930051172
-282.767831553
5.52439934349
134.350031375
192.313662925
5427.27766659
867.049292754
-3060.06874243
3533.69487109
2655.90543839
-2353.89458602
-905.815877193
429.208380506
-1175.68623435
123.809230209
-631.419268406
-1758.83917878
593.796547056
1856.66053703
-457.844645516
-362.522208433
2553.11636905
1131.68630048
-304.012473678
732.626770903
569.821718333
-202.710069836
-257.977949417
-820.050179771
-761.1257816
81.1490603385
-563.251674637
-873.653985754
223.19309361
740.669616303
125.567144505
167.54870553
887.671751583
808.802976417
386.552714392
131.443297628
86.7684447429
216.265399423
-145.72657388
-688.087989553
-459.791546353
-60.0462251786
-328.667832371
-485.95386379
-79.6344934086
5412.75856375
648.412892142
-3409.34119971
4193.36139619
2860.75324883
-2226.04984902
-214.315659305
838.221734183
-966.650141479
195.675153554
-788.866801541
-1946.46114643
756.696116035
1207.27465107
-1264.21709258
-410.795742196
2700.95662492
706.456132289
-622.40682884
1286.08348477
1004.99563537
112.351573145
36.0475208832
-521.938305697
-370.110840504
337.974671306
-800.9890529
-1212.965392
199.248142474
463.126538447
-440.16356844
-148.326061963
862.192433303
686.705979019
326.217150995
344.61859638
371.940750244
501.699766542
156.443989819
-446.578799189
-263.416001482
66.9005748752
-378.299189429
-649.593731114
-205.025600446
4915.09945724
-109.105356704
-2783.4275441
4330.83931339
2069.22301308
-2318.1602226
509.942785458
1483.5779257
-1139.15948945
-20.9366029326
-368.991167007
-1191.29396557
345.659165121
607.954189518
-1121.25290141
-10.6645162994
2180.42210022
6.63957105734
-260.163331575
1509.82009235
903.662045816
-266.407689453
376.261394304
139.163399722
-362.880765013
-25.4810723169
-516.04654548
-633.497110061
-62.7049155287
57.4613724554
-503.7651548
158.39664702
629.301172397
210.965722987
286.71708372
655.320397531
462.031775951
164.915712489
306.615470852
29.6444456908
-93.0819367449
-147.006111166
-257.586213808
-335.487372247
-197.611158257
4517.48220716
-1001.67037039
-1824.5563865
4509.96469947
1122.8359881
-2452.71891477
1162.40378078
2031.10142628
-1559.746677
-162.397608679
106.45512333
-554.799100818
-6.89980346195
145.763804869
-898.594028417
476.349945222
1605.50795466
-671.971035792
144.04893352
1639.94995743
697.48857158
-550.389650888
676.834632643
694.47295825
-270.179733378
-229.71930492
-208.213031055
-82.654823313
-214.885219176
-311.459919461
-455.757768673
306.231908872
246.774602978
-208.537857356
184.426049333
716.422101678
390.544103341
-32.3612099588
434.830211434
440.158969606
106.636014364
-155.72499577
17.501765065
16.386114904
-181.307276734
3892.7112279
-1075.59456588
-1419.20975091
3710.93063642
672.865184729
-1998.06665054
952.446636499
1718.33173378
-1344.9119199
-125.831883154
403.228958672
-313.785110713
-46.8172593663
66.4636543962
-678.162554156
668.304600086
949.818675348
-789.366091384
358.612148509
1281.34434756
318.770399117
-469.434802429
724.168415476
674.526617704
-224.13528883
-188.65405245
133.657180541
170.842438804
-311.774533602
-381.112491625
-43.0692066905
218.574730781
-239.90388098
-215.591551402
263.948224915
379.7366101
-6.21778159516
21.0913773531
482.370786743
352.406943766
-2.58552625437
31.0231263445
349.920658198
109.18703674
-226.968006375
3722.52803441
-708.881051761
-1303.719959
2996.74014502
714.734660388
-1487.90565638
575.928687952
1329.41389063
-1122.91186905
-225.582249042
305.368207017
-393.979010849
-41.1617247657
-69.9028091756
-665.518961463
769.438409172
641.287269554
-735.276344081
500.303605824
1171.65638384
159.355747662
-255.760125583
778.04535808
584.745487978
-154.888681878
-159.842600992
170.863075468
181.692201154
-372.879700965
-494.095370743
48.4150689994
115.66288039
-455.242872346
-254.185397047
294.223687795
235.222899578
-137.85011836
89.7911016538
514.89534037
341.692774262
-9.81694583411
146.213989527
449.106673085
133.546040581
-205.479812213
3667.11414804
-762.268391917
-1297.03486154
3231.46434454
454.016498177
-1656.82089014
1007.21718898
1204.85514733
-1487.96624447
152.731419516
368.848486839
-846.319927323
250.339771179
-146.821778965
-733.51827446
878.290010593
428.862853478
-811.903325128
872.122984461
1070.02225288
-322.801940601
308.082483483
918.558432623
140.872699979
25.8975270707
191.999494138
10.3213335444
73.6509248209
-278.702080687
-438.952617073
75.276099602
-169.197482735
-531.677246571
-16.3592418793
135.630097266
-157.842441096
48.007927926
265.846243624
226.570565418
278.754730672
215.672472793
267.241030203
372.544093001
116.491952541
17.0260371848
4145.4285078
-1177.87319112
-1487.77632836
4396.11891469
-47.5912157005
-2346.62698568
1898.82311173
1311.13270516
-2247.25612963
527.705862529
498.658083504
-1288.60706205
440.298816671
-402.124493308
-744.517426007
1200.45806164
53.3919781108
-991.790883653
1593.24232075
923.845831706
-799.805109978
932.329731126
1170.30490167
-188.28466623
171.639939497
470.130486746
-6.79233922886
59.5618914485
-404.182243052
-353.006205633
230.912764073
-488.547611515
-706.774928409
250.863643497
31.1428800396
-505.439879517
154.188502284
405.740681619
109.612148564
192.590429041
329.41631539
428.584689253
376.106636601
53.1953157271
182.757893349
4430.66048127
-1596.92506263
-1220.20949541
4712.32768591
-529.65833229
-2055.03346178
2265.39793589
889.207616317
-2213.74953496
767.472176337
92.6195408416
-920.392667239
381.806493151
-892.978791746
-264.24870334
1241.68027536
-573.214465673
-619.486134199
1988.62354245
220.01648769
-544.606287982
1354.06581509
819.587909457
-129.03699251
338.52651838
378.113678732
125.638987046
14.7875050017
-624.427181561
34.7793886121
145.072057071
-890.285568343
-335.0744539
383.936986443
-343.475961424
-385.200111621
418.82640092
249.4230661
96.526934929
253.251006611
388.151581242
504.445451958
174.857738172
48.6222958244
415.677345539
4434.08326442
-2484.60831669
-413.253236169
5018.06186368
-1765.49691864
-1320.88439581
2883.96841879
295.259065129
-2335.34385647
1338.22592315
-105.829684743
-662.253113103
330.749981739
-1224.21329822
653.819775125
803.684379447
-1182.81011941
48.1383697759
2280.584878
-770.940073361
-378.942950729
1985.73660956
240.244140685
-223.289519638
444.997743941
663.337006904
8.04553417163
-168.522578271
-447.713166704
467.845386228
-38.4287787098
-1238.13774871
310.531967535
377.53705056
-704.384115684
-385.900299544
754.841744947
67.217028303
-234.678965601
381.405070566
481.899309184
432.53175134
-133.378059282
321.313697251
582.702759177
36.2187085898
-349.70034545
299.314352476
241.175135065
-561.030960499
-166.035042254
89.4437134777
-129.429056356
-432.190176034
-72.0068793756
134.484687538
-71.4923231792
-154.840117432
108.373804763
383.446551391
-31.5526217466
36.526004905
334.946523318
259.898888055
-52.5560152381
64.4570081532
247.69498691
-20.6664058774
-123.207778559
-56.4275128835
56.0153875273
-157.499843696
-207.835083769
-36.7921055323
-12.5978237097
-137.216237711
-117.127009002
100.865397387
28.5543635458
-26.1732297621
58.5197018579
159.809293898
80.6114813595
22.1005633394
112.998126495
106.977136307
29.7698538845
-24.3865822196
47.4418465177
8.12717768901
-71.8195905742
-60.0830585822
-18.3850727835
-43.8916028524
-91.4020860927
-32.8007033464
-8.28317542949
-21.8568476869
-27.2585543079
23.7333383834
41.6294342974
14.8286846877
27.68306388
49.3841397039
46.726567477
14.0050733214
23.4586160539
27.8604007215
5.91263732278
-12.675519365
-8.26420133282
-5.77569695498
-25.5723767948
-25.6924669449
-17.1285827757
-12.9516616805
-19.6846733122
-12.0833602583
1.1580584767
1.19120748984
2.00523686148
7.76927328437
14.8295366116
10.2534960624
9.13474459995
11.3362306906
10.2225953706
5.27866788121
2.57205919011
3.27484039028
-0.33305471065
-3.26817688669
-3.97714393513
-2.78081430866
-4.18264599804
-4.26545539807
-2.51739193594
-1.57138788779
-1.08112996305
-0.414698660143
1.41983091835
1.8161450944
1.85447704429
2.02864333196
2.09947487287
1.78132652194
1.25718911895
1.12306083392
0.674749070837
0.21939459023
-0.226472697666
-0.273341752885
-0.323491316719
-0.349021503123
-0.262311712844
-0.185114092819
-0.0521046322217
0.0276518262536
0.191553175703
0.181975516918
0.172876741072
0.164232904018
0.156021258817
0.148220195877
0.140809186083
0.133768726779
0.12708029044
0.120726275918
0.114689962122
0.108955464016
0.103507690815
0.0983323062742
0.0934156909605
0.0887449064125
0.0843076610918
0.0800922780372
0.0760876641354
0.0722832809286
0.0686691168822
0.0652356610381
0.0619738779862
0.0588751840869
0.0559314248825
0.0531348536384
0.0504781109565
0.0479542054087
0.0455564951382
0.0432786703813
0.0411147368622
0.0390590000191
0.0371060500182
0.0352507475173
0.0334882101414
0.0318137996343
0.0302231096526
0.02871195417
0.0272763564615
0.0259125386384
0.0246169117065
0.0233860661212
0.0222167628151
0.0211059246744
0.0200506284406
0.0190480970186
0.0180956921677
0.0171909075593
0.0163313621813
0.0155147940723
0.0147390543686
0.0140021016502
0.0133019965677
0.0126368967393
0.0120050519024
0.0114047993072
0.0108345593419
0.0102928313748
0.00977818980604
0.00928928031574
0.00882481629995
0.00838357548495
0.00796439671071
0.00756617687517
0.00718786803141
0.00682847462984
0.00648705089835
0.00616269835343
0.00585456343576
0.00556183526397
0.00528374350077
0.00501955632573
0.00476857850945
0.00453014958398
0.00430364210478
0.00408845999954
0.00388403699956
0.00368983514958
0.0035053433921
0.0033300762225
0.00316357241137
0.00300539379081
0.00285512410126
0.0027123678962
0.00257674950139
0.00244791202632
0.00232551642501
0.00220924060376
0.00209877857357
0.00199383964489
0.00189414766264
0.00179944027951
0.00170946826554
0.00162399485226
0.00154279510965
0.00146565535416
0.00139237258646
0.00132275395713
0.00125661625928
0.00119378544631
0.001134096174
0.0010773913653
0.00102352179703
0.000972345707181
0.000923728421822
0.000877542000731
0.000833664900694
0.00079198165566
0.000752382572877
0.000714763444233
0.000679025272021
0.00064507400842
0.000612820307999
0.000582179292599
0.000553070327969
0.000525416811571
0.000499145970992
0.000474188672443
0.000450479238821
0.000427955276879
0.000406557513036
0.000386229637384
0.000366918155515
0.000348572247739
0.000331143635352
0.000314586453584
0.000298857130905
0.00028391427436
0.000269718560642
0.00025623263261
0.000243421000979
0.00023124995093
0.000219687453384
0.000208703080715
0.000198267926679
0.000188354530345
0.000178936803828
0.000169989963636
0.000161490465454
0.000153415942182
0.000145745145073
0.000138457887819
0.000131534993428
0.000124958243757
0.000118710331569
0.00011277481499
0.000107136074241
0.000101779270529
9.66903070024e-05
9.18557916523e-05
8.72630020697e-05
8.28998519662e-05
7.87548593679e-05
7.48171163995e-05
7.10762605795e-05
6.75224475505e-05
6.4146325173e-05
6.09390089143e-05
5.78920584686e-05
5.49974555452e-05
5.22475827679e-05
4.96352036295e-05
4.71534434481e-05
4.47957712757e-05
4.25559827119e-05
4.04281835763e-05
3.84067743975e-05
3.64864356776e-05
3.46621138937e-05
3.2929008199e-05
3.12825577891e-05
2.97184298996e-05
2.82325084046e-05
2.68208829844e-05
2.54798388352e-05
2.42058468934e-05
2.29955545488e-05
2.18457768213e-05
2.07534879803e-05
1.97158135812e-05
1.87300229022e-05
1.77935217571e-05
1.69038456692e-05
1.60586533858e-05
1.52557207165e-05
1.44929346806e-05
1.37682879466e-05
1.30798735493e-05
1.24258798718e-05
1.18045858782e-05
1.12143565843e-05
1.06536387551e-05
1.01209568173e-05
9.61490897648e-06
9.13416352765e-06
8.67745535127e-06
8.24358258371e-06
7.83140345452e-06
7.4398332818e-06
7.06784161771e-06
6.71444953682e-06
6.37872705998e-06
6.05979070698e-06
5.75680117163e-06
5.46896111305e-06
5.1955130574e-06
4.93573740453e-06
4.6889505343e-06
4.45450300759e-06
4.23177785721e-06
4.02018896435e-06
3.81917951613e-06
3.62822054032e-06
3.44680951331e-06
3.27446903764e-06
3.11074558576e-06
2.95520830647e-06
2.80744789115e-06
2.66707549659e-06
2.53372172176e-06
2.40703563567e-06
2.28668385389e-06
2.17234966119e-06
2.06373217814e-06
1.96054556923e-06
1.86251829077e-06
1.76939237623e-06
1.68092275742e-06
1.59687661955e-06
1.51703278857e-06
1.44118114914e-06
1.36912209168e-06
1.3006659871e-06
1.23563268774e-06
1.17385105336e-06
1.11515850069e-06
1.05940057565e-06
1.00643054687e-06
9.56109019529e-07
9.08303568552e-07
8.62888390124e-07
8.19743970618e-07
7.78756772087e-07
7.39818933483e-07
7.02827986809e-07
6.67686587468e-07
6.34302258095e-07
6.0258714519e-07
5.72457787931e-07
5.43834898534e-07
5.16643153607e-07
4.90810995927e-07
4.66270446131e-07
4.42956923824e-07
4.20809077633e-07
3.99768623751e-07
3.79780192564e-07
3.60791182936e-07
3.42751623789e-07
3.25614042599e-07
3.09333340469e-07
2.93866673446e-07
2.79173339774e-07
2.65214672785e-07
2.51953939146e-07
2.39356242188e-07
2.27388430079e-07
2.16019008575e-07
2.05218058146e-07
1.94957155239e-07
1.85209297477e-07
1.75948832603e-07
1.67151390973e-07
1.58793821424e-07
1.50854130353e-07
1.43311423835e-07
1.36145852644e-07
1.29338560012e-07
1.22871632011e-07
1.1672805041e-07
1.1089164789e-07
1.05347065495e-07
1.00079712221e-07
9.50757266096e-08
9.03219402791e-08
8.58058432652e-08
8.15155511019e-08
7.74397735468e-08
7.35677848695e-08
6.9889395626e-08
6.63949258447e-08
6.30751795525e-08
5.99214205748e-08
5.69253495461e-08
5.40790820688e-08
5.13751279653e-08
4.88063715671e-08
4.63660529887e-08
4.40477503393e-08
4.18453628223e-08
3.97530946812e-08
3.77654399471e-08
3.58771679498e-08
3.40833095523e-08
3.23791440747e-08
3.0760186871e-08
2.92221775274e-08
2.7761068651e-08
2.63730152185e-08
2.50543644576e-08
2.38016462347e-08
2.26115639229e-08
2.14809857268e-08
2.04069364405e-08
1.93865896184e-08
1.84172601375e-08
1.74963971306e-08
1.66215772741e-08
1.57904984104e-08
1.50009734899e-08
1.42509248154e-08
1.35383785746e-08
1.28614596459e-08
1.22183866636e-08
1.16074673304e-08
1.10270939639e-08
1.04757392657e-08
9.95195230241e-09
9.45435468729e-09
8.98163695293e-09
8.53255510528e-09
8.10592735002e-09
7.70063098252e-09
7.31559943339e-09
6.94981946172e-09
6.60232848863e-09
6.2722120642e-09
5.95860146099e-09
5.66067138794e-09
5.37763781855e-09
5.10875592762e-09
4.85331813124e-09
4.61065222468e-09
4.38011961344e-09
4.16111363277e-09
3.95305795113e-09
3.75540505358e-09
3.5676348009e-09
3.38925306085e-09
3.21979040781e-09
3.05880088742e-09
2.90586084305e-09
2.7605678009e-09
2.62253941085e-09
2.49141244031e-09
2.36684181829e-09
2.24849972738e-09
2.13607474101e-09
2.02927100396e-09
1.92780745376e-09
1.83141708107e-09
1.73984622702e-09
1.65285391567e-09
1.57021121988e-09
1.49170065889e-09
1.41711562595e-09
1.34625984465e-09
1.27894685242e-09
1.2149995098e-09
1.15424953431e-09
1.09653705759e-09
1.04171020471e-09
9.89624694475e-10
9.40143459751e-10
8.93136286764e-10
8.48479472426e-10
8.06055498804e-10
7.65752723864e-10
7.27465087671e-10
6.91091833287e-10
6.56537241623e-10
6.23710379542e-10
5.92524860565e-10
5.62898617537e-10
5.3475368666e-10
5.08016002327e-10
4.8261520221e-10
4.584844421e-10
4.35560219995e-10
4.13782208995e-10
3.93093098545e-10
3.73438443618e-10
3.54766521437e-10
3.37028195365e-10
3.20176785597e-10
3.04167946317e-10
2.88959549001e-10
2.74511571551e-10
2.60785992974e-10
2.47746693325e-10
2.35359358659e-10
2.23591390726e-10
2.1241182119e-10
2.0179123013e-10
1.91701668624e-10
1.82116585192e-10
1.73010755933e-10
1.64360218136e-10
1.56142207229e-10
1.48335096868e-10
1.40918342024e-10
1.33872424923e-10
1.27178803677e-10
1.20819863493e-10
1.14778870319e-10
1.09039926803e-10
1.03587930463e-10
9.84085339394e-11
9.34881072424e-11
8.88137018803e-11
8.43730167863e-11
8.0154365947e-11
7.61466476496e-11
7.23393152671e-11
6.87223495038e-11
6.52862320286e-11
6.20219204272e-11
5.89208244058e-11
5.59747831855e-11
5.31760440262e-11
5.05172418249e-11
4.79913797337e-11
4.5591810747e-11
4.33122202096e-11
4.11466091992e-11
3.90892787392e-11
3.71348148022e-11
3.52780740621e-11
3.3514170359e-11
3.18384618411e-11
3.0246538749e-11
2.87342118116e-11
2.7297501221e-11
2.59326261599e-11
2.46359948519e-11
2.34041951093e-11
2.22339853539e-11
2.11222860862e-11
2.00661717819e-11
1.90628631928e-11
1.81097200331e-11
1.72042340315e-11
1.63440223299e-11
1.55268212134e-11
1.47504801527e-11
1.40129561451e-11
1.33123083379e-11
1.2646692921e-11
1.20143582749e-11
1.14136403612e-11
1.08429583431e-11
1.0300810426e-11
9.78576990466e-12
9.29648140942e-12
8.83165733895e-12
8.390074472e-12
7.9705707484e-12
7.57204221098e-12
7.19344010043e-12
6.83376809541e-12
6.49207969064e-12
6.16747570611e-12
5.8591019208e-12
5.56614682476e-12
5.28783948353e-12
5.02344750935e-12
4.77227513388e-12
4.53366137719e-12
4.30697830833e-12
4.09162939291e-12
3.88704792327e-12
3.6926955271e-12
3.50806075075e-12
3.33265771321e-12
3.16602482755e-12
3.00772358617e-12
2.85733740686e-12
2.71447053652e-12
2.57874700969e-12
2.44980965921e-12
2.32731917625e-12
2.21095321744e-12
2.10040555657e-12
1.99538527874e-12
1.8956160148e-12
1.80083521406e-12
1.71079345336e-12
1.62525378069e-12
1.54399109165e-12
1.46679153707e-12
1.39345196022e-12
1.32377936221e-12
1.2575903941e-12
1.19471087439e-12
1.13497533067e-12
1.07822656414e-12
1.02431523593e-12
9.73099474136e-13
9.24444500429e-13
8.78222275407e-13
8.34311161637e-13
7.92595603555e-13
7.52965823377e-13
7.15317532208e-13
6.79551655598e-13
6.45574072818e-13
6.13295369177e-13
5.82630600718e-13
5.53499070682e-13
5.25824117148e-13
4.99532911291e-13
4.74556265726e-13
4.5082845244e-13
4.28287029818e-13
4.06872678327e-13
3.86529044411e-13
3.6720259219e-13
3.48842462581e-13
3.31400339452e-13
3.14830322479e-13
2.99088806355e-13
2.84134366037e-13
2.69927647736e-13
2.56431265349e-13
2.43609702081e-13
2.31429216977e-13
2.19857756128e-13
2.08864868322e-13
1.98421624906e-13
1.88500543661e-13
1.79075516478e-13
1.70121740654e-13
1.61615653621e-13
1.5353487094e-13
1.45858127393e-13
1.38565221023e-13
1.31636959972e-13
1.25055111974e-13
1.18802356375e-13
1.12862238556e-13
1.07219126628e-13
1.01858170297e-13
9.6765261782e-14
9.19269986929e-14
8.73306487583e-14
8.29641163204e-14
7.88159105044e-14
7.48751149791e-14
7.11313592302e-14
6.75747912687e-14
6.41960517052e-14
6.098624912e-14
5.7936936664e-14
5.50400898308e-14
5.22880853392e-14
4.96736810723e-14
4.71899970187e-14
4.48304971677e-14
4.25889723093e-14
4.04595236939e-14
3.84365475092e-14
3.65147201337e-14
3.4688984127e-14
3.29545349207e-14
3.13068081747e-14
2.97414677659e-14
2.82543943776e-14
2.68416746587e-14
2.54995909258e-14
2.42246113795e-14
2.30133808105e-14
2.186271177e-14
2.07695761815e-14
1.97310973724e-14
1.87445425038e-14
1.78073153786e-14
1.69169496097e-14
1.60711021292e-14
1.52675470227e-14
1.45041696716e-14
1.3778961188e-14
1.30900131286e-14
1.24355124722e-14
1.18137368486e-14
1.12230500062e-14
1.06618975058e-14
1.01288026306e-14
9.62236249903e-15
9.14124437408e-15
8.68418215537e-15
8.24997304761e-15
7.83747439523e-15
7.44560067546e-15
7.07332064169e-15
6.71965460961e-15
6.38367187913e-15
6.06448828517e-15
5.76126387091e-15
5.47320067737e-15
5.1995406435e-15
4.93956361132e-15
4.69258543076e-15
4.45795615922e-15
4.23505835126e-15
4.02330543369e-15
3.82214016201e-15
3.63103315391e-15
3.44948149621e-15
3.2770074214e-15
3.11315705033e-15
2.95749919782e-15
2.80962423793e-15
2.66914302603e-15
2.53568587473e-15
2.40890158099e-15
2.28845650194e-15
2.17403367684e-15
2.065331993e-15
1.96206539335e-15
1.86396212368e-15
1.7707640175e-15
1.68222581663e-15
1.59811452579e-15
1.5182087995e-15
1.44229835953e-15
1.37018344155e-15
1.30167426948e-15
1.236590556e-15
1.1747610282e-15
1.11602297679e-15
1.06022182795e-15
1.00721073655e-15
9.56850199726e-16
9.0900768974e-16
8.63557305253e-16
8.2037943999e-16
7.79360467991e-16
7.40392444591e-16
7.03372822362e-16
6.68204181244e-16
6.34793972182e-16
6.03054273572e-16
5.72901559894e-16
5.44256481899e-16
5.17043657804e-16
4.91191474914e-16
4.66631901168e-16
4.4330030611e-16
4.21135290804e-16
4.00078526264e-16
3.80074599951e-16
3.61070869953e-16
3.43017326456e-16
3.25866460133e-16
3.09573137126e-16
2.9409448027e-16
2.79389756256e-16
2.65420268444e-16
2.52149255021e-16
2.3954179227e-16
2.27564702657e-16
2.16186467524e-16
2.05377144148e-16
1.9510828694e-16
1.85352872593e-16
1.76085228964e-16
1.67280967516e-16
1.5891691914e-16
1.50971073183e-16
1.43422519524e-16
1.36251393547e-16
1.2943882387e-16
1.22966882677e-16
1.16818538543e-16
1.10977611616e-16
1.05428731035e-16
1.00157294483e-16
9.51494297589e-17
9.0391958271e-17
8.58723603575e-17
8.15787423396e-17
7.74998052226e-17
7.36248149615e-17
6.99435742134e-17
6.64463955027e-17
6.31240757276e-17
5.99678719412e-17
5.69694783441e-17
5.41210044269e-17
5.14149542056e-17
4.88442064953e-17
4.64019961705e-17
4.4081896362e-17
4.18778015439e-17
3.97839114667e-17
3.77947158934e-17
3.59049800987e-17
3.41097310938e-17
3.24042445391e-17
3.07840323121e-17
2.92448306965e-17
2.77825891617e-17
2.63934597036e-17
2.50737867184e-17
2.38200973825e-17
2.26290925134e-17
2.14976378877e-17
2.04227559933e-17
1.94016181937e-17
1.8431537284e-17
1.75099604198e-17
1.66344623988e-17
1.58027392789e-17
1.50126023149e-17
1.42619721992e-17
1.35488735892e-17
1.28714299097e-17
1.22278584143e-17
1.16164654935e-17
1.10356422189e-17
1.04838601079e-17
9.95966710253e-18
9.46168374741e-18
8.98859956003e-18
8.53916958203e-18
8.11221110293e-18
7.70660054778e-18
7.3212705204e-18
6.95520699438e-18
6.60744664466e-18
6.27707431242e-18
5.9632205968e-18
5.66505956696e-18
5.38180658861e-18
5.11271625918e-18
4.85708044622e-18
4.61422642391e-18
4.38351510272e-18
4.16433934758e-18
3.9561223802e-18
3.75831626119e-18
3.57040044813e-18
3.39188042573e-18
3.22228640444e-18
3.06117208422e-18
2.90811348001e-18
2.76270780601e-18
2.62457241571e-18
2.49334379492e-18
2.36867660518e-18
2.25024277492e-18
2.13773063617e-18
2.03084410436e-18
1.92930189914e-18
1.83283680419e-18
1.74119496398e-18
1.65413521578e-18
1.57142845499e-18
1.49285703224e-18
1.41821418063e-18
1.3473034716e-18
1.27993829802e-18
1.21594138312e-18
1.15514431396e-18
1.09738709826e-18
1.04251774335e-18
9.90391856182e-19
9.40872263373e-19
8.93828650204e-19
8.49137217694e-19
8.06680356809e-19
7.66346338969e-19
7.2802902202e-19
6.91627570919e-19
6.57046192373e-19
6.24193882755e-19
5.92984188617e-19
5.63334979186e-19
5.35168230227e-19
5.08409818715e-19
4.8298932778e-19
4.58839861391e-19
4.35897868321e-19
4.14102974905e-19
3.9339782616e-19
3.73727934852e-19
3.55041538109e-19
3.37289461204e-19
3.20424988144e-19
3.04403738736e-19
2.891835518e-19
2.7472437421e-19
2.60988155499e-19
2.47938747724e-19
2.35541810338e-19
2.23764719821e-19
2.1257648383e-19
2.01947659638e-19
1.91850276657e-19
1.82257762824e-19
1.73144874683e-19
1.64487630948e-19
1.56263249401e-19
1.48450086931e-19
1.41027582584e-19
1.33976203455e-19
1.27277393282e-19
1.20913523618e-19
1.14867847437e-19
1.09124455066e-19
1.03668232312e-19
9.84848206966e-20
9.35605796618e-20
8.88825506787e-20
8.44384231448e-20
8.02165019875e-20
7.62056768882e-20
7.23953930437e-20
6.87756233916e-20
6.5336842222e-20
6.20700001109e-20
5.89665001053e-20
5.60181751001e-20
5.32172663451e-20
5.05564030278e-20
4.80285828764e-20
4.56271537326e-20
4.3345796046e-20
4.11785062437e-20
3.91195809315e-20
3.71636018849e-20
3.53054217907e-20
3.35401507011e-20
3.18631431661e-20
3.02699860078e-20
2.87564867074e-20
2.7318662372e-20
2.59527292534e-20
2.46550927907e-20
2.34223381512e-20
2.22512212436e-20
2.11386601815e-20
2.00817271724e-20
1.90776408138e-20
1.81237587731e-20
1.72175708344e-20
1.63566922927e-20
1.55388576781e-20
1.47619147942e-20
1.40238190545e-20
1.33226281017e-20
1.26564966967e-20
1.20236718618e-20
1.14224882687e-20
1.08513638553e-20
1.03087956625e-20
9.7933558794e-21
9.30368808543e-21
8.83850368116e-21
8.3965784971e-21
7.97674957225e-21
7.57791209363e-21
7.19901648895e-21
6.8390656645e-21
6.49711238128e-21
6.17225676221e-21
5.8636439241e-21
5.5704617279e-21
5.2919386415e-21
5.02734170943e-21
4.77597462396e-21
4.53717589276e-21
4.31031709812e-21
4.09480124322e-21
3.89006118105e-21
3.695558122e-21
3.5107802159e-21
3.33524120511e-21
3.16847914485e-21
3.01005518761e-21
2.85955242823e-21
2.71657480682e-21
2.58074606648e-21
2.45170876315e-21
2.32912332499e-21
2.21266715874e-21
2.10203380081e-21
1.99693211077e-21
1.89708550523e-21
1.80223122997e-21
1.71211966847e-21
1.62651368505e-21
1.54518800079e-21
1.46792860075e-21
1.39453217072e-21
1.32480556218e-21
1.25856528407e-21
1.19563701987e-21
1.13585516887e-21
1.07906241043e-21
1.02510928991e-21
9.73853825414e-22
9.25161134143e-22
8.78903077436e-22
8.34957923564e-22
7.93210027386e-22
7.53549526016e-22
7.15872049716e-22
6.8007844723e-22
6.46074524868e-22
6.13770798625e-22
5.83082258694e-22
5.53928145759e-22
5.26231738471e-22
4.99920151548e-22
4.7492414397e-22
4.51177936772e-22
4.28619039933e-22
4.07188087936e-22
3.8682868354e-22
3.67487249363e-22
3.49112886894e-22
3.3165724255e-22
3.15074380422e-22
2.99320661401e-22
2.84354628331e-22
2.70136896915e-22
2.56630052069e-22
2.43798549465e-22
2.31608621992e-22
2.20028190893e-22
2.09026781348e-22
1.9857544228e-22
1.88646670166e-22
1.79214336658e-22
1.70253619825e-22
1.61740938834e-22
1.53653891892e-22
1.45971197298e-22
1.38672637433e-22
1.31739005561e-22
1.25152055283e-22
1.18894452519e-22
1.12949729893e-22
1.07302243398e-22
1.01937131228e-22
9.6840274667e-23
9.19982609336e-23
8.7398347887e-23
8.30284304926e-23
7.8877008968e-23
7.49331585196e-23
7.11865005936e-23
6.76271755639e-23
6.42458167857e-23
6.10335259464e-23
5.79818496491e-23
5.50827571667e-23
5.23286193083e-23
4.97121883429e-23
4.72265789258e-23
4.48652499795e-23
4.26219874805e-23
4.04908881065e-23
3.84663437012e-23
3.65430265161e-23
3.47158751903e-23
3.29800814308e-23
3.13310773592e-23
2.97645234913e-23
2.82762973167e-23
2.68624824509e-23
2.55193583283e-23
2.42433904119e-23
2.30312208913e-23
2.18796598468e-23
2.07856768544e-23
1.97463930117e-23
1.87590733611e-23
1.78211196931e-23
1.69300637084e-23
1.6083560523e-23
1.52793824968e-23
1.4515413372e-23
1.37896427034e-23
1.31001605682e-23
1.24451525398e-23
1.18228949128e-23
1.12317501672e-23
1.06701626588e-23
1.01366545259e-23
9.62982179959e-24
9.14833070961e-24
8.69091417413e-24
8.25636846542e-24
7.84355004215e-24
7.45137254004e-24
7.07880391304e-24
6.72486371739e-24
6.38862053152e-24
6.06918950494e-24
5.7657300297e-24
5.47744352821e-24
5.2035713518e-24
4.94339278421e-24
4.696223145e-24
4.46141198775e-24
4.23834138836e-24
4.02642431894e-24
3.825103103e-24
3.63384794785e-24
3.45215555045e-24
3.27954777293e-24
3.11557038429e-24
2.95979186507e-24
2.81180227182e-24
2.67121215823e-24
2.53765155032e-24
2.4107689728e-24
2.29023052416e-24
2.17571899795e-24
2.06693304805e-24
1.96358639565e-24
1.86540707587e-24
1.77213672208e-24
1.68352988597e-24
1.59935339167e-24
1.51938572209e-24
1.44341643598e-24
1.37124561419e-24
1.30268333348e-24
1.2375491668e-24
1.17567170846e-24
1.11688812304e-24
1.06104371689e-24
1.00799153104e-24
9.57591954491e-25
9.09712356766e-25
8.64226738928e-25
8.21015401982e-25
7.79964631882e-25
7.40966400288e-25
7.03918080274e-25
6.6872217626e-25
6.35286067447e-25
6.03521764075e-25
5.73345675871e-25
5.44678392078e-25
5.17444472474e-25
4.9157224885e-25
4.66993636407e-25
4.43643954587e-25
4.21461756858e-25
4.00388669015e-25
3.80369235564e-25
3.61350773786e-25
3.43283235097e-25
3.26119073342e-25
3.09813119675e-25
2.94322463691e-25
2.79606340506e-25
2.65626023481e-25
2.52344722307e-25
2.39727486192e-25
2.27741111882e-25
2.16354056288e-25
2.05536353474e-25
1.952595358e-25
1.8549655901e-25
1.76221731059e-25
1.67410644506e-25
1.59040112281e-25
1.51088106667e-25
1.43533701334e-25
1.36357016267e-25
1.29539165454e-25
1.23062207181e-25
1.16909096822e-25
1.11063641981e-25
1.05510459882e-25
1.00234936888e-25
9.52231900433e-26
9.04620305412e-26
8.59389290141e-26
8.16419825634e-26
7.75598834352e-26
7.36818892635e-26
6.99977948003e-26
6.64979050603e-26
6.31730098073e-26
6.00143593169e-26
5.70136413511e-26
5.41629592835e-26
5.14548113193e-26
4.88820707534e-26
4.64379672157e-26
4.41160688549e-26
4.19102654122e-26
3.98147521416e-26
3.78240145345e-26
3.59328138078e-26
3.41361731174e-26
3.24293644615e-26
3.08078962384e-26
2.92675014265e-26
2.78041263552e-26
2.64139200374e-26
2.50932240355e-26
2.38385628338e-26
2.26466346921e-26
2.15143029575e-26
2.04385878096e-26
1.94166584191e-26
1.84458254982e-26
1.75235342233e-26
1.66473575121e-26
1.58149896365e-26
1.50242401547e-26
1.42730281469e-26
1.35593767396e-26
1.28814079026e-26
1.22373375075e-26
1.16254706321e-26
1.10441971005e-26
1.04919872455e-26
9.9673878832e-27
9.46901848904e-27
8.99556756459e-27
8.54578918636e-27
8.11849972704e-27
7.71257474069e-27
7.32694600365e-27
6.96059870347e-27
6.6125687683e-27
6.28194032988e-27
5.96784331339e-27
5.66945114772e-27
5.38597859033e-27
5.11667966082e-27
4.86084567778e-27
4.61780339389e-27
4.38691322419e-27
4.16756756298e-27
3.95918918483e-27
3.76122972559e-27
3.57316823931e-27
3.39450982735e-27
3.22478433598e-27
3.06354511918e-27
2.91036786322e-27
2.76484947006e-27
2.62660699656e-27
2.49527664673e-27
2.37051281439e-27
2.25198717367e-27
2.13938781499e-27
2.03241842424e-27
1.93079750303e-27
1.83425762788e-27
1.74254474648e-27
1.65541750916e-27
1.5726466337e-27
1.49401430202e-27
1.41931358692e-27
1.34834790757e-27
1.28093051219e-27
1.21688398658e-27
1.15603978725e-27
1.09823779789e-27
1.043325908e-27
9.91159612595e-28
9.41601631966e-28
8.94521550367e-28
8.49795472849e-28
8.07305699207e-28
7.66940414246e-28
7.28593393534e-28
6.92163723857e-28
6.57555537664e-28
6.24677760781e-28
5.93443872742e-28
5.63771679105e-28
5.3558309515e-28
5.08803940392e-28
4.83363743373e-28
4.59195556204e-28
4.36235778394e-28
4.14423989474e-28
3.9370279e-28
3.740176505e-28
3.55316767975e-28
3.37550929577e-28
3.20673383098e-28
3.04639713943e-28
2.89407728246e-28
2.74937341833e-28
2.61190474742e-28
2.48130951005e-28
2.35724403454e-28
2.23938183282e-28
2.12741274118e-28
2.02104210412e-28
1.91998999891e-28
1.82399049897e-28
1.73279097402e-28
1.64615142532e-28
1.56384385405e-28
1.48565166135e-28
1.41136907828e-28
1.34080062437e-28
1.27376059315e-28
1.21007256349e-28
1.14956893532e-28
1.09209048855e-28
1.03748596412e-28
9.85611665917e-29
9.36331082621e-29
8.8951452849e-29
8.45038802066e-29
8.02786861962e-29
7.62647518864e-29
7.24515142921e-29
6.88289385775e-29
6.53874916486e-29
6.21181170662e-29
5.90122112129e-29
5.60616006522e-29
5.32585206196e-29
5.05955945886e-29
4.80658148592e-29
4.56625241163e-29
4.33793979104e-29
4.12104280149e-29
3.91499066142e-29
3.71924112835e-29
3.53327907193e-29
3.35661511833e-29
3.18878436242e-29
3.0293451443e-29
2.87787788708e-29
2.73398399273e-29
2.59728479309e-29
2.46742055344e-29
2.34404952576e-29
2.22684704948e-29
2.115504697e-29
2.00972946215e-29
1.90924298904e-29
1.81378083959e-29
1.72309179761e-29
1.63693720773e-29
1.55509034735e-29
1.47733582998e-29
1.40346903848e-29
1.33329558656e-29
1.26663080723e-29
1.20329926687e-29
1.14313430352e-29
1.08597758835e-29
1.03167870893e-29
9.80094773483e-30
9.31090034809e-30
8.84535533068e-30
8.40308756415e-30
7.98293318594e-30
7.58378652664e-30
7.20459720031e-30
6.8443673403e-30
6.50214897328e-30
6.17704152462e-30
5.86818944839e-30
5.57477997597e-30
5.29604097717e-30
5.03123892831e-30
4.77967698189e-30
4.5406931328e-30
4.31365847616e-30
4.09797555235e-30
3.89307677473e-30
3.698422936e-30
3.5135017892e-30
3.33782669974e-30
3.17093536475e-30
3.01238859651e-30
2.86176916669e-30
2.71868070835e-30
2.58274667294e-30
2.45360933929e-30
2.33092887232e-30
2.21438242871e-30
2.10366330727e-30
1.99848014191e-30
1.89855613481e-30
1.80362832807e-30
1.71344691167e-30
1.62777456609e-30
1.54638583778e-30
1.46906654589e-30
1.3956132186e-30
1.32583255767e-30
1.25954092978e-30
1.1965638833e-30
1.13673568913e-30
1.07989890467e-30
1.02590395944e-30
9.74608761468e-31
9.25878323395e-31
8.79584407225e-31
8.35605186864e-31
7.93824927521e-31
7.54133681145e-31
7.16426997087e-31
6.80605647233e-31
6.46575364871e-31
6.14246596628e-31
5.83534266796e-31
5.54357553457e-31
5.26639675784e-31
5.00307691995e-31
4.75292307395e-31
4.51527692025e-31
4.28951307424e-31
4.07503742053e-31
3.8712855495e-31
3.67772127203e-31
3.49383520842e-31
3.319143448e-31
3.1531862756e-31
2.99552696182e-31
2.84575061373e-31
2.70346308304e-31
2.56828992889e-31
2.43987543245e-31
2.31788166083e-31
2.20198757778e-31
2.0918881989e-31
1.98729378895e-31
1.8879290995e-31
1.79353264453e-31
1.7038560123e-31
1.61866321169e-31
1.5377300511e-31
1.46084354855e-31
1.38780137112e-31
1.31841130256e-31
1.25249073744e-31
1.18986620056e-31
1.13037289054e-31
1.07385424601e-31
1.02016153371e-31
9.69153457023e-32
9.20695784172e-32
8.74660994963e-32
8.30927945215e-32
7.89381547954e-32
7.49912470556e-32
7.12416847029e-32
6.76796004677e-32
6.42956204443e-32
6.10808394221e-32
5.8026797451e-32
5.51254575785e-32
5.23691846995e-32
4.97507254646e-32
4.72631891913e-32
4.49000297318e-32
4.26550282452e-32
4.05222768329e-32
3.84961629913e-32
3.65713548417e-32
3.47427870996e-32
3.30056477446e-32
3.13553653574e-32
2.97875970895e-32
2.82982172351e-32
2.68833063733e-32
2.55391410546e-32
2.42621840019e-32
2.30490748018e-32
2.18966210617e-32
2.08017900086e-32
1.97617005082e-32
1.87736154828e-32
1.78349347087e-32
1.69431879732e-32
1.60960285746e-32
1.52912271458e-32
1.45266657885e-32
1.38003324991e-32
1.31103158742e-32
1.24548000805e-32
1.18320600764e-32
1.12404570726e-32
1.0678434219e-32
1.0144512508e-32
9.63728688263e-33
9.1554225385e-33
8.69765141157e-33
8.26276884099e-33
7.84963039894e-33
7.457148879e-33
7.08429143505e-33
6.73007686329e-33
6.39357302013e-33
6.07389436912e-33
5.77019965067e-33
5.48168966813e-33
5.20760518473e-33
4.94722492549e-33
4.69986367922e-33
4.46487049526e-33
4.24162697049e-33
4.02954562197e-33
3.82806834087e-33
3.63666492383e-33
3.45483167763e-33
3.28209009375e-33
3.11798558907e-33
2.96208630961e-33
2.81398199413e-33
2.67328289442e-33
2.5396187497e-33
2.41263781222e-33
2.29200592161e-33
2.17740562553e-33
2.06853534425e-33
1.96510857704e-33
1.86685314819e-33
1.77351049078e-33
1.68483496624e-33
1.60059321793e-33
1.52056355703e-33
1.44453537918e-33
1.37230861022e-33
1.30369317971e-33
1.23850852072e-33
1.17658309469e-33
1.11775393995e-33
1.06186624295e-33
1.00877293081e-33
9.58334284267e-34
9.10417570054e-34
8.64896691551e-34
8.21651856973e-34
7.80569264125e-34
7.41540800918e-34
7.04463760872e-34
6.69240572829e-34
6.35778544187e-34
6.03989616978e-34
5.73790136129e-34
5.45100629323e-34
5.17845597857e-34
4.91953317964e-34
4.67355652066e-34
4.43987869462e-34
4.21788475989e-34
4.0069905219e-34
3.8066409958e-34
3.61630894601e-34
3.43549349871e-34
3.26371882378e-34
3.10053288259e-34
2.94550623846e-34
2.79823092653e-34
2.65831938021e-34
2.5254034112e-34
2.39913324064e-34
2.27917657861e-34
2.16521774968e-34
2.05695686219e-34
1.95410901908e-34
1.85640356813e-34
1.76358338972e-34
1.67540422024e-34
1.59163400922e-34
1.51205230876e-34
1.43644969332e-34
1.36462720866e-34
1.29639584823e-34
1.23157605581e-34
1.16999725302e-34
1.11149739037e-34
1.05592252085e-34
1.00312639481e-34
9.5297007507e-35
9.05321571317e-35
8.60055492751e-35
8.17052718113e-35
7.76200082208e-35
7.37390078097e-35
7.00520574193e-35
6.65494545483e-35
6.32219818209e-35
6.00608827298e-35
5.70578385933e-35
5.42049466637e-35
5.14946993305e-35
4.8919964364e-35
4.64739661458e-35
4.41502678385e-35
4.19427544466e-35
3.98456167242e-35
3.7853335888e-35
3.59606690936e-35
3.41626356389e-35
3.2454503857e-35
3.08317786641e-35
2.92901897309e-35
2.78256802444e-35
2.64343962322e-35
2.51126764206e-35
2.38570425995e-35
2.26641904696e-35
2.15309809461e-35
2.04544318988e-35
1.94317103038e-35
1.84601247886e-35
1.75371185492e-35
1.66602626217e-35
1.58272494907e-35
1.50358870161e-35
1.42840926653e-35
1.35698880321e-35
1.28913936305e-35
1.22468239489e-35
1.16344827515e-35
1.10527586139e-35
1.05001206832e-35
9.97511464905e-36
9.4763589166e-36
9.00254097077e-36
8.55241392223e-36
8.12479322612e-36
7.71855356481e-36
7.33262588657e-36
6.96599459224e-36
6.61769486263e-36
6.2868101195e-36
5.97246961353e-36
5.67384613285e-36
5.39015382621e-36
5.1206461349e-36
4.86461382815e-36
4.62138313674e-36
4.39031397991e-36
4.17079828091e-36
3.96225836687e-36
3.76414544852e-36
3.5759381761e-36
3.39714126729e-36
3.22728420393e-36
3.06591999373e-36
2.91262399404e-36
2.76699279434e-36
2.62864315463e-36
2.49721099689e-36
2.37235044705e-36
2.2537329247e-36
2.14104627846e-36
2.03399396454e-36
1.93229426631e-36
1.835679553e-36
1.74389557535e-36
1.65670079658e-36
1.57386575675e-36
1.49517246891e-36
1.42041384547e-36
1.34939315319e-36
1.28192349553e-36
1.21782732076e-36
1.15693595472e-36
1.09908915698e-36
1.04413469913e-36
9.91927964178e-37
9.42331565969e-37
8.9521498767e-37
8.50454238287e-37
8.07931526372e-37
7.67534950054e-37
7.29158202551e-37
6.92700292424e-37
6.58065277802e-37
6.25162013912e-37
5.93903913217e-37
5.64208717556e-37
5.35998281678e-37
5.09198367594e-37
4.83738449214e-37
4.59551526754e-37
4.36573950416e-37
4.14745252895e-37
3.9400799025e-37
3.74307590738e-37
3.55592211201e-37
3.37812600641e-37
3.20921970609e-37
3.04875872078e-37
2.89632078475e-37
2.75150474551e-37
2.61392950823e-37
2.48323303282e-37
2.35907138118e-37
2.24111781212e-37
2.12906192152e-37
2.02260882544e-37
1.92147838417e-37
1.82540446496e-37
1.73413424171e-37
1.64742752963e-37
1.56505615314e-37
1.48680334549e-37
1.41246317821e-37
1.3418400193e-37
1.27474801834e-37
1.21101061742e-37
1.15046008655e-37
1.09293708222e-37
1.03829022811e-37
9.86375716705e-38
9.3705693087e-38
8.90204084326e-38
8.4569388011e-38
8.03409186104e-38
7.63238726799e-38
7.25076790459e-38
6.88822950936e-38
6.54381803389e-38
6.2166271322e-38
5.90579577559e-38
5.61050598681e-38
5.32998068747e-38
5.0634816531e-38
4.81030757044e-38
4.56979219192e-38
4.34130258232e-38
4.12423745321e-38
3.91802558055e-38
3.72212430152e-38
3.53601808644e-38
3.35921718212e-38
3.19125632302e-38
3.03169350686e-38
2.88010883152e-38
2.73610338995e-38
2.59929822045e-38
2.46933330943e-38
2.34586664395e-38
2.22857331176e-38
2.11714464617e-38
2.01128741386e-38
1.91072304317e-38
1.81518689101e-38
1.72442754646e-38
1.63820616914e-38
1.55629586068e-38
1.47848106764e-38
1.40455701426e-38
1.33432916355e-38
1.26761270537e-38
1.2042320701e-38
1.1440204666e-38
1.08681944327e-38
1.0324784711e-38
9.8085454755e-39
9.31811820172e-39
8.85221229164e-39
8.40960167705e-39
7.9891215932e-39
7.58966551354e-39
7.21018223786e-39
6.84967312597e-39
6.50718946967e-39
6.18182999619e-39
5.87273849638e-39
5.57910157156e-39
5.30014649298e-39
5.03513916833e-39
4.78338220992e-39
4.54421309942e-39
4.31700244445e-39
4.10115232223e-39
3.89609470612e-39
3.70128997081e-39
3.51622547227e-39
3.34041419866e-39
3.17339348872e-39
3.01472381429e-39
2.86398762357e-39
2.72078824239e-39
2.58474883027e-39
2.45551138876e-39
2.33273581932e-39
2.21609902836e-39
2.10529407694e-39
2.00002937309e-39
1.90002790444e-39
1.80502650922e-39
1.71477518375e-39
1.62903642457e-39
1.54758460334e-39
1.47020537317e-39
1.39669510451e-39
1.32686034929e-39
1.26051733182e-39
1.19749146523e-39
1.13761689197e-39
1.08073604737e-39
1.026699245e-39
9.75364282753e-40
9.26596068615e-40
8.80266265185e-40
8.36252951925e-40
7.94440304329e-40
7.54718289113e-40
7.16982374657e-40
6.81133255924e-40
6.47076593128e-40
6.14722763472e-40
5.83986625298e-40
5.54787294033e-40
5.27047929331e-40
5.00695532865e-40
4.75660756222e-40
4.51877718411e-40
4.2928383249e-40
4.07819640866e-40
3.87428658822e-40
3.68057225881e-40
3.49654364587e-40
3.32171646358e-40
3.1556306404e-40
2.99784910838e-40
2.84795665296e-40
2.70555882031e-40
2.5702808793e-40
2.44176683533e-40
2.31967849356e-40
2.20369456889e-40
2.09350984044e-40
1.98883434842e-40
1.889392631e-40
1.79492299945e-40
1.70517684948e-40
1.619918007e-40
1.53892210665e-40
1.46197600132e-40
1.38887720125e-40
1.31943334119e-40
1.25346167413e-40
1.19078859043e-40
1.1312491609e-40
1.07468670286e-40
1.02095236772e-40
9.6990474933e-41
9.21409511863e-41
8.7533903627e-41
8.31572084457e-41
7.89993480234e-41
7.50493806222e-41
7.12969115911e-41
6.77320660116e-41
6.4345462711e-41
6.11281895754e-41
5.80717800967e-41
5.51681910918e-41
5.24097815372e-41
4.97892924604e-41
4.72998278374e-41
4.49348364455e-41
4.26880946232e-41
4.0553689892e-41
3.85260053974e-41
3.65997051276e-41
3.47697198712e-41
3.30312338776e-41
3.13796721838e-41
2.98106885746e-41
2.83201541458e-41
2.69041464385e-41
2.55589391166e-41
2.42809921608e-41
2.30669425527e-41
2.19135954251e-41
2.08179156539e-41
1.97770198712e-41
1.87881688776e-41
1.78487604337e-41
1.6956322412e-41
1.61085062914e-41
1.53030809769e-41
1.4537926928e-41
1.38110305816e-41
