0.646958314132
-0.0155195411697
0.10195256699
-0.115815941269
0.121883119562
-0.0885804688386
-0.0161928157991
0.0844370254156
0.204772029892
0.00407453391802
0.0437323103613
-0.0790450873397
0.0318359881374
0.00492086073256
-0.145494062121
0.180212023295
0.345361315038
-0.00793879676824
-0.0360492838395
-0.142946076829
0.172065178341
-0.223544561767
-0.0435027544235
0.167431829032
0.255764972771
-0.0134031662336
-0.0390762202903
-0.134170948214
0.13010349372
-0.182857001962
-0.106181522921
0.219523853899
0.27832668545
0.0179544741143
-0.192486528471
-0.016193605854
0.122259783145
-0.274153279572
-0.0220468218847
0.186270297918
0.254224400755
-0.0421805864891
-0.141718956704
-0.00473146084302
0.080373489173
-0.227042849729
-0.0264465283157
0.163859952452
0.261240277376
-0.0752732941902
-0.172460426314
0.080499200857
0.0245353431689
-0.19707488326
-0.0214950282793
0.170229513689
0.199016142047
-0.108188064426
-0.102788941588
0.0655941870028
0.00458978116163
29.0782404549
-2.46752804802
4.8364109069
-3.25846633456
3.55148047547
-3.43549322711
0.462792922167
4.40456023316
8.32483800458
-0.576762434973
-0.237244310893
-2.13447113115
1.61599493056
-3.28640126104
-4.02313010937
3.99527475776
12.8810896357
-2.44679356626
1.29894286017
-1.68950909968
2.8026896095
-5.65907627094
-0.657825079718
5.18047283461
6.99001922362
-1.17230755288
-0.541353743385
-0.247454269025
1.98080190065
-5.52047869423
-1.66442405665
4.3690966463
6.09078339623
-2.18744352641
-0.0316159899695
0.931298231923
0.885859999095
-5.43680550813
-0.366390393243
4.24033318982
3.77883875767
-1.81580572065
-0.00546789997828
1.54759374882
0.31157153835
-4.73750791347
-0.011023154699
3.41534343137
2.50607918694
-2.06638647049
0.556964777009
1.79537872331
-0.517473885934
-3.80612815161
0.366478886622
2.88805420666
1.18056318452
-1.68018840517
0.833275858609
1.6323597346
-0.784086488695
84.5936303612
-15.5215590866
22.0007002694
-0.0655033262422
9.98604169563
-5.94549992056
1.20689451177
15.1274825656
14.6514707542
2.77025718771
-7.26779896091
5.7133888318
4.40480689679
-8.84322806365
1.25307215902
1.83213345689
28.3410114864
-8.94046123712
5.47360096689
3.51812678174
7.74268926479
-6.3020436627
-3.20846909771
12.0958482774
6.89699249798
1.2373330413
-5.05400283131
6.65288376907
5.04787649611
-8.46133211887
1.14514658044
3.1170550818
11.3620042604
-6.19480988471
1.26884533063
3.92835592466
4.02510093527
-3.95166937333
-3.30259948144
8.17145646276
2.16928473775
-0.818170419817
-2.3671923393
4.64459027488
3.21391093614
-5.20996127666
0.665925168746
2.3074861853
4.92710155348
-4.08984757038
0.382686628627
3.1399595678
1.52871396052
-1.89026400521
-2.03822177336
4.58330743113
0.626887032986
-1.11917665718
-0.942372372967
2.57425085645
1.67411278463
103.516367389
-25.9652953871
29.6900231668
-2.99730377765
18.6105033823
-9.90040898379
4.54788263817
14.6108320964
11.7633706741
0.81409701147
-15.7944524986
15.1268003271
5.3738615176
-9.7853034929
11.2782669414
-2.91853950913
26.7972452002
-9.63481174788
10.2195768117
1.71699566313
11.7677349936
-5.67610290339
0.57626772166
10.1355864867
0.645645792525
4.32795168802
-3.41898292798
5.70784735883
4.00771517742
-4.97783218104
3.95651936913
0.05963400262
8.53750842872
-4.13027899297
5.51482097414
0.309938758557
3.85879413633
-0.546291940125
-0.740571662028
4.36686161396
0.255758915214
1.8711652609
0.106728370153
2.47192993415
1.43145779855
-1.18162612832
1.55064833405
-0.420630162366
3.19592275075
-1.13242321945
2.13789473673
0.663429188186
1.15790051912
0.233565898999
-0.133909026781
1.27157729484
0.196589833394
1.01707832058
0.337646600932
1.07297930119
0.762207215355
94.8483700906
-3.05901026778
19.1351006648
-4.73825008236
11.4387976636
-1.24529207615
1.03261082089
7.45517739221
9.77951820917
10.0103049492
-2.4584233215
9.5575184823
0.17852629983
-12.2091469538
7.45650110286
-2.21712370539
26.325237369
-0.51936824769
11.484863651
1.18281670567
3.6878254901
-1.77267275309
-3.4027309024
5.33190212729
1.46008932249
9.43320180931
3.95620199495
3.44654101369
1.2030058522
-6.92207509781
3.80755042184
-3.84345385256
8.85014280171
-0.229037333343
6.90317966636
2.50356090701
0.388552662459
0.506896062144
-4.0071552521
2.30053228679
-0.502871309634
4.57178645236
3.0533848031
1.40045713668
2.4430612908
-3.46464043528
2.32701838412
-3.51879105049
3.14496291199
-0.065312239934
3.00983999503
2.30948665914
-0.203393732068
1.33408212463
-2.467629154
1.0765571152
-0.824814704451
1.48597444913
1.69617056375
0.28526699542
2.23436420001
98.7609891944
-6.64763956853
8.90717338624
-8.99893928816
7.77326035504
-3.74972428204
0.59453501158
9.20335333308
6.15748614397
16.0101662171
1.72189149832
5.81173780315
0.69948745117
-14.2176754448
5.35990078459
4.18195206306
28.0840808076
-5.96191631017
8.92601342783
-2.72795604243
1.57089247324
-1.90019747536
-1.48989652681
6.01159735212
4.03948077816
7.82191974088
1.77974738184
3.22930906531
-0.312983285286
-7.53069381568
4.09318410544
1.35993286172
8.44134128148
-0.884937338143
4.43287250291
-0.70728731425
-0.142470163221
-0.91705632417
-1.19700341601
3.43257570618
1.8475281579
2.56364478942
1.65055770788
1.05932711038
-0.49168843144
-2.8634101558
1.80145628016
0.377250504606
3.04534776164
0.529037202333
1.50275771458
0.116316222105
-0.487992925086
-0.610143980302
-0.332537411426
1.59290921984
0.734464187109
1.03120985176
1.03369931697
0.18445526612
-0.298634112132
106.471110849
-18.8597005305
26.1587074563
-15.7637211753
28.2584864186
-16.5120792256
16.7244473795
8.05333123985
12.9753737421
15.8998112137
0.00124463674725
6.43502830649
7.25739639565
-5.80713836823
-3.65923392249
10.7390225669
22.3413256044
-4.60326204609
10.2227942305
-1.82158615461
8.78220921325
-5.87585487426
7.60866019096
1.71002753624
10.5406825122
2.1572706265
2.75922183163
3.91463375475
3.25539210286
-2.87685219093
1.02664524663
5.29820610607
5.17214542427
0.817025049455
3.54811329159
1.08173134505
2.38146227578
-1.40638639033
2.41229839668
1.39866305748
3.99656771847
0.099597198631
2.48125865277
1.35907540081
1.36580695069
-0.862645871325
1.32500212122
1.55558475945
1.65240696879
0.74121987541
1.4186740616
0.886353092135
0.76098926026
-0.0822710951279
0.919674458173
0.783697591049
1.1448081454
0.284605568219
1.10417024735
0.517292195716
0.579065913407
103.814652868
-16.1196956235
31.6522816828
-10.9794430438
25.4791041243
-20.2303484477
7.36367258209
13.7804929952
14.746603318
10.6867382028
5.66270780061
14.4275892543
4.8897885502
4.42526756953
3.95041644879
10.7905686866
6.41176271969
-2.32149452128
9.48415545212
1.48220666209
8.0396589179
0.232467656232
11.844099247
1.65393350826
5.18516981829
1.81986100538
4.08855703561
0.962702499366
3.30714423484
4.53510879624
1.96200371553
2.52220872117
2.53681809377
3.5804913293
1.14815893415
2.57056682875
3.30624708735
1.92530472761
1.03109786519
1.01979185634
2.57035247639
0.392110248229
1.66339379401
1.96264491919
2.57580200416
0.268320506956
1.28939982899
1.52153585759
1.01315835712
0.360396187291
1.2784545565
1.62127591385
0.400547426032
0.622758254605
1.01037789453
1.05418228608
0.282342581844
0.882632102346
1.10413913263
0.54533304309
0.245125102537
168.011139339
-11.9580292585
8.95842231343
0.314750489469
-36.1229387207
-19.8592777202
32.3854523205
49.5466403082
7.70988016834
34.6520387075
6.61451962704
-1.08729513649
16.3305296605
19.5365489531
-6.77036637343
7.06454672984
1.94077991135
-3.35506395075
12.5073628528
21.5683933122
10.106094262
1.31130033276
23.1050416619
7.86461506014
-0.378540561252
3.0925469273
-1.37251648926
-14.9279915752
1.99130072563
19.2384523858
8.59925960588
11.2299487401
12.8088822303
-0.0899704470242
-4.52412307511
6.09510905251
1.03003354898
-3.81295342775
2.26932815696
1.48102676054
-0.704916587296
7.57465438183
9.43053002189
2.58313844869
3.99102501143
3.75291729399
-1.65897012591
-1.37302494337
1.59973643701
-2.37867066487
-2.10433800875
3.8368585161
3.93978887855
3.1096711356
5.28262376527
3.11282393066
-1.33170009925
-0.227862568708
0.529255436981
-1.50770751383
-0.443835607574
1186.62914341
0.0315288295227
-176.911018338
-0.38944032682
-793.33793727
-161.143307457
366.603484299
441.575613192
124.332410921
181.467000546
45.2707144592
-285.522212319
230.45323508
253.231136523
-158.956131846
-78.9801013382
-75.7583438477
-181.023470839
41.0675975012
319.659793565
152.620878886
-19.1631199422
140.857970147
4.85691083025
-103.274227069
96.714171328
-28.9921003788
-196.442332649
-47.1889104777
65.2707636693
47.917689411
138.661628846
196.706165748
-18.3393639204
-71.8084062708
40.9901316395
-43.5571985588
-48.2131754315
30.432980738
-42.4690579581
-84.2581565157
36.2541985511
104.074620865
56.2633862856
85.9707103598
60.3580907732
-69.4788388559
-55.7859551743
-3.18847373231
-37.2823377879
-24.3590969554
21.6965537621
2.05558715104
-0.801898709316
66.8099530407
64.1751183479
10.9854811121
12.5532176588
-15.2483098052
-57.7466139309
-27.8539142222
5298.92538966
6.92739641078
-1153.9818702
-5.14518122146
-4753.28183123
-261.531587042
1507.4401819
2108.17100194
1566.36648106
-118.759416524
313.235770051
-1919.85649663
910.250854661
1802.17265743
-792.139121402
-143.206958199
-1360.89991466
-1337.55295235
147.692421887
1647.86509372
1946.72655182
-26.3229968086
367.511662015
-595.364638206
-1291.29188773
707.85886226
117.721982694
-413.929801599
-428.594058562
-356.779386618
136.352303002
527.595599398
1705.4105859
510.40567187
-558.675256062
-274.304157782
-1063.55652619
-436.564180246
360.271547683
341.422441917
-0.836773560921
-197.935762964
336.71968005
86.8405530851
551.00677795
798.430251965
-345.496615245
-587.690547594
-630.768206679
-489.670971451
44.6993783747
516.653506154
614.696153157
-26.0847572878
34.4289976193
78.7375728176
-138.328720138
254.261191963
73.6047705982
-335.328029142
-445.357295359
7667.76549857
400.986392193
-1374.1602256
593.048349302
-6909.60590121
-738.514718809
1945.39476424
2723.44845234
2650.83231487
-135.274446799
481.532684405
-2775.51973763
784.001510122
2787.85157531
-778.937755774
228.986361941
-1735.51703549
-2097.5903379
-1.72404200896
1859.42951225
2894.39708461
329.233031528
377.174751587
-868.79189131
-2017.84877707
725.892132509
464.079517555
-8.89101072941
-137.000491717
-574.264472322
-135.290121357
305.479288642
1772.45135534
909.723245472
-366.285030141
-304.517757139
-1261.43288949
-671.003986468
375.952961357
554.221375934
349.010162043
-53.9265716843
145.696114237
-92.7832088649
311.877054619
712.538354775
-101.113235455
-383.609049137
-530.398973104
-501.83267495
-19.7278649467
435.333609056
592.922045322
147.798504745
25.108591431
-46.2569260491
-196.284266351
95.9798192809
77.6929219854
-126.782323383
-215.771276067
8167.8854146
1470.7090029
-2673.88871582
497.097451527
-7313.07888511
-2233.05089557
3500.82092831
2456.14160967
3538.48891665
663.136976014
-538.728972228
-2219.35017456
-286.850862563
3120.22324329
-465.675273564
-518.738769988
-1030.58948645
-3175.53573461
164.578596503
2514.93225276
2829.54121543
1458.61216142
-93.6588443291
-1040.27258769
-2442.85303575
14.9720761308
1144.52233757
-453.681666175
167.173029006
-419.478210954
-707.638499703
1002.62766673
1922.31511971
1340.67865587
-291.812739161
-922.493570052
-1516.33184798
-1420.78316558
686.677837956
1003.37254981
315.902274664
359.188680233
-167.749326627
-192.563464908
557.737535977
936.42676157
108.625578267
-834.686127062
-851.810462308
-954.200959111
-183.449149709
1111.02912214
952.543360632
339.070322623
-22.0744787814
-384.470200281
-352.156183979
174.066933151
395.166796232
-211.823027392
-524.806027892
8026.80239107
1733.61077224
-2148.36712052
889.870366273
-7462.50619309
-2959.54419799
2924.04931064
2439.52761713
3835.48984295
1681.77066902
-321.249066757
-2649.61808885
-864.531760867
2570.71224913
-85.2044419508
-84.7061243839
-354.663507923
-3084.68511346
-363.181265198
2302.05225007
2421.9462016
1551.53520736
106.651767117
-981.006678379
-2121.66067042
61.2867344827
1482.88499852
-202.014833501
-164.842884184
-620.291779506
-1140.18374213
751.25681579
2212.93496934
1550.07839284
27.889435779
-967.603569846
-1617.024668
-1254.11477468
635.500975961
1312.41261528
316.396663718
-99.3201303719
-420.888673562
-488.090170293
670.836104385
1278.75423378
423.572132886
-589.703420268
-1041.48117341
-973.307957038
-168.415597796
953.664031279
1033.35523881
162.767629357
-301.720706429
-403.784445269
-232.265538768
488.190038222
621.072781616
-66.4692601105
-591.898722084
7520.18724392
2525.04753891
-1908.10397701
490.789502486
-7394.44003146
-3920.36753159
2885.13792531
3200.99782692
4222.10820753
2769.852037
-476.821841699
-2979.13544564
-1174.46156559
1963.71899426
372.343508473
-50.5901268059
-14.3178472468
-3049.55294649
-447.891006979
2641.91916223
2235.58822785
2008.30882752
100.806181966
-1412.98616448
-2067.88174791
-357.568676365
1365.50764642
32.6646989448
-24.2668275436
-237.989457441
-1063.20372134
894.17089905
2076.05665391
1102.46614641
70.5086213982
-1169.6968796
-1630.79906941
-1025.85260854
606.727355585
1357.40049297
413.103347518
185.019435136
-238.432989701
-452.794064962
622.507781274
808.202489032
74.0496726437
-538.099767008
-897.727645632
-663.12446339
75.30371673
923.175809954
870.284625554
135.759942664
-141.940705837
-389.574218936
-282.805297784
263.207016994
214.821258093
-141.693845332
-326.185924532
8223.84676635
2294.52199995
-2123.58814687
302.22736547
-8112.434452
-3566.91604078
3295.54666174
3181.31609494
4128.10842133
2646.56598156
-957.495246719
-3011.33843116
-850.229843091
1929.91552482
122.021322564
-263.848909587
-76.8535118477
-3477.07007226
-71.420662118
2843.25027733
1985.99589206
2257.03269468
45.0729345775
-1544.28772728
-2250.20568092
-441.076476429
1149.46632288
-139.746307622
367.560583109
17.5768200603
-1117.08558323
1027.41870889
1989.50064123
797.896675539
302.100538197
-1066.33825076
-1854.68905154
-1274.71262586
436.101701481
1296.47654577
562.628069602
772.421410811
-132.457019693
-789.251283142
470.868507722
564.810342716
-11.4558102998
-214.329170763
-785.285765213
-1020.58150972
-212.811069735
910.66646271
1020.951376
555.714325143
320.67985463
-581.042485543
-816.271564938
36.0582824482
105.835658371
25.3128368311
96.5843496815
9265.80877288
1220.86614792
-2287.41577956
805.250043714
-9105.93794619
-2782.08131668
3676.1715266
2679.05701908
4006.25212807
3005.09039617
-1126.38723679
-3110.78657804
-260.809074759
1748.81880243
-189.522868366
87.1669634364
-3.84431217146
-3878.33335285
184.11013207
2884.73005774
2004.24105165
2507.06872431
466.770078931
-1655.49954199
-2968.11265878
-298.339637327
749.25035745
-135.653501658
1158.39675354
153.301606724
-1209.3641448
897.944436328
1824.80000694
567.043128459
462.79091338
-748.251920618
-2040.31326969
-1519.16446725
501.526211614
1096.26746822
727.780871656
1283.14820684
-144.638758125
-770.054503394
280.188448177
335.931964653
-124.199800012
-190.534286555
-520.883137857
-1017.72746748
-129.256739064
934.218396327
910.458665496
626.947057541
397.682423184
-566.009458025
-811.5820358
-90.2570902296
-46.7807845531
-11.1920801537
109.247869731
10000.0
639.868029896
-2138.66150136
517.773709125
-9938.83999093
-1790.74608416
3919.72466825
3187.56027305
3823.31597884
2619.94140033
-1837.16179895
-3430.15621126
734.215422975
1856.1338561
295.448740563
85.9878324808
-921.930809969
-4246.26382529
457.327200851
3040.87984845
2599.04944088
2543.26900287
34.6352086119
-2046.49947928
-3317.61267478
306.220085138
690.1720085
222.749096294
1084.05269822
-537.195914584
-1116.60146101
960.005657278
2113.62406599
718.08492365
430.758383912
-1084.9157717
-2331.68255876
-1336.20626643
832.806142987
1132.18751901
875.510203422
1041.60158959
-620.471677218
-583.262439342
409.758645745
586.656937839
-54.7364053371
-253.40666634
-788.761268087
-1186.56670067
188.731658272
1064.1412044
967.728152066
596.697283972
115.626391263
-854.899815757
-650.183702532
117.823397804
103.734073059
63.2733960677
-1.36643024186
9777.42814303
783.066136434
-2077.27996799
-420.687285579
-8855.74911022
-1993.21924111
3400.58407752
4297.71035145
2601.39890158
2381.82705036
-1882.70976015
-3547.24127454
1054.75077349
2150.98926833
746.710595768
-893.745517915
-1168.21977633
-4242.34588082
16.1024789019
3573.49904208
3074.22274941
2094.95716549
47.8951201638
-2036.23929362
-3437.5561169
719.662204831
715.227556268
425.721240995
368.279320008
-726.36998284
-930.173429322
608.8782593
2954.75117408
883.015480607
411.266988796
-1194.73393228
-2409.64171653
-1543.72820758
666.418507624
1431.86042496
505.65833799
1000.45486366
-662.494761482
-418.62278214
435.565639936
1030.84700454
86.3532286932
-661.684277286
-782.585484076
-1692.53622491
92.7503075962
1002.50346157
1342.09583241
628.28961853
237.244157098
-611.419659359
-903.765106726
313.561401789
18.7082185091
118.284340394
-336.741605998
9220.35716714
1990.60136825
-2530.37618312
-603.162137736
-7569.64680881
-2798.81789078
3386.7258937
4864.50682437
1918.42332025
2428.03375731
-1653.65021033
-3262.1289934
953.270312151
2312.199572
1370.45005516
-1441.78017229
-590.694746508
-4055.0632168
-512.76439102
3811.136467
2771.3071255
2065.31531348
119.141404064
-1839.34141163
-3266.01842388
730.16810293
860.302573285
482.465586119
409.597612671
-694.922604443
-1013.55378142
299.441725377
2740.42859078
753.75551198
504.371012358
-883.718792806
-2180.31957042
-1293.13744919
632.443340975
1336.59260829
494.990207094
914.617084951
-643.712871656
-553.698937186
368.040215774
827.179129976
161.995700735
-331.464473791
-532.839772341
-1296.57400029
83.5827164874
826.362893862
920.388575968
476.15337692
115.874358103
-578.883937919
-650.999539031
255.184928702
120.236045493
126.112837263
-83.3402972234
6433.91218
2768.87047965
-1053.69202295
-1141.49181974
-5699.60093405
-2981.03062284
1879.03751225
3485.6331908
2184.17505825
2054.69205634
-553.226441146
-2037.03773147
155.937624286
1177.40159223
577.346461381
-514.655494506
-851.041330656
-2414.86428423
-498.505704007
2077.43872991
2106.24681309
1643.594088
413.667160289
-1277.10276481
-1816.36441803
-198.979792658
348.321015823
324.603849402
292.340937284
-359.883948547
-575.354762562
385.146006251
1261.87956919
917.12569348
441.485022648
-480.169557396
-1293.04934442
-911.249755048
30.0537487162
547.659979167
676.592378174
469.424457136
-125.051379526
-240.648074709
138.916727298
323.726545841
241.791324655
-44.777973666
-495.178143952
-637.459965469
-220.979375873
279.895785995
542.983730016
525.433466992
156.621331519
-215.808803859
-273.775551135
-113.775750195
47.5727922
101.793415789
-11.7113693678
4834.31062386
2990.90367137
-284.123361161
-1362.75652817
-4208.87440245
-3104.64566678
970.008723303
2906.15968068
1928.69528391
2080.90320001
-58.6607050028
-1552.14546852
-345.1225237
822.396095729
337.590776435
241.03749674
-261.566293368
-1974.55382931
-670.738218349
876.752292406
1436.47250048
1517.66711704
1191.94037827
-660.845220239
-1206.38780701
-325.980290747
-317.476991988
272.549127406
511.734686326
-33.7373828877
-615.808636616
231.425813922
377.570715299
590.434206755
949.049836526
129.85933085
-642.609499792
-706.559426559
-380.570946277
-309.315881074
584.903649601
512.428190372
76.1416374104
35.9448378198
-15.3386758269
-68.1850474626
187.691249602
410.550813947
-202.900498215
-197.695070351
-319.548304447
-303.647749908
37.8030186098
446.519219973
325.39944376
127.376370547
128.356051327
-278.618374482
-122.197892134
35.2621747956
86.8280602666
4374.79939047
3497.21456035
158.693217113
-1688.925719
-3783.71367037
-3239.8095577
403.670930761
3049.51550823
2203.7320655
2015.14296608
215.58363295
-1338.28451471
-636.604013887
799.520733778
661.336053346
245.878827986
-121.354460502
-1772.66208194
-947.480164331
584.558658124
1457.83517081
1541.62591423
1205.79386993
-293.207217346
-1178.05048551
-458.278629418
-266.00648155
269.816919309
402.56084412
38.7598359413
-521.647313268
-22.2965907175
417.326226083
581.856647072
862.960182043
212.436073671
-432.623000553
-694.191905416
-380.683432976
-171.989525472
355.932034042
458.198090332
102.514439825
35.8942741813
-15.9681980846
92.2177864934
173.872106288
274.806432377
-79.3705711453
-248.692092155
-257.589540511
-198.844461846
79.3914553264
265.643317917
278.892329796
88.8979112293
42.2692854246
-86.4926594903
-54.4476093591
35.1740892065
20.045013712
4114.53677548
3004.50245098
233.495802626
-1460.37052615
-3623.10861476
-2893.0027916
174.018616223
2708.28955655
2087.23801594
1834.48803698
-1.93158238248
-1020.83094073
-525.356416487
651.937510281
745.178599777
-114.374758247
-516.282770863
-1582.70172756
-738.878695448
520.363412341
1618.20520516
1341.39211658
785.236663372
-205.172168477
-908.531859549
-422.743037221
-110.670250275
170.610055029
-159.056563695
-159.86609167
-377.902092296
193.331085092
745.777735556
883.107679521
547.478103497
-97.9172067329
-525.153193964
-733.040185896
-225.670479498
32.2437368254
270.250598149
131.035808711
82.8058649329
20.1293745462
224.784195241
401.025335735
259.597482908
27.9887215704
-345.314287968
-413.091636663
-356.591803465
44.3858980711
201.358543186
294.481622777
171.241054028
62.2257255439
13.2312480228
36.8532175752
94.5230619952
-40.0212406368
-98.5963454313
4164.02401649
2822.19341843
566.343038072
-1458.40816851
-3768.02120625
-3364.69380756
195.349796407
2897.53306367
2359.81600197
2325.74483282
-106.251473543
-1190.56789369
-927.511224187
736.979965709
591.636754162
196.036096035
-351.32560225
-1527.60906971
-809.936871068
427.565724516
1719.56671054
1187.32291019
1161.24999115
-233.049782489
-831.7603267
-605.966320933
-91.7696943669
-22.8217866096
-115.900387007
90.4630306106
-415.646921164
324.225696409
637.775764886
922.74233664
352.119752231
143.8757662
-559.15610375
-736.321681244
-264.958317455
-56.6131003257
225.300683686
146.179984003
303.200842371
-80.8312126879
308.769992837
280.992538795
262.852298973
-7.00283045114
-185.961985484
-414.939209156
-426.516150758
22.3534885673
86.9010481138
351.668323818
231.531518714
224.289891567
-64.4695236132
63.2693084097
-0.8349397069
-43.9895897742
-57.8015091415
4467.89847249
3128.06775508
707.207453008
-1422.19965512
-4101.70839248
-3774.68807402
232.389048975
3183.01101422
2585.13069001
2519.64857922
-89.5547176117
-1388.78213317
-842.422306714
1018.64824579
654.725708687
215.104825685
-496.503198211
-1795.18773758
-936.582330234
697.459290986
1905.32287833
1378.95614493
1179.09905431
-399.552496974
-1024.19873166
-586.138518352
47.4095808768
21.9239880306
-35.4047576536
-62.0819119278
-499.632799357
268.56094946
811.573135052
982.094037163
445.605981581
86.9280951998
-675.818774213
-762.537666643
-246.149202152
57.3803469543
224.585432926
214.268949838
183.775920199
-37.7012835832
295.180956175
347.179805244
241.870654931
-27.8302160772
-239.751309423
-446.053118927
-317.424704502
45.0376045884
177.419555785
283.515404859
212.252323564
115.000934384
-19.8857711394
59.4097390962
21.4469280595
-42.7504495498
-98.0116994514
4330.69979759
3046.58655984
786.814403022
-1174.26942169
-4226.27659375
-3939.5036906
246.957926087
2975.57149169
2516.58643898
2463.78491453
-217.137493322
-1444.64848564
-418.3640926
983.025380648
461.210741504
-72.6126460708
-942.442778121
-1910.37810535
-551.545220564
1000.39286728
1878.08067264
1363.45659871
769.018535554
-563.354129165
-862.132424559
-308.333138105
30.089750082
-12.8453991049
-314.394799906
-332.181971609
-379.121099655
536.537820773
1036.98449499
1012.27060139
382.798765437
-246.587927459
-757.690382074
-723.649492181
-116.367751476
65.2471509624
198.385327765
55.2214137576
73.1651639029
83.7075078252
445.231949017
504.47405246
203.222318235
-132.835874638
-500.157632281
-510.112621943
-296.435929487
169.298316619
250.583429197
284.782219229
152.915515926
49.7355929564
65.4968886788
129.069267764
112.002040807
-115.762625224
-202.496875936
4208.43375828
2925.2660604
644.985324876
-997.612883896
-3959.73564776
-3717.31955606
418.808501286
2986.5621238
2092.46614263
2281.61267255
-232.915180716
-1367.74356338
-180.005613299
1299.76042722
568.350216444
-227.712700605
-758.795592936
-2007.59699577
-558.000244129
1100.00885573
1937.2583029
1095.81791775
768.771819549
-481.207060661
-962.704555012
-9.00674964249
226.205781478
6.39017106264
-451.714488499
-237.971153448
-617.173754399
453.196059372
1119.42774781
908.067228917
334.829858287
-143.081153705
-546.44276548
-730.127101748
127.469158729
36.7635812249
49.5311420968
-52.7325008522
60.828099268
15.5458509359
413.13132249
635.57823732
120.689406481
-31.060269752
-367.10364909
-361.529371553
-316.031716211
176.944658388
121.940499966
89.2174496979
161.638356167
45.7764119063
122.885553504
138.735928129
207.117639644
-144.669450887
-116.396616797
4522.18975007
3379.85585593
160.705048932
-1322.64171814
-4055.59595357
-3928.00787848
697.930187152
3532.70585858
2028.58515706
1855.88050049
-100.70171801
-1498.04821505
-199.159831534
1812.00254451
766.518667003
-681.735851355
-795.130400575
-2221.99523738
-984.271758488
1400.31137026
2257.00515644
1080.34764112
785.469940226
-414.274441143
-1287.31113693
44.0765657824
511.705661734
45.1138506894
-581.404409893
-362.446174654
-884.363457024
241.177192551
1429.2275063
1163.10798492
467.291018912
-147.160146899
-653.519120524
-974.435657741
152.931905723
227.745046694
64.9746185412
-104.73806183
-109.545278825
-134.728360184
366.776506159
907.377587854
317.997812824
28.3496685158
-444.154380387
-535.495874582
-436.726249323
201.761404298
277.680006807
83.5163729248
116.33987014
-75.5431118756
70.0442843889
191.127983199
379.651801854
-27.7215784612
-161.264394117
4357.59056573
3237.14045032
-138.911771593
-1395.92743375
-3909.6460512
-3603.69100713
761.807299305
3490.05205719
1790.70246858
1484.76827155
-124.890367881
-1464.93952403
-111.21753157
1759.62630562
922.03301279
-720.229817611
-830.322329425
-2192.99823666
-1029.36158233
1251.78345725
2179.72728593
1223.79398869
582.427742433
-262.149753508
-1179.95935468
107.06011168
514.315159384
157.848933911
-638.767209774
-615.925530929
-779.55243402
78.6680963508
1421.95997947
1162.16345447
643.151401075
-226.595444138
-549.268458268
-812.095333765
10.8677249989
268.016376349
-71.0263108696
-164.339910603
-357.722394605
-8.40919763226
337.743334157
951.073789716
483.299714239
48.2952048303
-393.730193441
-618.023866142
-319.12282448
-5.75264666043
299.313857693
-6.79374174967
64.0498719092
-80.8434197129
134.133293071
345.600446165
354.885356125
145.841660819
-261.905840132
4325.55426995
2936.29289278
-303.774543164
-1523.67179342
-3707.02987653
-3053.26075275
828.44709974
3536.64167687
1663.85676347
1434.92450746
-237.601169014
-1411.71019637
35.0058447644
1647.40218996
958.933961548
-579.390609527
-743.642069842
-2119.5031991
-756.558301081
1161.95555599
1820.4663631
1094.48006342
503.243933506
-231.965337213
-869.244008459
361.86589561
340.689937331
-30.1420088102
-632.22359118
-644.310456636
-597.655093895
331.775782125
1258.64766757
790.286782157
442.845754969
-223.975903173
-385.870698621
-357.065510802
216.630886056
98.5127069993
-250.39060794
-270.942604496
-329.440636302
131.317253405
501.838797181
731.207691862
258.84522292
-24.4658478836
-287.141898523
-324.609172417
-59.2227405145
36.4896119688
22.4718973597
-160.384026303
-49.754705296
-0.832381153415
250.723907225
349.994191341
220.049174835
1.06380094693
-183.639070973
4331.54735432
2904.1152001
-133.317729149
-1824.02768845
-3704.16336316
-3118.23195408
708.217812492
3353.32020867
1843.08822506
1553.30538233
-430.351032881
-1391.44958884
-146.385753542
1626.54964217
901.860483621
-444.053079266
-1054.33433042
-2121.81850549
-761.210275112
1100.89079241
1926.81295627
913.158600643
454.296868684
-355.716583779
-567.072418202
394.083254827
543.259826268
-202.269054765
-1013.19380792
-809.255414005
-639.656208903
624.100490558
1426.09819741
1055.38288748
103.69580573
-372.238061154
-467.546513949
-286.364778682
409.610871818
159.773296185
-381.087990575
-682.344748556
-290.381978076
128.674077587
784.053362972
930.941497915
255.553976131
-287.296419658
-460.568422097
-258.281576579
-64.157668359
256.861448794
-35.0991101679
-313.609503137
-229.485876586
99.8359215287
380.846548323
500.740554188
340.388516785
-200.744103239
-343.622573624
4393.22848885
2519.53022391
247.476410526
-1959.15947985
-3599.47496861
-3060.53116885
903.031809377
3300.71811696
1566.54114722
1517.13839251
-610.090661609
-984.689451346
-54.7204777861
1875.5878533
580.806042739
-724.284743852
-1093.49711521
-1911.73853071
-274.720009203
1252.20733402
1984.82015501
309.866187605
314.38346245
-339.807967266
-240.175147615
661.839607837
516.767022002
-432.518569852
-1356.67750801
-519.112655954
-464.601552214
948.901282644
1297.13339368
764.402114631
-232.677485099
-329.988575291
-89.7223414084
-153.016741209
516.345863496
-218.116714332
-554.842615751
-722.178491268
109.526429487
376.296921936
791.086524055
718.839341442
-128.309829703
-266.433914095
-316.071991707
104.67472595
-93.5799783795
149.479614875
-318.065256346
-351.507676752
-9.02858473514
330.324966108
523.005164704
281.647150684
169.461247039
-397.407214824
-181.205713738
4376.34468111
2673.36899289
48.9525864616
-1973.73004288
-3290.85595872
-2691.21595444
1142.22669175
3063.68931664
1082.07085325
1078.40947566
-376.825851233
-526.928220608
445.384575656
1732.73013001
74.4543266709
-1020.43225516
-1097.96154713
-1384.3739209
228.872253978
1318.666171
1464.57809634
51.7014624781
126.647421408
-246.420004797
95.0335750704
589.556998561
215.830474381
-570.498854524
-1048.6252005
-326.271183653
-41.1767680897
909.156537844
851.377669699
431.006267449
-210.831773528
-161.09544018
-1.61801478194
25.5343507851
192.491529944
-276.413454804
-370.357328623
-342.860554328
215.116496704
346.988859524
499.055356013
263.847388335
-82.7389695347
-154.078113408
-110.919912476
55.3657024506
-52.4819909907
-9.7702142045
-192.97594532
-83.1394167951
57.5926006383
234.622623955
225.257205169
115.026428753
8.23083214737
-126.665575777
-47.3663073266
3945.27419128
2425.60752707
-264.750543605
-1778.54801162
-2674.53316564
-1892.13895855
882.142010263
2287.25402427
374.81318107
522.185808045
86.7503210383
168.479628765
748.879627823
1085.84284277
-326.466078805
-1274.6025995
-870.936747398
-681.161446445
423.696919582
907.201272472
762.39163224
-63.0245362344
95.4955062815
342.956091249
452.92085035
401.196336386
-220.565372226
-732.899966432
-867.13792588
-111.407976851
337.324268609
599.739696254
442.757528022
148.640871037
-35.8066460891
85.2543925361
291.095030838
17.2092274075
-235.292395794
-469.523895764
-385.397182939
-84.7125476038
354.871426725
436.806859763
216.346979675
73.1186429388
-32.975220802
14.1379573471
65.295955622
43.7633110463
-195.92235577
-279.288152442
-159.734360222
33.5405150688
229.353172756
278.70176855
156.159635542
-35.2327515156
-43.8314729862
-16.8188925936
3.71195096812
3782.49768138
2932.69376708
-588.158299544
-2183.76483821
-2573.61310763
-1869.36962083
746.447473218
2523.66697684
648.216131183
172.917428541
578.856119118
479.664255482
432.290686404
924.252153114
-235.161585916
-1666.13045387
-946.773931228
-135.383438989
364.873074587
895.667312226
946.436562218
-182.601399138
-220.149571867
634.161440462
635.006594518
190.813636467
-171.177479485
-767.411890439
-1094.92958168
-126.816384913
609.093017504
509.463642367
370.422796441
292.67465935
-23.3781818427
72.8581267358
453.037348667
97.0638621361
-430.01796031
-482.816171837
-349.225418105
-163.782764725
331.003601847
506.037603248
155.111221937
12.0284316051
126.638892065
108.646777441
72.0141574247
75.6585368138
-202.452352444
-412.204489843
-205.535250236
58.567439215
145.924931125
222.44440176
198.234928955
21.7744704469
14.4460724374
125.036884158
63.4734344138
3891.53884388
3318.67861811
-221.816895607
-2680.79060954
-2698.31013215
-2084.55548973
502.261587343
2738.82431916
830.078549217
8.17987076313
480.694272413
1004.56559815
570.73533333
979.317258051
-261.50374917
-1971.02240238
-1210.72691838
15.5760144309
574.5157348
603.33589298
845.523108123
-136.674993588
-48.9184986295
940.090619549
949.44504121
47.5191202682
-618.793899346
-833.337278306
-1002.35167829
24.2028697957
686.163361223
445.194945918
50.0388252818
225.820931041
337.327495914
328.683722388
466.66102457
-91.0623782089
-657.192481793
-645.710554795
-121.154329451
106.611796955
270.446053539
298.751555665
47.1144249213
65.8162512741
282.0587887
340.983786934
1.3119736289
-199.453628698
-333.551769
-297.623341742
-34.3177572153
175.603048471
152.275216819
28.0309963826
92.4941278368
116.774626156
151.483011313
108.844331902
-29.7669883678
3776.38348807
2689.6407176
42.2041787877
-2647.40931612
-2287.58012451
-1477.63785951
359.426480352
2290.99416429
264.169099449
-259.302921925
212.708165492
1858.63249743
1067.27204782
537.925436278
-661.731801377
-1949.21145996
-894.183431033
414.000182349
994.627508583
-352.803871614
-193.864474979
-50.6342999813
740.099408762
1437.2994282
1064.43366457
-247.078669149
-1354.63329212
-541.242118899
-116.705235994
249.964879513
-101.88547887
-300.361355917
-313.989731955
439.770000073
1268.15180057
753.547116509
3.05083638786
-621.409525368
-370.400692737
-163.297159595
162.491199391
-75.3194427034
-534.837497045
-367.626574217
242.109316761
803.556547781
560.699761283
215.963370604
-244.689206157
-248.356564077
2.01586448903
130.82060465
-147.125949873
-499.566145145
-317.946211361
44.4151367206
441.251255413
437.4974075
204.793915193
-103.718051116
-82.1377814609
4212.49632031
3508.04032355
-241.068920615
-3271.50350549
-2723.06388809
-1209.20264467
538.626656174
2525.58017771
265.112787947
-688.907364587
466.283968054
2421.45015435
1487.84039396
-20.454780275
-1125.9613404
-1851.44329592
-379.469587943
885.2979228
849.02133142
-876.172984051
-868.043495231
186.680373333
1415.8572497
1653.19327364
630.82632972
-537.610897583
-1076.35601905
-103.870366257
366.887775992
74.2782063781
-791.063732036
-731.177528656
108.156746773
958.790826136
1171.93764348
350.09015675
-380.851286289
-491.567254785
191.347105331
404.762683983
3.16373681135
-589.946306216
-660.814782277
-79.5002622192
501.369959451
617.517170622
110.257133855
-220.344951841
-83.2101251121
350.951296525
417.814803987
4.12312983316
-445.116524548
-496.312943101
-89.6269914608
270.642896657
272.836791843
-46.1672796653
-193.324140776
16.0605163921
320.353717177
4409.28618397
3548.08473676
-1037.38092946
-3056.09986093
-1697.99534369
-602.303514588
92.61063043
1262.46011014
-557.514195589
-725.411607923
1307.96490378
2678.29113138
1188.10770918
-566.015942513
-903.527967984
-775.252877977
352.268130351
640.054858844
-180.987026709
-1564.00897002
-1040.15685468
750.897277591
1591.21812505
1134.57611856
136.741447763
-203.308050767
-103.712982413
561.796365339
421.977041696
-702.857057168
-1387.13434582
-738.900658457
422.781424775
783.241607422
568.346780564
11.3550704886
-125.048068123
365.911966615
813.165866268
404.900214408
-518.668125327
-837.565767679
-493.381789128
59.672979227
243.052407034
37.5936691242
-211.975025891
-27.5550750746
521.669713089
707.229369667
321.085157012
-222.297741069
-386.659412325
-212.538394822
7.30877534271
-3.12923527328
-237.182104491
-306.13859878
-24.7349756986
356.647830107
426.127835162
4586.93283916
2665.11712524
-2257.29040437
-1785.72398215
-352.661561175
-366.683351219
-80.8225814337
167.304931972
-1263.67901736
-260.177471403
1986.67357689
2271.43351577
398.56770121
-601.251902656
99.4432885311
271.732393198
387.52939378
-271.497118388
-1316.79050732
-1571.78735547
22.5127511619
1394.76835714
779.520730459
12.0084936348
117.055745458
699.519854013
879.416417672
628.386234566
-496.312822015
-1329.42051783
-727.949260082
243.190093005
284.6928875
-354.558813347
-348.513393392
203.348586798
900.963283979
1070.06232013
410.558299331
-430.877440949
-481.040142333
102.609088861
151.668393424
-375.007501905
-781.55183879
-496.910975879
186.135504399
698.769306898
566.47035966
38.5449962412
-69.3652310406
303.48189224
508.415839301
81.481737658
-498.031394313
-678.798358801
-335.607108449
117.153598134
188.849946863
-72.3739245102
-168.120244997
5637.88240216
2780.60888528
-3251.96600738
-1140.20827061
265.631219861
-247.068910711
120.773623345
-112.22153614
-2239.79473597
-340.166852685
2533.34802841
2098.64852396
-138.889700799
-356.376935329
774.151021333
745.540679993
683.872548551
-660.903473144
-1666.46622386
-1390.13503971
345.042676406
1048.165177
52.1216570702
-326.16213336
430.13022577
1261.97274807
1015.83947094
509.789326997
-530.293939242
-866.382104101
-251.814520442
154.457356798
-354.794360291
-783.207432891
-238.230571255
368.51756321
812.658485865
699.620119764
310.695198758
-1.6332759213
161.501645353
254.806221559
-123.775604294
-529.374837701
-619.643576449
-285.20763645
9.11058542062
190.323503643
155.066039092
159.57222979
289.183950998
429.190426023
344.631839855
25.7494014191
-190.505753725
-257.592361393
-192.815914315
-160.773747875
-148.055667059
-145.339849482
-26.721645386
5452.92672541
2228.04189918
-3499.56995759
-362.309369385
1337.58175455
-508.624790997
-708.100085196
-497.031460929
-1857.24394883
678.510160197
2469.35795918
602.309488833
-948.671213315
476.508361923
1752.93655004
852.719909059
-129.84244021
-1193.4686531
-791.791696243
-99.5884285741
223.35368523
-357.354451008
-804.520122661
104.739311619
1338.11344268
1213.78896076
17.4603723743
-8.95108375506
273.286739923
333.427940251
-9.26878762204
-620.015654625
-979.770857659
-391.211501122
391.453024812
141.692697941
-173.38106781
92.69096411
657.516167384
764.247734405
430.059088573
-95.5837664927
-292.444961941
-49.3504823454
1.62394186763
-330.5191369
-616.874695032
-332.495074026
150.319499345
354.501070554
218.036593861
109.553241126
227.51710457
400.06142817
327.901346982
-53.3804800045
-333.310769911
-277.391006258
-98.0905647945
-112.677146941
-221.682727289
4931.11010895
1800.08092529
-3233.59375727
190.756362456
1742.00757767
-631.643521517
-1103.52669273
-586.394271249
-1126.02732544
1027.46558019
1773.96474639
-132.535751837
-1094.0476199
1046.51795426
1937.05381564
341.896633501
-481.298462415
-507.957816483
-10.3216461116
27.4206983055
-195.029528714
-805.201165904
-598.338629039
329.463030191
959.688639399
464.902442078
-33.3453992178
443.449010747
611.299048894
308.797965029
-98.187302465
-312.978841599
-492.86125697
-229.183569663
-32.9039681358
-204.7284439
-260.909204635
84.6081357519
409.51830301
377.603577445
336.511123136
213.718233304
129.648453115
106.234821702
58.9499814276
-174.089045918
-330.694925426
-255.209369261
-106.643059435
-32.9974259879
-38.4426647351
35.7912855428
141.391201322
248.105680929
244.539382311
150.538445662
46.6629705085
22.2222314852
12.5956492639
-69.0243222033
-157.609885562
5363.7034374
2062.16930819
-4208.1448354
-76.7098953927
2744.01165173
-677.347903744
-1947.18711153
-998.756195833
-791.096445688
1627.91843568
1687.66249771
-921.395807316
-1273.75759014
1997.00212813
2524.88549158
-321.453124052
-935.17173858
161.434441255
719.964142806
-45.1348144172
-935.992728169
-1222.44368139
-210.085059366
590.615230814
296.541738487
-313.575802534
134.793662721
1187.43029344
832.881123175
53.7701714389
14.2712327564
272.025779452
16.006174121
-290.502448299
-501.075069656
-511.977831792
-193.405898311
-42.8202963433
-150.025560219
-29.4575371201
442.942960523
501.380606212
303.039782356
284.179280744
315.006482853
174.273217487
-37.0111848822
-212.50663397
-313.529768199
-243.967175993
-209.097212621
-248.131130656
-173.556096033
70.7654601812
214.67943513
208.402539404
226.44411589
266.517782217
247.114571913
148.003419427
15.8916185091
5528.50685754
1324.86482493
-4436.87141867
1503.64612073
2940.15842326
-2079.82885719
-1886.79762933
-40.2092701095
-719.338774299
1096.54915924
928.462675681
-1429.58481026
-329.957081568
2945.22535032
1267.18721935
-1345.86298635
722.528687644
1463.66132287
-98.8224065158
-545.047692176
-324.392060676
-662.740097623
-194.247233468
-46.2160428826
-611.151597519
-330.619648702
683.793246381
670.904642871
-112.434982845
471.060623068
929.091269385
311.025446944
-32.1129064992
228.22986149
11.985156773
-328.301051726
-277.988088732
-342.943658953
-398.342414122
-160.347480548
0.167034850344
-161.550370677
145.4120947
475.905803518
286.467497432
195.044102222
410.045632533
337.847163173
44.5449177493
-6.83833185744
-64.4529995062
-196.46554747
-250.672135184
-236.151829616
-280.585906984
-164.04260262
4.29392885368
14.8927729097
74.1145898747
239.003559573
295.361265114
5869.29198404
883.141021426
-3798.49936974
3228.43026659
2890.47295942
-2826.9378491
-1511.04818809
481.176979538
-1024.14544753
357.088978777
-189.31559973
-1613.59249217
459.332145175
2628.63112498
119.450939025
-836.671684345
2232.46252296
1492.53732983
-300.643731986
58.5707414563
262.940701264
-431.082583416
-321.942980522
-707.980694782
-912.402429597
-79.7016677367
31.9462638558
-282.805227739
38.9854488476
888.994143028
624.49634721
336.646297824
607.129959604
636.721727263
264.1880428
-66.437069502
-150.876290291
-216.867717887
-318.84622894
-542.425879029
-422.504117984
-179.006035372
-62.5767198331
-47.5241899938
117.056340908
391.532607394
437.490647608
313.528526404
271.155176911
330.755447069
198.931342143
-47.0807746099
-166.668567256
-134.797305996
-190.240453407
-298.062691112
-272.458631
-127.366202705
-18.2836125431
-3.51893099871
46.5939660855
5762.41160656
658.247671256
-3690.91079783
4231.87161126
2731.27043609
-2684.07051897
-454.284118836
763.184364355
-1249.85886277
232.248194507
-624.793242626
-1920.63008252
933.279813716
1586.53574729
-1032.24942178
-293.789639772
2963.04255939
781.464455682
-679.765225154
1243.51590888
825.770314554
-117.739195658
-142.694795609
-723.913172127
-551.494167554
319.056849363
-817.069244354
-1195.21891452
370.084284843
651.663346769
-284.942298678
-21.8753962096
1029.16602907
790.138865933
340.643354008
276.708333278
276.274874794
442.028211957
8.33980675022
-640.026488715
-377.744913477
49.2606028014
-434.809369493
-684.823143999
-148.069857296
199.638968979
74.5967401846
7.94496287311
299.183470817
539.540417112
467.201455273
182.978253003
122.136864262
300.519171478
116.448789847
-273.557858206
-302.225486438
-120.241054245
-197.059681298
-353.207109697
-253.901303461
5225.6590275
-53.1200518543
-2875.17423013
4638.85259351
1999.1920264
-2664.59928022
560.155255718
1579.14852754
-1477.83743013
-138.347663101
-286.42555952
-1216.49876056
294.352742382
679.351637773
-1058.71964918
97.0984658002
2325.89397767
-64.1425819825
-228.943644776
1654.67102739
876.275703896
-449.431141023
374.835472499
163.487503075
-500.822333191
-138.220363813
-552.697894756
-627.916787404
-93.4071345161
36.7188682353
-516.031295573
247.899378623
680.148710784
166.305553498
295.78044927
732.956651902
470.059348031
80.4179680419
301.562706941
48.7754079009
-128.839930924
-226.021013001
-292.019301479
-342.615321324
-224.751943978
-226.134572318
-250.915487648
87.2330842476
134.785599876
102.352655711
210.329110608
417.925738377
266.443518937
174.345387668
224.072487146
153.510550327
18.0842782862
-110.120289753
-107.969912944
-154.500813782
-164.989689937
4759.56035541
-1116.04916062
-1850.3467079
4586.84912474
948.956550367
-2621.73434012
1034.04159709
2037.73885368
-1701.15501361
-266.944315858
176.232213171
-481.343242705
24.0363094369
95.3042903804
-875.314238955
658.062418815
1543.13800347
-809.377642228
228.419465423
1636.57000181
598.807004407
-639.354684731
646.663163495
733.508332883
-302.196473764
-320.235425251
-153.105015929
36.942498386
-268.171784189
-408.026120513
-338.154096922
326.227089131
94.5747322312
-248.331748152
214.413081212
653.079680808
275.941766636
-54.0183959654
449.131420876
450.647447982
62.9117311068
-142.990917062
127.562818536
68.8603405276
-228.925169864
-277.797547272
-105.184540966
-20.2218755052
-197.814853827
-165.965126267
50.7130968087
168.127388297
10.1962735132
55.3966688242
251.783385482
234.866819338
70.8422658951
82.5168557917
183.77404942
68.7496922289
-55.9389731236
4159.23340869
-896.080801777
-1430.13101536
3559.68946243
805.068892835
-1769.55160903
627.856712922
1572.96480204
-1292.92401454
-404.794891542
298.086476303
-371.368732697
-145.493360383
-183.494230563
-711.823924184
884.212593133
709.85095729
-857.92592521
599.596456977
1398.20236687
212.676257808
-339.47982156
930.436670652
742.345741639
-230.699543023
-224.005774639
242.538981208
211.597051944
-500.695431559
-586.92235625
68.1622150976
126.512538578
-572.248430308
-310.867279878
370.405484092
287.050922029
-195.969038973
110.466871548
649.135786829
394.08316204
-35.5203184193
183.025021045
558.146579557
149.488376804
-274.72576886
0.809465315153
214.833142117
-205.864466538
-444.341966015
-111.443829156
59.8565674305
-230.083547774
-316.534844282
62.6062965814
213.898682796
-31.013587589
-48.3071143527
290.398682496
332.368306416
52.0819471262
45.3964066509
4254.08116169
-830.981401922
-1340.95097926
3892.63371168
624.45583359
-1910.68225292
1176.11409122
1419.9602719
-1719.14916469
16.9489384879
265.782741733
-1031.07848186
184.453659168
-401.21084254
-912.471074
1000.7803298
402.757956507
-959.046579427
1082.75813963
1295.77236085
-338.636964703
471.467992079
1159.65169763
249.371140066
113.024030661
273.516265501
49.0485439583
105.050982649
-342.712425743
-540.315597818
60.9749102965
-253.332867485
-668.224858607
-55.7427651132
116.256760432
-222.529948756
47.1645689355
313.013188582
269.763072738
344.049095039
292.730480927
351.903577951
462.55003015
177.329150727
65.8485817746
252.980205066
18.4296918493
-234.08046508
-71.3851951308
-133.547189396
-308.298589138
-216.299145601
-164.087017932
-170.047650118
-84.4382105076
-47.3629402614
32.4421146945
152.056744705
119.845122697
151.026239099
270.809678464
4634.45139728
-1353.01664149
-1142.95357021
5188.01725233
-195.672827459
-2215.38704029
2479.46436497
1297.87989213
-2495.9107782
685.628684443
321.249753582
-1473.11210802
198.01664707
-819.709014687
-804.443186532
1056.92300745
-420.79830228
-1008.1234337
1844.05496798
608.943511709
-723.643885735
1317.00818846
1233.71112099
-80.2304430873
424.510427389
640.483472607
168.741651703
123.862769413
-475.051210456
-161.18768678
168.041180958
-778.958336962
-678.552979678
232.347489721
-268.450232717
-609.738649228
184.579599769
277.979207106
60.2354510878
181.523500623
384.05677691
531.007469482
351.642679225
108.834039695
395.762362497
396.964228435
-143.206535088
-75.470682994
136.580602205
-177.623413142
-359.085307453
-172.374136638
-131.474387983
-219.175721523
-224.700036703
-74.186789322
88.7326077092
1.93333165716
9.4383809299
234.332042115
239.083757651
4645.98509983
-2024.87865804
-316.52124578
5372.86318799
-1318.80855832
-1168.39471386
3111.41861351
396.684707446
-2426.9342278
1372.66101125
-264.262280208
-1036.2379843
217.83513136
-1438.90308004
174.853986
729.518020982
-1276.39694333
-206.304315912
2275.98811479
-672.188549339
-347.869453113
2101.481223
405.16159178
-83.2623279412
654.007367003
698.605611037
89.5819925103
-41.8924800929
-516.872962709
364.454071946
-57.6593404442
-1352.9814039
102.315857065
300.221630873
-825.327070212
-488.270346357
683.228956783
24.3028548518
-203.821460866
406.711454787
505.568866538
513.344911497
-21.3703300688
333.299658788
657.117730034
109.695633105
-352.117831625
300.483698325
243.629382985
-594.080583858
-229.331263978
52.0140889715
-190.077722128
-472.015066933
-121.750654609
105.008572397
-61.9747777255
-166.876511439
114.262475608
424.821792593
11.2063768893
5333.62670282
-3305.63344781
752.708346825
6024.8867519
-2781.8431491
-247.366013645
3330.61438271
536.979794647
-2937.10156278
1950.10908183
-168.54170621
-1322.71711823
216.954937911
-1427.13334925
748.911268587
-205.937992288
-853.535588492
-59.7242252206
1990.47455764
-727.824827273
-206.347475208
2219.9850224
151.218685791
181.056838683
454.174732792
1152.84174244
-202.574943815
-61.7650913322
-25.5997731262
102.546064917
-145.779752102
-1107.22634857
272.281768191
-195.458926049
-490.416855097
-426.419738679
445.743218643
94.2767884006
-265.473542486
522.206725785
360.317425984
452.152759281
9.00796913909
504.554747742
380.180656172
52.9619984693
-5.79411081842
66.2216030323
134.268630214
-417.318170906
-102.404453537
-117.511340114
-148.844316125
-283.876522841
-98.0199430934
90.6347075856
-99.9732464617
64.9542465501
97.7199208647
255.930016985
80.8331396983
145.918457456
222.502830531
124.468900114
73.2675754642
1.63953690331
89.1148103652
-73.4071669284
-81.2177343101
-82.4399546199
-68.1241468911
-96.7672487255
-118.533067718
-16.8277377762
-40.1839872809
-0.477410260398
5.06181796729
71.6044256271
68.6872071003
53.434779803
85.7776754735
66.8531700102
64.3335464524
17.3387041981
29.1587009051
1.09696574147
-24.2223114986
-34.1248265741
-41.3191124058
-33.8700528723
-51.1605732437
-29.2442163575
-23.9465738542
-9.1889567525
-2.16703378963
11.371237626
27.7079037002
24.9199285622
33.7093282496
29.804368539
31.9693739371
21.0040624026
14.939414512
9.77054917719
-0.767673312373
-5.38114483189
-13.4675038513
-12.5682359126
-16.8080805649
-15.3164423494
-12.7684898916
-9.27277377612
-4.56080807056
-2.22395543983
4.00050189704
5.83484071807
8.83153168334
9.49880892919
10.215196696
9.57920699256
7.22851724838
6.24966127111
3.43848367852
1.80525124263
-0.739396880148
-1.91689543597
-2.96329736834
-3.765945164
-3.55503040387
-3.44774010082
-2.42787345655
-1.88655372433
-0.728798103641
0.188209772836
0.963572905407
1.62263770842
1.90636789503
2.23342776465
2.07332615632
1.95878801522
1.62661929597
1.25377905837
0.835225421333
0.376000979544
0.0898527409766
-0.143992724349
-0.272038649021
-0.369526050205
-0.381992318228
-0.350229970001
-0.288289676813
-0.149613292058
-0.0281023598559
-0.0266972418631
-0.02536237977
-0.0240942607815
-0.0228895477424
-0.0217450703553
-0.0206578168375
-0.0196249259956
-0.0186436796958
-0.0177114957111
-0.0168259209255
-0.0159846248792
-0.0151853936353
-0.0144261239535
-0.0137048177558
-0.013019576868
-0.0123685980246
-0.0117501681234
-0.0111626597172
-0.0106045267314
-0.0100743003948
-0.00957058537506
-0.00909205610631
-0.00863745330099
-0.00820558063594
-0.00779530160415
-0.00740553652394
-0.00703525969774
-0.00668349671286
-0.00634932187721
-0.00603185578335
-0.00573026299418
-0.00544374984448
-0.00517156235225
-0.00491298423464
-0.00466733502291
-0.00443396827176
-0.00421226985817
-0.00400165636527
-0.003801573547
-0.00361149486965
-0.00343092012617
-0.00325937411986
-0.00309640541387
-0.00294158514317
-0.00279450588602
-0.00265478059171
-0.00252204156213
-0.00239593948402
-0.00227614250982
-0.00216233538433
-0.00205421861511
-0.00195150768436
-0.00185393230014
-0.00176123568513
-0.00167317390088
-0.00158951520583
-0.00151003944554
-0.00143453747326
-0.0013628105996
-0.00129467006962
-0.00122993656614
-0.00116843973783
-0.00111001775094
-0.00105451686339
-0.00100179102022
-0.000951701469213
-0.000904116395753
-0.000858910575965
-0.000815965047167
-0.000775166794808
-0.000736408455068
-0.000699588032315
-0.000664608630699
-0.000631378199164
-0.000599809289206
-0.000569818824745
-0.000541327883508
-0.000514261489333
-0.000488548414866
-0.000464120994123
-0.000440914944417
-0.000418869197196
-0.000397925737336
-0.000378029450469
-0.000359127977946
-0.000341171579048
-0.000324113000096
-0.000307907350091
-0.000292511982587
-0.000277886383457
-0.000263992064284
-0.00025079246107
-0.000238252838017
-0.000226340196116
-0.00021502318631
-0.000204272026995
-0.000194058425645
-0.000184355504363
-0.000175137729144
-0.000166380842687
-0.000158061800553
-0.000150158710525
-0.000142650774999
-0.000135518236249
-0.000128742324437
-0.000122305208215
-0.000116189947804
-0.000110380450414
-0.000104861427893
-9.96183564985e-05
-9.46374386736e-05
-8.99055667399e-05
-8.54102884029e-05
-8.11397739827e-05
-7.70827852836e-05
-7.32286460194e-05
-6.95672137184e-05
-6.60888530325e-05
-6.27844103809e-05
-5.96451898619e-05
-5.66629303688e-05
-5.38297838503e-05
-5.11382946578e-05
-4.85813799249e-05
-4.61523109287e-05
-4.38446953822e-05
-4.16524606131e-05
-3.95698375825e-05
-3.75913457033e-05
-3.57117784182e-05
-3.39261894973e-05
-3.22298800224e-05
-3.06183860213e-05
-2.90874667202e-05
-2.76330933842e-05
-2.6251438715e-05
-2.49388667793e-05
-2.36919234403e-05
-2.25073272683e-05
-2.13819609049e-05
-2.03128628596e-05
-1.92972197166e-05
-1.83323587308e-05
-1.74157407943e-05
-1.65449537546e-05
-1.57177060668e-05
-1.49318207635e-05
-1.41852297253e-05
-1.3475968239e-05
-1.28021698271e-05
-1.21620613357e-05
-1.15539582689e-05
-1.09762603555e-05
-1.04274473377e-05
-9.90607497084e-06
-9.4107712223e-06
-8.94023266118e-06
-8.49322102812e-06
-8.06855997672e-06
-7.66513197788e-06
-7.28187537899e-06
-6.91778161004e-06
-6.57189252954e-06
-6.24329790306e-06
-5.93113300791e-06
-5.63457635751e-06
-5.35284753964e-06
-5.08520516265e-06
-4.83094490452e-06
-4.5893976593e-06
-4.35992777633e-06
-4.14193138751e-06
-3.93483481814e-06
-3.73809307723e-06
-3.55118842337e-06
-3.3736290022e-06
-3.20494755209e-06
-3.04470017449e-06
-2.89246516576e-06
-2.74784190747e-06
-2.6104498121e-06
-2.4799273215e-06
-2.35593095542e-06
-2.23813440765e-06
-2.12622768727e-06
-2.0199163029e-06
-1.91892048776e-06
-1.82297446337e-06
-1.7318257402e-06
-1.64523445319e-06
-1.56297273053e-06
-1.48482409401e-06
-1.41058288931e-06
-1.34005374484e-06
-1.2730510576e-06
-1.20939850472e-06
-1.14892857948e-06
-1.09148215051e-06
-1.03690804298e-06
-9.85062640834e-07
-9.35809508792e-07
-8.89019033352e-07
-8.44568081685e-07
-8.02339677601e-07
-7.62222693721e-07
-7.24111559035e-07
-6.87905981083e-07
-6.53510682029e-07
-6.20835147927e-07
-5.89793390531e-07
-5.60303721004e-07
-5.32288534954e-07
-5.05674108206e-07
-4.80390402796e-07
-4.56370882656e-07
-4.33552338523e-07
-4.11874721597e-07
-3.91280985517e-07
-3.71716936242e-07
-3.53131089429e-07
-3.35474534958e-07
-3.1870080821e-07
-3.027657678e-07
-2.8762747941e-07
-2.73246105439e-07
-2.59583800167e-07
-2.46604610159e-07
-2.34274379651e-07
-2.22560660668e-07
-2.11432627635e-07
-2.00860996253e-07
-1.90817946441e-07
-1.81277049118e-07
-1.72213196663e-07
-1.63602536829e-07
-1.55422409988e-07
-1.47651289489e-07
-1.40268725014e-07
-1.33255288763e-07
-1.26592524325e-07
-1.20262898109e-07
-1.14249753204e-07
-1.08537265543e-07
-1.03110402266e-07
-9.79548821529e-08
-9.30571380452e-08
-8.8404281143e-08
-8.39840670858e-08
-7.97848637315e-08
-7.5795620545e-08
-7.20058395177e-08
-6.84055475418e-08
-6.49852701647e-08
-6.17360066565e-08
-5.86492063237e-08
-5.57167460075e-08
-5.29309087071e-08
-5.02843632718e-08
-4.77701451082e-08
-4.53816378528e-08
-4.31125559601e-08
-4.09569281621e-08
-3.8909081754e-08
-3.69636276663e-08
-3.5115446283e-08
-3.33596739688e-08
-3.16916902704e-08
-3.01071057569e-08
-2.8601750469e-08
-2.71716629456e-08
-2.58130797983e-08
-2.45224258084e-08
-2.3296304518e-08
-2.21314892921e-08
-2.10249148275e-08
-1.99736690861e-08
-1.89749856318e-08
-1.80262363502e-08
-1.71249245327e-08
-1.62686783061e-08
-1.54552443908e-08
-1.46824821712e-08
-1.39483580627e-08
-1.32509401595e-08
-1.25883931515e-08
-1.1958973494e-08
-1.13610248193e-08
-1.07929735783e-08
-1.02533248994e-08
-9.74065865442e-09
-9.2536257217e-09
-8.79094443562e-09
-8.35139721384e-09
-7.93382735314e-09
-7.53713598549e-09
-7.16027918621e-09
-6.8022652269e-09
-6.46215196556e-09
-6.13904436728e-09
-5.83209214892e-09
-5.54048754147e-09
-5.2634631644e-09
-5.00029000618e-09
-4.75027550587e-09
-4.51276173057e-09
-4.28712364405e-09
-4.07276746184e-09
-3.86912908875e-09
-3.67567263431e-09
-3.4918890026e-09
-3.31729455247e-09
-3.15142982484e-09
-2.9938583336e-09
-2.84416541692e-09
-2.70195714608e-09
-2.56685928877e-09
-2.43851632433e-09
-2.31659050812e-09
-2.20076098271e-09
-2.09072293358e-09
-1.9861867869e-09
-1.88687744755e-09
-1.79253357517e-09
-1.70290689642e-09
-1.61776155159e-09
-1.53687347402e-09
-1.46002980031e-09
-1.3870283103e-09
-1.31767689478e-09
-1.25179305004e-09
-1.18920339754e-09
-1.12974322767e-09
-1.07325606628e-09
-1.01959326297e-09
-9.68613599819e-10
-9.20182919828e-10
-8.74173773837e-10
-8.30465085145e-10
-7.88941830888e-10
-7.49494739344e-10
-7.12020002376e-10
-6.76419002258e-10
-6.42598052145e-10
-6.10468149537e-10
-5.79944742061e-10
-5.50947504958e-10
-5.2340012971e-10
-4.97230123224e-10
-4.72368617063e-10
-4.4875018621e-10
-4.26312676899e-10
-4.04997043054e-10
-3.84747190902e-10
-3.65509831357e-10
-3.47234339789e-10
-3.29872622799e-10
-3.13378991659e-10
-2.97710042076e-10
-2.82824539973e-10
-2.68683312974e-10
-2.55249147325e-10
-2.42486689959e-10
-2.30362355461e-10
-2.18844237688e-10
-2.07902025804e-10
-1.97506924513e-10
-1.87631578288e-10
-1.78249999373e-10
-1.69337499405e-10
-1.60870624434e-10
-1.52827093213e-10
-1.45185738552e-10
-1.37926451624e-10
-1.31030129043e-10
-1.24478622591e-10
-1.18254691462e-10
-1.12341956888e-10
-1.06724859044e-10
-1.01388616092e-10
-9.63191852872e-11
-9.15032260229e-11
-8.69280647217e-11
-8.25816614856e-11
-7.84525784114e-11
-7.45299494908e-11
-7.08034520163e-11
-6.72632794154e-11
-6.39001154447e-11
-6.07051096724e-11
-5.76698541888e-11
-5.47863614794e-11
-5.20470434054e-11
-4.94446912351e-11
-4.69724566734e-11
-4.46238338397e-11
-4.23926421477e-11
-4.02730100403e-11
-3.82593595383e-11
-3.63463915614e-11
-3.45290719833e-11
-3.28026183842e-11
-3.1162487465e-11
-2.96043630917e-11
-2.81241449371e-11
-2.67179376903e-11
-2.53820408058e-11
-2.41129387655e-11
-2.29072918272e-11
-2.17619272358e-11
-2.0673830874e-11
-1.96401393303e-11
-1.86581323638e-11
-1.77252257456e-11
-1.68389644584e-11
-1.59970162354e-11
-1.51971654237e-11
-1.44373071525e-11
-1.37154417949e-11
-1.30296697051e-11
-1.23781862199e-11
-1.17592769089e-11
-1.11713130634e-11
-1.06127474102e-11
-1.00821100397e-11
-9.57800453775e-12
-9.09910431086e-12
-8.64414909532e-12
-8.21194164055e-12
-7.80134455853e-12
-7.4112773306e-12
-7.04071346407e-12
-6.68867779087e-12
-6.35424390132e-12
-6.03653170626e-12
-5.73470512094e-12
-5.4479698649e-12
-5.17557137165e-12
-4.91679280307e-12
-4.67095316292e-12
-4.43740550477e-12
-4.21553522953e-12
-4.00475846806e-12
-3.80452054465e-12
-3.61429451742e-12
-3.43357979155e-12
-3.26190080197e-12
-3.09880576187e-12
-2.94386547378e-12
-2.79667220009e-12
-2.65683859009e-12
-2.52399666058e-12
-2.39779682755e-12
-2.27790698617e-12
-2.16401163687e-12
-2.05581105502e-12
-1.95302050227e-12
-1.85536947716e-12
-1.7626010033e-12
-1.67447095314e-12
-1.59074740548e-12
-1.5112100352e-12
-1.43564953344e-12
-1.36386705677e-12
-1.29567370393e-12
-1.23089001874e-12
-1.1693455178e-12
-1.11087824191e-12
-1.05533432981e-12
-1.00256761332e-12
-9.52439232657e-13
-9.04817271025e-13
-8.59576407473e-13
-8.165975871e-13
-7.75767707745e-13
-7.36979322357e-13
-7.0013035624e-13
-6.65123838428e-13
-6.31867646506e-13
-6.00274264181e-13
-5.70260550972e-13
-5.41747523423e-13
-5.14660147252e-13
-4.8892713989e-13
-4.64480782895e-13
-4.4125674375e-13
-4.19193906563e-13
-3.98234211235e-13
-3.78322500673e-13
-3.59406375639e-13
-3.41436056857e-13
-3.24364254014e-13
-3.08146041314e-13
-2.92738739248e-13
-2.78101802286e-13
-2.64196712171e-13
-2.50986876563e-13
-2.38437532735e-13
-2.26515656098e-13
-2.15189873293e-13
-2.04430379628e-13
-1.94208860647e-13
-1.84498417615e-13
-1.75273496734e-13
-1.66509821897e-13
-1.58184330802e-13
-1.50275114262e-13
-1.42761358549e-13
-1.35623290622e-13
-1.28842126091e-13
-1.22400019786e-13
-1.16280018797e-13
-1.10466017857e-13
-1.04942716964e-13
-9.96955811158e-14
-9.471080206e-14
-8.9975261957e-14
-8.54764988592e-14
-8.12026739162e-14
-7.71425402204e-14
-7.32854132094e-14
-6.96211425489e-14
-6.61400854215e-14
-6.28330811504e-14
-5.96914270929e-14
-5.67068557382e-14
-5.38715129513e-14
-5.11779373038e-14
-4.86190404386e-14
-4.61880884166e-14
-4.38786839958e-14
-4.1684749796e-14
-3.96005123062e-14
-3.76204866909e-14
-3.57394623564e-14
-3.39524892385e-14
-3.22548647766e-14
-3.06421215378e-14
-2.91100154609e-14
-2.76545146879e-14
-2.62717889535e-14
-2.49581995058e-14
-2.37102895305e-14
-2.2524775054e-14
-2.13985363013e-14
-2.03286094862e-14
-1.93121790119e-14
-1.83465700613e-14
-1.74292415582e-14
-1.65577794803e-14
-1.57298905063e-14
-1.4943395981e-14
-1.41962261819e-14
-1.34864148728e-14
-1.28120941292e-14
-1.21714894227e-14
-1.15629149516e-14
-1.0984769204e-14
-1.04355307438e-14
-9.91375420664e-15
-9.4180664963e-15
-8.94716317149e-15
-8.49980501291e-15
-8.07481476227e-15
-7.67107402416e-15
-7.28752032295e-15
-6.9231443068e-15
-6.57698709146e-15
-6.24813773689e-15
-5.93573085004e-15
-5.63894430754e-15
-5.35699709216e-15
-5.08914723756e-15
-4.83468987568e-15
-4.59295538189e-15
-4.3633076128e-15
-4.14514223216e-15
-3.93788512055e-15
-3.74099086452e-15
-3.5539413213e-15
-3.37624425523e-15
-3.20743204247e-15
-3.04706044035e-15
-2.89470741833e-15
-2.74997204741e-15
-2.61247344504e-15
-2.48184977279e-15
-2.35775728415e-15
-2.23986941994e-15
-2.12787594895e-15
-2.0214821515e-15
-1.92040804392e-15
-1.82438764173e-15
-1.73316825964e-15
-1.64650984666e-15
-1.56418435433e-15
-1.48597513661e-15
-1.41167637978e-15
-1.34109256079e-15
-1.27403793275e-15
-1.21033603611e-15
-1.14981923431e-15
-1.09232827259e-15
-1.03771185896e-15
-9.85826266015e-16
-9.36534952714e-16
-8.89708205078e-16
-8.45222794824e-16
-8.02961655083e-16
-7.62813572329e-16
-7.24672893713e-16
-6.88439249027e-16
-6.54017286576e-16
-6.21316422247e-16
-5.90250601134e-16
-5.60738071078e-16
-5.32701167524e-16
-5.06066109148e-16
-4.8076280369e-16
-4.56724663506e-16
-4.3388843033e-16
-4.12194008814e-16
-3.91584308373e-16
-3.72005092955e-16
-3.53404838307e-16
-3.35734596392e-16
-3.18947866572e-16
-3.03000473243e-16
-2.87850449581e-16
-2.73457927102e-16
-2.59785030747e-16
-2.4679577921e-16
-2.34455990249e-16
-2.22733190737e-16
-2.115965312e-16
-2.0101670464e-16
-1.90965869408e-16
-1.81417575938e-16
-1.72346697141e-16
-1.63729362284e-16
-1.55542894169e-16
-1.47765749461e-16
-1.40377461988e-16
-1.33358588889e-16
-1.26690659444e-16
-1.20356126472e-16
-1.14338320148e-16
-1.08621404141e-16
-1.03190333934e-16
-9.80308172371e-17
-9.31292763753e-17
-8.84728125565e-17
-8.40491719287e-17
-7.98467133323e-17
-7.58543776656e-17
-7.20616587824e-17
-6.84585758432e-17
-6.50356470511e-17
-6.17838646985e-17
-5.86946714636e-17
-5.57599378904e-17
-5.29719409959e-17
-5.03233439461e-17
-4.78071767488e-17
-4.54168179114e-17
-4.31459770158e-17
-4.0988678165e-17
-3.89392442568e-17
-3.69922820439e-17
-3.51426679417e-17
-3.33855345446e-17
-3.17162578174e-17
-3.01304449265e-17
-2.86239226802e-17
-2.71927265462e-17
-2.58330902189e-17
-2.45414357079e-17
-2.33143639225e-17
-2.21486457264e-17
-2.10412134401e-17
-1.99891527681e-17
-1.89896951297e-17
-1.80402103732e-17
-1.71381998545e-17
-1.62812898618e-17
-1.54672253687e-17
-1.46938641003e-17
-1.39591708953e-17
-1.32612123505e-17
-1.2598151733e-17
-1.19682441463e-17
-1.1369831939e-17
-1.08013403421e-17
-1.0261273325e-17
-9.74820965872e-18
-9.26079917578e-18
-8.79775921699e-18
-8.35787125614e-18
-7.93997769333e-18
-7.54297880867e-18
-7.16582986823e-18
-6.80753837482e-18
-6.46716145608e-18
-6.14380338328e-18
-5.83661321411e-18
-5.54478255341e-18
-5.26754342574e-18
-5.00416625445e-18
-4.75395794173e-18
-4.51626004464e-18
-4.29044704241e-18
-4.07592469029e-18
-3.87212845577e-18
-3.67852203299e-18
-3.49459593134e-18
-3.31986613477e-18
-3.15387282803e-18
-2.99617918663e-18
-2.8463702273e-18
-2.70405171593e-18
-2.56884913014e-18
-2.44040667363e-18
-2.31838633995e-18
-2.20246702295e-18
-2.0923436718e-18
-1.98772648821e-18
-1.8883401638e-18
-1.79392315561e-18
-1.70422699783e-18
-1.61901564794e-18
-1.53806486554e-18
-1.46116162227e-18
-1.38810354115e-18
-1.3186983641e-18
-1.25276344589e-18
-1.1901252736e-18
-1.13061900992e-18
-1.07408805942e-18
-1.02038365645e-18
-9.69364473627e-19
-9.20896249945e-19
-8.74851437448e-19
-8.31108865576e-19
-7.89553422297e-19
-7.50075751182e-19
-7.12571963623e-19
-6.76943365442e-19
-6.4309619717e-19
-6.10941387311e-19
-5.80394317946e-19
-5.51374602048e-19
-5.23805871946e-19
-4.97615578349e-19
-4.72734799431e-19
-4.4909805946e-19
-4.26643156487e-19
-4.05310998662e-19
-3.85045448729e-19
-3.65793176293e-19
-3.47503517478e-19
-3.30128341604e-19
-3.13621924524e-19
-2.97940828298e-19
-2.83043786883e-19
-2.68891597539e-19
-2.55447017662e-19
-2.42674666779e-19
-2.3054093344e-19
-2.19013886768e-19
-2.08063192429e-19
-1.97660032808e-19
-1.87777031168e-19
-1.78388179609e-19
-1.69468770629e-19
-1.60995332097e-19
-1.52945565492e-19
-1.45298287218e-19
-1.38033372857e-19
-1.31131704214e-19
-1.24575119003e-19
-1.18346363053e-19
-1.12429044901e-19
-1.06807592656e-19
-1.01467213023e-19
-9.63938523716e-20
-9.1574159753e-20
-8.69954517654e-20
-8.26456791771e-20
-7.85133952182e-20
-7.45877254573e-20
-7.08583391845e-20
-6.73154222252e-20
-6.3949651114e-20
-6.07521685583e-20
-5.77145601304e-20
-5.48288321238e-20
-5.20873905177e-20
-4.94830209918e-20
-4.70088699422e-20
-4.46584264451e-20
-4.24255051228e-20
-4.03042298667e-20
-3.82890183733e-20
-3.63745674547e-20
-3.45558390819e-20
-3.28280471278e-20
-3.11866447715e-20
-2.96273125329e-20
-2.81459469062e-20
-2.67386495609e-20
-2.54017170829e-20
-2.41316312287e-20
-2.29250496673e-20
-2.17787971839e-20
-2.06898573247e-20
-1.96553644585e-20
-1.86725962356e-20
-1.77389664238e-20
-1.68520181026e-20
-1.60094171975e-20
-1.52089463376e-20
-1.44484990207e-20
-1.37260740697e-20
-1.30397703662e-20
-1.23877818479e-20
-1.17683927555e-20
-1.11799731177e-20
-1.06209744618e-20
-1.00899257387e-20
-9.58542945181e-21
-9.10615797922e-21
-8.65085008026e-21
-8.21830757624e-21
-7.80739219743e-21
-7.41702258756e-21
-7.04617145818e-21
-6.69386288527e-21
-6.35916974101e-21
-6.04121125396e-21
-5.73915069126e-21
-5.4521931567e-21
-5.17958349886e-21
-4.92060432392e-21
-4.67457410772e-21
-4.44084540234e-21
-4.21880313222e-21
-4.00786297561e-21
-3.80746982683e-21
-3.61709633549e-21
-3.43624151871e-21
-3.26442944278e-21
-3.10120797064e-21
-2.94614757211e-21
-2.7988401935e-21
-2.65889818383e-21
-2.52595327464e-21
-2.3996556109e-21
-2.27967283036e-21
-2.16568918884e-21
-2.0574047294e-21
-1.95453449293e-21
-1.85680776828e-21
-1.76396737987e-21
-1.67576901087e-21
-1.59198056033e-21
-1.51238153231e-21
-1.4367624557e-21
-1.36492433291e-21
-1.29667811627e-21
-1.23184421045e-21
-1.17025199993e-21
-1.11173939994e-21
-1.05615242994e-21
-1.00334480844e-21
-9.53177568019e-22
-9.05518689618e-22
-8.60242755138e-22
-8.17230617381e-22
-7.76369086512e-22
-7.37550632186e-22
-7.00673100577e-22
-6.65639445548e-22
-6.3235747327e-22
-6.00739599607e-22
-5.70702619627e-22
-5.42167488645e-22
-5.15059114213e-22
-4.89306158502e-22
-4.64840850577e-22
-4.41598808048e-22
-4.19518867646e-22
-3.98542924264e-22
-3.7861577805e-22
-3.59684989148e-22
-3.41700739691e-22
-3.24615702706e-22
-3.08384917571e-22
-2.92965671692e-22
-2.78317388108e-22
-2.64401518702e-22
-2.51181442767e-22
-2.38622370629e-22
-2.26691252097e-22
-2.15356689492e-22
-2.04588855018e-22
-1.94359412267e-22
-1.84641441654e-22
-1.75409369571e-22
-1.66638901092e-22
-1.58306956038e-22
-1.50391608236e-22
-1.42872027824e-22
-1.35728426433e-22
-1.28942005111e-22
-1.22494904856e-22
-1.16370159613e-22
-1.10551651632e-22
-1.05024069051e-22
-9.97728655981e-23
-9.47842223182e-23
-9.00450112023e-23
-8.55427606422e-23
-8.126562261e-23
-7.72023414795e-23
-7.33422244056e-23
-6.96751131853e-23
-6.6191357526e-23
-6.28817896497e-23
-5.97377001672e-23
-5.67508151589e-23
-5.39132744009e-23
-5.12176106809e-23
-4.86567301468e-23
-4.62238936395e-23
-4.39126989575e-23
-4.17170640096e-23
-3.96312108092e-23
-3.76496502687e-23
-3.57671677553e-23
-3.39788093675e-23
-3.22798688991e-23
-3.06658754542e-23
-2.91325816815e-23
-2.76759525974e-23
-2.62921549675e-23
-2.49775472191e-23
-2.37286698582e-23
-2.25422363653e-23
-2.1415124547e-23
-2.03443683197e-23
-1.93271499037e-23
-1.83607924085e-23
-1.74427527881e-23
-1.65706151487e-23
-1.57420843912e-23
-1.49549801717e-23
-1.42072311631e-23
-1.34968696049e-23
-1.28220261247e-23
-1.21809248185e-23
-1.15718785775e-23
-1.09932846487e-23
-1.04436204162e-23
-9.92143939541e-24
-9.42536742564e-24
-8.95409905436e-24
-8.50639410164e-24
-8.08107439656e-24
-7.67702067673e-24
-7.29316964289e-24
-6.92851116075e-24
-6.58208560271e-24
-6.25298132258e-24
-5.94033225645e-24
-5.64331564363e-24
-5.36114986144e-24
-5.09309236837e-24
-4.83843774995e-24
-4.59651586246e-24
-4.36669006933e-24
-4.14835556587e-24
-3.94093778757e-24
-3.74389089819e-24
-3.55669635328e-24
-3.37886153562e-24
-3.20991845884e-24
-3.0494225359e-24
-2.8969514091e-24
-2.75210383865e-24
-2.61449864672e-24
-2.48377371438e-24
-2.35958502866e-24
-2.24160577723e-24
-2.12952548837e-24
-2.02304921395e-24
-1.92189675325e-24
-1.82580191559e-24
-1.73451181981e-24
-1.64778622882e-24
-1.56539691738e-24
-1.48712707151e-24
-1.41277071793e-24
-1.34213218204e-24
-1.27502557293e-24
-1.21127429429e-24
-1.15071057957e-24
-1.09317505059e-24
-1.03851629806e-24
-9.86590483162e-25
-9.37260959004e-25
-8.90397911053e-25
-8.45878015501e-25
-8.03584114726e-25
-7.63404908989e-25
-7.2523466354e-25
-6.88972930363e-25
-6.54524283845e-25
-6.21798069653e-25
-5.9070816617e-25
-5.61172757861e-25
-5.33114119968e-25
-5.0645841397e-25
-4.81135493271e-25
-4.57078718608e-25
-4.34224782677e-25
-4.12513543544e-25
-3.91887866366e-25
-3.72293473048e-25
-3.53678799396e-25
-3.35994859426e-25
-3.19195116455e-25
-3.03235360632e-25
-2.880735926e-25
-2.7366991297e-25
-2.59986417322e-25
-2.46987096456e-25
-2.34637741633e-25
-2.22905854551e-25
-2.11760561824e-25
-2.01172533732e-25
-1.91113907046e-25
-1.81558211694e-25
-1.72480301109e-25
-1.63856286053e-25
-1.55663471751e-25
-1.47880298163e-25
-1.40486283255e-25
-1.33461969092e-25
-1.26788870638e-25
-1.20449427106e-25
-1.14426955751e-25
-1.08705607963e-25
-1.03270327565e-25
-9.81068111866e-26
-9.32014706273e-26
-8.85413970959e-26
-8.41143272411e-26
-7.99086108791e-26
-7.59131803351e-26
-7.21175213184e-26
-6.85116452524e-26
-6.50860629898e-26
-6.18317598403e-26
-5.87401718483e-26
-5.58031632559e-26
-5.30130050931e-26
-5.03623548384e-26
-4.78442370965e-26
-4.54520252417e-26
-4.31794239796e-26
-4.10204527806e-26
-3.89694301416e-26
-3.70209586345e-26
-3.51699107028e-26
-3.34114151677e-26
-3.17408444093e-26
-3.01538021888e-26
-2.86461120794e-26
-2.72138064754e-26
-2.58531161516e-26
-2.4560460344e-26
-2.33324373268e-26
-2.21658154605e-26
-2.10575246875e-26
-2.00046484531e-26
-1.90044160304e-26
-1.80541952289e-26
-1.71514854675e-26
-1.62939111941e-26
-1.54792156344e-26
-1.47052548527e-26
-1.396999211e-26
-1.32714925045e-26
-1.26079178793e-26
-1.19775219854e-26
-1.13786458861e-26
-1.08097135918e-26
-1.02692279122e-26
-9.75576651658e-27
-9.26797819075e-27
-8.80457928121e-27
-8.36435031715e-27
-7.9461328013e-27
-7.54882616123e-27
-7.17138485317e-27
-6.81281561051e-27
-6.47217482999e-27
-6.14856608849e-27
-5.84113778406e-27
-5.54908089486e-27
-5.27162685012e-27
-5.00804550761e-27
-4.75764323223e-27
-4.51976107062e-27
-4.29377301709e-27
-4.07908436623e-27
-3.87513014792e-27
-3.68137364053e-27
-3.4973049585e-27
-3.32243971057e-27
-3.15631772505e-27
-2.99850183879e-27
-2.84857674685e-27
-2.70614790951e-27
-2.57084051404e-27
-2.44229848833e-27
-2.32018356392e-27
-2.20417438572e-27
-2.09396566643e-27
-1.98926738311e-27
-1.88980401396e-27
-1.79531381326e-27
-1.7055481226e-27
-1.62027071647e-27
-1.53925718064e-27
-1.46229432161e-27
-1.38917960553e-27
-1.31972062525e-27
-1.25373459399e-27
-1.19104786429e-27
-1.13149547108e-27
-1.07492069752e-27
-1.02117466265e-27
-9.70115929515e-28
-9.21610133039e-28
-8.75529626387e-28
-8.31753145068e-28
-7.90165487814e-28
-7.50657213424e-28
-7.13124352753e-28
-6.77468135115e-28
-6.43594728359e-28
-6.11414991941e-28
-5.80844242344e-28
-5.51802030227e-28
-5.24211928716e-28
-4.9800133228e-28
-4.73101265666e-28
-4.49446202383e-28
-4.26973892263e-28
-4.0562519765e-28
-3.85343937768e-28
-3.66076740879e-28
-3.47772903835e-28
-3.30384258644e-28
-3.13865045711e-28
-2.98171793426e-28
-2.83263203755e-28
-2.69100043567e-28
-2.55645041388e-28
-2.42862789319e-28
-2.30719649853e-28
-2.1918366736e-28
-2.08224483992e-28
-1.97813259793e-28
-1.87922596803e-28
-1.78526466963e-28
-1.69600143615e-28
-1.61120136434e-28
-1.53064129612e-28
-1.45410923132e-28
-1.38140376975e-28
-1.31233358126e-28
-1.2467169022e-28
-1.18438105709e-28
-1.12516200424e-28
-1.06890390402e-28
-1.01545870882e-28
-9.64685773382e-29
-9.16451484713e-29
-8.70628910478e-29
-8.27097464954e-29
-7.85742591706e-29
-7.46455462121e-29
-7.09132689015e-29
-6.73676054564e-29
-6.39992251836e-29
-6.07992639244e-29
-5.77593007282e-29
-5.48713356918e-29
-5.21277689072e-29
-4.95213804618e-29
-4.70453114387e-29
-4.46930458668e-29
-4.24583935735e-29
-4.03354738948e-29
-3.83187002e-29
-3.640276519e-29
-3.45826269305e-29
-3.2853495584e-29
-3.12108208048e-29
-2.96502797646e-29
-2.81677657763e-29
-2.67593774875e-29
-2.54214086131e-29
-2.41503381825e-29
-2.29428212734e-29
-2.17956802097e-29
-2.07058961992e-29
-1.96706013893e-29
-1.86870713198e-29
-1.77527177538e-29
-1.68650818661e-29
-1.60218277728e-29
-1.52207363842e-29
-1.4459699565e-29
-1.37367145867e-29
-1.30498788574e-29
-1.23973849145e-29
-1.17775156688e-29
-1.11886398853e-29
-1.06292078911e-29
-1.00977474965e-29
-9.59286012169e-30
-9.11321711561e-30
-8.65755625983e-30
-8.22467844684e-30
-7.81344452449e-30
-7.42277229827e-30
-7.05163368336e-30
-6.69905199919e-30
-6.36409939923e-30
-6.04589442927e-30
-5.7435997078e-30
-5.45641972241e-30
-5.18359873629e-30
-4.92441879948e-30
-4.6781978595e-30
-4.44428796653e-30
-4.2220735682e-30
-4.01096988979e-30
-3.8104213953e-30
-3.61990032554e-30
-3.43890530926e-30
-3.2669600438e-30
-3.10361204161e-30
-2.94843143953e-30
-2.80100986755e-30
-2.66095937417e-30
-2.52791140547e-30
-2.40151583519e-30
-2.28144004343e-30
-2.16736804126e-30
-2.0589996392e-30
-1.95604965724e-30
-1.85824717438e-30
-1.76533481566e-30
-1.67706807487e-30
-1.59321467113e-30
-1.51355393757e-30
-1.4378762407e-30
-1.36598242866e-30
-1.29768330723e-30
-1.23279914187e-30
-1.17115918477e-30
-1.11260122553e-30
-1.05697116426e-30
-1.00412260604e-30
-9.53916475742e-31
-9.06220651955e-31
-8.60909619357e-31
-8.1786413839e-31
-7.7697093147e-31
-7.38122384897e-31
-7.01216265652e-31
-6.66155452369e-31
-6.32847679751e-31
-6.01205295763e-31
-5.71145030975e-31
-5.42587779426e-31
-5.15458390455e-31
-4.89685470932e-31
-4.65201197386e-31
-4.41941137516e-31
-4.19844080641e-31
-3.98851876608e-31
-3.78909282778e-31
-3.59963818639e-31
-3.41965627707e-31
-3.24867346322e-31
-3.08623979006e-31
-2.93192780055e-31
-2.78533141053e-31
-2.64606484e-31
-2.513761598e-31
-2.3880735181e-31
-2.2686698422e-31
-2.15523635009e-31
-2.04747453258e-31
-1.94510080595e-31
-1.84784576565e-31
-1.75545347737e-31
-1.6676808035e-31
-1.58429676333e-31
-1.50508192516e-31
-1.4298278289e-31
-1.35833643746e-31
-1.29041961559e-31
-1.22589863481e-31
-1.16460370307e-31
-1.10637351791e-31
-1.05105484202e-31
-9.98502099916e-32
-9.4857699492e-32
-9.01148145174e-32
-8.56090737916e-32
-8.1328620102e-32
-7.72621890969e-32
-7.3399079642e-32
-6.97291256599e-32
-6.62426693769e-32
-6.29305359081e-32
-5.97840091127e-32
-5.67948086571e-32
-5.39550682242e-32
-5.1257314813e-32
-4.86944490723e-32
-4.62597266187e-32
-4.39467402878e-32
-4.17494032734e-32
-3.96619331097e-32
-3.76788364542e-32
-3.57948946315e-32
-3.40051499e-32
-3.2304892405e-32
-3.06896477847e-32
-2.91551653955e-32
-2.76974071257e-32
-2.63125367694e-32
-2.49969099309e-32
-2.37470644344e-32
-2.25597112127e-32
-2.1431725652e-32
-2.03601393694e-32
-1.9342132401e-32
-1.83750257809e-32
-1.74562744919e-32
-1.65834607673e-32
-1.57542877289e-32
-1.49665733425e-32
-1.42182446753e-32
-1.35073324416e-32
-1.28319658195e-32
-1.21903675285e-32
-1.15808491521e-32
-1.10018066945e-32
-1.04517163598e-32
-9.92913054178e-33
-9.43267401469e-33
-8.96104031396e-33
-8.51298829826e-33
-8.08733888335e-33
-7.68297193918e-33
-7.29882334222e-33
-6.93388217511e-33
-6.58718806635e-33
-6.25782866304e-33
-5.94493722988e-33
-5.64769036839e-33
-5.36530584997e-33
-5.09704055747e-33
-4.8421885296e-33
-4.60007910312e-33
-4.37007514796e-33
-4.15157139056e-33
-3.94399282104e-33
-3.74679317998e-33
-3.55945352099e-33
-3.38148084494e-33
-3.21240680269e-33
-3.05178646256e-33
-2.89919713943e-33
-2.75423728246e-33
-2.61652541833e-33
-2.48569914742e-33
-2.36141419005e-33
-2.24334348054e-33
-2.13117630652e-33
-2.02461749119e-33
-1.92338661663e-33
-1.8272172858e-33
-1.73585642151e-33
-1.64906360043e-33
-1.56661042041e-33
-1.48827989939e-33
-1.41386590442e-33
-1.3431726092e-33
-1.27601397874e-33
-1.2122132798e-33
-1.15160261581e-33
-1.09402248502e-33
-1.03932136077e-33
-9.87355292733e-34
-9.37987528097e-34
-8.91088151692e-34
-8.46533744107e-34
-8.04207056902e-34
-7.63996704057e-34
-7.25796868854e-34
-6.89507025411e-34
-6.55031674141e-34
-6.22280090434e-34
-5.91166085912e-34
-5.61607781616e-34
-5.33527392535e-34
-5.06851022909e-34
-4.81508471763e-34
-4.57433048175e-34
-4.34561395766e-34
-4.12833325978e-34
-3.92191659679e-34
-3.72582076695e-34
-3.5395297286e-34
-3.36255324217e-34
-3.19442558007e-34
-3.03470430106e-34
-2.88296908601e-34
-2.73882063171e-34
-2.60187960012e-34
-2.47178562012e-34
-2.34819633911e-34
-2.23078652216e-34
-2.11924719605e-34
-2.01328483625e-34
-1.91262059443e-34
-1.81698956471e-34
-1.72614008648e-34
-1.63983308215e-34
-1.55784142804e-34
-1.47994935664e-34
-1.40595188881e-34
-1.33565429437e-34
-1.26887157965e-34
-1.20542800067e-34
-1.14515660064e-34
-1.0878987706e-34
-1.03350383207e-34
-9.8182864047e-35
-9.32737208446e-35
-8.86100348024e-35
-8.41795330623e-35
-7.99705564091e-35
-7.59720285887e-35
-7.21734271593e-35
-6.85647558013e-35
-6.51365180112e-35
-6.18796921107e-35
-5.87857075051e-35
-5.58464221299e-35
-5.30541010234e-35
-5.04013959722e-35
-4.78813261736e-35
-4.54872598649e-35
-4.32128968717e-35
-4.10522520281e-35
-3.89996394267e-35
-3.70496574554e-35
-3.51971745826e-35
-3.34373158535e-35
-3.17654500608e-35
-3.01771775577e-35
-2.86683186799e-35
-2.72349027459e-35
-2.58731576086e-35
-2.45794997281e-35
-2.33505247417e-35
-2.21829985046e-35
-2.10738485794e-35
-2.00201561504e-35
-1.90191483429e-35
-1.80681909258e-35
-1.71647813795e-35
-1.63065423105e-35
-1.5491215195e-35
-1.47166544352e-35
-1.39808217135e-35
-1.32817806278e-35
-1.26176915964e-35
-1.19868070166e-35
-1.13874666658e-35
-1.08180933325e-35
-1.02771886659e-35
-9.76332923256e-36
-9.27516277093e-36
-8.81140463238e-36
-8.37083440076e-36
-7.95229268073e-36
-7.55467804669e-36
-7.17694414436e-36
-6.81809693714e-36
-6.47719209028e-36
-6.15333248577e-36
-5.84566586148e-36
-5.5533825684e-36
-5.27571343998e-36
-5.01192776799e-36
-4.76133137959e-36
-4.52326481061e-36
-4.29710157008e-36
-4.08224649157e-36
-3.87813416699e-36
-3.68422745864e-36
-3.50001608571e-36
-3.32501528143e-36
-3.15876451735e-36
-3.00082629149e-36
-2.85078497691e-36
-2.70824572807e-36
-2.57283344166e-36
-2.44419176958e-36
-2.3219821811e-36
-2.20588307205e-36
-2.09558891844e-36
-1.99080947252e-36
-1.8912689989e-36
-1.79670554895e-36
-1.7068702715e-36
-1.62152675793e-36
-1.54045042003e-36
-1.46342789903e-36
-1.39025650408e-36
-1.32074367887e-36
-1.25470649493e-36
-1.19197117018e-36
-1.13237261168e-36
-1.07575398109e-36
-1.02196628204e-36
-9.70867967935e-37
-9.22324569538e-37
-8.76208341061e-37
-8.32397924008e-37
-7.90778027808e-37
-7.51239126418e-37
-7.13677170097e-37
-6.77993311592e-37
-6.44093646012e-37
-6.11888963712e-37
-5.81294515526e-37
-5.5222978975e-37
-5.24618300262e-37
-4.98387385249e-37
-4.73468015987e-37
-4.49794615187e-37
-4.27304884428e-37
-4.05939640207e-37
-3.85642658196e-37
-3.66360525286e-37
-3.48042499022e-37
-3.30640374071e-37
-3.14108355367e-37
-2.98402937599e-37
-2.83482790719e-37
-2.69308651183e-37
-2.55843218624e-37
-2.43051057693e-37
-2.30898504808e-37
-2.19353579568e-37
-2.08385900589e-37
-1.9796660556e-37
-1.88068275282e-37
-1.78664861518e-37
-1.69731618442e-37
-1.6124503752e-37
-1.53182785644e-37
-1.45523646362e-37
-1.38247464044e-37
-1.31335090841e-37
-1.24768336299e-37
-1.18529919484e-37
-1.1260342351e-37
-1.06973252335e-37
-1.01624589718e-37
-9.6543360232e-38
-9.17161922204e-38
-8.71303826094e-38
-8.27738634789e-38
-7.8635170305e-38
-7.47034117897e-38
-7.09682412002e-38
-6.74198291402e-38
-6.40488376832e-38
-6.08463957991e-38
-5.78040760091e-38
-5.49138722086e-38
-5.21681785982e-38
-4.95597696683e-38
-4.70817811849e-38
-4.47276921256e-38
-4.24913075194e-38
-4.03667421434e-38
-3.83484050362e-38
-3.64309847844e-38
-3.46094355452e-38
-3.28789637679e-38
-3.12350155795e-38
-2.96732648006e-38
-2.81896015605e-38
-2.67801214825e-38
-2.54411154084e-38
-2.4169059638e-38
-2.29606066561e-38
-2.18125763233e-38
-2.07219475071e-38
-1.96858501317e-38
-1.87015576252e-38
-1.77664797439e-38
-1.68781557567e-38
-1.60342479689e-38
-1.52325355704e-38
-1.44709087919e-38
-1.37473633523e-38
-1.30599951847e-38
-1.24069954255e-38
-1.17866456542e-38
-1.11973133715e-38
-1.06374477029e-38
-1.01055753178e-38
-9.60029655187e-39
-9.12028172427e-39
-8.66426763806e-39
-8.23105425616e-39
-7.81950154335e-39
-7.42852646618e-39
-7.05710014287e-39
-6.70424513573e-39
-6.36903287894e-39
-6.050581235e-39
-5.74805217325e-39
-5.46064956458e-39
-5.18761708635e-39
-4.92823623204e-39
-4.68182442044e-39
-4.44773319941e-39
-4.22534653944e-39
-4.01407921247e-39
-3.81337525185e-39
-3.62270648925e-39
-3.44157116479e-39
-3.26949260655e-39
-3.10601797622e-39
-2.95071707741e-39
-2.80318122354e-39
-2.66302216237e-39
-2.52987105425e-39
-2.40337750154e-39
-2.28320862646e-39
-2.16904819514e-39
-2.06059578538e-39
-1.95756599611e-39
-1.8596876963e-39
-1.76670331149e-39
-1.67836814591e-39
-1.59444973862e-39
-1.51472725169e-39
-1.4389908891e-39
-1.36704134465e-39
-1.29868927742e-39
-1.23375481355e-39
-1.17206707287e-39
-1.11346371922e-39
-1.05779053326e-39
-1.0049010066e-39
-9.5465595627e-40
-9.06923158457e-40
-8.61577000534e-40
-8.18498150507e-40
-7.77573242982e-40
-7.38694580833e-40
-7.01759851791e-40
-6.66671859201e-40
-6.33338266241e-40
-6.01671352929e-40
-5.71587785283e-40
-5.43008396019e-40
-5.15857976218e-40
-4.90065077407e-40
-4.65561823537e-40
-4.4228373236e-40
-4.20169545742e-40
-3.99161068455e-40
-3.79203015032e-40
-3.6024286428e-40
-3.42230721066e-40
-3.25119185013e-40
-3.08863225762e-40
-2.93420064474e-40
-2.78749061251e-40
-2.64811608188e-40
-2.51571027779e-40
-2.3899247639e-40
-2.2704285257e-40
-2.15690709942e-40
-2.04906174445e-40
-1.94660865722e-40
-1.84927822436e-40
-1.75681431314e-40
-1.66897359749e-40
-1.58552491761e-40
-1.50624867173e-40
-1.43093623815e-40
-1.35938942624e-40
-1.29141995493e-40
-1.22684895718e-40
-1.16550650932e-40
-1.10723118385e-40
-1.05186962466e-40
-9.99276143429e-41
-9.49312336258e-41
-9.01846719445e-41
-8.56754383472e-41
-8.13916664299e-41
-7.73220831084e-41
-7.3455978953e-41
-6.97831800053e-41
-6.62940210051e-41
-6.29793199548e-41
-5.98303539571e-41
-5.68388362592e-41
-5.39968944462e-41
-5.12970497239e-41
-4.87321972377e-41
-4.62955873759e-41
-4.39808080071e-41
-4.17817676067e-41
-3.96926792264e-41
-3.77080452651e-41
-3.58226430018e-41
-3.40315108517e-41
-3.23299353091e-41
-3.07134385437e-41
-2.91777666165e-41
-2.77188782857e-41
-2.63329343714e-41
-2.50162876528e-41
-2.37654732702e-41
