0.0736978996486
-0.0630970087747
0.026866078996
0.0982286701062
-0.0604542136573
0.139625666821
-0.200306228501
0.339870286674
-0.283634122213
0.223599690108
-0.0448664518523
-0.214903530398
0.613661907491
-0.730021458858
0.531672308293
-0.411405010722
0.108143413787
0.595344368007
-0.782902862005
0.439231871171
0.0687547292027
-0.762098492056
1.32840864174
-1.55869904653
1.52906568836
-0.643030704173
-0.0108765053764
0.607245698827
-1.71497028044
2.09479711284
-2.4366948001
1.31845524373
0.491133871364
-1.53594538631
2.54986668269
-2.45523529028
1.00194518087
0.468974110063
-0.987942357699
1.24837620382
-1.54962919766
2.87130431561
-1.8919485124
2.05346768032
-1.51860427981
-0.549967331988
3.8462538805
-5.06413662327
5.83382042973
-6.25501618146
5.81330999453
-2.87543041454
-0.296150798062
5.46288639404
-6.38317894506
7.93079438089
-4.43398097312
3.62687808965
-3.40234884578
1.93409355707
3.05436227634
-1.645805366
3.03678698406
-1.02171737029
4.84280366694
-5.46043828185
4.51785463191
-3.14238684471
3.88227242885
-4.41218553748
7.63003335422
-6.09482345929
6.13499066895
1.53242742981
-3.87726272869
7.90247736942
-12.7478792483
20.3398208453
-21.6399676837
21.2765903765
-7.72915610226
-3.51964760038
9.96711356588
-16.8144750259
18.3251155257
-19.3252314025
15.5133652128
-11.4892501667
4.46034740949
5.86656548674
-9.13221545496
7.07360808681
-4.42709920835
8.48400856375
-8.51383401781
4.52460277994
3.49462803321
-5.08883592733
6.48828930909
-6.07786124266
4.21667029254
-2.25100804516
-4.9458912256
7.77014788687
-14.3335802696
16.250396579
-10.4828673594
5.43606702739
5.69450447561
-17.0066403634
25.5711623326
-26.3671092671
24.763695861
-19.9437227405
12.3502033822
3.51496132142
-18.0567815511
21.5902242556
-23.3522185115
22.7579942577
-11.8442052811
8.19598179052
2.82772129288
-10.8860049529
15.5052557409
-17.6551076112
14.9823386906
-11.212334024
8.83906061265
0.0772000003154
-0.377851763704
7.1178397498
-7.9258897037
3.81566865586
-5.33830869116
6.12896452164
-1.58217247777
5.63313635462
1.66962538632
-1.40074828701
3.17096108194
-2.12456131563
5.45482945516
-0.457348471833
0.669459634346
2.78438148812
-2.91537549987
5.982014185
-4.90813291278
2.4534280887
4.07278324086
-3.05323226127
2.37345755126
0.659159217911
0.831323585622
-0.398378127211
-2.61151160631
4.2695552114
-5.73287818967
6.52992898737
-2.95987301299
1.06095647012
0.968320410706
-1.00695687367
4.34303387026
-0.848495254675
4.40038247895
-2.48543436707
0.368779088918
0.121527848169
-2.96883124206
3.99984850311
-0.98678949768
0.843972278772
-1.4500066275
-2.02628603708
1.96139039029
-1.80937511796
0.617317747664
-0.387509508063
1.31514690131
2.28414163964
-3.36367019009
0.800433512086
-3.30178614827
1.18072141368
-2.73229999151
-0.0378666279628
0.843721195804
-3.07725826004
3.01491915851
-3.76895921055
2.49543449575
-1.13727283178
-2.13200584619
1.0260458281
-0.343912461206
-0.569901410665
1.17346068455
-1.81139539776
-0.959312614599
0.268188268957
0.697031762291
-0.0179232831505
-0.176575290572
0.766017295761
-0.163297921406
-1.62306522996
0.0357170770522
-0.736634722724
-0.155227257898
0.855570046434
-0.811322146259
0.535296178221
0.964319909881
-0.322547799305
-1.02424668567
0.477408037021
1.21436628353
-1.11779590402
-0.802710899081
-1.10114664439
1.71392284621
-2.26279802262
0.230980581641
-0.707763851018
1.27691543353
1.05896865123
-3.06128956783
2.37634644232
0.232312070755
1.9568208061
-0.414194437638
-0.303252751391
0.841428431692
0.537742052493
0.0435081349424
-0.388423406304
-0.842373647202
1.08513064715
-1.88338316159
0.578964472679
0.524202338437
0.366087577273
-0.886939542186
-1.69225946055
0.910036118985
-0.639323546148
1.96123674001
-0.579416107558
1.24368980448
0.0845428601448
-1.23508583255
-0.662001563098
-1.08222907581
0.397061180801
-0.223926854071
1.33672355174
0.398503459001
1.44577358479
-1.99100444329
0.893951934518
-0.893866076794
0.262508472936
-1.49518983854
-0.924696827899
0.403457037215
-0.744891033897
1.3753537185
-1.43153332884
1.46509291675
-2.1189290666
-0.43494154505
-1.24865833583
0.538936184686
-1.32614647663
1.0293904144
0.718602920292
-1.87215235938
1.88622961524
-4.0934771778
3.0720961874
-2.75433185599
2.45003550584
-2.61761161771
-0.158160766427
-0.214967744969
-2.98924263301
3.65455356562
-4.61061614107
4.41778364366
-1.38816734953
0.0917897203318
1.39561722044
-1.26062695634
2.01768677916
-2.32480740639
1.51754127603
-2.32320302236
-0.13123998154
-1.73788300563
-1.60620811399
1.14690480308
-2.27668091753
2.74465441716
-1.90781178364
0.745399100542
0.557147535736
-1.20997191614
2.74492053304
-2.70819801605
1.45767926466
-1.78243717917
-0.110898344794
-0.363476721123
0.814304322422
1.14724590434
-0.507800065429
2.53414144447
0.636319146767
-0.0688455200479
-1.33509047095
1.30672585481
1.06215197194
1.17247483357
2.07918921337
-0.131589811397
0.997134459406
-2.40009848101
-0.775042267444
0.747825154426
-0.479763915178
1.55379556591
0.656042210346
2.34033226054
1.36779752799
-0.590629126979
0.064528474725
-2.21095104696
1.61143326255
-0.202722168195
0.445765723572
2.40215940541
-2.21996820412
1.66033321116
-0.16508912234
2.50299639468
0.328717079467
0.66446899981
0.240996967407
-0.53594828408
1.89150546347
0.337590569276
1.07105044449
-0.181153922085
-1.21068583032
1.21370739673
0.90088829951
2.67911624825
-0.119564365922
1.51951394044
-0.709592487311
0.992208854936
1.43456761381
1.64277178924
2.08486724016
-1.30083878365
1.56369167186
-2.37342866286
2.95013553913
0.176136366488
-0.138120675899
-0.326038007171
-1.6826487443
1.52724235514
0.0517472328894
1.87886047092
-1.45005804805
1.32236470984
-1.92240333657
-0.731996323179
-0.802268386704
0.0535028197484
0.484756185266
-0.765290076376
0.49700892989
-0.327796116087
-0.0116444486793
-1.85460137207
1.54282810631
-2.20439556576
-0.199783613795
-1.07233967719
0.480248749141
-1.42892716699
-0.999101295844
0.581820145512
0.403153840062
0.153662174648
-1.39089546393
1.39110095715
-1.22995500275
-0.0817489885845
-0.155521397382
-0.639112167461
0.724203558794
-2.44600427275
-0.119007303619
0.842475445069
1.26462252373
1.55289180926
0.575801175853
-0.613125063442
0.39538382723
0.130932907821
1.23659109002
0.567419492798
-0.347771767063
0.67844991305
-0.42203333553
-0.0158431740714
-0.298050701411
0.419032054002
1.47452823321
1.55533199986
1.12334940974
-0.826846335275
2.44121564416
-0.411642525043
0.712026416865
0.236150064287
0.23464730765
2.96595206028
-1.42399303593
0.418655832276
-1.70643201687
-0.300215775401
-1.41001925643
-1.22124401412
1.37290663358
-0.787748533867
-0.281197723836
-1.68601440493
-0.51260664827
1.37792773811
-3.14040865165
1.48226923924
-1.93045978284
3.25038961354
-1.39190830692
1.7063671068
0.297464483274
-1.50874055061
-0.923549355577
-1.54947565239
-0.33200985345
1.12713454418
0.39239566448
2.30821288081
0.77898887956
1.29316150879
-3.48894695345
0.815931266915
-2.53478062099
-0.321572522974
0.996692739349
-1.14483807352
2.83742497719
-2.32676884989
2.57811297587
-2.1611539887
-0.989946422593
-0.648568402706
-0.676793101742
2.22040596066
0.59184614863
1.73846504137
-0.013966801609
-0.930133038969
0.817160031053
-1.1770138092
0.762388240875
-1.33471071166
1.88921152299
0.693860395893
0.779152629347
0.225610208766
-0.50454402812
-0.841605393074
-1.39676401151
0.997814727908
1.81620612333
0.0375224258976
2.58538700504
0.697371399741
0.563292641359
-2.13979311909
-0.54241017927
0.0764022146827
1.82428796425
0.837300787421
1.6158664493
1.10671351239
-0.815616283027
1.08046924678
-1.69109540075
0.444710787425
0.057539769546
0.24936882328
-0.296928173999
2.37872599845
-1.7883391846
1.83006779737
-2.24982536397
-0.0813611676369
1.5295115048
-0.573260688385
0.608425312397
0.551642365081
-0.675447231447
1.72126683615
-0.0629570506773
-0.236247079009
1.14006632725
-0.912712564198
1.72648678516
0.902426018977
-0.802523099141
2.42586131794
-0.746068439201
1.02084434247
0.967453630244
-0.336216426509
-0.180254532648
-1.4922325552
1.01454523013
0.767475553176
0.922993496393
-1.05056204803
1.71370106828
-0.949138581609
-0.301512061254
-0.153059735596
-1.02753271572
1.50030903452
-0.395595861614
1.65006109688
0.226706651143
-0.137110127743
0.533109809705
0.732417593989
1.14713820798
1.40836861425
-0.467327755363
1.07527970324
-0.406684059525
0.533907357119
0.700110190891
1.47231569483
-0.911803202447
0.653980978802
57.9571833038
-10.5134404561
9.81708621751
-4.6951531901
6.20293989023
2.90380897233
-6.98155136902
20.4110234129
4.41134636565
-0.642883155856
-5.76421921811
6.71827615587
-2.75215911542
0.360311673991
1.99649936155
1.04766216265
9.96998525553
-1.49684637309
5.99732635226
-1.68539196893
1.11688592142
3.10508179795
-1.48369811137
4.46899763334
4.00162927056
1.63987033776
-2.10911992929
1.23847911687
0.931361467005
0.38828787777
-0.317074376214
1.89598517398
2.69105714558
-1.57773797117
1.39651787797
1.09076933968
0.153851069306
0.195603288435
0.539392916717
1.47908191901
0.403596566115
0.501655163649
0.733350834074
0.121770993204
-0.11418815762
0.709187243018
0.265899597624
0.210566812689
54.0752141602
-5.91640441794
9.84950535829
-3.77935130191
7.05234197965
1.96595662827
-4.71492146921
12.5579912102
4.02032282861
0.71249573297
-2.64557769011
8.39791427482
-5.15726727788
2.5825752637
2.0386083501
0.925161416041
6.87276873437
0.898703293598
6.52122770413
-1.40158244857
1.27802869981
1.28932299525
1.65446894128
0.277785530368
3.33329727452
2.33603609012
-0.42753737992
2.33444302853
-0.504059212076
1.96921937531
-0.683841414608
1.58643714069
1.32621686347
0.745463910141
1.1870193611
0.934557468641
0.797199545761
-0.332080300933
1.48185035748
-0.237384585532
1.32594066505
0.240485899979
0.972723561885
0.606018829904
0.0300803306476
0.844344008035
-0.0131644364981
0.658473986824
50.6889534964
-4.79097391992
10.7917378832
-2.79143195096
5.51471842359
-3.93528904349
-2.73238541239
7.87887297632
7.81386558115
4.24421331726
-0.737723905993
10.9912317186
-6.76246902139
3.52465885472
-0.807652403174
1.62640351296
8.10203742144
1.17009048884
6.25149424998
0.19543667093
2.33017148448
-1.72126492217
1.20348248016
-0.826257492864
4.69481274218
1.57848073464
1.36143557551
4.55859476635
-1.21845964772
2.05922903813
-1.7184492575
1.25983443664
0.954249614491
1.25962860727
1.87740280867
1.81928155236
1.07751189406
0.0728402678886
0.644707250263
-1.13777658303
1.65295106847
-0.160452311671
1.33344035403
1.35776190123
0.691128000139
0.969487774391
-0.402231029197
0.292316194804
50.6103722781
-4.7832949654
6.97907228731
-1.60220262271
5.64862717342
-4.82673544301
-1.86953866622
9.07408456169
10.3531224237
4.93097556499
1.53845928743
9.69841579295
-6.86468787624
4.44099705341
-3.76653033216
2.37101465298
8.28630111868
3.99972579096
4.82855299121
0.392993594231
2.40196914629
-1.89066969508
-0.293706820019
-0.313311241716
6.17197564587
1.0303960228
3.33075605019
2.78225100671
-0.165971823658
0.560704918026
-1.57904122671
1.25822886402
1.07645575476
2.54431413954
1.58024231845
1.97153091256
0.182285200704
0.564821519609
-0.632480327151
0.0302144146081
1.35321957708
0.757492844297
1.54008408132
0.741967010325
0.907390034866
-0.155143516068
0.116214717708
-0.0538414012767
56.0891101777
-7.99628907883
8.00296865437
-6.33851766231
7.26511365623
-8.73943972344
-2.54954188091
7.20389323115
10.2867427099
7.75110635745
4.34104334577
5.61208333853
-7.69948569068
7.57850572286
-5.01386847911
4.86452459847
6.19955335593
5.0676324841
4.13370206547
-2.65392291182
2.17196098828
-3.60865347286
1.23255550692
1.24831432007
6.5450205708
1.09183465877
5.21066295326
-0.318786396864
0.0672427405197
-0.568745159149
-0.91093156934
2.10336300884
0.744831703693
3.37119509374
0.976440004492
0.635834378152
0.127343109248
-0.0400424085395
-0.0260507122277
1.09735891832
1.57328217483
1.13475113052
1.50649673684
-0.311222785778
0.666387717507
-0.98184432024
0.658642965085
0.208211837034
59.0112417116
-11.8343044329
15.0521957437
-8.77516134681
6.25739697785
-11.073164629
-3.22343617814
4.08441443973
6.57008837361
6.17235052074
5.14866697685
1.59190164773
-2.95913387338
5.77936019165
2.01354585922
2.26789429645
8.14911909038
-1.14654231588
5.71807763864
-5.08348869712
3.06295795605
-2.95311134459
1.8200767572
1.79785277156
2.95562476508
1.02554933428
3.4853077639
-0.284955216695
2.28201698139
-0.917773335588
2.03354422074
-0.645087471749
2.23748242744
-0.22647370409
2.12108222828
-0.540169563799
1.14699249776
-0.118444767699
0.305123993731
0.696570941115
0.941030863783
0.577363637916
1.56305784464
-0.535203234897
1.47940586871
-1.2578932954
1.43353971661
-0.732075832607
58.8316434597
-11.7726637815
21.4061796424
-4.10318267534
2.57742267233
-4.03905002875
1.04003047442
6.2970101092
3.81508279062
5.67344640951
-0.223633808385
0.510656416047
3.63575359582
-0.651015138081
14.7730509717
-4.07654571422
11.9036681667
-3.84146077929
3.89093637961
-1.4231536637
2.95996013025
2.49384105134
0.829176481305
4.27310428457
-1.62907348361
2.01398097076
2.14373133784
-1.41968734718
6.96803803036
-3.16110016391
5.56341346915
-2.1000091097
2.37338153608
-0.299916735367
1.56066036768
1.42896447574
-0.0977822761228
2.64499269983
-1.4567860448
1.73263524091
0.70406765218
-0.708348457365
3.31718296932
-1.94558584878
2.89470864969
-1.23885217537
1.44610270974
-0.174713422719
58.6886097748
-9.41343724035
20.8984414317
0.769677109735
-2.57355086131
-0.358109612156
3.51240443494
7.93687367197
6.34220085554
6.42237548135
-2.04166235324
1.53800766148
4.04284404294
-3.14972903448
17.1072650146
-6.63060774967
13.203075417
-1.51243893583
1.91175868911
1.50762270933
3.10016003511
2.44750563263
1.29395217443
4.61174945473
-1.24411513072
2.97817613501
1.42874213334
-1.13029030711
6.40405117244
-3.11966957292
5.41311045368
-1.48557146774
3.01650098582
-0.09375045197
1.9224748046
0.623732354344
1.29077085806
1.63420624045
-0.566041555116
2.13797963682
0.20042266888
0.292429532363
1.85136787635
-0.617629892621
1.98128966209
-0.417850329675
1.39997129266
-0.377714969588
59.3256005329
-6.48882217924
18.4366999315
-0.00326470257559
4.36688784945
-5.27358684738
-1.11953806022
8.91914901744
4.10518233235
7.92901080804
-0.0689565726001
4.00415173902
3.8285777281
-0.856444559874
8.36071377689
-6.07204570409
17.9361717675
-6.32418333178
5.60776305773
0.294297062218
6.99773021956
-1.99073189597
-0.280242052341
6.72975530863
-1.83245685165
4.72108238576
-1.00106384951
3.1754717768
2.35904482049
-0.783163176354
3.29655333186
-2.60102563588
7.91486165075
-5.1229341177
4.43749972647
-0.6814169643
4.00467285657
-1.85864600635
0.0854814617453
4.39514535207
-2.41745801843
2.87692051233
-1.43034297012
2.94808690733
-0.289137959675
0.198832206321
1.53001771657
-1.28216147996
62.1815658455
-5.53696854156
11.0706121384
-1.98325040136
11.6212505896
-6.7957029206
-5.08327971567
12.5429269323
1.3180852742
11.6991081626
1.77359240782
6.58302540976
2.40125799974
0.940650812266
2.00853948312
-2.28502828722
19.8669101895
-9.1874958943
6.36116100095
-0.426209077475
9.0183607579
-4.09892741765
-0.599251969897
8.30073254595
-1.72938749848
5.88032141311
-1.76533607764
4.60634543425
-0.214794847312
0.827490086875
1.52243204259
-0.543055841218
7.5014150865
-4.94348401528
4.3863597652
-0.607103568686
4.03404320721
-2.62694877323
0.778358150517
3.72682051598
-1.47985281434
2.84768624457
-1.34211036842
2.92501490294
-0.935232912724
0.880871805162
0.661850047575
-0.0332856122744
70.1422020865
-15.4637242928
4.72469952324
1.98922410366
5.65217308566
-4.10486679488
5.73939886436
6.14587209949
3.72494218051
10.9572381928
6.72596621515
0.872610827205
0.435949341477
-1.51062866491
3.36340772634
3.82886639366
14.7201853792
-6.20719463102
5.25896885696
0.912419848735
3.48286306962
-0.288080284558
3.04906742414
-0.538025861087
4.11841147457
5.8287118957
-0.205192188381
0.0333066380435
1.73008866011
-0.620939631095
1.9603261111
2.28695026813
3.51033874048
-1.78008830592
2.77257287024
0.737098086864
1.55504637252
-0.637698509364
0.822506249749
0.395097312629
2.42732109205
0.996922242149
0.0251559212663
0.7415638821
0.454889058932
-0.247107915076
1.46957824111
0.612059676243
218.952428334
-159.476701749
-27.8399885394
112.476671788
-78.3913789536
-21.2298043188
103.370992198
-46.1704554767
-19.8617806472
60.2821999151
23.0021529249
-13.7840114425
-20.7432256917
12.4209217733
3.63807099712
10.5760281334
6.28249827646
-21.2430070816
14.5796670647
13.8610094072
-5.87936331855
28.7795311745
3.63060866836
-38.2815565706
26.4134819554
22.4837030418
-23.3959722974
-9.95849743894
17.7704585256
-5.02437145641
3.06424302278
16.9889754897
0.792503661607
-11.8549211119
7.83552168138
9.9294279545
-2.99491668029
-5.58259395547
-5.42921011475
3.49054337128
8.98685262118
0.487133114693
-1.46981960032
4.80715677917
-0.298018536991
0.451086580937
7.09245337666
-2.29253042875
579.934459248
-530.160046634
-83.5115013999
381.852660427
-318.583565781
-27.2257162479
308.01010671
-194.509599441
-44.592560787
191.644431053
0.235691908294
6.0463402884
-78.87326012
39.1497142805
20.6412537625
-5.69092919058
-14.854565723
-29.2301592162
21.4623876899
28.1410875604
-2.424458326
73.1847145235
-9.90391404261
-89.8215813589
85.5970122692
23.4905611142
-71.9201502775
6.9495524437
19.7637284354
-16.0056721666
23.8798036538
16.7321068416
2.2841573681
-11.7906167896
3.62132921274
30.9034734466
-10.8414538085
-22.433246285
-1.07828903225
6.94856918524
8.79817774254
-1.11491793735
-0.509976237287
12.2420930304
-6.84166089643
7.96844522472
15.5289973178
-17.2722762447
718.99095016
-694.992387931
6.21266838897
431.386854347
-428.699284934
53.0903603943
313.747752552
-286.873363027
51.6442805395
179.468418784
-73.7236951313
103.683502419
-111.260760932
38.5993707689
65.6839888927
-60.5880385673
20.7151551484
-27.9062708007
19.9012945052
25.9744088272
-13.5992216788
74.7030690074
-8.30400719982
-83.0097372597
119.273754896
-26.9240675579
-52.1064634293
62.511233877
-43.3631937154
14.3802903036
34.6676035403
-31.4788863231
37.302376044
-8.43263218693
-15.2007123255
48.1408906892
-25.8305257004
-6.45362692288
18.9978552958
-18.6783480872
22.8166367311
-8.72658253935
-2.12144987759
21.4476735377
-20.1359684819
15.7935901613
11.2042937472
-22.7047746215
645.034709208
-734.703253156
352.964925022
158.938787801
-268.074619206
90.1640837604
200.650897655
-231.613826945
145.361168889
20.7697603586
-45.2888498583
129.922443562
-126.772235334
125.344841618
-0.838109706402
-59.9666812919
100.743959325
-45.6524524489
-1.24691502768
76.6974901684
-68.6642935287
72.0185839978
5.80911986935
-51.6878293345
90.3400616775
-32.7824597491
-14.3009855629
70.0002317759
-58.1931224978
37.5938856549
20.364072965
-37.4620492092
46.9504913244
-7.3964601722
-15.6196005103
42.7886990479
-23.2889780067
5.42013673663
24.2744999243
-24.6060351384
25.3935705507
-5.22390078265
-2.53867245846
16.6371873025
-9.2986711486
4.62301455548
12.6355062326
-12.9525163809
859.940864784
-1366.66004633
1083.17772019
-109.425301513
-300.590472729
100.69865007
365.00266556
-322.751442792
168.528427558
-24.2660968057
77.5014315256
-9.86441055373
-52.0155454285
163.397343252
-42.7621233262
-80.9479696485
180.096564563
-47.2010317124
-96.5231974478
222.620096365
-166.824164742
99.6835357053
19.4034128365
-41.6285089935
39.7260353173
52.7490093872
-78.5217914123
84.3650442324
-20.955973757
14.3613815601
6.18420956163
9.21986888836
8.45497176589
22.5480417622
-30.5290648727
48.1279383555
-6.60870982614
-19.7713610364
50.7815090553
-23.755594437
3.40637531143
25.2752273349
-7.49222831106
-2.0410257485
22.3494937043
-12.337790002
13.8180132317
1.12948781577
1318.28604792
-2408.58150261
2186.19613804
-474.778757023
-497.901325863
277.489354249
546.981003553
-496.075014902
171.680912478
153.643499323
-32.2040839242
-42.8230143208
150.358726866
-13.9251391986
-3.50884915661
21.9762273735
150.813932892
-72.7057154847
-116.98712004
390.408049541
-360.220530532
242.198797334
-22.0752453347
-25.6995787732
38.5810688781
79.7210144566
-79.8379030823
46.0100784035
65.554767168
-34.8073585725
6.81313820182
44.5206049413
-0.612245350882
14.7532198984
-7.01640311325
36.0256090366
4.52340479053
-18.8043255964
61.8785307543
-41.7169457757
28.9896447763
16.661738351
-5.69919856662
3.95248157568
18.1913126757
3.57963801349
-3.38858342933
17.5235987976
1986.28646424
-3777.46324111
3838.03073635
-1322.94208078
-538.878596719
768.682990084
340.378709564
-496.25696407
182.054136418
465.295820467
-353.128881293
82.4411840242
314.944086306
-29.6446549099
-320.422841148
590.805598178
-175.123610644
-124.271251786
203.214153307
223.826469169
-461.398482412
548.187603448
-226.033955176
2.57326959281
176.420497864
-43.7404318083
27.5471892508
-33.1599421106
182.663632685
-95.1045920587
-25.7714050357
182.411500079
-65.3051221864
-84.6983916625
240.919182639
-144.407852438
10.1029424469
136.517061634
-80.1916856596
7.01603144401
77.5564464244
-29.214801082
16.0436758275
1.61033744812
46.4870758804
-9.2144702157
-38.9564996264
113.76927161
2807.55460929
-5684.65933023
5942.02215595
-2146.27870294
-1125.91446245
2044.73460913
-652.428118942
-57.7723743684
381.819525713
8.68585230064
232.276059135
-404.883354547
641.926420483
232.831269749
-1203.65690286
1617.89448385
-409.452136685
-861.431135324
1316.63325297
-330.092246942
-661.339855832
1172.93251067
-720.827827851
196.72628662
297.994243362
-281.461053711
369.464289706
-418.40053451
505.901548382
5.46417137333
-605.460313884
874.099541128
-265.159570768
-456.757358862
805.42658392
-420.436807208
-69.41530269
419.240717335
-331.186630926
157.730752149
40.2756833965
-51.3205031322
153.018119672
-250.397466014
294.712785714
3.83022042492
-340.827825384
465.035339818
3720.47222068
-8274.46977253
8592.62422223
-3056.6833898
-1768.3656418
3148.13533527
-1827.03492408
1387.27591115
-915.069718801
542.914617164
603.772775209
-1256.19061415
1518.22248166
39.1023273065
-1966.23065594
2563.73821381
-238.527229418
-2062.74466632
2231.42220475
-256.435931059
-836.721192937
685.160637349
-56.4263849836
318.002841522
-558.611590243
481.085623699
385.586105113
-1088.26199387
1158.99495186
30.9512833223
-1167.63584007
1191.76077316
70.2267498658
-810.907139062
472.56324088
277.292425845
-150.58512733
-340.621132082
479.876674052
93.490980854
-519.056529585
456.887515792
152.337298987
-552.25980885
419.399917178
233.293520247
-524.631259543
199.328841021
5007.31768165
-10192.7910693
9556.89481392
-2068.73659806
-2960.83828516
2470.9993026
396.79227683
235.737115276
-1939.29430571
2355.15214221
-5.76414774371
-1850.78624546
2007.16765975
837.131747682
-3500.55882263
3305.91542978
856.248258287
-3933.22435426
3136.71780639
154.99568668
-947.061191176
-571.167945912
1778.58172012
-355.703770459
-1272.29821553
1418.91267373
500.360474836
-2012.54960762
1751.66945671
695.881839149
-2582.09359803
2228.68887793
82.1072217872
-1267.92814618
591.747149011
611.809192419
-239.104790141
-830.924324542
1191.98314582
-99.4751252095
-899.029154641
831.808800556
517.732330192
-1583.85296253
1401.12844338
79.1113808561
-1159.42367263
1037.24499337
5064.44339773
-10958.0529962
10000.0
-1089.28840538
-4418.208242
2696.71662923
2195.17235009
-1964.98613247
-1021.58901003
3031.1862559
-1065.35249976
-1241.81113471
1851.04045462
1393.20925849
-4761.9269696
4627.40621476
776.12117991
-5400.09948837
5097.69808516
-765.234159011
-1385.34825665
354.487385303
1514.03197604
-1095.90398581
-216.853975252
1006.2990514
26.9841272304
-1404.56128576
1674.42762753
621.678082172
-3254.23186161
3600.32193426
-846.668525786
-1689.50019799
1946.01970236
-444.015312706
-328.941168346
133.237258444
386.738781153
-338.072481417
19.7239829862
237.095680164
278.826328495
-1204.88767639
1526.01202644
-292.437885588
-1354.34787934
1871.21371893
3994.28061339
-9771.32560211
9188.47522584
-867.732112543
-4645.50908509
3877.06133906
535.98765713
-1488.19955305
61.1938056649
1848.19878413
-1424.48163361
168.670542382
954.712046038
825.498322463
-3441.93633435
3855.68983023
270.804352962
-4103.97296852
4172.67393373
-781.891909628
-1095.32065875
751.200642447
556.465486209
-662.527795952
260.336426717
348.462211051
-80.1216431579
-604.27355209
994.310866252
321.054179145
-1934.25224193
2129.43427811
-297.262340385
-1071.95239403
969.50250322
3.37821607319
-194.601935247
-1.21451231602
176.076972788
12.8229661659
-108.609186484
134.845399946
228.945818204
-620.61996775
636.076879534
89.2576742502
-654.379456353
517.077380908
3793.36378417
-6421.6966664
4804.09406848
994.225354732
-3041.1507816
1737.33811655
552.571017948
167.491422163
-970.347249743
1200.78918415
-184.835847406
-263.76289139
221.424393382
1077.58224001
-1856.449187
1287.32977246
870.019742145
-1583.64235527
812.092519926
496.669669487
38.1324509521
-653.985786131
850.461652341
156.052202416
-338.180782855
218.272431606
470.966097309
-480.811573063
174.063873052
544.418259553
-573.064537835
113.913840852
373.74650927
-60.1567920952
-358.726789456
416.423320788
122.651210027
-255.973080721
125.52766235
299.524907452
-148.568247983
-30.8247928281
353.106092259
-151.94004963
-26.3799124095
228.519742315
1.21295590155
-170.735799731
3774.89587399
-4591.39984818
1972.57575845
3045.25139164
-2504.71623483
87.6894040037
1092.92972291
1007.61495964
-1286.32690467
-16.404893983
889.990415581
-293.472758866
-546.447573393
910.871544088
-896.101492392
192.570327617
724.558492025
-300.428450207
-428.398263332
472.96056718
1140.54136722
-1096.12034969
291.993704382
912.8463033
-192.061835955
-62.9805335476
203.055584398
205.117671834
-36.7780448463
-59.9008879935
152.126383543
-289.45494297
5.73510524297
346.785710799
-530.162755289
-46.464476515
296.692173212
12.8467301606
-271.768848387
44.8918929373
425.200842612
-121.850614375
-15.2494548071
238.34742168
92.0006249178
89.7047545056
55.1282881936
48.7970745448
4272.46697802
-4648.7710633
1052.13703948
4778.27639976
-3210.76701956
-98.7591370643
1221.86534544
1019.79652727
-716.907008131
-1214.68165778
1185.61547065
75.1085892878
-960.088231841
569.562408915
-660.625672632
87.0508717001
766.822854256
-314.22254582
-510.153714773
553.058893898
1366.34704905
-976.732875966
-35.2296304227
1188.5003814
28.4015197924
-152.450309837
-70.5285330405
428.481637325
78.9536457074
-353.688622865
94.9889789528
-223.965302151
-40.6463034808
235.702489861
-507.906862356
-113.236943134
351.64621495
36.0978173717
-259.603366279
31.8454120334
477.249294387
0.331389948432
-101.501287894
219.323403491
183.798363733
69.3983146966
-21.9069446489
28.5855495209
4297.67133667
-3870.97413876
-211.682312423
5265.40439756
-2500.40021521
-774.781045185
1211.15846169
865.881492278
-61.5375624567
-1625.64400416
725.306859781
671.73733415
-1079.01523902
371.470062564
-282.164871566
-246.394244371
1004.86729718
-125.107410344
-509.156480927
563.745510628
1026.42078013
-208.600121745
-349.523212413
632.529780086
483.629806704
-260.530213104
-278.3241534
225.206686527
28.4216887161
-220.847274387
-121.553983258
-208.677610174
0.541573572664
173.794376097
-157.932348589
-114.73209687
243.145955058
284.43577803
1.87852485888
-33.0596382832
293.451861408
209.277149189
-56.1065022834
-4.32114067475
57.7363124745
12.6169881506
-61.8005590698
-123.961179827
4599.00828116
-3683.82658797
-1194.56613615
6151.47165882
-2159.29191951
-1542.97204831
1692.52865723
780.611765971
309.451412354
-1927.71358782
611.380076167
1097.6731173
-1417.64359506
446.406007316
-91.9751695564
-640.216749962
1223.53076572
-40.446913819
-654.118736804
677.797355746
831.425914261
93.3387216295
-341.593623086
396.919740668
726.569727503
-284.210671966
-287.948864325
294.7760978
-95.72824913
-172.055015347
-51.2011360578
-293.038561683
-18.8153156691
138.943620547
-116.5924973
-77.7385087988
140.317971809
297.84569724
85.1961549282
-46.0905745858
295.125771089
228.578370336
-30.4305105511
51.0485026888
52.1955312149
12.9876384807
-34.4904883268
-119.702833866
4638.49157269
-3323.62048768
-1703.33039937
6012.34958567
-1414.03668589
-1869.48877498
1403.17901128
571.679085889
803.401367788
-1875.73744885
-83.8039309952
1204.16785076
-891.379141685
171.453418767
-256.256484835
-295.065907244
1079.26140239
36.8115246402
-308.006073976
537.50565545
619.56520932
151.324783522
151.644353219
100.342770909
-9.47292241103
242.177828245
-103.631920211
-278.398189592
-219.034250853
-101.919888343
201.04932948
-330.079245849
-240.796151298
354.338248344
161.548555734
112.179492819
83.2127896801
213.19067501
398.810634388
112.414966842
24.3200193308
46.8662814516
33.9068990814
8.94629662928
-161.606275345
-212.210248025
-128.924794629
-33.4995719543
4896.65802042
-3063.19051885
-2544.46716205
6520.77711151
-457.884529381
-2373.75282984
1176.35964037
642.80060895
1355.15337782
-1886.77184994
-946.194995504
1344.79998393
-467.646395921
-219.047668391
-457.005269364
-247.351897047
1005.27084201
255.665719408
-134.316306397
370.945187347
526.240102249
572.845132478
501.305085448
-363.109303739
-128.575946629
701.375862144
-133.62788549
-606.635767011
-361.661881841
47.8784203666
232.473273911
-533.654687851
-281.351334647
380.530721541
260.919945435
189.276646538
-11.2936725671
241.482669927
540.205732124
151.383339605
-33.1470165106
6.94633030314
73.0569711374
50.6194992464
-227.150244676
-283.440665415
-86.7609410101
-14.2458935317
4710.61512302
-2501.43444552
-2880.97437633
5901.67921329
221.553430256
-2226.50702391
440.096060894
613.019190237
1520.31404914
-1735.50707974
-1218.82759996
1328.22116206
-397.048948084
-117.036297937
122.910571614
-490.988270297
706.539857894
782.314026362
192.440926661
-50.7379684915
131.241572381
882.390694197
305.821797627
-686.539242084
-177.346541476
322.960811017
-81.8119502433
-466.153125651
-312.960806834
64.7095213732
126.373979577
101.18360644
85.0400623806
59.8836929556
360.945057072
453.390049509
107.287291132
-55.0729396155
94.4053195207
175.14519866
-90.0845954634
-301.380311194
-173.420543244
-64.3672075849
-93.0122272232
-103.783438573
-55.5078539124
36.992340502
5101.41838978
-1604.16205812
-3502.22741419
5487.09524172
1048.56543255
-2245.51665083
-383.224475819
286.42052163
1497.14186723
-1710.39744771
-1649.45478234
1146.49495113
-528.691399099
0.925519680929
886.492483608
-615.865527981
306.825849755
1466.53782343
868.493566907
-370.638307961
-240.051825975
1131.8450146
353.040960743
-933.532218329
-561.729352407
4.74829491135
-100.480133227
-525.247992171
-348.032006971
-81.3414758513
50.9298099578
567.870635721
372.100826769
-46.4226218316
439.848366222
765.874451371
341.190211224
-194.985999053
-111.992715474
214.015294749
-128.615087534
-503.686030049
-372.001250178
-214.919494711
-126.521418767
-79.8315768795
-75.7113745082
32.5332370095
4958.93166829
-697.199601623
-3539.83106264
4812.55525764
1628.68893751
-1935.15529516
-501.654002164
-51.4010970541
1298.63275394
-1287.14097085
-1733.93408715
697.737503387
-606.105885015
146.814968735
1144.87789186
-723.263594936
203.101665763
1705.52597134
918.599424743
-148.12424506
-219.352986541
840.060277741
482.860037711
-829.74939227
-590.807180804
-226.265708296
-353.518469469
-191.713149249
-277.959714009
-351.57621576
167.160319028
673.709549438
485.172708539
72.440726889
352.872503069
763.23528679
369.205953999
-151.46413432
-155.553319982
-82.2556064319
-179.889872929
-349.603304683
-463.514057291
-358.231193614
-83.643936781
93.4648962712
36.4349431695
41.5409792043
4957.07489426
33.0428141085
-3795.43642262
4361.54765716
2119.07608076
-2171.48079098
-596.096109348
-267.433516683
950.071448354
-1062.5500108
-1842.60747632
550.616587892
-619.497280278
319.895070228
1541.57433081
-809.406840343
221.56151746
2055.12648694
953.320648532
-158.282488394
-341.309156203
695.971541939
519.550824928
-1035.45031202
-796.233325048
-329.487328229
-456.730320148
-49.0571151479
-269.709441882
-463.511528406
379.582007989
937.192761518
589.393060864
56.6320273844
363.110094762
962.904042223
401.804536686
-376.723344216
-282.499757624
-105.655936589
-208.541770766
-467.393759438
-642.154213589
-382.152097217
23.9730362985
172.363990083
21.4112724442
21.8743672055
4739.57902475
458.088465983
-3269.65991934
3683.44826213
2045.42492605
-1638.35227789
-604.986654579
-496.081990243
728.111634503
-865.999745142
-1514.68902335
218.718168958
-671.387747755
477.854999442
1368.79812497
-491.835395698
123.270644511
1684.65787962
1237.815762
-131.248788172
-354.882631187
578.291118621
349.276046631
-624.289413637
-773.277279858
-486.282289566
-274.242960316
-51.5033713404
-110.642451972
-357.091143837
162.873266189
857.799173541
588.888969276
64.2021714601
213.066693461
636.266400597
376.612341417
-210.799905157
-305.712358827
-198.224790056
-142.880633156
-224.468332075
-401.030702728
-308.596767792
7.47363430587
237.196210399
149.481733206
22.7552902572
4025.92193329
551.605078564
-2989.7291065
2819.11618947
1966.64249857
-1588.34055316
-817.761894569
-299.766288036
599.388853412
-522.126796604
-1093.28818407
84.396920319
-225.135466319
660.865377525
1151.68889846
-257.927436658
-117.088435428
1311.14730887
1158.59139439
-529.163479805
-616.168886302
443.399560527
141.594957008
-487.790284422
-650.585963554
-412.988112187
81.4103830527
229.86521635
96.7848284164
-154.356497286
184.903531769
915.100249871
531.300278681
-239.480042412
-18.2010867028
433.716555378
155.61563017
-413.657939434
-468.159765708
-162.855074387
-19.7827784905
-97.8764945326
-231.607164658
-128.984632236
258.287233154
442.078266401
174.012012837
-27.0783430506
4060.28332354
563.93072494
-3430.53963815
2486.41458201
1943.76249673
-1676.46766942
-902.06846688
-443.877492934
516.203560628
-219.408584022
-792.238006885
104.190516343
-102.245575863
981.59558511
1283.91018886
-324.989708725
-165.613322822
1304.0902729
1048.03555535
-847.137516411
-672.923461318
467.893474541
-153.467568941
-517.156561034
-473.452823072
-348.797394888
213.52130312
337.377881567
219.640107066
-14.6448113847
314.111427567
935.040167114
304.839303897
-305.693766099
79.9326262137
256.041690539
-160.353949675
-461.881819151
-294.719807905
-168.739160476
-81.9748450039
27.3811179561
-80.8830053518
52.5182735141
370.105686618
376.633049985
138.418618883
44.4551529128
4517.38215155
83.63509013
-4272.20141518
3037.53740113
1990.51643681
-2185.84566117
-796.162202347
-397.051526824
579.408132047
-162.95600774
-626.099863073
298.168391687
-170.829176608
1232.57532547
1424.03252927
-704.024275529
-238.841558847
1491.19278225
733.82676313
-1281.21729565
-538.01317986
559.047059819
-471.772514036
-506.479449683
-137.964625069
-266.736561849
196.788160113
569.852157599
413.078340011
-83.3128463386
315.936810047
999.027320934
125.825579696
-512.556609852
59.4269141975
137.052680489
-384.617935489
-467.18205202
-212.60749129
-210.19727862
-47.4118474959
235.062499467
62.9964860653
52.1200872672
464.209131247
524.661006435
100.970935304
-65.7413213745
4743.71710531
-116.167931102
-4496.38348874
3178.34185134
1806.18581022
-2210.93271702
-819.919909802
-414.146756328
635.85960078
-78.8516813703
-438.143584896
385.581594237
-222.659911565
1349.01624995
1707.88386523
-886.440627935
-278.035083435
1498.93100661
589.250443968
-1064.85394664
-899.975599325
326.553018992
-32.0442462567
-602.352870751
-243.572021623
-166.525368881
293.590109277
883.419268129
342.258762717
-161.413315923
474.687118919
957.455056529
195.320992784
-649.789246983
-215.430027893
241.827973292
-275.708040429
-584.43253269
-382.273010348
-64.6945750011
248.880885154
200.543034127
5.75417991019
178.203805012
553.869512443
542.82681817
7.33347725745
-197.261026847
4259.40028151
0.891339055987
-3998.56074425
2374.73731528
1721.69926281
-1514.59428483
-1028.95799956
-549.49506575
548.947410256
447.925269455
-248.741328812
-172.024596286
-155.540859873
1534.12795376
1600.151213
-1119.78510588
-422.001923986
1287.65346629
682.581035076
-781.35229828
-1320.87178865
173.165570641
482.643717939
-448.371064716
-350.330544029
-278.608479094
358.387532193
1185.90747379
224.911298692
-442.602265071
356.028479988
919.266705158
322.550674485
-802.285996755
-506.304251392
290.620318484
-44.8605244762
-448.037812769
-505.103051107
-144.421666556
477.18354849
397.147770179
-41.4359425663
-23.3734263506
461.771994113
691.184342197
24.7590031296
-434.03994029
4132.69928764
87.5568903353
-3769.62155252
2184.82911617
1704.53451721
-1585.3495435
-902.259956089
-297.581105527
344.58855563
420.706064152
-48.4171304345
-56.4630003348
-256.81802829
1459.82229266
1584.56178782
-1005.70842319
-419.176204236
1114.39100343
560.880804796
-759.171910579
-1088.70690821
109.015274564
222.515933773
-280.405077754
-59.9348562045
-273.096094775
274.086746407
1132.87179073
345.143720547
-319.285508002
212.091837636
714.700264491
202.229751523
-664.324258496
-422.550946325
31.7171143807
-126.089443694
-222.142948224
-305.603165697
-133.136946135
381.945511239
467.481889633
120.972427748
1.72445473244
342.922131817
464.146561838
-19.4954419101
-303.984232874
3933.11286814
-354.12615291
-3357.42672531
2458.24520547
1341.28351425
-1595.17265719
-560.251684587
-256.12735921
357.846999516
405.860890258
-52.009714499
-110.085215013
-327.636623575
1488.44525082
1300.12803584
-1052.24828086
-203.775475161
1024.39077871
387.289513718
-648.818282531
-742.449223502
77.3078921146
-29.8536088888
-10.6964508688
99.8278686764
-515.082627237
271.422605614
1082.94237478
232.412664418
-241.832773785
185.201126425
576.489517921
160.993740091
-443.71504839
-269.964770371
-178.120742763
-132.164941816
24.847532641
-304.268989001
-267.736185015
304.796864117
469.329613439
148.867470792
-32.6196898179
288.799218837
400.262804141
53.8939195136
-115.110282825
4260.10136181
-604.748506161
-3580.76225753
3092.61484096
1061.58449662
-1931.69874096
-354.041307871
-327.600292889
241.318757786
386.049714082
19.8251274164
-165.706712405
-329.32324608
1714.31088505
1362.69222928
-1153.35927143
-78.1877333053
1106.02867687
303.250999079
-693.533674328
-758.500780679
-14.1993153293
-136.882974135
42.2208404429
85.1084826461
-634.775313002
323.098947682
1224.02093776
279.483987005
-258.447465845
229.937571108
661.924680017
192.992150591
-463.802360745
-347.395631105
-245.054080244
-118.791810475
15.5100385549
-391.392757566
-338.727411358
353.986335287
562.85515008
154.256968191
-44.2070140568
332.622401108
479.107778189
106.51279246
-162.421214792
4026.53794586
-589.524415849
-3446.89667694
3048.16022934
817.722431695
-1867.43381084
-282.925861516
-304.315769664
342.705626388
278.983990616
60.9459281672
-73.6233529946
-295.204513145
1636.928086
1263.09323237
-1054.74445361
-114.442608083
1009.2104501
269.532978572
-726.042281434
-654.285348784
-36.7682283272
-211.104540924
180.46682559
127.972027846
-613.783750477
360.471085626
1143.5792514
337.583282187
-224.427367183
135.936978282
577.802521812
112.78983015
-400.565325426
-333.853325011
-363.984863426
-110.16045856
106.721241661
-286.898464274
-299.936394134
318.321997097
608.381044088
220.57646218
-16.0405076461
274.387695196
332.005037703
89.8571041009
-109.497905342
4530.2888703
-903.541133967
-4216.24323707
3830.0805219
962.57192276
-2303.07360044
-344.540520388
-308.241766217
688.612648176
241.768158175
-32.0610298703
-226.172854548
-284.578955321
2031.63441848
1200.77110683
-1381.09139595
-213.158618319
1305.55723792
390.410211275
-1093.87169411
-759.789573112
113.959927079
-132.697580905
257.59039308
-25.0793592377
-740.312199169
604.892054124
1356.33690821
229.118163962
-487.177538441
200.404336885
850.836448429
27.2975817729
-665.116530567
-430.108700522
-235.047132773
35.4321451282
-0.488007433597
-462.498754101
-256.73347882
576.48389748
735.23325897
24.7848848159
-138.675659363
451.024500689
495.854231646
-42.1650483725
-373.12430928
4630.8474973
-685.561442313
-4329.04450159
3853.92707454
874.163347707
-2270.98518486
-209.811071991
-241.12812273
721.848612888
101.416664294
147.745622217
-217.068982983
-227.427500516
2039.69694861
850.219629885
-1217.10857043
-135.618697049
1180.5680024
369.464839399
-1177.12411524
-640.800116441
242.222530761
23.5197385135
174.250141661
-184.355135914
-404.749060853
740.365148138
1094.54358407
38.3502080812
-461.46358808
324.136570827
725.701466458
-146.43716106
-687.25081861
-350.076950995
9.54945557484
100.304078744
-167.759111433
-370.224435678
48.7272161255
623.124223936
478.536758884
-105.321617292
-39.8153253739
443.19068584
336.775709344
-189.480032532
-400.808431129
4884.52500706
-629.140902673
-4533.0879902
4163.26634361
929.008722715
-2361.59842197
-87.5227008541
-299.649488571
704.650255046
-45.9860292523
103.717739924
-380.119246341
-273.518943601
2228.78596987
684.183777427
-1212.64271308
4.55311446814
1363.3738534
387.689979346
-1253.28673327
-515.050139944
141.236895137
98.8041417495
138.685477269
-509.75408997
-402.223579544
799.726304027
1132.80002477
-78.1792544391
-525.164762119
595.736217838
852.066130969
-130.309829065
-686.938819029
-365.000292435
89.8685959387
107.101435607
-312.627749888
-612.61742526
-12.0374194972
745.303534009
411.764540794
-254.192514436
3.40922965433
657.506705287
499.961940752
-186.858999981
-415.255624851
4892.08178296
-799.097556535
-4069.79424567
3993.51201457
395.195098518
-2025.15961139
76.4793006086
-407.023178836
471.144739068
17.8029384074
424.143202522
-325.418556774
-281.223492736
2100.44208966
732.983650298
-1003.58239121
-4.46473877848
1124.78805212
169.607921159
-996.341448219
-316.627782849
-173.797546405
-10.7275028615
371.895654195
-328.071760362
-341.77592269
684.262039971
1034.26248096
84.013316621
-356.248672278
423.675962644
519.561312949
-114.984613375
-430.810662467
-400.5814115
-136.965733912
94.9296738521
-74.4810012
-374.105954856
-15.6379617119
586.715872646
421.809406652
-22.8030082459
58.8534334602
337.992736489
246.485299668
-83.8696476164
-282.640072864
4345.97128433
-1186.38871429
-3452.36238411
3875.10254267
428.447236479
-1732.70203851
-167.948510953
-238.036595214
568.543172606
43.9840892689
139.778844859
-537.528878417
-71.0062282853
1903.58699133
439.739122109
-988.833058347
196.741102555
1017.16662527
154.489470955
-696.133581537
-335.90083986
-164.580710612
35.2818214816
355.978387423
-381.702142821
-485.696713013
653.108736996
855.996316191
17.182547111
-214.320152892
331.894886735
467.615095707
54.8208611377
-250.178944372
-393.264017459
-194.396635865
150.506606933
-77.8596932677
-446.17416223
-126.113028392
407.131689673
351.841758534
27.6401078539
54.8582726042
265.069840947
305.741338246
131.015057508
-166.311397611
4350.13114386
-1119.90227772
-3488.97476426
3946.31858912
373.999103754
-1936.1873345
-184.137873698
-277.61423149
564.0553883
-58.8140063457
87.3051393302
-309.513567375
-11.9875889008
1871.20560965
520.940804342
-888.757456328
335.846401797
979.455030315
36.7380512292
-638.253711641
-347.830569031
-234.295881475
-4.74835590954
198.849743772
-386.604964798
-365.679539101
600.570086254
807.424779204
51.1491072195
-104.459135347
444.172805622
451.52926981
53.1015961444
-218.225403295
-339.17885465
-155.772531427
47.0171846627
-170.176768125
-432.902809832
-106.277244384
356.343234788
259.635831738
24.890235926
123.58126113
325.00981
319.038430807
112.598720732
-104.274679064
3621.46804521
-478.180907079
-3215.04586537
3084.52925949
772.550536615
-1810.26392567
-174.054238372
-299.966247084
401.71545349
-8.90350312928
-56.7529331458
-209.396078633
-29.1560333975
1603.53621418
517.19382491
-750.404291951
343.778215161
1038.81504592
9.15044705615
-731.897825859
-78.9931075881
-149.333481183
-207.689383075
76.8230836739
-396.806670198
-262.618078162
480.423519524
610.007816834
-3.68064301305
-21.0327306413
632.742901964
394.226109942
-67.4624024614
-70.8951431704
-113.696560396
-146.620910478
-124.125034334
-212.256941892
-382.687103257
-112.306024914
250.153911322
61.7016564399
-20.3619805989
259.929483683
377.119151643
218.840618871
105.854976719
87.0044712177
3785.03160342
-256.066574975
-3694.75418011
3168.45149483
1183.25039627
-2227.67435184
-183.455108704
-330.872527109
251.578467315
167.133919099
-171.900802025
-404.375460001
127.194357416
1809.86255367
480.48152599
-832.418412873
462.293325852
1244.12434274
-19.0478728345
-872.73724011
-58.1607020014
-125.224117072
-268.269293503
15.8026593109
-535.941965162
-348.780677425
611.649656324
617.985286055
-138.666872519
28.2937443945
779.999810889
491.520183644
-66.5106239171
-84.7459947297
-62.6391998619
-88.7820077438
-110.83940938
-328.605818648
-498.515921285
-96.5182964057
249.159216944
-27.9078683355
-115.545235176
274.901729497
456.912556892
262.844094084
119.251181774
99.1068467223
3754.04908341
-466.523460589
-3214.05734845
3173.63347111
599.379416892
-1993.40372858
-97.053860759
-365.663103203
142.053225382
102.592474956
-163.339292067
-439.898989364
260.202911071
1592.30930447
473.346743425
-627.764281719
491.774851289
1170.81897344
-36.0672538593
-709.530976057
-121.878282653
-124.774733996
-277.846131365
-61.5948649214
-499.360483044
-445.706462855
573.285165206
550.970293327
-130.890404565
99.2021523808
694.217322143
554.541580573
27.7853414127
-66.2142938396
-21.2147971087
-69.9227870983
-92.5548145487
-329.01193526
-509.350589263
-155.897355008
174.685121613
-37.920206412
-141.077785903
221.690794601
439.230427834
288.748190703
157.669516113
129.968725779
4292.46199755
-971.523057559
-3299.09882383
3925.21622976
87.2814108145
-2166.03171684
-58.0547176143
-383.369741325
272.874737843
-172.582472411
-285.45970147
-422.495056453
337.756228294
1705.8616612
419.322985921
-739.824313048
725.486641034
1408.48923269
-204.77233635
-761.632628823
-79.7807942363
-96.7654060707
-272.465320452
-221.136396926
-654.14015299
-468.416186201
687.252877565
520.219907963
-316.574242655
138.245472636
909.0720672
643.90711248
-40.4638682978
-71.4109329866
81.8175340455
30.9614461628
-100.504037673
-499.265571499
-613.020767308
-70.7444327455
185.919172335
-224.846353136
-269.161607041
308.139880641
553.501791548
282.067468863
106.671652245
175.880842012
4389.38895919
-867.131406478
-3052.20161668
3723.97429968
-6.41153967213
-1788.17321663
-185.980206935
-662.218018999
341.969746135
-144.42075063
-292.531072139
-483.893193916
326.304184719
1766.66723729
369.543386239
-603.13739804
799.244514731
1289.87217336
-109.355362941
-588.646168693
-150.8408339
-228.411415282
-139.335129015
-264.611065896
-788.489771382
-340.217753358
611.375809704
382.548008719
-219.547132724
228.78054803
828.974905025
573.03491484
98.9095787972
-5.6742043828
21.9624625917
64.1626281372
-90.296999731
-517.854333624
-535.635617612
-60.1621368256
54.0314373147
-228.067109349
-141.288097897
268.288551252
419.866832825
298.991775246
176.521823479
167.249803517
4042.4058552
-793.003331999
-2725.16654681
3516.80006297
-21.3300863588
-1747.11945435
-203.761455667
-575.41855639
341.013354675
-161.27056163
-453.294549789
-536.716443802
568.753133408
1638.00641762
-6.73304617772
-455.12697445
1035.36140294
1202.54075726
-269.863385921
-506.796252795
28.2602568267
-237.933462762
-63.3567168647
-358.366823682
-928.354293976
-117.081887029
632.307545543
84.7704622856
-346.541332093
396.202796327
870.366789159
411.536998046
97.5901671724
72.723995986
115.944015934
197.322943406
-102.395598324
-622.869854313
-445.220679176
92.4315837561
-93.2380564728
-438.963522455
-139.313642512
295.566927056
350.37421394
208.257199485
140.432746483
218.270146313
4223.51524043
-694.236426172
-2733.85835878
3653.12594335
147.520740763
-1677.92612146
-258.449928454
-635.445332022
331.896906365
-243.22349862
-497.279870081
-679.656889514
465.320176353
1685.10350234
4.43860380199
-434.741030682
1105.6603213
1305.62512876
-149.655578272
-300.550162019
45.6712548524
-266.457392127
32.7669547292
-434.236932233
-955.835624071
-246.111102078
441.938081445
80.4696303484
-399.21597652
351.722939919
825.025302171
440.642629903
259.930197189
192.667483416
177.405182134
237.877099453
3.4423842869
-504.674647312
-453.177818393
-36.5184429203
-170.323754353
-419.814115728
-206.541892686
142.415342483
244.963967659
219.315510278
211.023380451
242.720051385
3340.04450982
-126.282283326
-2064.00984128
2843.39983526
301.69248756
-1394.98694049
-214.144534863
-534.198271435
24.5153231299
-351.189781629
-347.203039796
-630.436767495
249.897383041
1329.65459207
-5.00699814269
-188.207147894
1074.72589902
1059.62279382
-116.607236368
-89.209699071
211.485278621
-130.01018251
-258.443209814
-475.898620404
-487.392865724
-364.492559017
92.6462777279
-36.8058113043
-327.712470024
448.892701293
604.025188749
242.310404394
261.510191697
461.089887133
335.356907139
-7.45229103855
1.5030816675
-172.504468323
-297.229064495
-217.379047689
-312.068211
-350.848449151
-148.167568998
55.911952196
-0.169154000191
93.4370811256
318.568256761
324.015627507
3024.73908208
20.1421022567
-1916.52397339
2875.68393349
471.067246748
-1556.28583848
-100.746804819
-313.864892864
-116.925990881
-475.342100723
-419.964220751
-663.897861652
302.235938392
1100.67334559
-216.301398304
5.67845491625
1155.26657211
992.010968188
-99.1083874753
14.2153183183
428.173218228
-47.6900529308
-361.540309864
-480.062518346
-380.811055745
-379.279425823
-95.2717470335
-191.022687807
-305.789596125
441.443616452
458.898022493
192.402395159
333.799989475
526.886141215
382.503265443
45.6503165822
71.2923660016
-95.0241842963
-225.489591583
-225.964474095
-353.275703181
-347.084500523
-190.701485984
-33.1328546697
-62.7212341723
64.1015998928
272.995095329
288.468898105
3145.75386224
-212.428186703
-1991.18494636
3309.01532611
379.007555962
-1695.63049502
61.226286862
-172.399443914
-151.035540053
-579.831958865
-411.054250252
-675.623139018
483.302202627
859.148158398
-423.305330389
337.736656893
1098.11041415
754.439417259
-199.648559867
237.084625552
559.653481049
-334.524912205
-397.639056472
-236.570974327
-248.596140682
-535.826435532
-140.713168126
-72.602038698
-172.165252257
456.512077381
211.206639397
205.291896062
517.084192911
469.659501931
110.127034134
15.0020726264
277.08730867
-183.331718355
-327.27267197
-191.199206424
-234.461488078
-250.230370173
-216.569498231
-5.41149828576
-8.17246586048
167.686289721
243.830555601
168.16716937
3889.19264502
-768.370764737
-2596.63626468
4312.40870118
112.197929871
-2162.09997439
256.323941601
37.7109958601
-137.318814256
-734.006365038
-329.769786754
-749.077502022
797.575385972
872.061990103
-845.153499427
529.560079021
1371.70230739
615.35229478
-521.996673333
382.316810342
839.299471533
-462.944381242
-500.148833165
-169.675419859
-140.375667877
-437.531188749
-226.415533514
-259.866785291
-79.1007334959
594.33597954
21.1998640135
-1.54837427183
631.10128414
597.553169946
21.5530393352
-23.6548330579
376.330361099
-22.1245190355
-254.227528943
-232.090299375
-251.317454954
-152.693780723
-175.146048517
-204.76791939
-137.912917992
199.966269131
211.757146254
17.7655948561
3797.01030117
-965.923031623
-2148.10459978
4412.1652605
-178.337586685
-1764.65023983
414.027635612
248.896571399
-172.726155369
-872.625040559
-228.732483899
-812.530048251
749.14677604
524.665529491
-977.219056085
566.5937603
1243.77920897
557.255953831
-473.25290754
492.973584902
932.408992932
-222.02677257
-402.719090037
-116.459221893
-29.8315396902
-366.11394399
-269.560476981
-419.769019942
-110.579766863
394.160393281
-85.4434601914
-67.7493281472
453.583912129
587.724065937
48.2893689713
93.0553280796
381.777830532
83.5011547784
-55.1288359761
-178.277527796
-141.374431695
-143.891907066
-172.37241471
-215.674034465
-188.845099333
79.6826881181
52.5355410383
11.4723584957
3928.15086979
-1651.21084575
-1941.93219095
4957.6595247
-738.152048274
-1650.93197292
627.797448557
546.81211094
-205.114879447
-1006.60204095
-49.7405531477
-925.846358085
1037.27477011
101.093462489
-1301.76874253
942.641182615
1035.28766601
270.645313694
-558.76041796
717.607562579
1013.52883707
-351.054403848
-272.67977425
77.2769325133
160.040586934
-367.317864948
-349.568638872
-328.754167792
-8.88496388128
230.210562581
-377.321860799
-68.5935382835
526.507542819
359.20652606
-151.408115536
217.830461085
526.645204114
75.1342757013
-39.1829014967
-23.9953313217
72.4827915406
-43.7729106264
-231.315244799
-229.266373037
-79.4737664108
48.2683387001
-189.680359021
-125.439821474
4068.36927466
-1976.6147449
-1863.39587946
5083.31172492
-936.891596303
-1315.69413773
795.814446677
596.170365762
-108.245897739
-793.346797999
13.3758648383
-999.658957923
1147.39932804
-149.085082843
-1456.04357858
1050.10451872
867.987713083
-73.651921006
-459.125303169
983.735830934
813.883561131
-339.951608397
23.1902683133
231.635005828
212.689730714
-282.521322354
-311.97043334
-285.591503665
103.029954232
-19.0358400311
-546.678135807
50.2258417438
423.998661356
96.2428872764
-188.931464589
394.031273212
460.770271627
25.0310065675
94.7115201645
110.887966437
155.925692935
-47.4502177832
-168.454615413
-159.806968504
-37.2100054417
-62.7682707037
-285.576362666
-57.1613506486
3978.12980492
-2271.47804258
-1635.33758394
5288.38817081
-1337.57468756
-1180.97608475
1127.1886299
517.062321572
-274.424323898
-632.640003629
50.166340441
-1050.44891762
1275.69467116
-542.78586994
-1510.38185081
1438.32207359
692.46454373
-616.549332084
-176.584755691
1474.23418974
373.906355467
-454.277133204
353.744448735
408.976486005
110.744302961
-391.475035095
-245.071908963
-195.21756048
209.237157371
-422.096656519
-686.430191671
381.048256708
313.346954822
-321.29989154
-186.069523278
773.249847334
320.255879216
-171.512441252
286.815356579
319.693968767
229.603005977
-131.665147834
-143.555413612
4.37938838723
61.2514286234
-286.306533629
-458.637433255
120.39557388
4062.23958657
-2753.77046292
-1489.25044409
5585.84157894
-1599.59261387
-1174.08848636
1363.16952344
771.307067061
-328.811016862
-565.671402654
254.051887603
-970.590869073
1361.83375871
-739.292026235
-1617.50711438
1664.4907715
499.28902309
-987.226440915
-116.469149858
1574.04030004
255.924808825
-668.527365997
588.224755715
606.936943752
87.9854037583
-268.547366123
-158.156057743
120.316795256
201.790722095
-506.675027177
-562.063195144
391.152603721
230.528344129
-568.875746276
-174.992572768
721.593967369
149.714625445
-284.802387994
263.928067579
443.935926735
158.48167025
-128.154216167
29.0224125934
173.345900741
59.8645623008
-253.248273276
-259.506892611
148.183232508
3480.9100434
-2405.92873427
-1288.477883
4973.79120627
-1530.3522837
-1317.44055271
1509.19304782
831.828707583
-721.17748858
-573.259696055
716.478836823
-930.699265106
869.576847097
-457.736187836
-1358.9324
1621.73101257
210.244191538
-1041.02393548
242.374381783
1396.07559518
20.0590349763
-770.066085073
855.840249749
618.049299345
-288.999194691
-215.006140285
75.8750332611
217.301891132
-157.051606105
-515.591344401
-165.870393789
273.794191966
-57.3265894155
-538.954992659
52.0225492579
651.792030195
-112.367874426
-283.678209955
463.614270204
449.684831652
-77.4104445439
-128.442252115
298.946730779
180.897363445
-169.025182491
-203.155467757
-50.3416047854
107.836010346
3297.92678421
-2501.70842435
-1077.83912751
5108.09691864
-1907.64597017
-1407.84477817
1915.28679485
853.659079704
-1084.9260327
-389.322626764
963.943673443
-987.604512294
818.791337797
-551.992490912
-1133.3556983
1684.51924614
-75.3325088759
-1139.52572171
559.492657309
1306.56428902
-384.36387157
-574.469048457
1012.51918381
494.159078144
-464.30600674
-16.6277509121
236.352553944
107.053872712
-137.868954361
-470.847098298
21.5206507743
216.935755382
-177.365915647
-491.405432754
190.833517571
539.211184108
-379.874868423
-89.9496871438
498.446939897
227.950323707
-138.245036196
48.0078698374
301.922698387
39.1029621267
-76.322666068
-113.083566212
19.6737625732
51.7767398045
3592.45966808
-3171.99254163
-418.918506171
5459.27671273
-2962.66739551
-799.259996609
2042.95669332
574.770300657
-1386.12772459
93.3715653579
699.848832817
-1236.65695717
1299.61030274
-1217.51494025
-668.785848378
1765.05292141
-506.5374377
-999.175296931
1010.49565474
1134.79540931
-835.502055009
7.47533469287
1113.44151111
236.376254132
-636.928387757
363.306397994
265.486152252
-191.077332903
-157.149847333
-427.68950129
205.148090021
-114.910397643
-241.012110352
-451.226222899
420.793220881
356.510950472
-729.18527073
410.901858728
559.379940396
-30.4554395896
-173.239509343
434.061243757
331.372312825
-235.896104887
71.0016949968
-10.9387728323
46.7639392523
-107.992905244
4105.14300858
-4031.05885153
193.803786897
5847.10890575
-4064.75111535
-164.814812955
2212.19861718
433.141552149
-1728.73413318
612.150112234
701.642404636
-1553.18377785
1721.79493072
-1537.84666299
-487.165002005
1922.94620078
-839.865177465
-1016.12796891
1336.5823086
904.142153619
-1098.8320058
224.097631228
1281.63246841
-68.7155620487
-627.601745457
743.056855005
20.3233631328
-39.9028610945
-111.740932572
-401.173048539
340.437489423
-176.213870808
-231.739856542
-484.293044518
566.152759079
100.372855955
-777.145902989
546.757260906
380.917546636
-125.193485331
-91.5570703114
447.808904825
247.267824401
-139.993711847
129.680164665
60.1710563665
86.3813780111
-14.5783296546
3786.28577
-3700.7307578
488.485136131
4966.76509197
-3653.45130551
39.9685331873
1733.73620821
551.09251781
-1607.62955344
457.760324545
713.011446275
-1319.0178334
1280.98996285
-1271.82130582
-269.443485408
1522.12323117
-776.12675036
-732.470183508
1258.25594533
539.617118494
-767.327310344
228.721888465
1153.07163495
-87.9891914793
-612.292074894
929.572690345
-113.049850821
-61.1267482123
-155.805358915
-151.221389578
259.314856305
-447.603144119
-21.3568285974
-357.578406224
393.941165306
-126.916078668
-508.08868161
580.816592124
140.527716801
-126.356906786
53.5207582241
503.008485745
100.252196313
-137.90989748
275.675247351
162.5116776
-66.9470196694
-30.4120015612
3921.43652273
-3721.29517324
534.251272096
4724.70401425
-3475.72346629
67.8079446627
1477.03859899
755.542690613
-1684.61502168
470.708460244
712.786196887
-1313.95699514
1293.23603779
-1344.47758955
-135.606238702
1395.42874834
-830.967402337
-545.035711216
1104.37513759
541.568783452
-755.157269393
241.92979969
1237.97336228
-332.215754005
-346.312170442
876.771666319
-182.336285675
95.3584749053
-295.105902226
49.0069988848
115.530269152
-382.088032855
-30.8137536717
-421.821320705
531.161691829
-395.192707508
-362.107421848
561.546254294
-25.1187776353
-31.1770988503
-27.1743120761
543.992613205
43.9152426146
-109.703930639
364.678496487
48.4999103102
104.251667982
-60.3201206485
3284.4399086
-2824.26164407
299.253967693
3902.71684515
-2604.67910298
-92.7415313282
1113.79612183
833.549006725
-1481.5835888
224.04765304
844.738499403
-1308.57742977
1066.63248459
-1031.26342346
-193.138805697
1202.27201725
-794.048196241
-165.260578492
676.635019063
628.949711152
-609.271936377
193.340532248
1199.4503658
-557.036741803
133.329337235
461.582721704
-102.234422438
176.802805739
-397.261848255
174.924810274
-109.271697546
-147.408494975
-188.808598695
-260.546604728
440.549532579
-492.45698497
-15.1318525885
314.14610648
-19.9949258478
109.689402247
-16.1527350778
465.641556823
-3.45448832831
59.1853890164
238.523183121
2.49464475984
186.671353395
-184.231225016
2810.26093909
-2064.20094396
-118.503558498
3397.58751659
-1854.04243238
-426.771652948
982.060219763
1034.47986243
-1403.31543685
-43.7271917125
1229.74697848
-1354.45335494
802.979224021
-726.199692342
-205.209599311
1045.85216113
-877.625965978
46.4440297108
384.559249564
732.667574698
-733.920271053
124.766337911
1335.22538223
-798.029749486
313.988588034
314.654468324
70.2339661454
124.684204473
-408.825444849
363.527674186
-239.76049644
56.4161506163
-348.855822098
-156.538639803
504.734710546
-693.419325018
74.3337663965
234.532816464
-23.0705428842
-44.0659818775
-27.9784072721
528.648161374
-195.052505324
150.361372935
210.677737684
13.483769957
269.079695515
-237.786841338
177.133334738
62.1721408523
-115.10637118
-81.7176964778
-100.08204394
166.419279065
-336.87834446
-34.0653902905
98.6408369572
-150.991030175
20.2983879147
-67.9284412678
154.357892504
-11.3835747674
13.6956782774
130.377587223
26.1391162086
160.94458835
-62.620278201
92.8365244625
113.553678011
-73.1651008677
21.0762214441
-19.2925821507
34.3094045573
-110.82521965
-47.4470352653
25.7787332196
-103.962755342
-8.60575048111
-52.8473245025
8.63022602245
5.42104412864
-33.1996176053
48.175185358
17.0312252221
51.9647740031
1.51151474346
43.9041258671
68.0589073173
-16.4019048942
35.3170027384
16.1336117145
8.65949113279
-12.9852937425
-17.6132192621
5.71972673832
-37.3679500441
-13.9013795038
-24.6397708561
-16.1704649304
-5.34558637895
-26.586572085
5.94367612802
1.23536283474
3.96513704519
5.08219713173
12.8191145957
21.646853072
1.53374330858
17.4057143831
12.816713333
5.75658775195
6.67271105559
0.112315520322
4.05955560357
-5.43773636994
-4.21144977278
-5.32813864376
-6.73316373184
-4.51493163076
-9.19896932269
-2.40673651327
-3.00529154512
-3.59988975141
0.0704060656452
0.692225760802
2.73927053925
1.30936523001
4.0929942489
3.60244612751
2.21689831138
3.30624629646
1.70832627703
1.96876619582
0.650394733502
0.36556401942
0.245236769635
-0.440656484444
-0.487329318823
-0.918187863218
-0.332671793755
-0.561366818205
-0.701769270486
-0.11806602562
-0.150612451441
-0.159796225411
0.0895360707715
0.364308278859
0.282174443636
0.204552098852
0.380948568327
0.271666663061
0.10340447829
0.13595481101
0.178081090995
0.0655148086119
-0.0455283660892
0.0112099978527
0.0597653494183
0.0567770819474
0.05393822785
0.0512413164575
0.0486792506346
0.0462452881029
0.0439330236977
0.0417363725129
0.0396495538872
0.0376670761929
0.0357837223832
0.033994536264
0.0322948094508
0.0306800689783
0.0291460655294
0.0276887622529
0.0263043241403
0.0249891079333
0.0237396525366
0.0225526699098
0.0214250364143
0.0203537845936
0.0193360953639
0.0183692905957
0.0174508260659
0.0165782847626
0.0157493705245
0.0149619019983
0.0142138068983
0.0135031165534
0.0128279607258
0.0121865626895
0.011577234555
0.0109983728272
0.0104484541859
0.00992603147659
0.00942972990276
0.00895824340762
0.00851033123724
0.00808481467538
0.00768057394161
0.00729654524453
0.0069317179823
0.00658513208319
0.00625587547903
0.00594308170508
0.00564592761982
0.00536363123883
0.00509544967689
0.00484067719305
0.00459864333339
0.00436871116672
0.00415027560839
0.00394276182797
0.00374562373657
0.00355834254974
0.00338042542225
0.00321140415114
0.00305083394358
0.00289829224641
0.00275337763408
0.00261570875238
0.00248492331476
0.00236067714902
0.00224264329157
0.00213051112699
0.00202398557064
0.00192278629211
0.00182664697751
0.00173531462863
0.0016485488972
0.00156612145234
0.00148781537972
0.00141342461074
0.0013427533802
0.00127561571119
0.00121183492563
0.00115124317935
0.00109368102038
0.00103899696936
0.000987047120894
0.000937694764849
0.000890810026607
0.000846269525276
0.000803956049013
0.000763758246562
0.000725570334234
0.000689291817522
0.000654827226646
0.000622085865314
0.000590981572048
0.000561432493446
0.000533360868773
0.000506692825335
0.000481358184068
0.000457290274865
0.000434425761121
0.000412704473065
0.000392069249412
0.000372465786941
0.000353842497594
0.000336150372715
0.000319342854079
0.000303375711375
0.000288206925806
0.000273796579516
0.00026010675054
0.000247101413013
0.000234746342362
0.000223009025244
0.000211858573982
0.000201265645283
0.000191202363019
0.000181642244868
0.000172560132625
0.000163932125993
0.000155735519694
0.000147948743709
0.000140551306523
0.000133523741197
0.000126847554137
0.000120505176431
0.000114479917609
0.000108755921729
0.000103318125642
9.81522193601e-05
9.32446083921e-05
8.85823779725e-05
8.41532590738e-05
7.99455961201e-05
7.59483163141e-05
7.21509004984e-05
6.85433554735e-05
6.51161876998e-05
6.18603783148e-05
5.87673593991e-05
5.58289914291e-05
5.30375418577e-05
5.03856647648e-05
4.78663815266e-05
4.54730624502e-05
4.31994093277e-05
4.10394388613e-05
3.89874669183e-05
3.70380935724e-05
3.51861888937e-05
3.34268794491e-05
3.17555354766e-05
3.01677587028e-05
2.86593707676e-05
2.72264022292e-05
2.58650821178e-05
2.45718280119e-05
2.33432366113e-05
2.21760747807e-05
2.10672710417e-05
2.00139074896e-05
1.90132121151e-05
1.80625515094e-05
1.71594239339e-05
1.63014527372e-05
1.54863801004e-05
1.47120610953e-05
1.39764580406e-05
1.32776351385e-05
1.26137533816e-05
1.19830657125e-05
1.13839124269e-05
1.08147168056e-05
1.02739809653e-05
9.76028191702e-06
9.27226782117e-06
8.80865443011e-06
8.3682217086e-06
7.94981062317e-06
7.55232009201e-06
7.17470408741e-06
6.81596888304e-06
6.47517043889e-06
6.15141191695e-06
5.8438413211e-06
5.55164925504e-06
5.27406679229e-06
5.01036345268e-06
4.75984528004e-06
4.52185301604e-06
4.29576036524e-06
4.08097234698e-06
3.87692372963e-06
3.68307754315e-06
3.49892366599e-06
3.32397748269e-06
3.15777860856e-06
2.99988967813e-06
2.84989519422e-06
2.70740043451e-06
2.57203041278e-06
2.44342889215e-06
2.32125744754e-06
2.20519457516e-06
2.0949348464e-06
1.99018810408e-06
1.89067869888e-06
1.79614476394e-06
1.70633752574e-06
1.62102064945e-06
1.53996961698e-06
1.46297113613e-06
1.38982257932e-06
1.32033145036e-06
1.25431487784e-06
1.19159913395e-06
1.13201917725e-06
1.07541821839e-06
1.02164730747e-06
9.70564942095e-07
9.2203669499e-07
8.75934860241e-07
8.32138117228e-07
7.90531211367e-07
7.51004650799e-07
7.13454418259e-07
6.77781697346e-07
6.43892612479e-07
6.11697981855e-07
5.81113082762e-07
5.52057428624e-07
5.24454557193e-07
4.98231829333e-07
4.73320237866e-07
4.49654225973e-07
4.27171514674e-07
4.05812938941e-07
3.85522291994e-07
3.66246177394e-07
3.47933868524e-07
3.30537175098e-07
3.14010316343e-07
2.98309800526e-07
2.833943105e-07
2.69224594975e-07
2.55763365226e-07
2.42975196965e-07
2.30826437116e-07
2.19285115261e-07
2.08320859498e-07
1.97904816523e-07
1.88009575697e-07
1.78609096912e-07
1.69678642066e-07
1.61194709963e-07
1.53134974465e-07
1.45478225741e-07
1.38204314454e-07
1.31294098732e-07
1.24729393795e-07
1.18492924105e-07
1.125682779e-07
1.06939864005e-07
1.01592870805e-07
9.65132272646e-08
9.16875659013e-08
8.71031876063e-08
8.2748028226e-08
7.86106268147e-08
7.46800954739e-08
7.09460907002e-08
6.73987861652e-08
6.4028846857e-08
6.08274045141e-08
5.77860342884e-08
5.4896732574e-08
5.21518959453e-08
4.9544301148e-08
4.70670860906e-08
4.47137317861e-08
4.24780451968e-08
4.03541429369e-08
3.83364357901e-08
3.64196140006e-08
3.45986333006e-08
3.28687016355e-08
3.12252665538e-08
2.96640032261e-08
2.81808030648e-08
2.67717629115e-08
2.5433174766e-08
2.41615160277e-08
2.29534402263e-08
2.1805768215e-08
2.07154798042e-08
1.9679705814e-08
1.86957205233e-08
1.77609344971e-08
1.68728877723e-08
1.60292433837e-08
1.52277812145e-08
1.44663921538e-08
1.37430725461e-08
1.30559189188e-08
1.24031229728e-08
1.17829668242e-08
1.1193818483e-08
1.06341275588e-08
1.01024211809e-08
9.59730012184e-09
9.11743511575e-09
8.66156335996e-09
8.22848519196e-09
7.81706093237e-09
7.42620788575e-09
7.05489749146e-09
6.70215261689e-09
6.36704498604e-09
6.04869273674e-09
5.7462580999e-09
5.45894519491e-09
5.18599793516e-09
4.92669803841e-09
4.68036313648e-09
4.44634497966e-09
4.22402773068e-09
4.01282634414e-09
3.81218502694e-09
3.62157577559e-09
3.44049698681e-09
3.26847213747e-09
3.1050485306e-09
2.94979610407e-09
2.80230629886e-09
2.66219098392e-09
2.52908143472e-09
2.40262736299e-09
2.28249599484e-09
2.1683711951e-09
2.05995263534e-09
1.95695500357e-09
1.8591072534e-09
1.76615189073e-09
1.67784429619e-09
1.59395208138e-09
1.51425447731e-09
1.43854175345e-09
1.36661466577e-09
1.29828393248e-09
1.23336973586e-09
1.17170124907e-09
1.11311618661e-09
1.05746037728e-09
1.00458735842e-09
9.54357990498e-10
9.06640090973e-10
8.61308086425e-10
8.18242682103e-10
7.77330547998e-10
7.38464020598e-10
7.01540819568e-10
6.6646377859e-10
6.3314058966e-10
6.01483560177e-10
5.71409382169e-10
5.4283891306e-10
5.15696967407e-10
4.89912119037e-10
4.65416513085e-10
4.42145687431e-10
4.20038403059e-10
3.99036482906e-10
3.79084658761e-10
3.60130425823e-10
3.42123904532e-10
3.25017709305e-10
3.0876682384e-10
2.93328482648e-10
2.78662058515e-10
2.6472895559e-10
2.5149250781e-10
2.3891788242e-10
2.26971988299e-10
2.15623388884e-10
2.0484221944e-10
1.94600108468e-10
1.84870103044e-10
1.75626597892e-10
1.66845267997e-10
1.58503004598e-10
1.50577854368e-10
1.43048961649e-10
1.35896513567e-10
1.29101687888e-10
1.22646603494e-10
1.16514273319e-10
1.10688559653e-10
1.05154131671e-10
9.98964250872e-11
9.49016038328e-11
9.01565236412e-11
8.56486974591e-11
8.13662625862e-11
7.72979494569e-11
7.3433051984e-11
6.97613993848e-11
6.62733294156e-11
6.29596629448e-11
5.98116797976e-11
5.68210958077e-11
5.39800410173e-11
5.12810389664e-11
4.87169870181e-11
4.62811376672e-11
4.39670807838e-11
4.17687267447e-11
3.96802904074e-11
3.7696275887e-11
3.58114620927e-11
3.40208889881e-11
3.23198445387e-11
3.07038523117e-11
2.91686596961e-11
2.77102267113e-11
2.63247153758e-11
2.5008479607e-11
2.37580556266e-11
2.25701528453e-11
2.1441645203e-11
2.03695629429e-11
1.93510847957e-11
1.83835305559e-11
1.74643540282e-11
1.65911363267e-11
1.57615795104e-11
1.49735005349e-11
1.42248255081e-11
1.35135842327e-11
1.28379050211e-11
1.219600977e-11
1.15862092815e-11
1.10068988175e-11
1.04565538766e-11
9.93372618276e-12
9.43703987362e-12
8.96518787994e-12
8.51692848595e-12
8.09108206165e-12
7.68652795857e-12
7.30220156064e-12
6.93709148261e-12
6.59023690848e-12
6.26072506305e-12
5.9476888099e-12
5.6503043694e-12
5.36778915093e-12
5.09939969339e-12
4.84442970872e-12
4.60220822328e-12
4.37209781212e-12
4.15349292151e-12
3.94581827544e-12
3.74852736166e-12
3.56110099358e-12
3.3830459439e-12
3.21389364671e-12
3.05319896437e-12
2.90053901615e-12
2.75551206535e-12
2.61773646208e-12
2.48684963897e-12
2.36250715703e-12
2.24438179917e-12
2.13216270922e-12
2.02555457375e-12
1.92427684507e-12
1.82806300281e-12
1.73665985267e-12
1.64982686004e-12
1.56733551704e-12
1.48896874119e-12
1.41452030413e-12
1.34379428892e-12
1.27660457447e-12
1.21277434575e-12
1.15213562846e-12
1.09452884704e-12
1.03980240469e-12
9.87812284453e-13
9.38421670231e-13
8.91500586719e-13
8.46925557383e-13
8.04579279514e-13
7.64350315538e-13
7.26132799761e-13
6.89826159773e-13
6.55334851785e-13
6.22568109195e-13
5.91439703736e-13
5.61867718549e-13
5.33774332621e-13
5.0708561599e-13
4.81731335191e-13
4.57644768431e-13
4.3476253001e-13
4.13024403509e-13
3.92373183334e-13
3.72754524167e-13
3.54116797959e-13
3.36410958061e-13
3.19590410158e-13
3.0361088965e-13
2.88430345167e-13
2.74008827909e-13
2.60308386514e-13
2.47292967188e-13
2.34928318828e-13
2.23181902887e-13
2.12022807743e-13
2.01421667356e-13
1.91350583988e-13
1.81783054788e-13
1.72693902049e-13
1.64059206947e-13
1.55856246599e-13
1.48063434269e-13
1.40660262556e-13
1.33627249428e-13
1.26945886957e-13
1.20598592609e-13
1.14568662978e-13
1.08840229829e-13
1.03398218338e-13
9.8228307421e-14
9.331689205e-14
8.86510474475e-14
8.42184950751e-14
8.00075703214e-14
7.60071918053e-14
7.2206832215e-14
6.85964906043e-14
6.51666660741e-14
6.19083327704e-14
5.88129161318e-14
5.58722703252e-14
5.3078656809e-14
5.04247239685e-14
4.79034877701e-14
4.55083133816e-14
4.32328977125e-14
4.10712528269e-14
3.90176901856e-14
3.70668056763e-14
3.52134653925e-14
3.34527921228e-14
3.17801525167e-14
3.01911448909e-14
2.86815876463e-14
2.7247508264e-14
2.58851328508e-14
2.45908762083e-14
2.33613323978e-14
2.2193265778e-14
2.10836024891e-14
2.00294223646e-14
1.90279512464e-14
1.80765536841e-14
1.71727259999e-14
1.63140896999e-14
1.54983852149e-14
1.47234659541e-14
1.39872926564e-14
1.32879280236e-14
1.26235316224e-14
1.19923550413e-14
1.13927372892e-14
1.08231004248e-14
1.02819454035e-14
9.76784813335e-15
9.27945572669e-15
8.81548294035e-15
8.37470879334e-15
7.95597335367e-15
7.55817468599e-15
7.18026595169e-15
6.8212526541e-15
6.4801900214e-15
6.15618052033e-15
5.84837149431e-15
5.55595291959e-15
5.27815527362e-15
5.01424750993e-15
4.76353513444e-15
4.52535837772e-15
4.29909045883e-15
4.08413593589e-15
3.87992913909e-15
3.68593268214e-15
3.50163604803e-15
3.32655424563e-15
3.16022653335e-15
3.00221520668e-15
2.85210444635e-15
2.70949922403e-15
2.57402426283e-15
2.44532304969e-15
2.3230568972e-15
2.20690405234e-15
2.09655884973e-15
1.99173090724e-15
1.89214436188e-15
1.79753714378e-15
1.70766028659e-15
1.62227727226e-15
1.54116340865e-15
1.46410523822e-15
1.39089997631e-15
1.32135497749e-15
1.25528722862e-15
1.19252286719e-15
1.13289672383e-15
1.07625188764e-15
1.02243929325e-15
9.71317328592e-16
9.22751462162e-16
8.76613889054e-16
8.32783194601e-16
7.91144034871e-16
7.51586833128e-16
7.14007491471e-16
6.78307116898e-16
6.44391761053e-16
6.12172173e-16
5.8156356435e-16
5.52485386133e-16
5.24861116826e-16
4.98618060985e-16
4.73687157936e-16
4.50002800039e-16
4.27502660037e-16
4.06127527035e-16
3.85821150683e-16
3.66530093149e-16
3.48203588492e-16
3.30793409067e-16
3.14253738614e-16
2.98541051683e-16
2.83613999099e-16
2.69433299144e-16
2.55961634187e-16
2.43163552477e-16
2.31005374853e-16
2.19455106111e-16
2.08482350805e-16
1.98058233265e-16
1.88155321602e-16
1.78747555522e-16
1.69810177746e-16
1.61319668858e-16
1.53253685415e-16
1.45591001145e-16
1.38311451087e-16
1.31395878533e-16
1.24826084606e-16
1.18584780376e-16
1.12655541357e-16
1.07022764289e-16
1.01671626075e-16
9.65880447712e-17
9.17586425326e-17
8.7170710406e-17
8.28121748857e-17
7.86715661414e-17
7.47379878343e-17
7.10010884426e-17
6.74510340205e-17
6.40784823195e-17
6.08745582035e-17
5.78308302933e-17
5.49392887786e-17
5.21923243397e-17
4.95827081227e-17
4.71035727166e-17
4.47483940808e-17
4.25109743767e-17
4.03854256579e-17
3.8366154375e-17
3.64478466562e-17
3.46254543234e-17
3.28941816073e-17
3.12494725269e-17
2.96869989006e-17
2.82026489555e-17
2.67925165077e-17
2.54528906824e-17
2.41802461482e-17
2.29712338408e-17
2.18226721488e-17
2.07315385414e-17
1.96949616143e-17
1.87102135336e-17
1.77747028569e-17
1.6885967714e-17
1.60416693283e-17
1.52395858619e-17
1.44776065688e-17
1.37537262404e-17
1.30660399284e-17
1.2412737932e-17
1.17921010354e-17
1.12024959836e-17
1.06423711844e-17
1.01102526252e-17
9.60473999393e-18
9.12450299423e-18
8.66827784452e-18
8.23486395229e-18
7.82312075468e-18
7.43196471694e-18
7.0603664811e-18
6.70734815704e-18
6.37198074919e-18
6.05338171173e-18
5.75071262614e-18
5.46317699484e-18
5.19001814509e-18
4.93051723784e-18
4.68399137595e-18
4.44979180715e-18
4.22730221679e-18
4.01593710595e-18
3.81514025066e-18
3.62438323812e-18
3.44316407622e-18
3.27100587241e-18
3.10745557879e-18
2.95208279985e-18
2.80447865985e-18
2.66425472686e-18
2.53104199052e-18
2.40448989099e-18
2.28426539644e-18
2.17005212662e-18
2.06154952029e-18
1.95847204428e-18
1.86054844206e-18
1.76752101996e-18
1.67914496896e-18
1.59518772051e-18
1.51542833449e-18
1.43965691776e-18
1.36767407187e-18
1.29929036828e-18
1.23432584987e-18
1.17260955737e-18
1.1139790795e-18
1.05828012553e-18
1.00536611925e-18
9.5509781329e-19
9.07342922626e-19
8.61975776494e-19
8.1887698767e-19
7.77933138286e-19
7.39036481372e-19
7.02084657303e-19
6.66980424438e-19
6.33631403216e-19
6.01949833055e-19
5.71852341403e-19
5.43259724333e-19
5.16096738116e-19
4.9029190121e-19
4.6577730615e-19
4.42488440842e-19
4.203640188e-19
3.9934581786e-19
3.79378526967e-19
3.60409600619e-19
3.42389120588e-19
3.25269664558e-19
3.0900618133e-19
2.93555872264e-19
2.78878078651e-19
2.64934174718e-19
2.51687465982e-19
2.39103092683e-19
2.27147938049e-19
2.15790541147e-19
2.05001014089e-19
1.94750963385e-19
1.85013415216e-19
1.75762744455e-19
1.66974607232e-19
1.5862587687e-19
1.50694583027e-19
1.43159853876e-19
1.36001861182e-19
1.29201768123e-19
1.22741679717e-19
1.16604595731e-19
1.10774365944e-19
1.05235647647e-19
9.99738652646e-20
9.49751720014e-20
9.02264134013e-20
8.57150927313e-20
8.14293380947e-20
7.735787119e-20
7.34899776305e-20
6.98154787489e-20
6.63247048115e-20
6.30084695709e-20
5.98580460924e-20
5.68651437878e-20
5.40218865984e-20
5.13207922684e-20
4.8754752655e-20
4.63170150223e-20
4.40011642712e-20
4.18011060576e-20
3.97110507547e-20
3.7725498217e-20
3.58392233061e-20
3.40472621408e-20
3.23448990338e-20
3.07276540821e-20
2.9191271378e-20
2.77317078091e-20
2.63451224186e-20
2.50278662977e-20
2.37764729828e-20
2.25876493337e-20
2.1458266867e-20
2.03853535236e-20
1.93660858475e-20
1.83977815551e-20
1.74778924773e-20
1.66039978535e-20
1.57737979608e-20
1.49851080628e-20
1.42358526596e-20
1.35240600266e-20
1.28478570253e-20
1.2205464174e-20
1.15951909653e-20
1.10154314171e-20
1.04646598462e-20
9.94142685391e-21
9.44435551121e-21
8.97213773565e-21
8.52353084887e-21
8.09735430643e-21
7.6924865911e-21
7.30786226155e-21
6.94246914847e-21
6.59534569105e-21
6.2655784065e-21
5.95229948617e-21
5.65468451186e-21
5.37195028627e-21
5.10335277196e-21
4.84818513336e-21
4.60577587669e-21
4.37548708286e-21
4.15671272871e-21
3.94887709228e-21
3.75143323766e-21
3.56386157578e-21
3.38566849699e-21
3.21638507214e-21
3.05556581853e-21
2.90278752761e-21
2.75764815123e-21
2.61976574367e-21
2.48877745648e-21
2.36433858366e-21
2.24612165448e-21
2.13381557175e-21
2.02712479316e-21
1.92576855351e-21
1.82948012583e-21
1.73800611954e-21
1.65110581356e-21
1.56855052288e-21
1.49012299674e-21
1.4156168469e-21
1.34483600456e-21
1.27759420433e-21
1.21371449411e-21
1.15302876941e-21
1.09537733094e-21
1.04060846439e-21
9.88578041171e-22
9.39149139112e-22
8.92191682157e-22
8.47582098049e-22
8.05202993146e-22
7.64942843489e-22
7.26695701315e-22
6.90360916249e-22
6.55842870436e-22
6.23050726915e-22
5.91898190569e-22
5.6230328104e-22
5.34188116988e-22
5.07478711139e-22
4.82104775582e-22
4.57999536803e-22
4.35099559963e-22
4.13344581965e-22
3.92677352866e-22
3.73043485223e-22
3.54391310962e-22
3.36671745414e-22
3.19838158143e-22
3.03846250236e-22
2.88653937724e-22
2.74221240838e-22
2.60510178796e-22
2.47484669856e-22
2.35110436363e-22
2.23354914545e-22
2.12187168818e-22
2.01577810377e-22
1.91498919858e-22
1.81923973865e-22
1.72827775172e-22
1.64186386414e-22
1.55977067093e-22
1.48178213738e-22
1.40769303051e-22
1.33730837899e-22
1.27044296004e-22
1.20692081204e-22
1.14657477143e-22
1.08924603286e-22
1.03478373122e-22
9.83044544658e-23
9.33892317425e-23
8.87197701554e-23
8.42837816476e-23
8.00695925653e-23
7.6066112937e-23
7.22628072901e-23
6.86496669256e-23
6.52171835794e-23
6.19563244004e-23
5.88585081804e-23
5.59155827714e-23
5.31198036328e-23
5.04638134511e-23
4.79406227786e-23
4.55435916397e-23
4.32664120577e-23
4.11030914548e-23
3.90479368821e-23
3.70955400379e-23
3.52407630361e-23
3.34787248842e-23
3.180478864e-23
3.0214549208e-23
2.87038217476e-23
2.72686306603e-23
2.59051991272e-23
2.46099391709e-23
2.33794422123e-23
2.22104701017e-23
2.10999465966e-23
2.00449492668e-23
1.90427018035e-23
1.80905667133e-23
1.71860383776e-23
1.63267364587e-23
1.55103996358e-23
1.4734879654e-23
1.39981356713e-23
1.32982288877e-23
1.26333174434e-23
1.20016515712e-23
1.14015689926e-23
1.0831490543e-23
1.02899160159e-23
9.77542021506e-24
9.28664920431e-24
8.82231674409e-24
8.38120090689e-24
7.96214086154e-24
7.56403381846e-24
7.18583212754e-24
6.82654052116e-24
6.48521349511e-24
6.16095282035e-24
5.85290517933e-24
5.56025992037e-24
5.28224692435e-24
5.01813457813e-24
4.76722784922e-24
4.52886645676e-24
4.30242313392e-24
4.08730197723e-24
3.88293687837e-24
3.68879003445e-24
3.50435053273e-24
3.32913300609e-24
3.16267635579e-24
3.004542538e-24
2.8543154111e-24
2.71159964054e-24
2.57601965851e-24
2.44721867559e-24
2.32485774181e-24
2.20861485472e-24
2.09818411198e-24
1.99327490638e-24
1.89361116106e-24
1.79893060301e-24
1.70898407286e-24
1.62353486922e-24
1.54235812576e-24
1.46524021947e-24
1.3919782085e-24
1.32237929807e-24
1.25626033317e-24
1.19344731651e-24
1.13377495068e-24
1.07708620315e-24
1.02323189299e-24
9.72070298342e-25
9.23466783425e-25
8.77293444254e-25
8.33428772041e-25
7.91757333439e-25
7.52169466767e-25
7.14560993429e-25
6.78832943757e-25
6.44891296569e-25
6.12646731741e-25
5.82014395154e-25
5.52913675396e-25
5.25267991626e-25
4.99004592045e-25
4.74054362443e-25
4.50351644321e-25
4.27834062105e-25
4.06442358999e-25
3.86120241049e-25
3.66814228997e-25
3.48473517547e-25
3.3104984167e-25
3.14497349586e-25
2.98772482107e-25
2.83833858002e-25
2.69642165102e-25
2.56160056846e-25
2.43352054004e-25
2.31184451304e-25
2.19625228739e-25
2.08643967302e-25
1.98211768937e-25
1.8830118049e-25
1.78886121465e-25
1.69941815392e-25
1.61444724623e-25
1.53372488391e-25
1.45703863972e-25
1.38418670773e-25
1.31497737235e-25
1.24922850373e-25
1.18676707854e-25
1.12742872461e-25
1.07105728838e-25
1.01750442396e-25
9.66629202767e-26
9.18297742628e-26
8.72382855497e-26
8.28763712722e-26
7.87325527086e-26
7.47959250732e-26
7.10561288195e-26
6.75033223785e-26
6.41281562596e-26
6.09217484466e-26
5.78756610243e-26
5.49818779731e-26
5.22327840744e-26
4.96211448707e-26
4.71400876272e-26
4.47830832458e-26
4.25439290835e-26
4.04167326293e-26
3.83958959979e-26
3.6476101198e-26
3.46522961381e-26
3.29196813312e-26
3.12736972646e-26
2.97100124014e-26
2.82245117813e-26
2.68132861923e-26
2.54726218826e-26
2.41989907885e-26
2.29890412491e-26
2.18395891866e-26
2.07476097273e-26
1.97102292409e-26
1.87247177789e-26
1.77884818899e-26
1.68990577954e-26
1.60541049057e-26
1.52513996604e-26
1.44888296774e-26
1.37643881935e-26
1.30761687838e-26
1.24223603446e-26
1.18012423274e-26
1.1211180211e-26
1.06506212005e-26
1.01180901405e-26
9.61218563343e-27
9.13157635176e-27
8.67499753417e-27
8.24124765747e-27
7.82918527459e-27
7.43772601086e-27
7.06583971032e-27
6.7125477248e-27
6.37692033856e-27
6.05807432164e-27
5.75517060555e-27
5.46741207528e-27
5.19404147151e-27
4.93433939794e-27
4.68762242804e-27
4.45324130664e-27
4.23057924131e-27
4.01905027924e-27
3.81809776528e-27
3.62719287701e-27
3.44583323316e-27
3.27354157151e-27
3.10986449293e-27
2.95437126828e-27
2.80665270487e-27
2.66632006963e-27
2.53300406614e-27
2.40635386284e-27
2.2860361697e-27
2.17173436121e-27
2.06314764315e-27
1.95999026099e-27
1.86199074794e-27
1.76889121055e-27
1.68044665002e-27
1.59642431752e-27
1.51660310164e-27
1.44077294656e-27
1.36873429923e-27
1.30029758427e-27
1.23528270506e-27
1.1735185698e-27
1.11484264131e-27
1.05910050925e-27
1.00614548379e-27
9.55838209596e-28
9.08046299117e-28
8.62643984161e-28
8.19511784953e-28
7.78536195705e-28
7.3960938592e-28
7.02628916624e-28
6.67497470793e-28
6.34122597253e-28
6.0241646739e-28
5.72295644021e-28
5.4368086182e-28
5.16496818729e-28
4.90671977792e-28
4.66138378903e-28
4.42831459958e-28
4.2068988696e-28
3.99655392612e-28
3.79672622981e-28
3.60688991832e-28
3.4265454224e-28
3.25521815128e-28
3.09245724372e-28
2.93783438153e-28
2.79094266246e-28
2.65139552933e-28
2.51882575287e-28
2.39288446522e-28
2.27324024196e-28
2.15957822987e-28
2.05159931837e-28
1.94901935245e-28
1.85156838483e-28
1.75898996559e-28
1.67104046731e-28
1.58748844394e-28
1.50811402175e-28
1.43270832066e-28
1.36107290463e-28
1.2930192594e-28
1.22836829643e-28
1.1669498816e-28
1.10860238752e-28
1.05317226815e-28
1.00051365474e-28
9.50487972003e-29
9.02963573403e-29
8.57815394733e-29
8.14924624996e-29
7.74178393747e-29
7.35469474059e-29
6.98696000356e-29
6.63761200339e-29
6.30573140322e-29
5.99044483306e-29
5.6909225914e-29
5.40637646183e-29
5.13605763874e-29
4.8792547568e-29
4.63529201896e-29
4.40352741802e-29
4.18335104711e-29
3.97418349476e-29
3.77547432002e-29
3.58670060402e-29
3.40736557382e-29
3.23699729513e-29
3.07514743037e-29
2.92139005885e-29
2.77532055591e-29
2.63655452811e-29
2.50472680171e-29
2.37949046162e-29
2.26051593854e-29
2.14749014162e-29
2.04011563453e-29
1.93810985281e-29
1.84120436017e-29
1.74914414216e-29
1.66168693505e-29
1.5786025883e-29
1.49967245888e-29
1.42468883594e-29
1.35345439414e-29
1.28578167444e-29
1.22149259071e-29
1.16041796118e-29
1.10239706312e-29
1.04727720996e-29
9.94913349465e-30
9.45167681992e-30
8.97909297892e-30
8.53013832997e-30
8.10363141348e-30
7.6984498428e-30
7.31352735066e-30
6.94785098313e-30
6.60045843397e-30
6.27043551227e-30
5.95691373666e-30
5.65906804983e-30
5.37611464734e-30
5.10730891497e-30
4.85194346922e-30
4.60934629576e-30
4.37887898097e-30
4.15993503192e-30
3.95193828033e-30
3.75434136631e-30
3.56662429799e-30
3.3882930831e-30
3.21887842894e-30
3.05793450749e-30
2.90503778212e-30
2.75978589301e-30
2.62179659836e-30
2.49070676844e-30
2.36617143002e-30
2.24786285852e-30
2.13546971559e-30
2.02869622981e-30
1.92726141832e-30
1.83089834741e-30
1.73935343004e-30
1.65238575854e-30
1.56976647061e-30
1.49127814708e-30
1.41671423972e-30
1.34587852774e-30
1.27858460135e-30
1.21465537128e-30
1.15392260272e-30
1.09622647258e-30
1.04141514895e-30
9.89344391507e-31
9.39877171931e-31
8.92883313335e-31
8.48239147668e-31
8.05827190285e-31
7.6553583077e-31
7.27259039232e-31
6.9089608727e-31
6.56351282907e-31
6.23533718761e-31
5.92357032823e-31
5.62739181182e-31
5.34602222123e-31
5.07872111017e-31
4.82478505466e-31
4.58354580193e-31
4.35436851183e-31
4.13665008624e-31
3.92981758193e-31
3.73332670283e-31
3.54666036769e-31
3.36932734931e-31
3.20086098184e-31
3.04081793275e-31
2.88877703611e-31
2.74433818431e-31
2.60712127509e-31
2.47676521134e-31
2.35292695077e-31
2.23528060323e-31
2.12351657307e-31
2.01734074442e-31
1.91647370719e-31
1.82065002183e-31
1.72961752074e-31
1.64313664471e-31
1.56097981247e-31
1.48293082185e-31
1.40878428075e-31
1.33834506672e-31
1.27142781338e-31
1.20785642271e-31
1.14746360158e-31
1.0900904215e-31
1.03558590042e-31
9.83806605402e-32
9.34616275132e-32
8.87885461375e-32
8.43491188306e-32
8.01316628891e-32
7.61250797446e-32
7.23188257574e-32
6.87028844695e-32
6.52677402461e-32
6.20043532338e-32
5.89041355721e-32
5.59589287935e-32
5.31609823538e-32
5.05029332361e-32
4.79777865743e-32
4.55788972456e-32
4.32999523833e-32
4.11349547641e-32
3.90782070259e-32
3.71242966746e-32
3.52680818409e-32
3.35046777489e-32
3.18294438614e-32
3.02379716683e-32
2.87260730849e-32
2.72897694307e-32
2.59252809591e-32
2.46290169112e-32
2.33975660656e-32
2.22276877623e-32
2.11163033742e-32
2.00604882055e-32
1.90574637952e-32
1.81045906055e-32
1.71993610752e-32
1.63393930214e-32
1.55224233704e-32
1.47463022019e-32
1.40089870918e-32
1.33085377372e-32
1.26431108503e-32
1.20109553078e-32
1.14104075424e-32
1.08398871653e-32
1.0297892807e-32
9.78299816667e-33
9.29384825834e-33
8.82915584542e-33
8.38769805315e-33
7.96831315049e-33
7.56989749297e-33
7.19140261832e-33
6.83183248741e-33
6.49024086304e-33
6.16572881988e-33
5.85744237889e-33
5.56457025994e-33
5.28634174695e-33
5.0220246596e-33
4.77092342662e-33
4.53237725529e-33
4.30575839252e-33
4.0904704729e-33
3.88594694925e-33
3.69164960179e-33
3.5070671217e-33
3.33171376562e-33
3.16512807734e-33
3.00687167347e-33
2.8565280898e-33
2.71370168531e-33
2.57801660104e-33
2.44911577099e-33
2.32665998244e-33
2.21032698332e-33
2.09981063415e-33
1.99482010244e-33
1.89507909732e-33
1.80032514246e-33
1.71030888533e-33
1.62479344107e-33
1.54355376901e-33
1.46637608056e-33
1.39305727653e-33
1.32340441271e-33
1.25723419207e-33
1.19437248247e-33
1.13465385834e-33
1.07792116543e-33
1.02402510716e-33
9.72823851798e-34
9.24182659208e-34
8.77973526248e-34
8.34074849936e-34
7.92371107439e-34
7.52752552067e-34
7.15114924464e-34
6.7935917824e-34
6.45391219328e-34
6.13121658362e-34
5.82465575444e-34
5.53342296672e-34
5.25675181838e-34
4.99391422746e-34
4.74421851609e-34
4.50700759028e-34
