0.543528984608
-0.139506547084
0.0864203274056
-0.0947678079233
0.175898639028
-0.11808820777
0.0110269549996
-0.00849267151255
0.0739299059184
-0.0313040013337
-0.00550697711378
-0.0372088171021
0.11092160545
0.105603312534
-0.0262000939653
0.0764900650991
0.121384342445
-0.010240418109
-0.0688194901641
-0.0228331339697
0.0791777626941
-0.0642640568245
-0.0163430196013
-0.0273063789647
0.0488414529118
0.00062297560655
0.00605423880744
-0.00734977768635
0.114623041969
0.0463580657326
-0.014820312056
-0.00240597662948
0.0552032005044
-0.00809256548651
-0.0619278993028
-0.00645879982886
0.0238142832255
-0.0127893588875
-0.023123650437
-0.00621764171851
0.0346797000539
0.0258433039176
0.00326142040141
0.0048722269822
0.0464124804389
0.0183097739854
-0.018601160188
-0.0148674249697
14.9701444496
-3.96419528758
2.03932938709
-2.83147993402
4.10884676143
-3.77914453503
-1.23783436065
0.192673629736
0.62214080929
-0.27529621152
-0.0978011120402
-1.5876914302
2.19072604365
1.93984843873
0.394786152335
1.52411626202
4.06556713961
-0.212959620372
-1.0835329316
-0.934169631366
1.21924370791
-2.35565475984
-0.493797108309
-0.256343614928
0.389156676238
0.071044511615
0.20376967426
-0.0218340303977
1.45076882829
1.15555531867
0.488198226673
0.320828395398
1.49314967223
-0.236900266855
-0.952090384363
-0.446429188108
0.108177614412
-0.984721994262
-0.325473564574
0.0300775628839
0.370741860353
0.161007513484
0.381344560024
0.266760682106
0.658078081223
0.537350995458
0.135248747161
0.0177822877154
51.2782655845
-11.2037930957
6.66941312531
-7.17603946621
11.485489869
-9.30766555021
-4.74708720526
1.70600211407
1.97718320156
0.101398468186
1.12590150574
-3.62709644985
5.43872119017
4.09271756854
0.457598580653
3.56816550526
13.1702741752
-0.839985142103
-0.559746260304
-2.29920631687
4.4792285357
-5.06246983676
-1.31817469056
0.0187116289795
1.82519973049
0.406478237936
0.50887409253
-0.484244929893
3.1699694405
2.01795352871
0.270858510719
0.922144857049
4.25374001693
-0.0386165010894
-0.878617116865
-0.843915009393
1.61518837437
-1.61938214612
-0.476551972062
-0.0870780533726
1.26423848893
0.317573138596
0.339578306161
-0.0154423073156
1.41027290091
0.818359264002
-0.00432509898272
0.144510390674
68.5332845497
-12.3020880479
10.7604672509
-6.60724623452
10.1855271428
-5.18603676929
-2.34125241245
1.61959491555
3.51970659211
3.35202856787
-0.853008989696
-1.31952182228
5.11903446105
4.68489876541
-1.45341953178
0.514030090531
15.989933314
-1.47055102586
4.61509822506
-1.96725274989
4.32032086688
-1.99920018743
0.120760351519
0.414596062855
1.73529589075
2.98273481032
-0.5940742616
0.103444591425
2.2834454406
2.06668279142
0.270572560341
0.0441397544335
3.73373803662
-0.608972159527
1.83725012148
-0.250470368511
1.7207990573
0.0566290131974
0.149419731322
0.254210170131
0.480546460194
1.48145680768
-0.0965292728995
0.399196675094
0.791208110882
0.568530500044
0.419895875792
0.090634131338
69.8245558932
-9.22347027327
17.4893428798
-5.20569588199
3.42518732953
2.46154248869
5.11714803853
4.98149761283
-3.29889779833
14.8328899715
-6.62728560446
5.16793981327
1.23532920685
3.16588090574
1.30142105254
-3.6579730548
13.0833247091
-1.7402379478
9.95886557413
-0.586254687939
2.19572445025
0.955498972583
0.370622925074
4.65235683851
-1.59344145358
6.21689786496
-1.20387731742
1.84590376992
1.27469982472
0.705562097651
2.55146323182
-1.40349329072
3.83194059273
-1.47903235797
3.0112825769
0.823371785992
0.483061768258
1.62792366044
-0.554370713286
2.18095205058
-0.658475065256
2.21283930124
-0.0316876883421
0.591543756752
0.996712658796
-0.314844658431
1.52589707373
-0.385935040944
73.061710301
-8.35620530332
19.1949487262
-8.58429943436
6.64005394324
3.10626468852
10.6039936846
8.18878465799
-5.68110791006
21.4386073794
-4.59181279114
5.71300574431
-3.14946610985
-0.876540427863
8.88144288162
-1.77541746241
13.5908869477
-2.53904202199
9.99381787757
-2.82873756315
3.87878091677
0.068399154967
0.587782154315
7.48301413621
0.607695420349
6.01314246963
-0.0157399021454
0.797546062827
1.08408281687
-0.935673710677
4.73396628965
-1.15368738733
6.20021554513
-1.32372627964
3.80880913478
-1.15944875177
0.808676807305
0.650159337629
0.622300837119
2.59718131902
1.04877631034
1.95053843414
0.503686779185
-0.11345009316
0.95058340234
-0.909518780985
2.37295877326
-0.444802458373
77.9717182702
-11.2528481477
18.0178126705
-15.0168366614
17.2037272951
-2.87344461411
15.2171214666
4.49842367064
4.62513716071
16.607793521
1.13287937165
-0.174395793888
-4.74283365825
-2.94778124007
13.6601196853
-2.48336781906
18.8045561714
-4.70246377571
12.3843945289
-9.11126908354
8.5403822218
-4.29856167626
5.58710777721
4.69599386257
5.12531222908
4.44025135976
0.581646823469
-0.298371669349
0.0950795839593
-1.21513810022
5.55243728212
-1.08340561924
8.51850384521
-3.17037276376
6.56336412323
-5.40673649584
4.37375894452
-2.64319268287
4.04922326489
0.675910514436
3.10618855468
1.14600830271
0.485863474332
-0.195053284325
0.221851195196
-0.198999350822
2.30251187723
-0.268470936234
76.9762250587
-9.47288524538
18.0224519205
-15.3435373316
19.7294317264
-4.66271642089
11.9642678541
2.17567228655
10.9940300707
9.52674301305
1.47043893956
-2.11389926726
-3.47927944271
-1.20495515194
9.24178547384
-0.634873892518
21.2846869466
-4.79843438119
11.5484991222
-9.77526877813
9.88772678686
-4.55220472899
7.09904156472
1.66858008952
7.2809030901
2.77708082399
0.929730094817
-0.979445684763
-0.532410107033
-0.0675714973049
4.11774846116
0.882709823323
7.40115619814
-2.41711959528
5.0965315776
-4.45263022702
4.42756181402
-2.67298749279
4.26381781477
0.273634449981
3.86314539276
0.384298496782
0.715950188552
-0.619469249121
0.234629288476
0.278122537367
1.80412828467
0.703101912606
69.9411120115
-6.95964291692
13.906435007
-13.8616794787
14.0204856181
0.628409300589
9.42279216885
-2.07032255777
17.4125767214
4.31090755883
4.83096531024
-1.69427555259
1.44226868872
-1.30625974195
5.82078870008
5.26617693717
14.8172801052
-3.63760718703
6.95745084471
-2.56165288102
10.1644892067
-2.56976706416
3.28432886081
1.51671369679
9.04895135337
-0.483583683773
3.31856178351
-1.44517312354
4.17437818013
-0.906256189834
4.04429706622
0.864384003017
5.15039740167
-0.324332559466
3.0008805214
-0.00441172477007
2.53222632212
-2.11843563998
3.38738006555
1.88411333256
2.92857720239
-0.508451743511
1.54899699758
0.51676058368
1.93933924136
-1.18945893501
2.0436654687
0.670035930295
80.5946697444
-20.1081455401
16.9013618339
-19.9776940975
19.7311872022
1.42906432034
17.9170984176
-9.89426680499
26.0570710571
1.88892683313
10.5403211087
-0.362666536843
12.3157158055
0.346873389879
7.1936728252
9.62587754221
6.43825145305
-5.88478826992
10.3669301051
1.30410262893
18.0505587432
-5.1711514705
5.62785462808
-0.658417244086
13.3246456171
-5.2599731973
8.16391267187
-1.97874894893
10.8419249687
-4.26026441897
7.8265436933
-1.36549038202
6.29862886323
-0.176445120388
5.15461016974
0.62360969905
3.89188958455
-3.49732297146
5.81163479339
0.954073713008
4.27838663447
-2.35496216573
4.53687501248
-0.245900970915
4.1055286129
-2.59753285639
4.50654053472
-1.11970863814
188.697807444
-136.740769339
63.7959085648
25.4717280339
-27.7529893342
9.46515555338
91.2143249279
-88.5271667827
27.07440606
56.8261310437
-53.6627056635
17.9282592701
48.1223457548
-23.5892637031
10.5593384038
49.336026271
-30.7119483025
0.644108349816
44.5903774334
-7.66167979724
7.3336511817
20.3004114052
-4.22437723395
-23.2035753947
41.5834863171
-9.95867876069
-9.95244469886
16.5396048945
12.758317495
-30.4675934118
31.2400166228
2.98703283233
-13.2882804056
20.9930610117
15.5100002669
-21.6113179384
17.065627103
9.77989080117
-15.3272203775
14.6494646806
11.8480225781
-18.2900167638
6.33207414238
10.8329413347
-13.4238611924
4.2557596834
13.3601681095
-11.5848112371
611.744653774
-603.157262475
235.891682307
215.243320115
-243.662864898
67.7705112406
368.392097052
-412.994712123
29.4697510928
292.048554929
-350.681731584
107.608137226
131.278134182
-124.033174202
-13.9805126415
228.178392405
-204.816135988
37.7226831761
158.46801429
-41.2551307996
-22.3996039209
129.850720898
-48.0907978185
-113.062804193
178.925945854
-49.2675765028
-89.5170926028
96.2126892198
10.1719252517
-150.30778839
132.187644554
3.96402622063
-120.031725565
124.470959388
29.1143583892
-104.401913828
83.6605051076
51.649478647
-108.992904257
93.746839102
42.4642024452
-94.7579660535
42.3556727735
50.938887203
-89.4608674956
26.1520539801
60.4015193266
-86.395541247
1069.09645359
-1054.45864372
465.572960475
311.313434521
-363.575024613
96.6109695099
618.26041104
-661.419276667
72.4719540289
477.184821368
-603.1112903
232.808577385
84.2341500995
-103.054816226
-83.6548777697
367.713803439
-298.336184498
31.6027824867
232.268719494
-65.7183057483
-32.1423590151
183.741648121
11.6535585939
-250.838285025
364.915033711
-144.737834397
-122.336162248
179.248092207
-7.55099382984
-210.030833194
217.515031692
-12.7708030716
-217.400115888
252.446014122
-53.2840502583
-91.1104999893
102.26960946
81.4806333149
-174.170314559
153.169075187
41.545767135
-144.298897145
101.358622395
47.2763333047
-105.61335128
23.4927195394
119.32680771
-174.697863089
1187.94070211
-1167.94002236
671.391609247
180.092884785
-381.844037266
153.164346564
583.411162838
-620.245225769
152.398209883
536.786351887
-712.736041472
373.736564388
-27.0064456844
2.80832454939
-157.93708496
464.66856276
-324.024672289
29.9940124443
236.71970836
-123.483321626
-16.6097842975
164.772114094
71.1489311577
-289.202144094
430.828605165
-234.713293532
-28.2600284271
129.468823176
18.8910013234
-171.008129877
212.915492162
-20.9926124743
-165.932513578
224.278098086
-91.092296881
-13.512212347
38.0386753211
98.3602292077
-155.692323042
142.229542255
-11.667203349
-66.0998893278
56.9212937898
32.5216184157
-54.6726379562
14.276447755
82.1517778593
-110.880685625
1346.00482703
-1409.34212523
939.32998113
52.1398863894
-514.629871443
134.360213626
693.660593133
-650.279806926
126.849680076
666.330848839
-782.14517839
474.82625301
-42.1542826864
135.589980951
-214.390396275
489.64054223
-315.84273511
63.6511363468
144.953063334
-128.414565317
50.5920941799
3.10672284454
193.307611038
-291.961677658
336.041014549
-116.640955661
30.8063388428
27.6394865703
100.207896302
-69.2350216682
14.1810352851
108.364535132
-138.316013986
128.799144777
-88.8451045048
78.427080146
-31.8221079123
39.0726838332
8.43722338697
23.1880056488
23.2300674513
-21.0337986961
73.3656397381
-68.3101293056
68.2836416652
-36.2867125094
9.60993383009
11.0915722341
2037.60386575
-2096.73273383
1368.32523443
275.950394455
-998.93330136
19.8021619772
991.451675854
-694.409358501
-423.878818621
1176.67458483
-984.724470445
599.800254502
-186.902006844
576.596949953
-295.566086346
235.667117053
144.058446576
-261.434711836
261.7646083
-238.162234082
197.092100159
-370.996570342
566.190228714
-572.461984712
287.757915262
280.554869281
-322.056556045
226.654801927
113.993949997
73.8876271192
-338.22184909
483.757039274
-297.112948966
35.837481371
0.227421744174
35.2295861453
4.32427568277
-137.324167054
283.96954009
-200.635855179
168.494083169
-61.151624992
116.44618256
-86.0120390752
83.0086587188
-15.4400170309
-80.1833439122
158.35610098
-189.519782963
121.095919271
-42.2847505807
45.4029126518
-68.80696469
97.5252720286
1.56144666974
-56.4840058652
94.7158756339
-48.7297373349
49.5544167855
-75.625944298
90.285362664
-58.0694168556
2.8838601451
20.9783984485
-10.4079088886
13.1279311106
-20.3176463607
51.5568766054
-45.749295553
48.5981081146
-27.9977637224
19.5645348389
1.05176003971
-9.4626487752
2773.41342086
-3058.59408846
2865.02906148
-576.755935824
-593.790941333
-142.903380727
1127.12488886
-1403.37403309
290.555021227
708.71776227
-919.967090222
819.671014687
-210.613599065
136.449456974
290.199027217
-63.8985487838
7.92681863554
193.756345508
215.143872924
-456.540345463
488.305989691
-94.601883613
-186.64793184
92.8695645298
74.4128283904
-56.2662788557
-155.95463896
399.592387753
-331.365245229
309.235872483
-103.708204575
109.247259642
-21.4350925761
155.532169757
-202.543583697
240.016854682
-16.5221708185
-127.042999789
153.989830776
42.0570916899
-193.586937312
145.144977894
4.38127172836
-128.340920784
85.5076780142
47.5020368948
-90.6652807339
104.423332001
2429.03907751
-2996.83272006
3320.5108899
-1206.2206383
172.869918421
-372.22270812
1194.96572807
-1932.41067892
1298.19128146
-457.397207998
-264.468503945
376.545233215
120.552215076
-605.018647603
908.619482291
-350.424920531
45.1352850045
341.952533069
220.472090269
-235.482076066
290.099142986
180.649538351
-401.992349484
275.936913878
-197.788611778
26.4137650096
-271.672522853
389.428079618
-434.814790596
282.441129322
-6.63303207566
79.1660388234
-121.596992186
426.030066539
-277.415470805
242.334979616
16.78072769
23.6074151425
-78.5506315063
172.563190608
-231.971848488
72.4694435195
-7.62222679013
-106.073504186
11.6594314949
46.9349624087
-31.2854341713
18.8004310261
2002.51761084
-2243.97825926
2270.89470637
-681.720256672
287.216574526
-485.37297996
955.927033306
-1210.95415052
784.588816679
-431.372094182
-29.0883553128
78.9185483722
201.508089651
-592.621560807
784.441552762
-284.558346451
181.286370277
80.6235552537
233.195406044
27.3032007931
-40.7176089542
178.969029583
-102.499184613
61.4268268272
-148.914930742
105.803320718
-139.210370935
100.801084597
-90.3920446975
35.8229482024
52.8356161692
97.0515137146
-148.519951518
273.85321877
-81.4225835238
61.9794705987
1.30416810515
74.5489385228
-62.3520816311
22.590026375
-16.480280502
-22.8199274073
15.5834862864
-30.052899532
-11.457898854
39.6111495942
-9.1805959897
6.71372379697
1475.010376
-1525.20216672
1036.06817445
32.5340157144
13.3561302605
-432.322292858
606.449693527
-281.141366023
-11.6386096824
17.9313355499
78.1789192902
-18.5501784489
153.870818014
-315.560615779
505.777427712
-233.838160639
132.953062302
-13.863935008
160.857954395
-29.7971395569
3.42034412747
69.5948335774
-4.06296445252
32.3956777121
-42.2092955325
16.6237167143
72.4926605475
-85.9598665584
74.5927751762
-11.575872142
50.7137171668
-9.40695997793
18.1152118321
36.6336401988
0.386456256153
9.35616414082
-4.91209971701
23.4335832879
0.661682311034
-12.5977262214
32.4727264889
-10.337015742
17.6330624252
-3.8571324288
13.8826364273
1.45545764566
4.75536557403
1.7039027957
1280.48963612
-1288.85825817
485.955934524
287.720282757
-96.745875699
-538.236257962
614.866187082
-74.7394345438
-264.545409701
352.494612524
88.102742394
-100.767808416
97.3829550805
-113.843196264
173.85339814
-137.64365629
56.4728012037
-35.8619526386
179.150439935
-91.6274087695
130.136122973
34.6950811899
-57.4777652328
47.4891268582
-21.7196147249
-47.8098185739
56.4719470865
-16.5747874997
3.26064420617
84.7849980578
41.8478101629
-50.8663847452
84.642173151
-37.7708227812
-32.7300839531
23.8601700177
-14.1747544378
-14.0265512053
55.1023753406
7.5277154449
17.8690241396
44.2501176764
-24.4475667745
-4.12236261445
16.6847400923
-44.3789978639
6.05165935408
23.948772739
1133.60628768
-962.158895893
131.070402842
248.618007449
-61.0356550353
-486.790882918
480.457055881
-103.689152029
-155.404310543
436.373169058
17.6145246904
-78.8519185158
86.5003974715
-58.3493024064
-60.500911536
-10.479527056
-53.7602990924
48.1821442084
96.401866325
-48.203560331
165.584984099
61.7858126218
-119.277607425
56.6616993637
-2.8047426482
-116.783890148
40.4003764169
32.6448209364
-46.3468152117
101.143547685
57.7985573958
-39.292823909
61.709505354
-21.0918115277
-42.5111654573
5.78145461466
-19.3046679963
-16.9632200062
59.3136675276
-7.16479669261
18.4044772104
56.7853037331
-23.8271090248
-12.8226690568
22.2004671571
-36.6923443766
-11.9958579058
28.0432773186
929.489417777
-545.454348758
-163.349045724
192.807321816
27.3298375014
-289.579732685
129.289174529
-0.13542883545
-13.219703561
215.64359375
62.2536798168
-13.353073437
76.1150661737
-20.3146061233
-83.1989626929
2.16441504185
-69.6176013489
94.4526831822
-49.2847672735
-16.4980874708
130.866820675
74.5933782077
-52.7675270315
27.407357249
38.4161394373
-46.0310370737
-13.3297826609
6.91514136772
-31.2130624987
30.6811952998
20.409172473
-6.05298070634
43.7484632803
11.3804228492
12.9761149367
-6.63468699623
-1.93298257864
5.03746412727
-0.596492108197
-18.5355555285
-2.73750812381
22.0713119257
-0.518956153246
-2.69754065342
21.7011387032
5.65453598303
5.13600223831
4.91950202461
882.95194702
-379.196297905
-298.356309118
163.08293837
-32.959057027
-86.4541056407
-80.8022659201
38.2605963602
113.48676532
138.755386252
93.3296472973
-33.4897190104
78.068636308
-2.01431442693
-101.392846629
-33.4772598977
-4.33750518963
55.8720204746
-87.2279844705
57.2237751984
131.427834
3.59770813032
12.3694387908
12.4235083298
16.9866680225
-12.1076766718
-41.5261142915
-18.7318170071
-2.80869385631
48.6224168629
3.94824238416
-11.6887513812
58.6932989531
33.6198840237
-19.0690030977
-17.97136386
18.6712679536
-10.3084208692
-26.1320538406
14.7782921999
6.82764313002
4.81868496092
19.793849006
9.16506791972
2.15076773582
9.53670891252
3.02289506753
-22.1026188299
996.255736144
-324.855397658
-415.790781287
229.982325437
49.3284271561
-171.013092674
-198.826051855
53.5572464822
160.879114026
195.59092506
72.8544316166
-50.8638442902
35.9574507088
146.211286277
-103.237568996
-194.537801242
118.753524352
108.371742516
-157.180576767
52.9988902381
191.071816431
-64.9682760287
-38.534896753
49.6569018666
-3.74479809719
-22.3589926619
36.7353506755
-15.9940316072
-37.5647053131
127.089919431
50.8436929484
-123.288378093
24.9633901363
126.092946641
-79.313939619
-77.6258453643
77.2965205804
0.146009238487
-42.7297382818
54.2447423543
10.0704782173
-38.8396362673
67.2336957567
36.9155597357
-75.6321735418
14.4023882363
77.4022903613
-58.4967817604
1144.6304223
96.4729176245
-576.613862424
134.951308114
418.022850064
-219.866731293
-423.564740721
-44.3000604181
81.4557644415
148.600415668
113.099980511
20.679960252
-61.0070945927
306.414602336
198.49304012
-129.847045367
25.2263208075
135.082611307
-68.0893215659
-78.3943795416
46.4165167316
-88.3136492549
-102.297586398
25.0911571478
61.5267046289
29.5109581676
87.9107017733
64.5127722778
41.9742449237
151.118530295
79.3090482182
-115.972524685
-48.8016351077
69.5525406401
-77.3292785456
-121.693166756
3.13514029798
1.47001794894
-8.36293017311
86.5939108281
66.8962444608
2.11761398593
84.5517584098
100.463499272
-25.4257284585
-38.0921805953
21.4349385661
-45.2891194647
2090.73936012
832.790841155
-1570.43095292
-106.052834358
1148.71839239
31.5417554364
-967.012298813
-537.111734662
155.525270164
349.41709712
341.271416535
0.723042527182
-249.351499513
403.749011399
940.43527701
401.441014034
-489.89026967
-287.428138292
419.918413765
61.5059902361
-566.448613828
-393.13993587
-53.1441281303
79.0730450498
225.571822575
228.898724722
49.2319747871
163.867671279
530.510337887
366.32339171
-183.286949969
-262.772443162
32.334696045
-30.2874424575
-342.606153096
-303.190529231
-78.9117284817
10.7795738774
143.110426868
253.806750421
157.071243769
141.068248628
314.365321316
253.439598341
-78.0135096786
-195.715708749
-85.4710394546
-122.254183017
3225.38027317
1337.14018422
-2661.22985543
-152.809057193
1815.63670458
323.030716195
-1453.71674843
-952.680116943
419.34872532
675.812959057
551.909919387
-118.524538431
-492.711642744
545.901402332
1437.50380285
583.621993751
-930.24453305
-503.228864274
874.353316
245.542546817
-878.140436553
-595.646267601
38.7007374425
303.932173226
317.755192002
153.118120336
-57.5532684775
279.164248734
802.306766316
355.234243832
-422.394322787
-305.997913817
196.12543659
36.1411266865
-452.596127268
-390.373466103
-18.6951376397
152.933342672
222.264117256
186.854901991
87.1780891753
217.697545496
410.884000788
204.767456959
-200.312683848
-220.590250835
-13.5270421709
-77.0751768912
3124.02061539
1130.70587595
-2180.97427139
251.445384414
1347.61113188
223.524966119
-1264.09959533
-958.370446619
385.4394604
555.205164148
486.009965169
40.6399162207
-398.37706935
587.955087334
1400.07114183
375.577873067
-719.485591355
-322.229249549
692.215239022
155.378426723
-807.431953452
-494.873477618
-59.2065163342
268.245038263
368.003575817
105.104018147
-16.1008383452
377.841937952
748.620639407
273.428147398
-379.255098523
-252.597949627
149.865768459
-74.6073940687
-391.958752795
-328.327969913
-67.9995780521
197.996166725
271.377935675
192.984294323
94.1825651239
253.976278903
401.8718347
126.234494636
-218.936399196
-207.405722874
-71.04886159
-128.340825826
2809.32337054
808.242597544
-1670.03826095
639.933352896
857.850454015
154.525010265
-925.912320045
-881.229971667
241.347947729
450.393177754
354.740461087
116.22874233
-359.128127463
573.77822212
1367.77244169
81.0217608324
-510.115082843
-92.6801720954
508.046701791
77.1503317572
-710.554254872
-415.359398517
-57.2779995672
259.271983505
307.306759372
-17.6180573379
-0.742272181706
546.299576864
625.35975053
77.8411125548
-313.43053466
-91.9418748676
163.623933202
-176.702161983
-397.829462636
-276.286092309
24.0992383487
239.301855766
168.825338384
61.313720982
169.377753629
373.706094496
290.631644457
-41.7911213674
-197.79822362
-61.6396176109
-39.084846741
-188.903383195
2621.69572744
666.450470531
-1308.6043108
788.587743623
500.577220244
-2.91096850608
-634.014729551
-848.144689301
-100.812069566
499.254617158
407.923083961
59.5968547873
-333.49467006
754.731111338
1310.38176112
-123.691257161
-345.121211879
-8.48346690448
345.471086677
-40.9659466744
-629.751044297
-498.036204616
-116.614210145
401.055789047
284.324915341
-175.018535741
87.6443044339
805.913471397
542.917534355
-48.9564416819
-274.739535066
-26.6813602829
134.802777864
-257.429650266
-459.208297472
-388.472901258
90.9588121347
356.76379947
88.2125446001
-49.3104781644
294.161126015
545.225286305
269.592965853
-128.623155255
-217.322630816
-11.4348674884
-43.0270143192
-242.477812406
2585.06198762
565.848312668
-1205.7020293
890.974415904
385.629449503
-50.872281869
-503.284177178
-781.107649274
-202.716407673
529.552766147
455.471487595
5.95340006575
-365.466349234
805.736954949
1231.04590839
-195.361647086
-289.30374646
2.69806529537
372.613385163
-68.7985375841
-567.293896375
-432.107055302
-116.190907254
400.976879734
242.491289052
-180.461560399
77.6574609172
759.7047717
489.796853785
-56.2980489212
-264.56565391
22.0453381694
141.521186584
-265.240567984
-400.900160298
-316.840332689
105.342313869
275.220830541
83.6290281764
-17.2142996582
250.433612471
466.234019768
229.400348486
-112.814976211
-182.399841121
16.8877789019
-43.9616174825
-225.324270944
2605.64334504
662.403538957
-1146.62075762
622.039466651
476.553823217
129.693999999
-809.674301482
-784.400700818
-139.177099612
433.360933741
506.476870129
120.520793703
-346.251170468
671.55311202
1322.98069843
9.22058549383
-430.910914804
-142.962723234
461.181232666
-121.519828892
-620.633785703
-409.851945733
-174.1283005
325.637313352
297.169504368
37.7843188065
5.61655668291
635.308917615
647.22043123
41.8623128987
-328.994226983
-68.1686097293
101.652665449
-301.571591966
-382.321954192
-324.192353013
5.2010464449
216.45390799
238.051076746
113.880440671
160.077907072
452.187950532
326.902865907
-32.8194058488
-235.032922537
-80.9305472181
-105.785444105
-243.339938449
2680.47344602
718.81555803
-1288.78397022
515.902220728
766.306605481
188.136393749
-954.734288616
-659.066941409
-107.031754599
391.981151937
512.734727828
70.997906689
-457.143410672
649.921196526
1397.55336297
-5.85156034969
-464.978069851
-82.4566448163
497.730455749
-80.2659436876
-575.710867139
-441.383369088
-183.349351225
333.962697099
330.498076458
-13.9289353679
-74.988583177
635.989437705
656.38752101
40.2675879948
-325.055945669
-80.0423255103
109.300402158
-202.027779736
-353.120003828
-351.187137415
-20.7179196474
266.617253291
262.926247262
44.1824028869
124.186644139
424.170649341
328.740162233
-32.7370983748
-233.271711765
-118.212521689
-75.8725025588
-160.812335925
2948.21441708
1023.89501798
-1825.53454016
427.031489728
1289.13508651
-215.79584732
-1012.8800748
-491.421461459
-328.189995386
492.038158579
684.642530012
17.5670857476
-665.113889833
850.173089069
1697.25478133
-72.0799117869
-578.802470398
35.3787660128
376.689565466
-75.5363325772
-509.414232722
-772.310930752
-193.618011922
426.851149467
484.362996268
-43.5385195829
-141.913137815
790.677206015
801.276262666
85.6928697572
-374.256950718
-163.573466258
22.9516847804
-78.636209801
-465.427588939
-501.903632773
-94.3633171295
335.086047619
414.873139629
4.07250068834
140.452367895
500.286168741
469.054554977
21.5968802006
-264.417523846
-248.621759062
-94.4760489176
-142.005676881
3285.08590933
1296.63615078
-2502.25958556
374.94144002
1939.59125017
-421.368885893
-1196.41120455
-379.931317306
-325.856297481
660.282419582
792.850525074
-71.8947105901
-869.647645656
911.777370888
1965.07990091
-228.499738199
-819.049580705
201.191578703
468.762336366
-80.1668177886
-476.837297664
-798.401178154
-120.392744609
521.45535803
486.173893996
-113.752258497
-202.168914864
853.454712341
785.430901552
-55.3161960059
-386.133138142
-100.280742824
59.0458495288
-74.2235948748
-442.422863256
-429.407024578
14.4429432367
345.580398173
353.884901331
-24.6208225482
143.621225835
486.548114688
347.450066601
-65.8115106614
-253.979006157
-169.637183232
-72.2263659336
-145.079545173
3454.35915407
1739.54084198
-2742.62141542
58.382677309
2233.21848622
-430.768566546
-1444.57569145
-387.894634099
-383.618478757
509.652485281
1063.42268216
106.758601276
-1004.70604124
854.952141425
2277.88318104
-131.549971488
-963.275719389
263.937460087
328.397894121
-217.743724268
-414.273005214
-810.621668909
-323.980979349
519.194899703
615.661730643
31.5104928039
-144.268018414
849.67616932
864.815051418
-13.5163714842
-308.747280685
-181.286336151
-96.8428926054
-147.268183683
-436.299429187
-447.026809379
-57.5971413664
295.343589654
451.181909128
141.076352461
174.960749413
531.10803441
384.591241551
-13.1130784951
-230.614574628
-248.284485116
-190.371046816
-226.153870701
3836.68144106
1827.47567239
-3355.70199292
187.969986041
2580.76651805
-563.064717842
-1445.95584096
-300.711950512
-381.554819538
635.820416608
1217.02891216
-80.1083853194
-1197.08801236
936.262682132
2393.17153241
-336.231586342
-1024.35980568
354.334171342
380.908505432
-110.911021967
-416.69015554
-704.275619004
-338.323750878
546.121890142
713.594984563
-99.2434497206
-283.967023245
876.50840209
823.453778815
-114.091991639
-263.296850811
-163.080305906
-52.9188445381
-105.910532796
-283.13830986
-392.111504927
-132.491594814
375.555186909
421.329767439
56.4297635806
125.808296127
454.012699412
293.573228332
-24.2467408785
-181.684493814
-203.154461922
-182.744205207
-154.039514231
4708.61123699
965.488887403
-4063.26873714
1583.93889797
2069.41229624
-1152.40296708
-1013.34803762
-532.050435111
-442.250637461
1090.85229318
1144.74108227
-589.156594931
-934.505819625
1515.77442152
2216.01883369
-719.569791821
-631.556987724
194.474917162
254.873271201
-31.9826720715
-729.709261672
-544.321521924
-516.071224431
611.477083215
996.329297751
-278.060755141
-195.430019564
1107.65115277
712.027948926
-63.2469054815
-135.31078918
-355.107894986
-177.455885318
-171.877662219
-135.438827242
-585.537863821
-323.765727008
621.887667058
422.323797911
141.272103065
256.763060205
434.099452901
331.381407615
102.603325259
-169.969866703
-364.557276072
-357.320578546
-115.32328809
5778.14122307
-38.1590554181
-4830.99102799
2908.6727343
1837.31526201
-1394.43733914
-784.415644696
-705.06061831
-328.933928363
1547.17414125
1024.25936351
-1207.2905967
-919.805114391
2133.82099178
2052.79332658
-1216.04890697
-398.615935769
244.940121636
492.803212866
49.1247009388
-929.492280681
-545.060853593
-404.809134715
910.07084677
751.05189736
-696.255175856
-18.4608815321
1305.00053775
554.780973901
-146.80440927
-195.82374585
-214.98306878
48.8818883705
-144.581081503
-239.523615345
-691.839557647
-62.8862967749
676.903327492
157.5186255
1.62156834656
269.343392654
495.422219353
313.281263519
15.1063811568
-201.459238845
-237.003717439
-172.611806722
-60.1434200098
5772.0220924
-427.504659954
-4500.84548306
3151.01670104
1459.44048627
-1272.55630352
-858.300058924
-886.664251842
-91.5219881406
1589.12248628
687.103758597
-1264.74099234
-590.323138787
2413.55009706
1732.39895538
-1280.3637906
-254.732171258
232.55997444
659.54594047
-243.078386537
-1069.45639975
-457.510542284
-290.993314819
995.478083717
457.484766966
-739.262366952
327.695311946
1334.75796161
430.333686126
-118.691929151
-239.754391378
-97.735671089
27.9434479221
-240.084099134
-352.956728393
-752.530218932
128.212803806
581.794244314
78.4082991198
76.1245442959
323.484250204
575.42021042
330.67284899
-7.64119665443
-198.258652389
-255.881606559
-171.242724681
-92.914384636
6097.75408112
-935.46349608
-4666.69260572
3580.47746682
1335.88756862
-1216.06194712
-888.99812297
-917.016179164
166.525370561
1708.22758002
469.492805432
-1468.71212412
-520.99085375
2664.4587936
1568.79663148
-1510.04602076
-263.150179877
374.783976007
853.577282357
-369.353206972
-1086.93843438
-471.091563655
-132.662995607
1205.13825536
212.288883951
-952.213421169
441.364500703
1439.5984175
368.094647881
-294.752172464
-328.173600913
53.6951282812
159.547388417
-209.426943556
-506.303806834
-751.089665499
359.375166481
638.758065903
-52.2855976204
-92.4108512084
368.552730985
675.126209746
270.905516337
-140.802124457
-258.678526682
-153.987116063
-9.80605697123
-112.788577792
5865.91056505
-978.01802987
-4389.62590629
3706.77705114
1272.3341034
-1443.6241882
-916.115510201
-660.169759048
139.418675888
1310.97227079
544.96197587
-1397.04275136
-476.554282103
2779.75748463
1421.49055174
-1465.39795641
-182.434316766
569.202752934
681.944196694
-467.631208675
-953.880549484
-576.031910377
-179.567590903
1178.55001091
151.377612642
-978.043131036
524.436996522
1443.74533044
440.689169823
-296.454763489
-219.843087063
91.8514625863
74.9390110311
-108.884637033
-596.278118293
-831.784961506
297.72756247
616.101968067
-84.0085281318
-140.489424119
407.300977294
707.90752428
335.918877365
-25.7120510445
-204.704343136
-196.72081829
61.7667918504
-103.41865894
6077.57960445
-1298.86847173
-4750.37836157
4077.82840436
1298.69015195
-1663.44594005
-928.747640965
-439.457826194
258.056895438
1258.55067352
679.264610895
-1645.32666668
-433.71964711
3065.40072955
1179.22440121
-1653.37354192
-195.522482076
733.479322402
703.330715399
-567.571866349
-886.657562527
-600.91907127
-29.7917292299
1385.07549061
-122.30463816
-1129.59436863
697.335266038
1500.28861657
331.663825733
-496.090548146
-164.181384516
226.11647767
158.836071971
-85.0384880984
-775.232250188
-753.893013246
540.959430732
569.388701517
-303.433407173
-247.416627375
534.707016668
780.193831705
208.650712266
-111.792336938
-188.900105136
-21.7923557628
208.990528602
-222.192449483
5699.59631011
-1472.6554225
-4115.97314859
4008.26254061
598.764855525
-1319.04852132
-639.124178979
-439.108883911
260.663943208
1024.84439785
614.301878987
-1555.7594888
-129.217990284
2729.54593936
807.154139138
-1310.63115436
-59.8458927058
766.133181051
473.642058885
-620.971314259
-540.309641951
-574.299593195
-73.422217131
1220.1984156
-333.37311278
-880.417430308
796.071090647
1176.58449286
182.514858975
-301.082322508
111.258126142
142.593794145
66.2982971854
-11.9177437845
-687.039591235
-573.242768403
398.750768768
303.176649447
-313.810468973
-114.273723347
527.19344733
522.475939525
166.74724795
116.583564378
-57.882947603
-12.2907510212
175.072023169
-195.868082854
6023.13395555
-1806.71367984
-4231.94909258
4205.81363284
135.09875687
-1125.00566566
-556.690203129
-639.820043206
323.973099683
1053.36270145
728.616592005
-1734.03068677
90.4471211377
2839.58561392
631.290331206
-1226.54756991
-96.8317788539
822.668816674
323.327423887
-702.036000725
-453.035008686
-759.843299996
18.0669943735
1344.62894599
-549.59414921
-827.213490617
1007.52934741
1209.14072958
101.988841178
-324.633502066
209.365855598
86.9747370473
72.3350908238
-51.8594245414
-902.787963243
-522.093939216
526.345353269
234.820722609
-450.249182882
-54.6084381586
714.731977143
537.203506859
141.180749598
114.623392502
-80.0508742736
80.7755354683
204.413709483
-368.897191514
5827.62728128
-1850.13126084
-3948.36814291
4298.89019274
-22.9207107288
-1149.00254229
-452.195176204
-489.843011667
226.139343649
908.80484811
823.887671814
-1793.18768769
140.922901108
2867.45400275
331.875589927
-1181.96915184
192.023505911
780.526815729
144.513836912
-556.155670759
-320.943743815
-842.706476825
21.9185367769
1298.48819037
-646.284589298
-747.784779415
1084.462642
1017.48659001
16.2302368394
-89.0082082455
297.177330954
-63.0326993583
91.3475564322
96.5642232149
-902.029870644
-534.949040636
492.466845623
88.1244473883
-435.833155015
87.2925250426
585.867327815
348.210319208
281.65515663
284.633306646
-123.664775391
43.7123202634
262.681487056
-321.238838169
6257.62103577
-2017.44164291
-4396.40089087
4830.64616335
165.34587439
-1548.61821477
-559.135499754
-444.817623737
136.416927267
926.011957929
1002.68160822
-2115.09947293
238.497613707
3357.20139028
141.027326627
-1278.32812522
387.717637327
871.487241113
57.0942877926
-587.293627814
-359.310914336
-1050.37765823
122.443868807
1349.60651677
-907.600353354
-752.661188209
1310.79640394
1099.28858899
-64.1108638242
-37.3338056779
450.577605766
-43.0952922496
152.84087955
37.7316184843
-1103.40816372
-461.153450303
560.533329579
-95.3922041993
-609.912493574
147.45903145
730.03538003
334.907578138
276.082964327
318.15098489
-31.5414663832
233.137558489
267.277633897
-466.910247425
6318.06231874
-2129.89541501
-4187.9148927
4932.38511341
-112.837164715
-1539.61870747
-426.805955138
-304.298925168
96.6601002022
831.563657244
1005.43301124
-2118.22005188
573.904299837
3245.8274039
-246.442396849
-994.771374235
423.502627951
918.605294715
111.408305493
-893.263894181
-220.823663478
-785.695245863
172.299555324
1091.81905503
-1046.96473293
-450.056326961
1322.1850009
994.447612305
-184.024159446
-133.590597936
706.534672694
52.5485011694
32.039805785
-89.0871389794
-981.229306422
-144.556201926
414.360628131
-278.715038816
-546.687108795
165.37437539
777.877553548
226.609910159
121.862772135
330.206196501
127.0285297
317.782006866
95.6531909572
-425.681053118
7179.71922362
-2719.64365208
-4504.5530488
5906.90302616
-520.962228813
-1872.23442084
-359.14360408
-324.150035094
102.514588036
752.15025348
985.887364927
-2629.89714361
1123.97293827
3746.10437509
-852.413248855
-777.249847044
635.630674741
1168.19372332
135.85338001
-1242.03123026
-171.969625103
-991.193479125
431.7283963
962.892190973
-1699.28623419
-190.986250954
1573.4809795
1051.10024726
-301.053342537
-105.550875418
1067.0666342
117.578870093
249.988763587
-304.629389457
-1291.34187647
201.880119577
352.968441588
-634.309870559
-820.667954868
237.909678694
969.278491372
95.6741639581
202.374836278
325.046015597
288.138930955
756.189797092
25.6638281498
-602.694516004
7531.94391594
-2957.07135635
-4326.25636236
5930.38952398
-892.884414826
-1774.33966767
-404.142443881
-222.393661028
44.6942765159
556.336332827
1369.83840898
-2556.88691951
1138.36244824
3759.03100479
-932.296801652
-538.234616011
601.116960446
1088.01842164
-128.143680822
-1081.17413344
85.304428109
-1408.31126373
525.966769868
1040.82566767
-1666.56838058
32.0837590715
1390.39374657
1004.71453092
-184.93566351
76.8869252561
981.326400739
-188.287080232
403.647746718
-184.916847107
-1302.25904246
114.419836275
229.631943357
-440.689150123
-703.480006999
234.590387095
819.509930671
7.73958733579
461.348439485
337.846640359
80.8600455191
641.316771247
104.578771361
-425.216156086
7798.84272189
-3735.05787962
-4206.77796148
6604.58423899
-1203.90124952
-1902.20433108
-511.511583593
-56.6242413532
248.111803562
201.16581571
1325.89217598
-2748.80471504
1346.16047976
4009.84723519
-1370.19942658
-486.065232023
876.21925925
1310.49300548
-401.545019845
-1066.70619185
365.575941282
-1794.36755112
792.261131894
984.267050371
-2183.07425688
262.988747124
1503.63366431
866.606767062
-361.312302344
332.057182764
1168.14435972
-350.808918894
743.244516916
-262.608560094
-1475.88451895
417.535109296
149.438803836
-724.712846383
-862.125430205
399.916444947
718.021803363
-238.179433532
689.339486103
263.071002074
137.334725605
979.047763336
53.6701731025
-482.970159023
8544.71274163
-4247.58096232
-4295.37312666
6834.30938081
-1378.82321197
-2157.57959772
-585.736615663
202.840371358
-9.84311427387
289.094622439
1466.24783744
-2855.42617712
1641.51102336
4139.54804856
-1580.47344747
-500.980893209
1157.11842797
1224.99483855
-741.049698725
-910.88788621
266.525527419
-1819.86985547
1007.28927308
730.78792877
-2202.23082601
529.146455145
1671.3943236
630.387625266
-455.09932953
592.802365598
1054.86514972
-346.45353837
659.036169269
-456.244288066
-1291.77039375
539.809634486
80.2543252667
-920.397998137
-646.275778117
643.005634157
521.880254687
-221.490532778
622.776692977
250.062609711
243.368647717
804.056558063
-107.665173148
-505.782040133
8318.35735703
-4105.78758513
-4458.34488842
7026.19058031
-1189.21249691
-2426.26527385
-286.933866153
290.956211719
41.5921086954
17.4656301521
1243.52947886
-2760.42543049
1514.0025514
4045.19645336
-1750.27522898
-717.624718673
1532.56657897
1468.39481912
-988.805184602
-715.394907593
368.987683478
-1598.44646466
1186.27299524
249.981524653
-2321.92868161
570.51174481
1707.74339222
357.205432531
-927.017641823
874.91076674
1211.09155428
-215.450951649
653.277106785
-566.647306084
-753.519044173
707.265509124
10.4683049386
-1207.65422187
-774.934212762
958.258499485
137.5361677
-539.528142949
448.52711549
276.002166387
582.825934241
621.071414426
-93.8176796721
-309.214237974
8587.81113196
-3419.82879787
-5038.96530549
7344.50693817
-973.979412878
-2712.10128092
-193.776754763
-124.721164242
81.7194886179
-207.867084543
1222.34413859
-2668.6294932
1396.01398255
4181.91427883
-1537.78607194
-556.934895935
1667.30276185
1499.68504492
-885.378070861
-615.467519934
156.018490538
-1556.28746634
1090.72008741
-75.2610521293
-2193.96814722
619.900033293
1505.76542815
292.652262078
-646.356309237
984.939532916
1079.35398369
-18.2478468184
654.148446076
-594.565084502
-558.539449391
584.272455376
-235.285641257
-1102.27514581
-535.034852495
684.167430901
-15.9141855449
-277.395699883
448.989238654
251.801151
591.438183387
545.151538186
-89.9606545023
-127.260421952
7817.71111255
-3061.02821866
-4762.08447396
7137.00006508
-927.05085809
-2831.61613407
232.696678762
-93.848443107
1.92966138653
-105.414928709
869.030006465
-2457.08546842
1643.32925435
3626.18686859
-2124.82885216
-22.5204282388
2064.94848566
796.505381689
-769.469986041
-374.631194785
478.605657226
-1159.74202681
548.655588141
-45.6073540765
-1874.26199943
793.868745054
1062.24710631
-419.910438166
-260.787771015
1092.30662935
853.004326256
-321.495858218
665.095313917
112.810313037
-460.033654245
513.204502185
-268.87223461
-851.34000533
-161.916749775
282.848463273
-383.35483121
-472.555905722
551.129984216
191.329726389
24.8279969028
558.539546802
224.109573457
124.813981316
7827.80458555
-2923.81988565
-4790.60254055
8003.33259188
-967.284026983
-3277.05624258
335.346571482
-99.9738321777
18.5710505323
-914.552064791
569.246215081
-2247.42675731
1548.91181682
3561.62142266
-2365.09864595
401.561700653
2630.33579198
1020.6663165
-818.358672358
-350.682358367
1174.11948494
-1275.97198115
-62.758821926
-176.830909113
-1984.88834284
635.498239893
620.58379004
-696.686131599
-270.635699031
1342.88161546
1140.25775172
-469.984331502
959.620762691
670.456369215
-263.592148001
454.582699741
-330.711325166
-732.020039599
-321.568280906
17.74973611
-680.171870582
-753.702460873
579.222626977
91.5542842546
-108.735332429
615.660759534
461.062045259
379.030908825
7193.64137146
-2983.22211011
-3675.22921012
7677.25651523
-1663.1664283
-2729.19418915
245.359895845
-149.18570421
-72.4703231015
-1335.36424073
410.463763762
-1888.51178688
1701.66119127
2650.19601667
-2070.57606222
996.95803529
2397.60498659
895.714752157
-894.284947674
178.497596725
1071.72738175
-1453.78707503
103.274176848
-479.311328334
-1680.63272595
602.175288963
205.030563767
-704.10744495
-29.4382213784
1393.09844853
642.74802267
-208.573271308
1211.02341736
404.520381949
-87.9686091803
454.867452993
-335.489178271
-638.238744839
-230.303537398
-90.6158537427
-855.658993918
-408.866401514
453.823198709
-198.746174994
77.6294348764
613.558541419
346.008463769
326.074864809
8002.12054811
-4266.97471562
-3282.96954846
8822.39419274
-2911.01621895
-2577.04567934
607.045781534
12.2399460277
-295.805305391
-1500.02093988
474.282714912
-2154.14163205
2290.49135926
2116.43090974
-2619.29819803
1667.60244134
2554.69500882
537.229058818
-1218.05197313
930.104285392
1191.39071968
-1865.90667314
560.462617161
-691.877255521
-1571.82352999
854.713597115
-282.182252487
-923.375075698
124.355645081
1533.8068649
25.8952646132
-270.848726268
1726.3234022
153.260684907
4.1477126183
689.614503614
-261.470194548
-410.695364355
-75.1385121742
-92.5013320847
-1063.72060522
-192.790790555
387.098164854
-727.105843878
99.81205659
558.913041381
104.663075244
266.227543043
7847.83059451
-4141.47306654
-2733.39549385
8666.03115582
-2499.25909716
-2526.22139083
919.918441237
391.814968964
-690.692032463
-1367.79357562
272.67586805
-2199.31952538
1976.57335967
1485.24663873
-2667.4355777
1721.04754432
2544.13348776
59.5561176912
-865.909664554
1630.29766776
1151.47027254
-1721.74874951
766.974528335
-118.449029285
-1523.5176415
444.441724956
-288.049634552
-1061.25570763
61.209819589
925.699538585
-415.859693541
-99.904329203
1622.72192566
32.4961341375
-130.007011813
1133.88229443
165.079063861
-434.960943923
204.405936775
130.05763331
-788.124223682
-245.418567495
151.52700862
-726.679800561
-135.006084228
377.165246163
-236.508041054
18.4648237881
7891.6568968
-4195.1765459
-3056.92829999
9342.65736162
-2169.23609472
-2853.44833359
1384.50526723
1010.51345549
-855.64514289
-1526.18960232
403.656688305
-2259.27025848
1774.17362778
1022.44902271
-3048.00284952
1712.52581057
2700.94751571
-415.384387291
-1147.0513946
2365.25490058
1517.14772969
-1952.13429648
860.375264407
592.228405978
-1281.17593252
156.896657364
-290.040241048
-1151.13290457
90.4089414235
751.680944958
-1071.37404546
-266.378269706
1909.99540697
-104.023823457
-589.2879317
1390.31941852
745.477661649
-465.488351872
235.075712835
484.897296254
-551.622533029
-116.892351843
74.8940795414
-936.477171506
-124.761233043
393.851834251
-657.528840251
-364.41654513
7734.77041456
-4122.42444119
-3023.76927398
9449.71111803
-2101.67812327
-2522.32004548
1680.35880209
1455.96942046
-696.354726449
-1722.08345759
796.703763774
-2176.50665716
1452.63717498
646.850436135
-3299.0940546
1722.1311816
2370.33753246
-691.368179058
-1219.25986673
2566.36977399
1768.62568768
-2043.75229566
1269.64343296
955.752937848
-1119.56904061
425.537921619
-294.33320981
-978.245572466
-82.0453261516
477.548566054
-1132.6446621
-599.52890388
1618.68686868
-456.043115297
-566.268693079
1411.00055241
451.73643831
-229.287020165
553.067662298
710.506186272
-402.916376994
53.9107538401
471.548727026
-816.495476709
-166.608479879
264.797376609
-690.893995645
-347.838191692
7301.90580705
-5227.23299046
-2109.12967232
9669.12726697
-3419.77201736
-2386.2636406
2323.14345375
2126.11246134
-1431.05847287
-1752.8463962
1720.04542941
-2046.04780615
1512.30876689
-237.144825827
-3028.30062701
2708.70781604
1327.42252144
-1587.07544293
-653.571229037
3100.89882179
887.362028424
-2600.86903319
2239.5877959
1075.44361564
-1364.9036982
482.996588084
-192.358432896
-283.215712513
-118.27987769
-76.4646707506
-1000.6720038
106.606616874
1326.10384737
-1462.98089303
-5.49194429934
1797.47281968
-233.729455743
-422.907220255
817.476308268
923.981911441
-530.104746922
-0.0773996520497
468.709423404
-476.204805227
160.461880911
-310.225817446
-631.359096417
303.034609677
7379.89016362
-6151.85480412
-1424.06191154
10000.0
-3857.27076303
-2548.50758741
2667.15244293
2473.48845366
-1866.75123037
-1776.36700173
1782.20820151
-1610.80793255
1572.66350673
-1088.98556123
-2565.95734726
3509.53220729
596.131160776
-2037.10036842
85.1476748577
3317.60008832
343.080841837
-2538.05909702
2297.75335607
1139.34424295
-1020.95511588
-212.247114488
-299.430214967
613.664464221
-403.876385841
-825.660349893
-531.968537033
727.662079321
680.968727347
-1612.5206379
543.391751819
1663.14183466
-297.163974311
-430.895437496
673.749511743
1089.5350146
-440.834269341
-420.37850739
367.778820741
52.8306757227
-129.235988153
-783.203417196
-145.2960519
461.18353535
5862.55175861
-4908.34859137
-1224.04712681
8524.18936044
-2857.94794137
-2601.94476548
2464.50756368
2451.1607072
-2018.00005248
-1872.49944289
1887.6157279
-1163.08637649
561.746170373
-1028.72657678
-1631.65932791
2856.45773064
20.7795778383
-1687.44910606
667.748904227
2576.12132592
246.239800684
-1952.39048842
1824.46936431
1581.93294193
-1234.51781068
-536.811496413
297.924145685
604.893273345
-858.860154249
-1066.9771781
270.213346901
257.251343889
-49.9045054206
-953.995260735
342.59743534
1456.71791793
-381.660663207
-393.156231482
931.488269151
989.462955614
-320.16176547
-499.247820315
785.397963811
253.087243588
-641.786337545
-400.206744032
27.3854002758
155.455706714
5008.19882251
-4510.63950003
-1201.06121708
7803.62055479
-2934.85687386
-2430.40435631
2556.63823935
2524.16756901
-2236.78285587
-1505.34107705
2481.29824872
-1241.79954828
316.168718388
-569.996126701
-1337.64455605
2288.30133873
-78.2693613545
-1748.86493167
732.084541616
2069.72832647
-171.634087096
-1623.10778037
1609.45433603
1520.93759377
-1396.31366633
-121.385536712
573.39921677
362.175213729
-454.703928016
-939.858246486
484.805994344
158.823596069
-222.569516655
-680.850063409
139.664840997
1145.64182781
-580.990116818
-362.57496553
812.808581771
544.35625245
-248.293318906
-326.280867693
638.094582491
233.639948603
-481.207845768
-157.419698451
63.415163779
120.595137242
5037.93130436
-4841.31197013
-590.904613673
7578.76088744
-3777.24228174
-1728.64532776
2509.243914
2136.01957347
-2757.03180264
-944.368003148
2553.53019695
-1944.59141172
720.68859926
-713.493885551
-1040.85290694
2210.4939759
-419.254727039
-1384.84156337
1087.15260794
1831.2408544
-733.062801897
-865.723028505
1819.25973763
601.556489341
-1193.38860184
326.729187204
233.154381511
74.599557903
-448.144041965
-746.227268102
422.486850772
-41.0628523425
-298.185690134
-529.912948437
523.767482658
636.778545826
-659.141877344
300.055342677
635.140836429
255.039802885
-182.033707205
69.4789638314
503.27279488
-139.836862067
-227.910509778
-135.731160535
19.9539835931
-67.8616106349
5493.96702244
-5610.44904048
18.651022726
7863.00768073
-4685.54833422
-1178.41194489
2856.4942086
2010.28219841
-3363.67499057
-102.375762221
2656.95932397
-2571.65217577
1170.91511155
-845.617751572
-892.641189829
2079.72270719
-762.637855008
-1142.65931525
1064.33333017
1727.3711221
-1132.86883454
-678.997349148
2355.7575708
-125.605046728
-1053.83402
848.49161841
193.947624614
-39.1714927788
-494.37346611
-104.232594598
129.857237989
-171.251239722
-80.3734507342
-697.919068969
658.620832491
257.345785815
-738.72937925
433.037398909
502.852063715
78.0256481782
-274.936551591
436.631734989
430.259354225
-353.17576687
159.198865908
48.6534825394
-43.5736048971
-24.4462395661
-252.553709741
-8.40233517708
-48.0143210539
-61.0332650477
-180.230463312
-20.2986589957
227.391501888
-162.398253796
21.286323673
222.447818797
48.1254935041
35.4570812908
60.8327268181
153.227572338
-17.5232777583
-1.29478907636
60.4929732338
-81.4726366961
6.44980203647
-47.785601658
-79.1494648659
-23.1623505625
-38.0001109081
-24.5255386482
-48.9693016796
32.6548151226
17.2221213242
-15.262010961
64.3767296502
24.9327000781
27.079303498
42.1226994347
23.8245689943
15.353467093
3.38289459538
20.7826773085
-22.6846668498
-21.415375766
6.69563203016
-29.1823309246
-23.5279953725
-9.6107846038
-5.44173762493
-10.2911205361
-7.15674917443
12.0013868353
3.76011421542
9.44346096694
11.5134570656
7.16444807392
16.1671973589
6.40913690752
1.48961593506
4.87004781796
4.71108786702
-3.42262207155
-8.160383136
1.75748631555
-3.15146281628
-9.35442989093
-2.05799993409
0.206067928529
-1.70189322297
-2.10190065222
2.22036378452
3.25749079383
1.28013730525
2.56424912203
2.657538007
3.10640244615
2.06722848841
0.270196818647
1.32589099841
1.28695294683
-0.487247383025
-1.04234409186
0.330181552412
0.215861196704
-1.15323639855
-0.21055572739
0.769697420587
0.0990453511094
-0.047943320421
0.680539612264
0.873610029558
0.36383669425
0.320630986331
0.553777062841
0.48993116058
0.22208276081
0.0624077775203
0.186822237161
0.212333350144
-0.00912039926697
-0.0114261021047
0.181734573152
0.139179668162
-0.0181440043125
0.0976770491597
0.237299262504
0.129811515685
0.0955546125948
0.158273686319
0.166548435818
0.107210177212
0.100641874407
0.131053828939
0.115060885913
0.0745295866038
0.0708031072736
0.0672629519099
0.0638998043144
0.0607048140987
0.0576695733938
0.0547860947241
0.0520467899879
0.0494444504885
0.0469722279641
0.0446236165659
0.0423924357376
0.0402728139507
0.0382591732532
0.0363462145905
0.034528903861
0.0328024586679
0.0311623357345
0.0296042189478
0.0281240080004
0.0267178076004
0.0253819172204
0.0241128213594
0.0229071802914
0.0217618212768
0.020673730213
0.0196400437023
0.0186580415172
0.0177251394414
0.0168388824693
0.0159969383458
0.0151970914285
0.0144372368571
0.0137153750142
0.0130296062635
0.0123781259504
0.0117592196528
0.0111712586702
0.0106126957367
0.0100820609499
0.00957795790236
0.00909906000724
0.00864410700688
0.00821190165654
0.00780130657371
0.00741124124502
0.00704067918277
0.00668864522363
0.00635421296245
0.00603650231433
0.00573467719861
0.00544794333868
0.00517554617175
0.00491676886316
0.00467093042
0.004437383899
0.00421551470405
0.00400473896885
0.00380450202041
0.00361427691939
0.00343356307342
0.00326188491975
0.00309879067376
0.00294385114007
0.00279665858307
0.00265682565391
0.00252398437122
0.00239778515266
0.00227789589503
0.00216400110027
0.00205580104526
0.001953010993
0.00185536044335
0.00176259242118
0.00167446280012
0.00159073966011
0.00151120267711
0.00143564254325
0.00136386041609
0.00129566739529
0.00123088402552
0.00116933982425
0.00111087283303
0.00105532919138
0.00100256273181
0.000952434595222
0.000904812865461
0.000859572222188
0.000816593611079
0.000775763930525
0.000736975733999
0.000700126947299
0.000665120599934
0.000631864569937
0.00060027134144
0.000570257774368
0.00054174488565
0.000514657641367
0.000488924759299
0.000464478521334
0.000441254595267
0.000419191865504
0.000398232272229
0.000378320658617
0.000359404625686
0.000341434394402
0.000324362674682
0.000308144540948
0.0002927373139
0.000278100448205
0.000264195425795
0.000250985654505
0.00023843637178
0.000226514553191
0.000215188825532
0.000204429384255
0.000194207915042
0.00018449751929
0.000175272643326
0.000166509011159
0.000158183560601
0.000150274382571
0.000142760663443
0.000135622630271
0.000128841498757
0.000122399423819
0.000116279452628
0.000110465479997
0.000104942205997
9.96950956972e-05
9.47103409123e-05
8.99748238667e-05
8.54760826734e-05
8.12022785397e-05
7.71421646127e-05
7.32850563821e-05
6.9620803563e-05
6.61397633848e-05
6.28327752156e-05
5.96911364548e-05
5.67065796321e-05
5.38712506505e-05
5.11776881179e-05
4.8618803712e-05
4.61878635264e-05
4.38784703501e-05
4.16845468326e-05
3.9600319491e-05
3.76203035164e-05
3.57392883406e-05
3.39523239236e-05
3.22547077274e-05
3.0641972341e-05
2.9109873724e-05
2.76543800378e-05
2.62716610359e-05
2.49580779841e-05
2.37101740849e-05
2.25246653806e-05
2.13984321116e-05
2.0328510506e-05
1.93120849807e-05
1.83464807317e-05
1.74291566951e-05
1.65576988604e-05
1.57298139173e-05
1.49433232215e-05
1.41961570604e-05
1.34863492074e-05
1.2812031747e-05
1.21714301597e-05
1.15628586517e-05
1.09847157191e-05
1.04354799331e-05
9.91370593648e-06
9.41802063965e-06
8.94711960767e-06
8.49976362729e-06
8.07477544592e-06
7.67103667363e-06
7.28748483995e-06
6.92311059795e-06
6.57695506805e-06
6.24810731465e-06
5.93570194892e-06
5.63891685147e-06
5.3569710089e-06
5.08912245845e-06
4.83466633553e-06
4.59293301875e-06
4.36328636782e-06
4.14512204942e-06
3.93786594695e-06
3.74097264961e-06
3.55392401713e-06
3.37622781627e-06
3.20741642546e-06
3.04704560418e-06
2.89469332397e-06
2.74995865778e-06
2.61246072489e-06
2.48183768864e-06
2.35774580421e-06
2.239858514e-06
2.1278655883e-06
2.02147230888e-06
1.92039869344e-06
1.82437875877e-06
1.73315982083e-06
1.64650182979e-06
1.5641767383e-06
1.48596790138e-06
1.41166950631e-06
1.341086031e-06
1.27403172945e-06
1.21033014298e-06
1.14981363583e-06
1.09232295404e-06
1.03770680633e-06
9.85821466018e-07
9.36530392717e-07
8.89703873081e-07
8.45218679427e-07
8.02957745456e-07
7.62809858183e-07
7.24669365274e-07
6.8843589701e-07
6.5401410216e-07
6.21313397052e-07
5.90247727199e-07
5.60735340839e-07
5.32698573797e-07
5.06063645107e-07
4.80760462852e-07
4.56722439709e-07
4.33886317724e-07
4.12192001838e-07
3.91582401746e-07
3.72003281658e-07
3.53403117576e-07
3.35732961697e-07
3.18946313612e-07
3.02998997931e-07
2.87849048035e-07
2.73456595633e-07
2.59783765851e-07
2.46794577559e-07
2.34454848681e-07
2.22732106247e-07
2.11595500934e-07
2.01015725888e-07
1.90964939593e-07
1.81416692614e-07
1.72345857983e-07
1.63728565084e-07
1.5554213683e-07
1.47765029988e-07
1.40376778489e-07
1.33357939564e-07
1.26690042586e-07
1.20355540457e-07
1.14337763434e-07
1.08620875262e-07
1.03189831499e-07
9.80303399242e-08
9.3128822928e-08
8.84723817816e-08
8.40487626925e-08
7.98463245579e-08
7.585400833e-08
7.20613079135e-08
6.84582425178e-08
6.50353303919e-08
6.17835638723e-08
5.86943856787e-08
5.57596663948e-08
5.2971683075e-08
5.03230989213e-08
4.78069439752e-08
4.54165967765e-08
4.31457669376e-08
4.09884785908e-08
3.89390546612e-08
3.69921019282e-08
3.51424968318e-08
3.33853719902e-08
3.17161033907e-08
3.01302982211e-08
2.86237833101e-08
2.71925941446e-08
2.58329644373e-08
2.45413162155e-08
2.33142504047e-08
2.21485378845e-08
2.10411109902e-08
1.99890554407e-08
1.89896026687e-08
1.80401225353e-08
1.71381164085e-08
1.62812105881e-08
1.54671500587e-08
1.46937925557e-08
1.39591029279e-08
1.32611477815e-08
1.25980903925e-08
1.19681858728e-08
1.13697765792e-08
1.08012877502e-08
1.02612233627e-08
9.7481621946e-09
9.26075408487e-09
8.79771638062e-09
8.35783056159e-09
7.93993903351e-09
7.54294208184e-09
7.16579497774e-09
6.80750522886e-09
6.46712996741e-09
6.14377346904e-09
5.83658479559e-09
5.54475555581e-09
5.26751777802e-09
5.00414188912e-09
4.75393479466e-09
4.51623805493e-09
4.29042615218e-09
4.07590484458e-09
3.87210960235e-09
3.67850412223e-09
3.49457891612e-09
3.31984997031e-09
3.1538574718e-09
2.99616459821e-09
2.8463563683e-09
2.70403854988e-09
2.56883662239e-09
2.44039479127e-09
2.3183750517e-09
2.20245629912e-09
2.09233348416e-09
1.98771680996e-09
1.88833096946e-09
1.79391442098e-09
1.70421869994e-09
1.61900776494e-09
1.53805737669e-09
1.46115450786e-09
1.38809678246e-09
1.31869194334e-09
1.25275734617e-09
1.19011947887e-09
1.13061350492e-09
1.07408282968e-09
1.02037868819e-09
9.69359753782e-10
9.20891766093e-10
8.74847177789e-10
8.31104818899e-10
7.89549577954e-10
7.50072099057e-10
7.12568494104e-10
6.76940069399e-10
6.43093065929e-10
6.10938412632e-10
5.80391492001e-10
5.51371917401e-10
5.23803321531e-10
4.97613155454e-10
4.72732497681e-10
4.49095872797e-10
4.26641079157e-10
4.05309025199e-10
3.8504357394e-10
3.65791395243e-10
3.4750182548e-10
3.30126734206e-10
3.13620397496e-10
2.97939377621e-10
2.8304240874e-10
2.68890288303e-10
2.55445773888e-10
2.42673485194e-10
2.30539810934e-10
2.19012820387e-10
2.08062179368e-10
1.97659070399e-10
1.8777611688e-10
1.78387311036e-10
1.69467945484e-10
1.6099454821e-10
1.52944820799e-10
1.45297579759e-10
1.38032700771e-10
1.31131065733e-10
1.24574512446e-10
1.18345786824e-10
1.12428497483e-10
1.06807072608e-10
1.01466718978e-10
9.63933830291e-11
9.15737138776e-11
8.69950281837e-11
8.26452767745e-11
7.85130129358e-11
7.4587362289e-11
7.08579941746e-11
6.73150944658e-11
6.39493397426e-11
6.07518727554e-11
5.77142791177e-11
5.48285651618e-11
5.20871369037e-11
4.94827800585e-11
4.70086410556e-11
4.46582090028e-11
4.24252985527e-11
4.0304033625e-11
3.82888319438e-11
3.63743903466e-11
3.45556708293e-11
3.28278872878e-11
3.11864929234e-11
2.96271682772e-11
2.81458098634e-11
2.67385193702e-11
2.54015934017e-11
2.41315137316e-11
2.2924938045e-11
2.17786911428e-11
2.06897565856e-11
1.96552687564e-11
1.86725053185e-11
1.77388800526e-11
1.685193605e-11
1.60093392475e-11
1.52088722851e-11
1.44484286709e-11
1.37260072373e-11
1.30397068754e-11
1.23877215317e-11
1.17683354551e-11
1.11799186823e-11
1.06209227482e-11
1.00898766108e-11
9.58538278027e-12
9.10611364125e-12
8.65080795919e-12
8.21826756123e-12
7.80735418317e-12
7.41698647401e-12
7.04613715031e-12
6.69383029279e-12
6.35913877815e-12
6.04118183925e-12
5.73912274728e-12
5.45216660992e-12
5.17955827942e-12
4.92058036545e-12
4.67455134718e-12
4.44082377982e-12
4.21878259083e-12
4.00784346129e-12
3.80745128822e-12
3.61707872381e-12
3.43622478762e-12
3.26441354824e-12
3.10119287083e-12
2.94613322729e-12
2.79882656592e-12
2.65888523763e-12
2.52594097575e-12
2.39964392696e-12
2.27966173061e-12
2.16567864408e-12
2.05739471188e-12
1.95452497628e-12
1.85679872747e-12
1.76395879109e-12
1.67576085154e-12
1.59197280896e-12
1.51237416851e-12
1.43675546009e-12
1.36491768708e-12
1.29667180273e-12
1.23183821259e-12
1.17024630196e-12
1.11173398687e-12
1.05614728752e-12
1.00333992315e-12
9.53172926989e-13
9.0551428064e-13
8.60238566608e-13
8.17226638277e-13
7.76365306364e-13
7.37547041045e-13
7.00669688993e-13
6.65636204543e-13
6.32354394316e-13
6.007366746e-13
5.7069984087e-13
5.42164848827e-13
5.15056606386e-13
4.89303776066e-13
4.64838587263e-13
4.415966579e-13
4.19516825005e-13
3.98540983755e-13
3.78613934567e-13
3.59683237839e-13
3.41699075947e-13
3.24614122149e-13
3.08383416042e-13
2.9296424524e-13
2.78316032978e-13
2.64400231329e-13
2.51180219762e-13
2.38621208774e-13
2.26690148336e-13
2.15355640919e-13
2.04587858873e-13
1.94358465929e-13
1.84640542633e-13
1.75408515501e-13
1.66638089726e-13
1.5830618524e-13
1.50390875978e-13
1.42871332179e-13
1.3572776557e-13
1.28941377291e-13
1.22494308427e-13
1.16369593006e-13
1.10551113355e-13
1.05023557687e-13
9.97723798031e-14
9.4783760813e-14
9.00445727723e-14
8.55423441337e-14
8.1265226927e-14
7.72019655807e-14
7.33418673016e-14
6.96747739365e-14
6.61910352397e-14
6.28814834777e-14
5.97374093038e-14
5.67505388386e-14
5.39130118967e-14
5.12173613019e-14
4.86564932368e-14
4.62236685749e-14
4.39124851462e-14
4.17168608889e-14
3.96310178444e-14
3.76494669522e-14
3.57669936046e-14
3.39786439244e-14
3.22797117282e-14
3.06657261418e-14
2.91324398347e-14
2.76758178429e-14
2.62920269508e-14
2.49774256032e-14
2.37285543231e-14
2.25421266069e-14
2.14150202766e-14
2.03442692628e-14
1.93270557996e-14
1.83607030096e-14
1.74426678592e-14
1.65705344662e-14
1.57420077429e-14
1.49549073557e-14
1.4207161988e-14
1.34968038886e-14
1.28219636941e-14
1.21808655094e-14
1.1571822234e-14
1.09932311223e-14
1.04435695661e-14
9.92139108783e-15
9.42532153344e-15
8.95405545677e-15
8.50635268393e-15
8.08103504974e-15
7.67698329725e-15
7.29313413239e-15
6.92847742577e-15
6.58205355448e-15
6.25295087675e-15
5.94030333292e-15
5.64328816627e-15
5.36112375796e-15
5.09306757006e-15
4.83841419156e-15
4.59649348198e-15
4.36666880788e-15
4.14833536749e-15
3.94091859911e-15
3.74387266916e-15
3.5566790357e-15
3.37884508391e-15
3.20990282972e-15
3.04940768823e-15
2.89693730382e-15
2.75209043863e-15
2.6144859167e-15
2.48376162086e-15
2.35957353982e-15
2.24159486283e-15
2.12951511969e-15
2.0230393637e-15
1.92188739552e-15
1.82579302574e-15
1.73450337445e-15
1.64777820573e-15
1.56538929545e-15
1.48711983067e-15
1.41276383914e-15
1.34212564718e-15
1.27501936482e-15
1.21126839658e-15
1.15070497675e-15
1.09316972792e-15
1.03851124152e-15
9.86585679444e-16
9.37256395472e-16
8.90393575698e-16
8.45873896913e-16
8.03580202067e-16
7.63401191964e-16
7.25231132366e-16
6.88969575748e-16
6.5452109696e-16
6.21795042112e-16
5.90705290007e-16
5.61170025506e-16
5.33111524231e-16
5.06455948019e-16
4.81133150618e-16
4.57076493087e-16
4.34222668433e-16
4.12511535011e-16
3.91885958261e-16
3.72291660348e-16
3.5367707733e-16
3.35993223464e-16
3.19193562291e-16
3.03233884176e-16
2.88072189967e-16
2.73668580469e-16
2.59985151446e-16
2.46985893873e-16
2.3463659918e-16
2.22904769221e-16
2.1175953076e-16
2.01171554222e-16
1.91112976511e-16
1.81557327685e-16
1.72479461301e-16
1.63855488236e-16
1.55662713824e-16
1.47879578133e-16
1.40485599226e-16
1.33461319265e-16
1.26788253302e-16
1.20448840636e-16
1.14426398605e-16
1.08705078674e-16
1.03269824741e-16
9.81063335037e-17
9.32010168285e-17
8.85409659871e-17
8.41139176877e-17
7.99082218033e-17
7.59128107132e-17
7.21171701775e-17
6.85113116686e-17
6.50857460852e-17
6.18314587809e-17
5.87398858419e-17
5.58028915498e-17
5.30127469723e-17
5.03621096237e-17
4.78440041425e-17
4.54518039354e-17
4.31792137386e-17
4.10202530517e-17
3.89692403991e-17
3.70207783791e-17
3.51697394602e-17
3.34112524872e-17
3.17406898628e-17
3.01536553697e-17
2.86459726012e-17
2.72136739711e-17
2.58529902726e-17
2.45603407589e-17
2.3332323721e-17
2.21657075349e-17
2.10574221582e-17
2.00045510503e-17
1.90043234978e-17
1.80541073229e-17
1.71514019567e-17
1.62938318589e-17
1.5479140266e-17
1.47051832527e-17
1.396992409e-17
1.32714278855e-17
1.26078564913e-17
1.19774636667e-17
1.13785904834e-17
1.08096609592e-17
1.02691779112e-17
9.75571901567e-18
9.26793306488e-18
8.80453641164e-18
8.36430959106e-18
7.9460941115e-18
7.54878940593e-18
7.17134993563e-18
6.81278243885e-18
6.47214331691e-18
6.14853615106e-18
5.84110934351e-18
5.54905387633e-18
5.27160118252e-18
5.00802112339e-18
4.75762006722e-18
4.51973906386e-18
4.29375211067e-18
4.07906450513e-18
3.87511127988e-18
3.68135571588e-18
3.49728793009e-18
3.32242353359e-18
3.15630235691e-18
2.99848723906e-18
2.84856287711e-18
2.70613473325e-18
2.57082799659e-18
2.44228659676e-18
2.32017226692e-18
2.20416365358e-18
2.0939554709e-18
1.98925769735e-18
1.88979481248e-18
1.79530507186e-18
1.70553981827e-18
1.62026282735e-18
1.53924968599e-18
1.46228720169e-18
1.3891728416e-18
1.31971419952e-18
1.25372848955e-18
1.19104206507e-18
1.13148996182e-18
1.07491546372e-18
1.02116969054e-18
9.70111206012e-19
9.21605645711e-19
8.75525363426e-19
8.31749095254e-19
7.90161640492e-19
7.50653558467e-19
7.13120880544e-19
6.77464836516e-19
6.43591594691e-19
6.11412014956e-19
5.80841414208e-19
5.51799343498e-19
5.24209376323e-19
4.97998907507e-19
4.73098962132e-19
4.49444014025e-19
4.26971813324e-19
4.05623222658e-19
3.85342061525e-19
3.66074958448e-19
3.47771210526e-19
3.3038265e-19
3.138635175e-19
2.98170341625e-19
2.83261824543e-19
2.69098733316e-19
2.5564379665e-19
2.42861606818e-19
2.30718526477e-19
2.19182600153e-19
2.08223470146e-19
1.97812296638e-19
1.87921681806e-19
1.78525597716e-19
1.6959931783e-19
1.61119351939e-19
1.53063384342e-19
1.45410215125e-19
1.38139704368e-19
1.3123271915e-19
1.24671083193e-19
1.18437529033e-19
1.12515652581e-19
1.06889869952e-19
1.01545376455e-19
9.64681076319e-20
9.16447022503e-20
8.70624671378e-20
8.27093437809e-20
7.85738765918e-20
7.46451827622e-20
7.09129236241e-20
6.73672774429e-20
6.39989135708e-20
6.07989678922e-20
5.77590194976e-20
5.48710685227e-20
5.21275150966e-20
4.95211393418e-20
4.70450823747e-20
4.46928282559e-20
4.24581868432e-20
4.0335277501e-20
3.83185136259e-20
3.64025879446e-20
3.45824585474e-20
3.285333562e-20
3.1210668839e-20
2.96501353971e-20
2.81676286272e-20
2.67592471959e-20
2.54212848361e-20
2.41502205943e-20
2.29427095646e-20
2.17955740863e-20
2.0705795382e-20
1.96705056129e-20
1.86869803323e-20
1.77526313157e-20
1.68649997499e-20
1.60217497624e-20
1.52206622743e-20
1.44596291605e-20
1.37366477025e-20
1.30498153174e-20
1.23973245515e-20
1.17774583239e-20
1.11885854078e-20
1.06291561374e-20
1.00976983305e-20
9.59281341397e-21
9.11317274327e-21
8.65751410611e-21
8.2246384008e-21
7.81340648076e-21
7.42273615673e-21
7.05159934889e-21
6.69901938144e-21
6.36406841237e-21
6.04586499175e-21
5.74357174217e-21
5.45639315506e-21
5.1835734973e-21
4.92439482244e-21
4.67817508132e-21
4.44426632725e-21
4.22205301089e-21
4.01095036034e-21
3.81040284233e-21
3.61988270021e-21
3.4388885652e-21
3.26694413694e-21
3.10359693009e-21
2.94841708359e-21
2.80099622941e-21
2.66094641794e-21
2.52789909704e-21
2.40150414219e-21
2.28142893508e-21
2.16735748833e-21
2.05898961391e-21
1.95604013321e-21
1.85823812655e-21
1.76532622023e-21
1.67705990921e-21
1.59320691375e-21
1.51354656807e-21
1.43786923966e-21
1.36597577768e-21
1.2976769888e-21
1.23279313936e-21
1.17115348239e-21
1.11259580827e-21
1.05696601786e-21
1.00411771696e-21
9.53911831115e-22
9.06216239559e-22
8.60905427581e-22
8.17860156202e-22
7.76967148392e-22
7.38118790972e-22
7.01212851424e-22
6.66152208852e-22
6.3284459841e-22
6.01202368489e-22
5.71142250065e-22
5.42585137562e-22
5.15455880683e-22
4.89683086649e-22
4.65198932317e-22
4.41938985701e-22
4.19842036416e-22
3.98849934595e-22
3.78907437865e-22
3.59962065972e-22
3.41963962674e-22
3.2486576454e-22
3.08622476313e-22
2.93191352497e-22
2.78531784872e-22
2.64605195629e-22
2.51374935847e-22
2.38806189055e-22
2.26865879602e-22
2.15522585622e-22
2.04746456341e-22
1.94509133524e-22
1.84783676848e-22
1.75544493005e-22
1.66767268355e-22
1.58428904937e-22
1.5050745969e-22
1.42982086706e-22
1.35832982371e-22
1.29041333252e-22
1.22589266589e-22
1.1645980326e-22
1.10636813097e-22
1.05104972442e-22
9.98497238201e-23
9.48572376291e-23
9.01143757476e-23
8.56086569602e-23
8.13282241122e-23
7.72618129066e-23
7.33987222613e-23
6.97287861482e-23
6.62423468408e-23
6.29302294988e-23
5.97837180238e-23
5.67945321226e-23
5.39548055165e-23
5.12570652407e-23
4.86942119786e-23
4.62595013797e-23
4.39465263107e-23
4.17491999952e-23
3.96617399954e-23
3.76786529957e-23
3.57947203459e-23
3.40049843286e-23
3.23047351121e-23
3.06894983565e-23
2.91550234387e-23
2.76972722668e-23
2.63124086534e-23
2.49967882208e-23
2.37469488097e-23
2.25596013692e-23
2.14316213008e-23
2.03600402357e-23
1.9342038224e-23
1.83749363128e-23
1.74561894971e-23
1.65833800223e-23
1.57542110211e-23
1.49665004701e-23
1.42181754466e-23
1.35072666743e-23
1.28319033405e-23
1.21903081735e-23
1.15807927648e-23
1.10017531266e-23
1.04516654703e-23
9.92908219676e-24
9.43262808692e-24
8.96099668257e-24
8.51294684844e-24
8.08729950602e-24
7.68293453072e-24
7.29878780418e-24
6.93384841398e-24
6.58715599328e-24
6.25779819361e-24
5.94490828393e-24
5.64766286974e-24
5.36527972625e-24
5.09701573994e-24
4.84216495294e-24
4.60005670529e-24
4.37005387003e-24
4.15155117653e-24
3.9439736177e-24
3.74677493682e-24
3.55943618997e-24
3.38146438048e-24
3.21239116145e-24
3.05177160338e-24
2.89918302321e-24
2.75422387205e-24
2.61651267845e-24
2.48568704453e-24
2.3614026923e-24
2.24333255768e-24
2.1311659298e-24
2.02460763331e-24
1.92337725164e-24
1.82720838906e-24
1.73584796961e-24
1.64905557113e-24
1.56660279257e-24
1.48827265294e-24
1.4138590203e-24
1.34316606928e-24
1.27600776582e-24
1.21220737753e-24
1.15159700865e-24
1.09401715822e-24
1.03931630031e-24
9.87350485291e-25
9.37982961027e-25
8.91083812976e-25
8.46529622327e-25
8.0420314121e-25
7.6399298415e-25
7.25793334942e-25
6.89503668195e-25
6.55028484786e-25
6.22277060546e-25
5.91163207519e-25
5.61605047143e-25
5.33524794786e-25
5.06848555047e-25
4.81506127294e-25
4.5743082093e-25
4.34559279883e-25
4.12831315889e-25
3.92189750094e-25
3.7258026259e-25
3.5395124946e-25
3.36253686987e-25
3.19441002638e-25
3.03468952506e-25
2.88295504881e-25
2.73880729637e-25
2.60186693155e-25
2.47177358497e-25
2.34818490572e-25
2.23077566044e-25
2.11923687741e-25
2.01327503354e-25
1.91261128187e-25
1.81698071777e-25
1.72613168188e-25
1.63982509779e-25
1.5578338429e-25
1.47994215076e-25
1.40594504322e-25
1.33564779106e-25
1.2688654015e-25
1.20542213143e-25
1.14515102486e-25
1.08789347361e-25
1.03349879993e-25
9.81823859937e-26
9.3273266694e-26
8.86096033593e-26
8.41791231914e-26
7.99701670318e-26
7.59716586802e-26
7.21730757462e-26
6.85644219589e-26
6.51362008609e-26
6.18793908179e-26
5.8785421277e-26
5.58461502131e-26
5.30538427025e-26
5.04011505674e-26
4.7881093039e-26
4.5487038387e-26
4.32126864677e-26
4.10520521443e-26
3.89994495371e-26
3.70494770602e-26
3.51970032072e-26
3.34371530469e-26
3.17652953945e-26
3.01770306248e-26
2.86681790936e-26
2.72347701389e-26
2.58730316319e-26
2.45793800503e-26
2.33504110478e-26
2.21828904954e-26
2.10737459707e-26
2.00200586721e-26
1.90190557385e-26
1.80681029516e-26
1.7164697804e-26
1.63064629138e-26
1.54911397681e-26
1.47165827797e-26
1.39807536407e-26
1.32817159587e-26
1.26176301608e-26
1.19867486527e-26
1.13874112201e-26
1.08180406591e-26
1.02771386261e-26
9.76328169482e-27
9.27511761008e-27
8.81136172958e-27
8.3707936431e-27
7.95225396094e-27
7.55464126289e-27
7.17690919975e-27
6.81806373976e-27
6.47716055277e-27
6.15330252514e-27
5.84563739888e-27
5.55335552894e-27
5.27568775249e-27
5.01190336486e-27
4.76130819662e-27
4.52324278679e-27
4.29708064745e-27
4.08222661508e-27
3.87811528432e-27
3.68420952011e-27
3.4999990441e-27
3.3249990919e-27
3.1587491373e-27
3.00081168044e-27
2.85077109642e-27
2.70823254159e-27
2.57282091451e-27
2.44417986879e-27
2.32197087535e-27
2.20587233158e-27
2.095578715e-27
1.99079977925e-27
1.89125979029e-27
1.79669680078e-27
1.70686196074e-27
1.6215188627e-27
1.54044291957e-27
1.46342077359e-27
1.39024973491e-27
1.32073724816e-27
1.25470038575e-27
1.19196536647e-27
1.13236709814e-27
1.07574874324e-27
1.02196130607e-27
9.7086324077e-28
9.22320078732e-28
8.76204074795e-28
8.32393871055e-28
7.90774177503e-28
7.51235468628e-28
7.13673695196e-28
6.77990010436e-28
6.44090509915e-28
6.11885984419e-28
5.81291685198e-28
5.52227100938e-28
5.24615745891e-28
4.98384958597e-28
4.73465710667e-28
4.49792425133e-28
4.27302803877e-28
4.05937663683e-28
3.85640780499e-28
3.66358741474e-28
3.480408044e-28
3.3063876418e-28
3.14106825971e-28
2.98401484673e-28
2.83481410439e-28
2.69307339917e-28
2.55841972921e-28
2.43049874275e-28
2.30897380561e-28
2.19352511533e-28
2.08384885957e-28
1.97965641659e-28
1.88067359576e-28
1.78663991597e-28
1.69730792017e-28
1.61244252416e-28
1.53182039795e-28
1.45522937806e-28
1.38246790915e-28
1.3133445137e-28
1.24767728801e-28
1.18529342361e-28
1.12602875243e-28
1.06972731481e-28
1.01624094907e-28
9.65428901615e-29
9.17157456534e-29
8.71299583708e-29
8.27734604522e-29
7.86347874296e-29
7.47030480581e-29
7.09678956552e-29
6.74195008725e-29
6.40485258289e-29
6.08460995374e-29
5.78037945605e-29
5.49136048325e-29
5.21679245909e-29
4.95595283613e-29
4.70815519433e-29
4.47274743461e-29
4.24911006288e-29
4.03665455974e-29
3.83482183175e-29
3.64308074016e-29
3.46092670315e-29
3.287880368e-29
3.1234863496e-29
2.96731203212e-29
2.81894643051e-29
2.67799910899e-29
2.54409915354e-29
2.41689419586e-29
2.29604948607e-29
2.18124701176e-29
2.07218466117e-29
1.96857542812e-29
1.87014665671e-29
1.77663932387e-29
1.68780735768e-29
1.6034169898e-29
1.52324614031e-29
1.44708383329e-29
1.37472964163e-29
1.30599315955e-29
1.24069350157e-29
1.17865882649e-29
1.11972588517e-29
1.06373959091e-29
1.01055261136e-29
9.60024980794e-30
9.12023731754e-30
8.66422545166e-30
8.23101417908e-30
7.81946347013e-30
7.42849029662e-30
7.05706578179e-30
6.7042124927e-30
6.36900186807e-30
6.05055177466e-30
5.74802418593e-30
5.46062297663e-30
5.1875918278e-30
4.92821223641e-30
4.68180162459e-30
4.44771154336e-30
4.22532596619e-30
4.01405966788e-30
3.81335668449e-30
3.62268885026e-30
3.44155440775e-30
3.26947668736e-30
3.106002853e-30
2.95070271035e-30
2.80316757483e-30
2.66300919609e-30
2.52985873628e-30
2.40336579947e-30
2.2831975095e-30
2.16903763402e-30
2.06058575232e-30
1.9575564647e-30
1.85967864147e-30
1.76669470939e-30
1.67835997393e-30
1.59444197523e-30
1.51471987647e-30
1.43898388264e-30
1.36703468851e-30
1.29868295409e-30
1.23374880638e-30
1.17206136606e-30
1.11345829776e-30
1.05778538287e-30
1.00489611373e-30
9.54651308042e-31
9.0691874264e-31
8.61572805508e-31
8.18494165232e-31
7.77569456971e-31
7.38690984122e-31
7.01756434916e-31
6.6666861317e-31
6.33335182512e-31
6.01668423386e-31
5.71585002217e-31
5.43005752106e-31
5.15855464501e-31
4.90062691276e-31
4.65559556712e-31
4.42281578876e-31
4.20167499932e-31
3.99159124936e-31
3.79201168689e-31
3.60241110255e-31
3.42229054742e-31
3.25117602005e-31
3.08861721905e-31
2.93418635809e-31
2.78747704019e-31
2.64810318818e-31
2.51569802877e-31
2.38991312733e-31
2.27041747096e-31
2.15689659742e-31
2.04905176755e-31
1.94659917917e-31
1.84926922021e-31
1.7568057592e-31
1.66896547124e-31
1.58551719768e-31
1.50624133779e-31
1.4309292709e-31
1.35938280736e-31
1.29141366699e-31
1.22684298364e-31
1.16550083446e-31
1.10722579274e-31
1.0518645031e-31
9.99271277945e-32
9.49307714047e-32
9.01842328345e-32
8.56750211928e-32
8.13912701331e-32
7.73217066265e-32
7.34556212951e-32
6.97828402304e-32
6.62936982189e-32
6.29790133079e-32
5.98300626425e-32
5.68385595104e-32
5.39966315349e-32
5.12967999581e-32
4.87319599602e-32
4.62953619622e-32
4.39805938641e-32
4.17815641709e-32
3.96924859624e-32
3.77078616642e-32
3.5822468581e-32
3.4031345152e-32
3.23297778944e-32
3.07132889997e-32
2.91776245497e-32
2.77187433222e-32
2.63328061561e-32
2.50161658483e-32
2.37653575559e-32
2.25770896781e-32
2.14482351942e-32
2.03758234345e-32
1.93570322627e-32
1.83891806496e-32
1.74697216171e-32
1.65962355363e-32
1.57664237595e-32
1.49781025715e-32
1.42291974429e-32
1.35177375708e-32
1.28418506922e-32
1.21997581576e-32
1.15897702497e-32
1.10102817372e-32
1.04597676504e-32
9.93677926786e-33
9.43994030447e-33
8.96794328925e-33
8.51954612478e-33
8.09356881854e-33
7.68889037762e-33
7.30444585874e-33
6.9392235658e-33
6.59226238751e-33
6.26264926813e-33
5.94951680473e-33
5.65204096449e-33
5.36943891627e-33
5.10096697045e-33
4.84591862193e-33
4.60362269083e-33
4.37344155629e-33
4.15476947848e-33
3.94703100455e-33
3.74967945433e-33
3.56219548161e-33
3.38408570753e-33
3.21488142215e-33
3.05413735105e-33
2.90143048349e-33
2.75635895932e-33
2.61854101135e-33
2.48761396078e-33
2.36323326275e-33
2.24507159961e-33
2.13281801963e-33
2.02617711865e-33
1.92486826271e-33
1.82862484958e-33
1.7371936071e-33
1.65033392674e-33
1.56781723041e-33
1.48942636889e-33
1.41495505044e-33
1.34420729792e-33
1.27699693302e-33
1.21314708637e-33
1.15248973205e-33
1.09486524545e-33
1.04012198318e-33
9.8811588402e-34
9.38710089819e-34
8.91774585328e-34
8.47185856062e-34
8.04826563259e-34
7.64585235096e-34
7.26355973341e-34
6.90038174674e-34
6.5553626594e-34
6.22759452643e-34
5.91621480011e-34
5.62040406011e-34
5.3393838571e-34
5.07241466425e-34
4.81879393103e-34
4.57785423448e-34
4.34896152276e-34
4.13151344662e-34
3.92493777429e-34
3.72869088557e-34
3.5422563413e-34
3.36514352423e-34
3.19688634802e-34
3.03704203062e-34
2.88518992909e-34
2.74093043263e-34
2.603883911e-34
2.47368971545e-34
2.35000522968e-34
2.23250496819e-34
2.12087971978e-34
2.0148357338e-34
1.91409394711e-34
1.81838924975e-34
1.72746978726e-34
1.6410962979e-34
1.559041483e-34
1.48108940885e-34
1.40703493841e-34
1.33668319149e-34
1.26984903192e-34
1.20635658032e-34
1.1460387513e-34
1.08873681374e-34
1.03429997305e-34
9.825849744e-35
9.3345572568e-35
8.86782939396e-35
8.42443792426e-35
8.00321602805e-35
7.60305522665e-35
7.22290246531e-35
6.86175734205e-35
6.51866947495e-35
6.1927360012e-35
5.88309920114e-35
5.58894424108e-35
5.30949702903e-35
5.04402217758e-35
4.7918210687e-35
4.55223001526e-35
4.3246185145e-35
4.10838758877e-35
3.90296820934e-35
3.70781979887e-35
3.52242880893e-35
3.34630736848e-35
3.17899200006e-35
3.02004240005e-35
2.86904028005e-35
2.72558826605e-35
2.58930885275e-35
2.45984341011e-35
2.3368512396e-35
2.22000867762e-35
2.10900824374e-35
2.00355783155e-35
1.90337993998e-35
1.80821094298e-35
1.71780039583e-35
1.63191037604e-35
1.55031485724e-35
1.47279911437e-35
1.39915915865e-35
1.32920120072e-35
1.26274114069e-35
1.19960408365e-35
1.13962387947e-35
1.0826426855e-35
1.02851055122e-35
9.7708502366e-36
9.28230772477e-36
8.81819233853e-36
8.3772827216e-36
7.95841858552e-36
7.56049765625e-36
7.18247277344e-36
6.82334913476e-36
6.48218167803e-36
6.15807259412e-36
5.85016896442e-36
5.5576605162e-36
5.27977749039e-36
5.01578861587e-36
4.76499918507e-36
4.52674922582e-36
4.30041176453e-36
4.0853911763e-36
3.88112161749e-36
3.68706553661e-36
3.50271225978e-36
3.32757664679e-36
3.16119781445e-36
3.00313792373e-36
2.85298102754e-36
2.71033197617e-36
2.57481537736e-36
2.44607460849e-36
2.32377087807e-36
2.20758233416e-36
2.09720321746e-36
1.99234305658e-36
1.89272590375e-36
1.79808960857e-36
1.70818512814e-36
1.62277587173e-36
1.54163707814e-36
1.46455522424e-36
1.39132746302e-36
1.32176108987e-36
1.25567303538e-36
1.19288938361e-36
1.13324491443e-36
1.07658266871e-36
1.02275353527e-36
9.7161585851e-37
9.23035065584e-37
8.76883312305e-37
8.3303914669e-37
7.91387189355e-37
7.51817829888e-37
7.14226938393e-37
6.78515591474e-37
