1.55940125715
-0.159016600291
0.314386384821
-0.352018858006
0.174609204723
-0.169566122418
-0.184559449903
0.315276542865
0.275818595258
0.37084907045
-0.609371908847
0.293034284022
0.169449216084
0.0338268249151
-0.0013597745444
0.159655940316
0.595958792649
-0.204404071141
-0.241949391735
-0.118631369816
0.387974519193
-0.101498990583
-0.307116071819
0.401623971059
0.257540286941
0.00486785238166
-0.457176593045
0.204722359151
0.370736120351
-0.121143270675
-0.210259157661
0.176867965455
0.458931023476
-0.32658686659
-0.292210187273
0.162932699236
0.342607237795
-0.132553448718
-0.315517438007
0.319213739787
30.4467712924
-3.56977062128
5.60797105184
-8.13793953207
2.20495691533
-5.30975277919
-4.47946591808
4.39921988484
4.67803323479
5.69458172397
-11.9356515672
6.08353106607
2.28475819155
-0.436614071437
-0.387054661157
2.4264627995
9.93589900348
-0.673077366058
-2.24010543851
-1.21825731856
3.59963125741
-3.86063064389
-4.86837442478
4.70568862559
2.90840885265
1.27948921308
-3.94767165548
1.85138099599
3.39037210166
-2.0019519527
-1.65425381613
2.38770248134
4.6945586118
-1.91676023063
-1.30493545126
1.01148459755
1.56122469942
-1.75001857077
-2.89599530986
2.54925924385
115.682215607
-7.43761506391
26.101817295
-21.9331631183
7.42011594628
-19.8195027488
-7.91891636366
10.511703394
22.7653903034
11.5040266856
-24.821510449
14.6734094331
3.77106019474
-4.70015865731
1.90321771216
9.62430906454
27.7107035864
2.31562757055
0.569292191405
-0.688695888103
5.25446236814
-11.1001222297
-4.14838995905
9.76247130255
9.42509691261
2.38845906457
-2.81388296972
2.10663052131
3.06530087699
-4.33840654732
1.00638342444
6.19128729599
8.72219715216
-0.753972907498
1.04076736129
0.436079373849
0.694629835282
-2.72481532823
-0.454184768996
3.88367841668
191.472642045
-7.35746528613
54.2438215054
-22.9196098623
10.4622705036
-33.9808404962
3.43678599084
14.0928013299
49.3548188277
3.59581836931
-9.76164952534
13.943370899
-2.13776038547
-8.70758720457
11.3280825693
18.2148566487
40.1676210287
-1.03239292449
15.3094434601
-2.04739447999
0.93459829734
-13.2282711759
10.0529067925
10.1421986888
16.5314556451
-1.06474410737
8.68674401031
-0.997462982217
-3.07556059742
-0.949896694313
8.64164523763
6.95876904633
10.0825387521
0.195369665266
8.33825868284
-4.0689685193
-0.806418340298
-0.03051337419
6.4330707223
1.21644354562
221.763108436
-23.8895818709
72.1645980078
-17.7767838499
15.2918787994
-42.8936283241
11.617635763
19.5284178985
60.8073648554
-11.7515316078
13.0481301314
15.2423902468
-15.1227496507
-4.55121480258
15.7270382161
20.0525277976
50.5749983385
-13.7316622727
34.6509141761
-8.64689954414
1.30237624698
-16.5132936278
18.7903711065
4.96713276272
22.8108792836
-5.81753586636
16.5203331177
1.72474878693
-10.5494767048
4.02185360275
7.40318481639
7.35851413724
12.4086366918
-0.292727634068
14.9433263042
-6.0353796188
-0.0778508572546
-2.67659033314
9.21588848536
-2.91636322507
245.430616745
-45.3459532353
73.9523554523
-20.7208606499
23.4833045379
-48.5475519239
10.302845614
26.6833047509
49.6317569857
-14.755767345
12.7225938175
26.6752842817
-25.1862246212
1.14375766505
9.46278606487
15.0847338889
54.509780202
-9.42688844475
39.8727462164
-10.7224154338
5.02123814422
-20.6644777414
17.9572174189
2.97500492888
25.2154745556
-4.1462999198
11.7442441006
6.48542647187
-10.139974416
4.44329367282
2.42563771717
7.6997162081
10.5505410642
4.16338218917
13.5787373816
-0.530502268762
0.26268550218
-5.17733474144
6.70611374437
-0.932139612099
251.691794257
-26.6304740646
57.1544999242
-28.7056773757
29.4085770703
-43.355574863
18.4199713944
34.8907564435
33.4372520893
-10.458983613
-9.24878246507
34.642434435
-22.7697095343
5.61335823461
-4.36551301836
16.5648733974
42.753385242
16.2750661013
30.4271257453
-2.45133089943
3.39737756844
-21.7071115031
15.7881566307
10.3051082549
28.5679239601
-2.34623808755
0.883812794537
0.0426055352515
-4.94950103795
0.734764346195
2.44075921525
8.85742852012
5.52212668627
8.81590799782
9.09375516688
8.65380446611
-0.186724154497
-4.28258195397
0.796075047354
4.70950941736
240.774336364
0.318709663156
44.9770036757
-31.4476998874
15.5291052436
-34.0021928448
16.0382283701
47.3402443305
23.595370359
-2.95712002153
-32.8063577505
31.8610402746
-20.2570652782
12.0965063589
-8.26418679574
19.2949206305
39.4774383502
29.5067999109
23.0230032766
4.54391006242
-1.34453256845
-21.615343833
7.38413526904
13.654589551
29.827555785
2.7825801743
-6.09203578332
-5.87774311892
-6.26760650361
-1.18423707185
5.87885828799
11.6061061928
10.1425947211
10.3051073497
4.8451422397
7.29341623523
-0.559003502849
-3.14910173984
-1.05930956566
5.02441282571
229.636096875
-6.63357214451
45.8588619602
-21.5888474878
-10.9957369395
-21.3540638642
-1.25531430624
46.1994034871
22.8032302226
14.5928823785
-35.4041298605
15.3882498951
-16.8359848634
13.0081289028
-0.081389152131
22.6930865281
44.5159523964
19.9276671275
13.0740960753
-2.09771668057
-3.5068096029
-12.0748990316
3.3779583133
11.2742325948
22.8815470819
7.32555764672
-7.19567722139
-3.96180366338
-4.85055433262
0.0475929054715
7.84698360063
12.5005635042
12.3738974118
7.99921222174
0.138238248167
-0.655156604757
-1.19889251053
-0.177201558959
2.44684370323
5.19232323446
219.006487835
-18.3964869482
40.3506732105
-9.24570395136
-19.8458501134
-4.85247554783
-1.74655109015
36.3448129628
22.7633772762
22.6755703069
-18.9709142704
4.04450060736
-4.73496655115
10.5813641682
-7.02452184126
34.668203921
34.1316882221
9.72474138988
7.92477701012
-5.19369420241
-3.13797667819
-3.2059905753
6.60550553176
11.324325033
15.1203627085
5.80470385484
-0.219327694468
-2.04238324999
4.38881460767
-4.46855967952
7.69915203474
10.4481250509
8.01564916458
5.73601072091
1.58072355484
-0.804994717832
-1.60869679288
0.584139512796
2.70810506655
5.97416796568
213.640536024
-9.76623807974
35.1514571729
13.4378748572
-2.28142007963
7.95048873516
13.5087339764
39.784923217
24.5231000748
26.2710529766
-1.200302264
3.97085451477
-4.69761133489
9.91413327069
-24.0854839634
37.1823575021
23.247604673
9.70420187669
9.75146752542
1.57826886973
1.06638114349
-1.15478316678
12.4633810629
13.9397221426
17.2444937582
10.3547932684
10.640080896
-0.989046780911
9.34255327313
-5.43307873077
5.09375363272
8.39301707731
7.6566915362
5.41949306822
3.39629511145
1.80231695
-2.52509064199
0.348548034354
1.80116771774
5.89117019937
248.050301925
18.0066393467
72.8572024728
55.821689667
45.9690281753
37.8479453297
34.2997067154
74.4148633449
26.3423726233
56.1860859965
10.6032227322
-2.38572991254
-2.63174557777
6.08662794636
-22.5334444459
16.4183885542
33.6050365344
1.62245089766
12.7441338029
13.872713308
7.55341637063
9.01679088783
23.9000780538
26.9714417116
16.3851589051
33.0478265465
15.3153922828
4.52316806388
19.6613764859
3.62570776266
6.36726977982
7.11181160517
16.5292742485
-4.50804514466
6.8809726443
6.06053027978
-5.92791863795
5.31423498164
4.49439048919
5.74143057812
325.949678429
66.9502986506
148.239195017
124.092201458
130.279171511
101.355647342
77.6511986918
146.984122073
36.0454412352
109.123551677
38.9541972776
2.42271810813
24.6648632144
8.15366371953
-3.36152492644
-6.20479527342
61.4528605977
-15.5279800913
22.0451320291
33.7097085926
17.396117966
28.5558181581
38.6613130112
51.9069894509
14.8328510557
64.4087414639
26.18566675
18.1960213034
41.0763176676
16.8193667246
17.7567640277
10.9043581643
30.7826891071
-9.61150141735
14.6051114164
13.9882010153
-6.18556192742
13.2368315116
7.28592979772
10.1589804842
428.330157135
91.6485623103
207.418842526
205.212720105
218.328755232
156.437097168
129.990049127
218.614973438
18.808408274
153.204977037
58.3409009446
14.6725917062
35.5920594551
4.95956729552
4.54425834838
-13.5441124504
83.9978107296
-31.4347801759
40.5355390242
70.8320801351
29.5492549347
58.7049147137
73.0223648852
72.8564905288
31.1759041941
93.4827812536
48.1645429666
20.6458066752
59.403802608
21.4017208341
11.427197959
19.5816876017
20.9555638852
-13.2860836431
13.6846063601
19.9930488251
-10.805074097
20.0569261181
22.8458688151
7.14828264443
606.557232345
81.8014577018
266.411339798
278.704960194
343.200328519
176.861992211
164.475513309
302.015210128
-61.2916030258
198.050583662
42.624319912
12.3152396205
-1.72072476439
-6.78835847126
-13.0999467994
-33.0428040617
106.3285761
-62.9100355448
40.0266850946
129.812713283
26.6882106194
76.249330922
116.342760425
93.0586049627
39.6631967667
120.336894887
86.5420636305
-5.86493107997
94.5743011743
25.2355481478
-2.06630913492
35.7014393467
15.4004091849
-20.8920694808
6.80418865028
44.7201609564
-38.4476017993
23.2351202926
45.4051619425
-14.6070852206
749.705799186
77.462998043
324.158210977
284.770380533
470.827767904
171.313466313
186.944227997
384.448124077
-75.129617332
253.417935777
64.7767651887
50.0163220916
-12.8481813159
23.3553304224
-25.7561291889
-35.8643803965
118.294393194
-67.7125526715
5.12459664403
154.639419708
14.9877100383
46.1374060759
124.572607429
91.7145643745
37.108041177
117.876201163
124.372623184
-8.16248515365
120.605127471
53.3718001941
7.27805890065
59.0846895628
39.103431531
-9.75957928963
12.1292337245
64.1903353667
-39.3178201721
14.6151545703
48.5786035992
-20.7570279969
763.539068717
85.5385326576
330.638335198
250.678230083
460.26569023
146.099551364
188.345295198
375.683658582
-36.2694800203
268.58752417
98.3924429099
75.8171208466
1.83610928704
37.0597597901
-65.2014335693
-5.39865321085
89.5401452614
-46.8094645255
-15.6692898256
151.482205137
7.8233017603
27.4772841647
136.18132508
55.0688693255
59.4921258322
114.955140122
135.920150031
10.4101303529
133.14038358
60.4282075656
5.94375064525
75.5834125742
34.5825735548
-18.9326582297
24.5144893678
47.3731112987
-40.0040125296
13.7854502146
36.806168993
-30.4302399002
821.212227021
98.8977353302
326.252491114
257.643197903
432.726861773
112.25555499
209.597766648
352.316154034
-52.059990018
270.430015344
126.515184505
42.8096636532
-4.17924714359
42.4075865222
-134.768391046
7.81783474658
60.0020849151
-36.3638415505
-56.0757003109
174.529944789
-24.2757949909
24.6436845781
146.324367333
29.4928087073
58.0840519255
125.534910382
140.968581195
-0.85734985716
158.366609378
56.610221255
6.35390234506
77.503232983
54.9570968785
-41.9351234526
47.553255137
37.0240402038
-36.600462813
6.98139639582
40.8443021735
-43.4898583033
826.294614163
119.669057204
309.29029336
254.586341059
415.196134058
86.9434123728
225.374561234
343.866253979
-17.9639575129
245.20716798
147.364456206
47.6624933314
-2.33086401941
64.1783828009
-134.851116349
20.0094825405
44.4279195473
-3.98504636702
-60.1197622279
161.506482711
-24.3336094037
14.8286203426
121.10607464
47.3974031481
48.9014778723
109.071324425
133.834026504
12.2796028181
130.782466095
55.556530258
25.5480416995
50.0213025116
63.6185444794
-23.6531732204
42.4200984598
30.8470228613
-16.5593093403
-0.809118024106
31.4200540761
-18.2342252149
702.980692052
179.116101979
275.306623152
272.001770345
349.754990109
99.696671495
205.43319112
316.190535793
70.2452517257
174.976524641
148.403568585
51.5412274228
8.38112522375
31.8535457487
-86.7423125951
4.94026371106
42.4703348446
3.77865021766
-22.5950265575
112.431975393
5.31579927597
6.82781881008
94.5978152122
80.398794207
44.0529571791
101.445998104
118.289589407
40.8613722566
84.2912254853
63.5182748158
29.519324038
34.9465603138
54.9071871116
-0.651147911055
23.1683336803
32.0332022004
-9.71939964048
-6.41774634559
26.5355963278
-2.41061308099
566.948114695
239.697216926
247.037595583
292.950935764
303.112035229
146.920022404
180.248762061
299.504834129
124.646687743
148.236633521
167.089343054
52.852442993
30.5706108408
22.015317215
-34.9813667789
-9.43599851781
61.5122240607
7.86497603316
-4.25574223687
84.1619641138
28.5649955725
2.38968093021
81.0912953955
82.4058235054
40.86100492
94.0525520546
104.674597794
45.7513216535
66.9038096095
71.4464874699
24.5159998365
39.4389683115
55.4877931654
10.908465944
19.2980659555
37.8776358292
-0.880643666325
-3.52451149347
27.5875614249
3.81730274496
473.579861892
255.817751777
239.251385252
271.165804336
274.725468429
171.03040457
165.37561893
262.45198853
130.470681899
147.151249047
158.280735181
40.1216822521
52.5139505563
21.9371251716
-20.6638275358
-8.01014228392
55.4854278375
18.386072732
-1.66433083475
79.0810399791
32.2254280388
19.4079525938
77.5545826272
67.7921151572
56.2011587056
84.9673872735
89.8376590389
49.0334084851
67.638092311
64.907926593
20.8204372134
43.9980177914
40.9945833002
11.7565994614
20.018045877
26.799093827
4.40794095754
1.54793158057
22.8089495275
3.9413156321
451.57477453
251.877981754
240.093443764
249.180800337
256.301253701
176.779231635
153.859545318
230.253608932
114.474170437
139.696587351
124.998300806
30.791329483
59.4565264085
14.8466896179
-11.2524491702
-15.9960760602
37.1757491016
20.3917977101
-1.11668765292
63.6272971837
28.0065264022
33.0542139503
62.5284101427
57.5184958912
58.289467921
68.3946389815
75.0702567015
49.3863407305
62.4018463256
55.4722646931
30.5486966253
41.2839316677
32.2334074978
20.6848607441
20.5076122712
21.2082309312
11.0176541627
8.15679823951
16.226895134
7.3564256544
468.53227547
224.346549719
212.254528574
252.44977349
235.377901524
189.075664132
156.491210162
200.378832161
109.61707901
147.16865713
106.624627982
41.8207782622
58.1939679263
17.1281097178
15.0474257912
-18.8044024332
34.6906598777
25.2545753803
10.1670723038
51.4566925101
32.5798304457
42.9322201776
49.8861407945
60.5676348466
53.8912603341
62.0801502284
67.1688091546
48.0294473434
56.1337890668
44.6730507635
36.9056919079
30.6220562187
27.7119345215
23.4252212511
16.2643575981
19.5006239856
12.0742706122
12.2497639358
12.8798419113
12.772585938
517.337368634
216.896120059
182.814320276
298.136852428
241.279609655
196.230320754
159.236147248
181.869923115
102.279314263
157.201340227
106.809070341
31.9519048979
40.6096619045
18.9947892767
13.6328520355
-22.6079722757
43.728542601
19.5757042367
21.6135989242
66.3749854432
43.1288922883
44.8797043345
59.3676770387
71.3760642327
51.2859814034
71.587603671
69.5884946275
44.5858851162
58.6775992557
45.8385148291
28.5042292199
25.2918643341
30.7695690762
15.4910292576
13.2085700757
23.9381019137
8.44526508032
10.796722353
18.7612880878
12.7773588789
544.912568325
214.846419791
181.033747796
314.151679722
280.235980532
199.626775547
153.543637834
181.514355427
103.026569101
176.442580971
119.065986949
35.5324537595
27.1270078908
47.6282689857
4.68852337386
-4.59550589216
54.4272122251
8.46353889884
33.4784226127
81.9080674566
59.0460241163
29.8856858649
68.2146735859
73.3687678057
59.7975787948
73.8806715754
66.84429482
43.0179290494
63.3806503075
58.3177814064
21.0916764864
26.4088166143
32.2058045277
20.2356262274
16.5230337986
26.9725136832
6.42981994161
10.5593825487
25.4303612253
15.9619545955
682.382758785
192.092485028
111.594202319
347.771837953
294.568255752
197.855019803
168.375618168
90.597651199
110.784305858
264.935909626
68.6417666536
35.3567390884
0.106385767001
36.9352389372
65.6218666313
29.0281237905
3.43318354086
17.6127520326
69.9263202682
105.003688332
79.1582305988
-20.0355181824
65.3221158226
105.494697674
80.3316597615
63.0351241801
27.7145127356
41.2552597959
99.5043517136
59.3249428232
-3.26932649025
15.7844959805
28.7588748461
54.8813604619
29.0202586129
-9.82980171663
3.20177523714
33.3640631873
38.1323267852
18.7995154903
1449.93615859
124.641972297
-236.552018055
680.358796347
249.100911231
185.922294475
311.805446899
-280.662196519
79.259702079
574.573835823
-100.972289915
-14.8485485315
-60.3952865446
-35.101576999
377.386559279
125.236843465
-123.517473241
70.871449329
142.091121058
261.904567544
163.372307616
-182.361655055
30.3699792676
194.423214706
125.871803758
68.1182465391
-128.502349964
-45.1816621769
209.33511112
109.601613587
-28.0783336504
-48.2127715027
-6.87441319683
178.301979567
136.153693177
-54.1274493968
-42.1079035781
43.5755558866
119.885526074
94.5550108755
2914.58857766
-49.0752424133
-887.507900141
1297.66535524
471.979922787
282.575663949
503.09036114
-944.2527924
-31.6543050815
1024.52805303
-163.028471975
-269.328443362
-369.20307483
1.70402362825
871.839526536
320.828055074
-218.935343733
-4.8921441735
306.24784337
767.386235539
363.491441174
-399.050879056
-97.7850528991
292.102738596
345.370724572
85.5123508576
-461.455062225
-307.63327088
286.519538765
312.138821994
-16.4178394203
-270.155501682
-96.6410517119
393.660903831
431.378582783
38.2669981755
-175.297829407
-4.16227639882
331.968837853
303.893875416
3993.24255382
-337.01203938
-1341.38174324
1699.28385619
1035.40914868
499.51692557
426.450037252
-1464.65368125
-140.363328212
1233.17911986
224.823393177
-737.90068754
-795.152752484
309.637809671
1175.31908408
558.84910421
-136.672205062
-273.428283644
503.700645781
1267.40594822
530.631053136
-572.581257946
-334.956081915
318.854971596
526.135891274
79.7831235935
-647.229243472
-554.222214251
286.716572624
590.785307094
113.152702052
-371.579308434
-106.493466494
525.492132772
643.125617806
195.641654974
-248.552072242
-142.383641238
337.274165462
374.964686054
4306.32074471
-518.951986221
-1509.94947009
1534.5019437
1323.98899534
627.76441739
353.810191316
-1458.9606909
-495.506332507
949.245584348
1090.18650406
-891.246734174
-1115.95758229
515.706296134
1106.20855643
851.439142447
281.071784515
-445.00819162
163.023413293
1154.47836401
931.078550189
-467.850982446
-775.035991636
51.7107816106
396.937878549
242.847659448
-253.475574902
-614.884933603
-110.808454757
664.384426185
698.267762909
-42.4354753143
-253.613580434
274.330811639
534.22209998
407.198655826
-0.568672506481
-397.265049848
-249.573491637
198.963793271
5292.39251292
-53.5718228074
-2097.06347533
1014.64898168
1459.79283517
889.781333483
644.38551209
-1431.93601332
-1557.37775332
379.402670035
2244.63954861
-552.834900981
-1771.40130491
254.68231155
1109.57073849
1369.51089927
992.740839957
-399.053119041
-695.035842832
821.45625987
1815.41517811
-103.176426022
-1475.92505887
-539.856751806
157.520571087
497.944712495
301.020007384
-686.689221046
-868.978307845
562.486509201
1591.6130593
512.306189858
-523.939421579
-96.984543211
442.050664787
700.641521232
409.746393397
-619.775484475
-1055.01645147
-101.230883338
6271.10901829
770.014599202
-2706.17901282
381.213518499
1492.9744985
1421.04116658
1146.73686776
-1353.9091391
-2495.54028081
-110.743427777
2986.77475845
171.037612347
-2201.61001303
-374.563631543
979.53441288
1716.97750716
1540.45941348
-213.507758388
-1322.51989438
338.789844892
2271.30051424
548.2182013
-1550.92420847
-1043.93290779
-105.232522619
614.089526973
714.838368035
-436.729940076
-1228.10687535
65.937543267
1669.89436086
997.988314095
-356.422039777
-376.633159081
148.311799012
652.504386544
680.523923123
-269.59049393
-1086.4583157
-472.872645773
5956.65405025
1757.01811428
-2501.28414057
-160.949713612
969.803412988
1314.80607585
1325.71854382
-786.960075576
-2714.4695043
-850.694989459
2630.26752594
1129.98797254
-1589.22918994
-588.561125261
601.337254238
1529.74008389
1878.87517304
415.602196763
-1216.23852783
-603.738530098
1510.07129051
1036.87155803
-944.458798686
-1244.64719295
-581.77597164
201.988027941
935.306783166
456.687661051
-672.44280375
-477.640113093
992.347284125
1402.63440921
325.695235897
-330.575033958
-372.946030698
-84.2536294991
443.01414253
294.411631525
-620.400500057
-926.745242909
5359.12755553
2583.41007553
-1930.66126262
-84.9854089729
687.946213623
825.474965488
1255.73713867
-71.3059957273
-2588.13745581
-1620.81353408
1892.67305706
1586.98944333
-1094.19379352
-396.517271256
335.133902887
1099.67054848
2069.16896159
1091.13605248
-757.5063956
-1141.26569668
830.039673048
1193.48644433
-517.161339758
-1128.2725286
-888.680201498
-358.731989195
884.009934903
970.358449825
-193.810333852
-664.735504154
521.043564226
1484.4656077
715.696391116
-56.6742893013
-500.53835326
-550.33772896
225.238699454
512.97197586
-336.188351483
-1004.89247946
4930.88861256
2530.21080297
-1475.85491642
-24.141344849
350.885150573
713.303549037
1128.3629563
111.506053585
-2157.36344569
-1739.2474574
1451.02644841
1645.99545059
-722.864572402
-109.604167768
167.38994715
820.962519013
1939.01976963
1111.09680436
-524.005215141
-1239.61462364
369.693376788
993.722994633
-256.641057852
-742.592907886
-839.705741516
-505.858679166
860.283434211
1102.57656313
153.72539719
-480.265469178
177.250706845
1056.66114348
671.649746068
120.777597391
-487.575884952
-778.984762148
-29.1373309017
465.532653655
-3.33738347262
-565.779057366
4913.12080443
2037.89672774
-1110.32122765
-74.9503904951
-128.489954161
857.78940195
775.588804681
-251.738349074
-1828.36398423
-1624.16688962
1191.70776822
1638.87019551
-417.818055424
197.624828342
268.225113565
842.797260628
1868.7446683
943.093505614
-485.794498431
-1298.13052962
-55.8737802017
693.964352613
-235.655160392
-649.930547218
-777.371880284
-518.708415731
917.034677172
1338.02868547
440.892581518
-248.796255935
62.9355949404
828.234994967
682.473492841
111.164036068
-615.281019584
-1067.25852848
-353.078426278
438.227438198
162.526106204
-398.187945914
5170.2773144
1930.21789819
-807.122518374
166.809893803
-292.848738309
857.602001837
714.57317902
-489.184995894
-1841.85206409
-1721.76225822
840.366100148
1639.24303697
-294.039345614
332.929701436
454.430561364
781.917045376
1924.05270614
1125.20200923
-386.700549047
-1161.24508016
-269.792807166
428.227989631
-263.783808315
-696.258050443
-708.286425184
-591.695814226
716.494296624
1356.29371883
564.699390392
-16.694496902
190.98069214
694.391815926
623.760030468
138.127493759
-495.898592033
-956.814506935
-506.285947825
226.121066077
81.5522725925
-303.006496414
5468.98508558
1932.33967693
-1176.15387103
180.775463908
-293.375033496
835.711059369
1240.45635988
-704.182899536
-2257.74856958
-1641.16612956
901.476280367
2052.457389
-153.148703004
127.884775797
370.776873286
608.420192773
2105.18680192
1350.82701507
-780.602488963
-1370.35169256
-357.042861819
390.768669495
27.6725881152
-592.634453349
-717.168042233
-653.644880744
811.747530249
1722.28710223
675.710969311
-128.698287787
44.095614798
377.13803592
524.049164032
273.649199169
-564.265499794
-1180.40193773
-695.431830738
330.465351598
376.469830987
-18.340052157
6077.24199592
1938.201686
-1651.89502038
452.887137009
-135.770621162
470.50146586
1275.88258862
-1032.28402958
-2771.26405582
-1604.99076578
1084.04159844
2330.78782736
-159.095979905
363.416255359
698.534449969
556.08777499
2336.02497166
1641.08528639
-1086.77265675
-1665.87324787
-542.566512477
101.138134964
-61.8967675222
-536.433366569
-638.401839487
-857.030781375
841.306084845
2220.59198943
1011.35255892
35.3139465962
112.308460756
120.618762208
346.161215788
421.352608845
-523.570183199
-1495.63008831
-1155.27648883
195.63843627
517.455316386
262.440952519
6617.06450048
2109.7234916
-2067.73806017
786.495890201
236.45903184
111.391298544
1329.83258157
-1096.59799428
-3275.2053056
-1713.22993796
1154.74537768
2467.29722859
-68.4951838213
559.042695524
802.16887064
312.979674017
2518.21282195
2148.97678494
-1082.489197
-1913.96762094
-884.015598171
-219.879576667
70.8329561022
-208.436410407
-457.897506004
-1210.88899545
488.800036977
2500.44768885
1446.71406271
345.610177765
141.197950887
-373.376256335
-21.3233950394
645.249598986
-145.119068632
-1383.16625523
-1538.84824585
-202.401482971
503.448362296
620.804766092
7514.47101509
2520.08377509
-2963.91219361
700.47131506
340.566872575
-234.355630852
1964.35636823
-893.736305748
-4060.08655228
-2097.64557322
1181.88998032
2981.55968717
408.81469494
748.17094677
549.069064133
-370.019283066
2765.33976707
3021.10165093
-944.928502625
-2268.10219288
-1497.95417248
-742.248790612
428.63027832
450.31634103
-201.873797974
-1801.89586975
-134.05500642
2781.03143223
2052.38418424
900.588041133
230.392369175
-1102.76316402
-557.564148405
1001.8617868
415.057441047
-1218.86907311
-2043.28838701
-830.901223978
325.802752966
1055.08231444
8413.70276152
2803.3704295
-3524.01005756
506.204898523
412.068981459
-68.8886750348
2411.89818025
-865.793957331
-4552.0468445
-2519.83790848
1111.67560879
3228.94971819
666.553288681
761.57621528
390.080237183
-563.346367332
2890.23822872
3513.95203629
-632.227298223
-2391.96356563
-1801.79903065
-1023.56642397
372.210018938
729.28333252
-88.8918243539
-1948.78783037
-442.860241575
2556.61816481
2293.19435455
1301.60594432
438.926259236
-1094.96750511
-822.135063604
780.920498787
611.580328548
-945.858374793
-1946.69886969
-1115.85318107
-53.1704550588
932.655142783
8137.15160945
3374.61080116
-3050.7049068
-51.3025253005
-73.8972243172
-240.238930535
2497.38261686
-162.347514951
-3894.58329804
-2819.12380242
266.914673202
2812.70407057
1420.37310545
1171.60603535
494.708459939
-910.429050713
1714.59472508
3391.60407513
431.557252317
-1811.53929607
-1985.90704916
-1676.0543337
-256.610772376
1114.22335563
843.749166572
-1220.32517631
-1036.18936919
1333.11190792
2061.95413803
1806.86283247
1177.38179502
-731.258141974
-1595.78888659
-256.836880458
711.280081267
37.2841701168
-1068.8200816
-1235.4243706
-835.057817741
255.811474307
8220.36603996
4846.4068272
-2534.356368
-937.92462512
-1110.19978766
-877.728811606
2955.22986354
1132.46329463
-3345.44896082
-3624.76943503
-843.516032367
2634.89577776
2443.99329617
2064.59062179
744.450547826
-1789.37177934
585.937955114
3464.12884058
1429.16488709
-1085.31256133
-2234.54254812
-2603.29072253
-919.961410546
1393.09127049
1776.37792691
-576.950085745
-1524.97072896
512.193972674
1775.23379332
2259.03009155
1975.04008732
-480.657685123
-2128.5914293
-973.534727419
524.054841304
545.767787406
-495.547830942
-1259.65907727
-1312.17430425
-231.359718712
7817.39398877
5673.24166653
-1677.18477015
-1032.33140127
-1529.87567387
-1395.15091492
2722.39294414
1850.97834285
-2842.7489662
-3844.78276758
-1371.5767681
2039.92313002
2563.58812068
2695.07183848
1170.39386273
-1826.46003264
182.814709401
2896.42927542
1512.14516691
-388.065188678
-1849.48880951
-2872.09086744
-1378.53606057
930.070556482
1699.34968457
146.912502728
-1011.9960823
164.356280765
1227.32180879
1980.04931823
2071.55346125
97.9696669227
-1638.14672021
-1224.94583555
-211.942513319
264.807414815
-81.8157313549
-760.421019912
-995.792933213
-418.221068115
6649.7876691
5955.00190782
-709.511033668
-704.210885135
-1378.70675707
-2282.87916184
1765.48384769
2260.05945539
-2186.83247824
-3323.35695889
-1473.53345546
1021.02867853
2220.29259388
3162.88294472
2026.91448653
-1172.41089375
-280.845722641
1970.10907065
1145.30715577
164.143080924
-935.710566289
-2749.97147939
-2046.81194481
53.6528979261
1352.44716251
1004.57831688
-90.5260757377
141.005875497
624.748039296
1256.72937099
2117.59622986
1017.15439879
-927.361223314
-1366.46607213
-1075.94951725
-431.764439251
108.35106691
-64.6554538695
-493.545245412
-690.146914549
5827.79580119
6037.30095854
-45.7562693845
155.859371993
-948.86960637
-2950.05402253
1100.91244247
2245.45622447
-1767.99503474
-2794.88437225
-1607.22462843
149.428754951
1685.22892374
3309.95197897
2774.37197721
-519.262303801
-373.253085175
1487.00526197
800.049404672
459.752653307
-207.129176295
-2415.31623535
-2426.02907958
-548.918696004
933.981609706
1108.37174012
440.068665957
373.936967311
325.647350182
871.473520277
2040.48648804
1279.86364074
-474.426816752
-1112.13262391
-1254.25819782
-806.787537439
18.4460659394
134.843796345
-347.478797198
-607.98847588
5809.87205509
5444.33538394
-336.58293143
568.979125557
-1153.26036292
-2976.24820536
1457.31467228
2186.73267936
-1706.55139622
-2448.35643168
-1523.15870583
-56.0895731304
1856.6330003
3450.92421601
2613.98719839
-777.163043636
-577.806969519
1233.2690817
484.214147444
476.149954917
2.39634540923
-2381.2596869
-2311.72474024
-32.7371228042
1112.69119726
1104.43762712
737.83102238
367.61528197
63.4497519608
710.745782415
1818.99608887
816.516971629
-828.299412066
-1048.86621826
-1156.19964791
-808.60716568
349.556801931
464.049113247
-267.453024989
-233.199058786
6908.82991723
5597.47955679
-1122.44864236
455.144842142
-1941.08881565
-3698.02162494
1920.56371576
2489.72409068
-2022.40430526
-2582.41124339
-1407.4357302
51.0407049422
2450.45384404
4289.2384426
3125.78869034
-1165.03177811
-1014.18974644
1137.13897959
-37.2659655677
405.899923156
325.506487928
-2769.31590076
-2845.71649685
-34.218072012
1241.55495612
1472.13259028
1461.9302195
895.267085043
-71.0164509531
300.6780538
1898.49006224
936.422014928
-850.628757787
-904.811214763
-1592.098622
-1671.74336884
115.16475256
756.284363127
116.194718225
115.619358639
7083.64393333
5593.6260675
-1144.8261321
1191.92530625
-1425.02736546
-3889.92549686
1686.09363069
2036.59252752
-2286.65048166
-2453.72155014
-1324.27161577
-251.11440317
1930.07945499
4165.62191442
3648.70379416
-522.953538941
-583.673053725
1192.14250237
-540.248216058
281.049221723
802.666157175
-2400.77413313
-2752.97518097
-582.471764723
372.63813288
1119.35529032
1710.57760567
1442.20084463
262.643876759
91.5205109316
1506.73176188
880.820464934
-394.09927659
-207.250619273
-1294.3832568
-1893.12116118
-367.717932627
289.880966622
154.264376701
440.598314927
6963.57389091
5557.94341095
-1332.08157622
1109.66279861
-1373.5272708
-4082.51099255
1990.78709366
2233.14501147
-1940.326388
-1928.04046421
-1578.81727793
-746.189883347
1688.29761034
4208.25519378
4049.59511604
-204.249131882
-821.690749693
537.642581971
-1211.0231225
483.891716511
1613.4627824
-1909.85990051
-2434.43656396
-955.305024982
-326.84453231
1247.90356405
2295.78906914
1978.80403706
319.809221075
-552.008140271
770.712645651
449.474624502
-121.817015664
577.436096217
-1129.44994656
-2220.82881412
-681.435930534
-24.9384097496
511.431819204
1275.15929015
7971.73623409
5753.42637339
-1935.14655125
996.511981351
-1695.61422018
-4627.7684791
2493.5690111
2283.94199077
-2369.37137579
-1802.27469512
-1793.64228206
-910.94904407
1946.45581778
4817.45072136
4629.31688883
-184.159016095
-683.41143919
436.346139805
-1832.48003427
645.859927795
1922.62637477
-2328.35242102
-2629.99827765
-1210.38568749
-824.073525892
1349.05671512
2896.11385733
2518.80743553
428.191582787
-514.162049966
857.633916932
253.945809022
127.092742249
1040.94894294
-1488.68253803
-2734.50214726
-1024.86641505
-504.779667898
501.834811416
1736.78481393
8203.33532682
5390.70340501
-1649.86430423
1506.04714449
-1844.55078239
-4511.18665067
2523.87797249
1840.6000694
-2228.53524984
-1312.49254089
-1930.51791332
-1500.36674186
1545.10698826
4566.38302221
4572.59868021
535.075792861
15.2221547332
153.509202351
-2276.91063812
501.676051328
1818.12835867
-1954.30893215
-1896.58822367
-1100.80902518
-1467.8619098
847.002695132
2802.83056576
2435.47613322
883.265238781
48.3560399219
381.79589712
-258.319898448
75.7866449887
956.692726052
-1063.76598652
-2075.795603
-913.052275965
-844.192446529
139.833390936
1725.39409076
8587.82794464
5874.21258234
-1360.55135079
1285.10720642
-3127.51889978
-5464.6753594
2264.39116682
2298.89580947
-922.939964905
-544.301194461
-2151.54395664
-2485.35706503
1009.37524939
4887.48007167
5531.52889427
1778.16140735
34.4209137417
-997.283391819
-3630.77229983
-283.272301024
2277.37410677
-837.930995902
-1143.74063286
-1235.42525182
-2454.77031968
71.8060690972
3108.68129795
3486.00142501
2118.18975938
445.724551173
-442.937796954
-1386.44939972
-721.944991602
1159.46897982
-113.719167199
-1631.85325732
-1156.58411175
-1698.08980825
-804.344204681
1820.0927671
10000.0
7254.0582434
-707.934681535
1293.00711407
-4226.72855632
-6281.89044829
2429.48379337
2901.99628451
-398.357467456
-749.936178599
-3082.98017265
-3581.11459658
525.483333079
5428.90285925
6734.8485717
2726.06090075
336.597426875
-1271.47291004
-4157.53272727
-418.225038099
2709.24052176
-326.193333843
-1093.27712061
-1816.26509911
-3453.75949275
-764.163910725
2889.43140081
4020.03881186
2969.02895611
984.136403786
-278.504378295
-1508.48759788
-852.396036029
1382.98619531
359.390111641
-1307.79772284
-1323.90428111
-2301.56114637
-1559.07312407
1220.03748228
9235.25486731
6856.4168856
135.152611269
1773.2540714
-3821.11149263
-5519.24190606
2172.09783993
2436.78440899
-140.322557123
-224.910261181
-2865.54823467
-3462.85816021
21.9973302373
3953.08937417
5816.79464222
2920.77090707
938.244280038
-523.26220438
-3531.76999671
-852.384206616
1828.28175615
-233.383554285
-338.119192602
-825.404836715
-2686.87570009
-950.701559281
1629.82471572
2637.79506358
2740.585422
1515.60079631
374.739115439
-886.188113292
-1236.84573495
212.67240084
-31.6842516615
-792.64017883
-330.260455823
-1094.51224414
-1199.81472595
451.805629556
8152.25296314
5725.51755778
592.751202767
2949.20856118
-3564.13892714
-5545.16977314
1190.89465602
939.074813708
-270.135472249
995.451475572
-1696.84173986
-2729.58466064
-145.059256792
2678.94306124
4951.67346811
3232.02474134
2073.67268498
406.28570914
-3516.05651732
-1588.77367076
463.400512748
-962.893409522
417.189883137
107.105887271
-2229.12784833
-871.633282064
730.094480552
1754.69381973
3116.40956856
2419.83854233
1292.40185711
-417.642369099
-1702.13940613
-643.17226069
-674.136214824
-652.757723827
274.667906107
-1006.78805741
-1412.67480966
-124.612279498
7984.8678537
5121.72766987
1597.62592477
4699.04207528
-3703.44479317
-5293.12507316
1429.10296949
-156.771935728
-408.525264732
1758.7697553
-2133.21538175
-3206.70830229
-516.883184213
1798.20289367
4686.14838868
3762.04680365
3042.59815684
921.418530892
-3434.49967094
-1325.75480638
164.62732618
-1132.09077647
1187.95063885
90.8732148265
-2867.26829767
-1170.74933527
-295.238481815
995.491321474
3500.9858386
2818.2303004
1810.01012508
71.4782052599
-1694.83556048
-689.142951128
-641.766788625
-289.768160068
790.664433341
-950.657718069
-1517.15828659
-588.821713608
7677.61407473
4485.6303638
1417.73619553
5319.52215106
-3772.89632876
-5224.71860339
1967.71923918
-301.510295028
-421.797247023
2346.04581139
-1990.14204947
-3070.62093893
-391.510866103
1348.34850199
4493.9226437
3546.88145109
2855.53285195
1279.33911516
-3571.15445969
-1703.52916335
182.442513425
-1322.81122557
1246.60749962
889.796424514
-2333.29761912
-1119.20095195
-341.750488391
582.211895522
3149.77028389
2856.41135805
2198.5673555
457.692496264
-2004.21155006
-1149.07972458
-1031.1443286
-857.034375909
1110.04337852
60.0679899414
-1201.14495834
-463.733756388
7892.14414564
4648.38305584
1019.74933996
5710.42918164
-3147.73454053
-5613.92734221
1491.14989954
-366.60198229
-866.454226594
1952.76549191
-1204.92673279
-2908.30594607
-931.778389497
1262.29150965
4304.90121773
3455.10568226
3465.07215658
2442.43029441
-3125.75451654
-2025.30166461
75.7064873366
-1791.46351887
591.030210802
1394.55510319
-1923.20000863
-1797.41702242
-683.508588506
-20.9230035049
2215.10536453
3237.19795084
3177.78604504
1317.94452945
-1141.91526979
-840.888974459
-1179.90335068
-1179.71036236
999.503497646
316.38468261
-1406.78657967
-949.316980484
6229.20476123
3704.63135083
1059.3164956
5614.84746749
-1669.09228371
-4317.37983599
1233.93803194
-28.788407532
-350.610111405
1933.88374342
-378.248878978
-2738.68090657
-1881.29359803
45.657306165
2494.52881926
2775.7684469
3591.83921964
2891.1274314
-1682.79881416
-1412.03880154
134.891268076
-1285.54784454
693.013488692
1831.87656103
-1107.5075022
-1779.71515256
-1055.76252502
-1110.28080168
584.62866781
2391.75303841
2600.32901496
1511.47388561
80.4707313076
-229.878217334
-675.089978377
-635.213495452
798.630239939
525.566965135
-778.492552456
-683.6101007
5260.18731761
3038.00202488
479.808938351
4200.20023177
-1657.78893857
-4108.03378181
786.725113686
421.374954264
261.412539816
2328.26913009
219.002306207
-2378.47535914
-1846.23555571
-332.601369369
1945.76104849
2642.64165015
3307.37361352
2623.04189986
-1508.03995359
-1741.80609027
-286.139669428
-1258.45262913
592.003534384
2098.36436648
-468.617860838
-1378.64600986
-804.785020064
-1225.00820951
158.058711733
2056.84401241
2424.99324697
1636.71751164
384.276139487
-142.668530494
-854.376367594
-1025.48945655
382.448811105
466.110291385
-470.400084703
-196.898495708
5397.99286525
3022.9625948
320.503005935
3925.33168336
-1438.50091893
-3848.56553079
999.091543306
609.441586648
-57.5539233881
1995.70406138
93.2650109585
-2480.56792647
-1809.2120998
-177.496192056
1717.81543073
2266.9550055
3263.90488444
2560.21213216
-1225.28066435
-1133.19175897
-90.3120980409
-1227.47035457
526.561582723
1791.51973641
-543.987146407
-1289.14480157
-837.531488053
-1305.96822946
-233.732802307
1615.29270739
2224.50231517
1526.82756737
706.363346867
322.961947321
-707.093250338
-827.014229855
450.036289623
313.778720073
-307.688433238
-30.9970154371
4946.45110343
2623.19732899
171.478138089
3462.98436096
-1461.84740691
-3564.84708089
1162.81600249
444.098113031
-136.298549026
2170.91584358
203.601106945
-2039.20832732
-1378.25215316
-173.935239325
1272.30583018
1833.00516983
3023.81945049
2363.9955939
-955.768109035
-860.158122696
-360.479250627
-1614.2538208
276.173733685
1637.2165053
-181.26096174
-499.264787948
-341.426456082
-1210.3238192
-576.024613113
1009.37983917
1808.83274457
1481.57540572
1081.73699487
713.017299867
-728.518496875
-1169.0287499
-106.912313039
-198.075658334
-230.759467228
558.178908117
6069.52821032
3474.87083946
98.8016879583
3424.92375168
-2216.21277827
-4459.33830764
1553.89172683
590.263294794
-130.439850814
2766.54120673
-120.495210396
-2752.41667921
-1624.35029531
-402.724021261
1585.350174
2418.19599759
3865.39427097
3103.55305031
-1249.40552277
-1088.02200607
-704.270532204
-2517.86192728
379.840774195
2162.46394489
-183.127987843
-226.777573096
-499.967897843
-1990.84486888
-1023.31564711
899.469183638
2399.77642313
2325.37497227
1730.19683541
1352.71690653
-1146.49883024
-2007.97842486
-258.193172961
-542.29618855
-137.930247201
1349.09663247
6753.98566649
3413.86352945
-234.945341195
3473.09466016
-2753.49153095
-4202.12257397
2693.50757361
1009.28879405
88.9049600994
2971.71588034
-775.564502682
-3372.78024585
-1651.22285053
-377.841736316
1815.67071805
2529.2301746
3909.45882135
2835.09248964
-1698.44820678
-774.260365323
-362.214404291
-2145.79493266
1280.60309199
2365.27639817
-485.120363376
-322.402656562
-1008.70175134
-2326.97285091
-904.506892361
900.590516702
2367.82519784
2102.04596064
1431.01814772
1155.98072657
-1208.36449564
-1457.89018814
392.574200247
-173.234011107
321.460562533
1233.59345942
5840.65212614
3014.68156759
77.325131296
3476.45734032
-2329.40233757
-3694.93043345
2123.99283306
35.559357877
-222.948470589
2948.1628046
-625.771343634
-2107.78444356
-915.101633898
-725.760146608
1461.68240067
1985.32060179
3296.42170823
3116.80789929
-658.493819467
-228.011334522
-356.343605374
-2463.02646298
367.695314104
1240.63843096
-377.027956191
423.282329039
-498.218206472
-1422.19108774
-756.561341612
-65.5593266308
1655.15598753
1779.12460962
1572.16826205
2068.42837602
-172.702874613
-964.785840407
-69.6166454347
-1127.4483375
-434.586043105
620.00786835
5969.83188442
4331.31149713
1093.3804494
3642.61531457
-2044.46120038
-4991.81031278
983.896238583
-52.6429896952
-96.5369797646
4319.45440369
562.251550438
-1805.45880554
-1357.23228932
-2097.97573545
104.420787778
1792.65774968
3728.27584855
4429.58203874
748.416249987
-88.3966647168
-827.482083486
-3604.09033216
-736.765058014
1252.21553459
376.844681307
1624.07634796
564.420169287
-1523.0432071
-1641.23756375
-1282.92078804
555.133326674
1785.32678967
2446.58751077
3224.22057154
774.054788688
-920.202362242
-731.728888999
-2100.85125294
-1150.87439986
912.50117481
6428.15157489
5044.37016787
2023.81924278
3150.21435723
-2558.97729241
-5643.84497325
10.1424320584
22.9337960923
618.966937028
5073.7232858
1466.15604667
-1681.99367978
-1752.15436299
-2688.78495404
-960.289493419
1767.54420398
4044.8659807
4576.29923193
1565.79667072
43.2396656137
-1430.97644812
-3854.29223997
-1243.97832813
1094.3251287
845.776461371
2174.51742466
1329.37907176
-1416.09750876
-1862.7875018
-1497.39358846
-438.540592257
1369.83278709
2673.27494807
2950.18876614
1234.19767121
-386.230960878
-1050.25002546
-2057.41078471
-1278.12835911
556.372838033
5952.44426305
4615.88370536
2342.77104695
3183.67839692
-2263.14066669
-4984.23351492
-657.3311717
-777.682622259
317.373833525
4215.58386793
1568.61401248
-733.766479702
-1167.788935
-2262.63641451
-1197.09296466
905.35284924
3072.13469133
4030.41798651
2088.9616755
975.877415742
-470.980537778
-3152.98305625
-1844.87713724
-187.560568061
-334.071535709
1261.77682067
1584.70362924
-360.710529665
-825.087967196
-839.906379872
-881.100897821
226.195068232
1571.79735866
2302.00205706
1811.08216313
953.156719391
186.466925561
-1252.45476291
-1710.44355514
-832.936209335
4567.62380714
3438.24257135
2444.31737068
4433.70831971
-1032.80289014
-4159.83539475
-841.517138123
-2113.99542216
-1158.22216612
3484.11901717
1909.98452843
680.844557317
438.047014711
-1347.57067084
-1570.92494183
-555.651662416
1441.55227826
2991.50243048
2149.5616803
2226.96530259
980.605242307
-2432.54760359
-1922.05746713
-1279.13750823
-1773.62790982
623.523109631
1845.58556075
634.476906998
547.880417483
-84.4101908927
-1075.79010677
-731.881373202
309.233379671
1536.66422204
1712.26214874
1607.59156626
1247.17542175
-723.892148199
-1702.68762031
-1228.2074755
3378.08806449
2749.71570984
2750.90227603
4821.44350409
-91.670834885
-3162.48942582
-911.612746524
-2611.94990326
-1791.90387674
2755.8796631
1692.67395631
1049.84614565
1014.76265572
-917.408976986
-1518.65926733
-755.155248991
897.202733735
2387.48821538
2067.77858289
2335.30776834
1219.04213469
-1885.97786013
-1605.62582658
-1349.63810237
-1874.1249623
392.852837783
1507.21634827
555.557997007
728.300026385
140.932183678
-902.460453939
-536.729020631
205.487387774
1090.00738517
1368.56952129
1312.435392
996.890390582
-508.059381996
-1321.43603959
-998.148249206
3197.97172945
2665.6482123
2458.83276972
4361.87595779
-66.5544942155
-2871.69937968
-766.498811788
-2332.97752494
-1703.65549529
2422.26935092
1208.78789958
671.172085934
848.175993651
-920.234904771
-1147.36108403
-373.976539716
932.66307358
2322.08200541
1901.31252544
2034.8221703
1320.73578294
-1553.82695679
-1285.9527117
-1029.97374885
-1966.99257954
-16.8505298839
991.901415385
25.4239037856
596.792019923
332.054396546
-681.450167901
-193.602158586
267.56306041
855.115537931
1262.63197292
1254.47132378
1225.23168195
45.3911531977
-867.020462038
-697.162541617
3158.70088741
2277.45293609
2062.31912834
4004.21898659
-267.899902562
-2645.53067973
-551.510430649
-2324.57390966
-1731.33187353
2173.18958219
940.970231904
734.741361887
1250.27642108
-392.568979785
-681.958597451
-156.431758633
711.957747499
1716.95214566
1399.81009458
1854.95937875
1280.39226472
-1189.69778994
-823.551346677
-1038.02604505
-2170.9702545
-226.819901553
610.952569045
-32.2040809931
1040.71556353
753.391948445
-336.900218833
-15.0588209127
21.9294869326
302.84216445
802.171842612
1063.90674255
1250.40065551
305.275840114
-405.501971838
-486.098953094
2597.6298229
2003.50987405
1967.31825483
3475.69121695
213.330253737
-1774.103164
-453.480265761
-2009.48478903
-1563.20821336
1384.65189499
642.007210379
719.652747451
1144.97075878
-114.280400216
-449.027226612
-194.709927818
373.75793805
1269.578903
1265.02553497
1806.79799397
1440.71967277
-421.122428682
-467.350842528
-978.600463292
-1946.97960306
-582.921216235
160.073686417
23.4200546074
1025.03263751
830.271690152
5.13934145291
27.2019106229
-187.563667185
-34.7042585106
460.844200253
826.007261963
1181.05630333
702.364323795
102.416797947
-217.498239512
2435.52087503
1974.44762014
1568.19564255
2985.11720491
526.904463675
-1595.17611802
-367.196800168
-1659.76128436
-1699.96184029
963.019799017
523.547088183
482.035703699
1082.81716326
72.51161166
-339.220583125
-101.484023354
246.237704348
1164.79669923
1197.40074254
1680.34180167
1650.82298738
-57.3331658604
-295.586422306
-671.246470567
-1835.9437828
-902.158050593
-91.4692135229
-293.256427167
703.91943466
792.721174655
122.436487555
131.040898397
-129.933595563
-94.5916431859
294.808686352
605.021674015
1174.66824202
990.331622205
482.549558256
346.14172693
2733.24184151
2071.63262382
1504.68725014
2709.78206681
354.657938629
-1744.89082736
-494.014498232
-1686.31416136
-1798.78738599
871.863844385
468.732864811
366.176966969
1072.44517448
182.610749074
-266.319984371
192.200970658
499.148127096
1268.96632058
1340.53072376
1635.90614426
1454.01253856
-76.3272568168
-328.490606994
-691.471420567
-1665.57060916
-900.347540178
-201.248069599
-446.150567572
439.002467107
613.207328302
111.562582584
256.952143153
183.805465196
149.407204792
442.022258356
678.986510292
959.136382687
801.227724087
425.357881314
270.277029022
2402.726762
1915.87809043
1496.96134857
2501.11352757
410.772381091
-1504.00882786
-559.805601023
-1599.55291035
-1594.6402678
779.479106149
532.933869538
555.779587873
1059.7972072
197.30496203
-308.683180743
-4.38149694033
198.798206695
915.972762034
1101.49081781
1430.70812357
1409.27386326
242.443647329
-16.9542467539
-365.090771339
-1231.43798029
-834.205873028
-323.338612042
-541.684902985
152.541076056
457.592059001
184.806908163
305.304548166
274.150029617
130.606796983
196.378682134
337.120200042
553.10361465
575.787595633
479.43566372
517.513107839
2592.48440944
2215.60713947
1773.38556145
2507.04783585
408.536641592
-1498.35568207
-766.651805128
-1735.60656194
-1659.67964291
566.487903418
450.174047808
511.520125384
949.91953409
144.591530977
-364.949928292
-138.538844937
93.6596257657
817.225282296
1084.55423239
1549.80700169
1654.90467164
625.549102897
336.134509922
-102.620400295
-1156.39029011
-1018.77141241
-669.754184007
-911.68258283
-200.928171547
299.729999801
198.649430102
374.290580763
370.327417737
136.944241877
69.5943790982
165.473628905
442.64010918
585.011501177
700.601624355
910.106232527
2850.38346925
2373.74297393
1906.47305892
2349.33606597
204.899354032
-1456.05216134
-866.163653734
-1855.51667331
-1595.25019653
309.341574494
182.515783116
424.929985126
816.037874693
150.667869221
-164.607211562
-45.0589396829
183.497591531
821.27807179
1057.36408348
1618.20672255
1700.86440684
851.404083584
598.051166097
-30.5483379296
-1085.82860453
-1046.94945088
-968.701764382
-1094.65193124
-376.994771869
70.3566350686
146.26016979
388.236170338
379.562473218
216.404893631
164.611887728
248.212907609
477.299682942
593.733604069
761.149048152
882.579463592
2599.51433655
2083.81145124
1635.95602338
2098.33194146
216.735185616
-1145.09460384
-542.775173247
-1629.27293052
-1505.68019203
3.11692046016
-213.869877705
160.634195639
746.274239469
341.45631373
185.538723742
204.585820107
238.329190892
514.810290923
591.06649019
1202.64151428
1310.67938475
842.404618931
932.796094278
314.455509612
-616.711346006
-636.152662868
-969.593138275
-1204.92306721
-603.066680288
-301.5733686
-47.7388189668
373.688179794
479.500093868
421.281055947
299.252876613
263.425518439
271.101006961
191.721746724
447.047052165
614.324081673
2525.89436573
2270.36162559
1996.45822454
2628.25442594
755.326574251
-767.235753099
-295.481947044
-1729.85629409
-1856.48417912
-385.793607879
-602.406146879
-45.2427010596
804.298323711
478.778724057
294.892714959
192.064028549
48.1729549093
158.333977004
259.432417861
1123.27462541
1414.71226764
1231.35928209
1603.4680228
865.425891768
-216.073123169
-395.099979911
-1162.08504534
-1583.01486334
-973.518249182
-728.466589564
-284.062878934
351.144279908
507.250325715
497.552304477
306.110283408
164.370796906
107.914834363
1.25081930368
419.703096337
749.31125459
2753.8677725
2649.29150074
2474.22508429
2944.97660747
992.351848448
-624.391724986
-488.391808387
-1993.70671796
-2076.27221387
-700.528262912
-781.818360699
-13.807147089
797.645177504
511.726910785
378.384748465
162.37929361
-25.3896837298
125.476735785
266.12363393
1157.67834056
1559.01629317
1462.77031073
1811.1243156
1030.256709
-69.135951118
-388.230711276
-1275.19892021
-1705.00230229
-1139.19358442
-922.520745493
-380.354207759
348.612955705
505.425014023
589.837963526
472.533148538
246.459058592
166.213532607
68.9683195247
342.12801418
634.205721645
2478.06707977
2377.14079978
2360.23767363
2803.64830353
972.737244408
-361.580307868
-464.516891273
-1938.88122797
-1987.31055963
-876.941816987
-993.733758733
-43.602956523
728.041463673
620.360138887
707.938025855
463.675364267
207.211933896
174.723134695
82.8623517577
701.200378781
1021.37727175
988.464748711
1547.23276776
1009.96789147
254.09397835
83.5744391778
-831.731418034
-1367.70378741
-1047.24320542
-1098.24606403
-693.168978159
68.4604753237
323.706413325
647.47813985
728.108227054
596.919726555
423.748774733
134.995060355
154.769844638
191.474762486
1826.11272861
1885.1639182
2179.44453845
2840.86275473
1378.26946222
344.877981455
69.5041895223
-1512.60393106
-1828.9642273
-1122.41684438
-1472.04527222
-471.792370208
314.340435105
476.903861944
862.694037278
726.781658832
470.892682789
314.197358659
-3.75892665333
353.521155875
630.388266603
633.139520456
1380.22027634
1131.34492396
675.545762443
596.247544529
-300.650119704
-972.134000572
-984.677167827
-1282.31989513
-1048.95360823
-407.082245403
-83.4732600277
454.61686217
654.271251097
685.761531095
613.643225645
261.670772953
194.026178014
170.690294747
35.3961483887
362.059631888
512.881578958
370.16017303
509.499703297
200.731917621
-229.342712705
-399.268288176
-699.492714402
-794.756268186
-593.978430124
-391.009366123
-32.6283068879
259.28869507
413.38455423
545.568004544
383.727482487
266.932099324
184.977420812
-23.9510221432
11.7924389754
102.329028359
67.2366130961
184.500699894
182.742429967
20.4689971932
-49.9694038493
-222.426296679
-350.737560684
-344.846938226
-315.650063611
-162.487784984
7.86551924862
129.624140797
271.206058892
269.200014781
206.847450827
172.394812037
34.6903657202
-26.8552014517
-14.5676657501
-44.6893319602
5.28316155906
53.1772211682
28.69254601
27.1655217762
-22.7479832333
-90.8420164729
-110.905774952
-136.289747782
-104.063748484
-39.2349914507
8.37389199809
83.4110870427
116.569350377
101.627183974
95.3880649707
45.3644164591
-3.99139846962
-15.8010551416
-38.2092080516
-30.0628796201
-3.30718467787
3.10233328976
17.3652934615
15.1737145741
-4.47476985943
-13.6138294242
-30.7946513555
-35.7419812995
-21.8486325723
-12.4310284947
8.78651184966
26.7916765372
27.4314721389
29.2356449325
18.8014128063
0.795218826204
-7.68430020263
-15.6474415286
-16.5547054548
-8.51792493189
-3.68606361645
3.9068972199
8.65762957648
6.28753048903
4.83441480413
0.494130194571
-3.90223004552
-3.42144459442
-3.3010626858
-0.588255986496
3.99685466582
5.42417338968
6.79490037818
5.78798197497
2.74692127676
0.781607316433
-1.29050210296
-2.46937329245
-1.50756073679
-0.499591271788
1.2397559905
2.4528619733
2.64132887216
2.62148963349
2.0787740447
1.07333100778
0.530145299558
0.0555159731688
-0.0836633418376
0.109163015425
0.24321347184
0.420106897216
0.538958204501
0.443485732411
0.34539208625
0.178416726635
-0.00865725492
-0.008224392174
-0.0078131725653
-0.00742251393703
-0.00705138824018
-0.00669881882817
-0.00636387788677
-0.00604568399243
-0.00574339979281
-0.00545622980317
-0.00518341831301
-0.00492424739736
-0.00467803502749
-0.00444413327611
-0.00422192661231
-0.00401083028169
-0.00381028876761
-0.00361977432923
-0.00343878561277
-0.00326684633213
-0.00310350401552
-0.00294832881475
-0.00280091237401
-0.00266086675531
-0.00252782341754
-0.00240143224667
-0.00228136063433
-0.00216729260262
-0.00205892797248
-0.00195598157386
-0.00185818249517
-0.00176527337041
-0.00167700970189
-0.00159315921679
-0.00151350125595
-0.00143782619316
-0.0013659348835
-0.00129763813932
-0.00123275623236
-0.00117111842074
-0.0011125624997
-0.00105693437472
-0.00100408765598
-0.000953883273183
-0.000906189109524
-0.000860879654048
-0.000817835671345
-0.000776943887778
-0.000738096693389
-0.00070119185872
-0.000666132265784
-0.000632825652494
-0.00060118436987
-0.000571125151376
-0.000542568893807
-0.000515440449117
-0.000489668426661
-0.000465185005328
-0.000441925755062
-0.000419829467309
-0.000398837993943
-0.000378896094246
-0.000359951289534
-0.000341953725057
-0.000324856038804
-0.000308613236864
-0.000293182575021
-0.00027852344627
-0.000264597273956
-0.000251367410258
-0.000238799039746
-0.000226859087758
-0.00021551613337
-0.000204740326702
-0.000194503310367
-0.000184778144848
-0.000175539237606
-0.000166762275726
-0.000158424161939
-0.000150502953842
-0.00014297780615
-0.000135828915843
-0.000129037470051
-0.000122585596548
-0.000116456316721
-0.000110633500885
-0.00010510182584
-9.98467345484e-05
-9.4854397821e-05
-9.01116779299e-05
-8.56060940334e-05
-8.13257893318e-05
-7.72594998652e-05
-7.33965248719e-05
-6.97266986283e-05
-6.62403636969e-05
-6.29283455121e-05
-5.97819282365e-05
-5.67928318246e-05
-5.39531902334e-05
-5.12555307217e-05
-4.86927541857e-05
-4.62581164764e-05
-4.39452106526e-05
-4.17479501199e-05
-3.96605526139e-05
-3.76775249832e-05
-3.57936487341e-05
-3.40039662974e-05
-3.23037679825e-05
-3.06885795834e-05
-2.91541506042e-05
-2.7696443074e-05
-2.63116209203e-05
-2.49960398743e-05
-2.37462378806e-05
-2.25589259865e-05
-2.14309796872e-05
-2.03594307029e-05
-1.93414591677e-05
-1.83743862093e-05
-1.74556668989e-05
-1.65828835539e-05
-1.57537393762e-05
-1.49660524074e-05
-1.4217749787e-05
-1.35068622977e-05
-1.28315191828e-05
-1.21899432237e-05
-1.15804460625e-05
-1.10014237594e-05
-1.04513525714e-05
-9.92878494282e-06
-9.43234569568e-06
-8.96072841089e-06
-8.51269199035e-06
-8.08705739083e-06
-7.68270452129e-06
-7.29856929522e-06
-6.93364083046e-06
-6.58695878894e-06
-6.25761084949e-06
-5.94473030702e-06
-5.64749379167e-06
-5.36511910208e-06
-5.09686314698e-06
-4.84201998963e-06
-4.59991899015e-06
-4.36992304064e-06
-4.15142688861e-06
-3.94385554418e-06
-3.74666276697e-06
-3.55932962862e-06
-3.38136314719e-06
-3.21229498983e-06
-3.05168024034e-06
-2.89909622832e-06
-2.75414141691e-06
-2.61643434606e-06
-2.48561262876e-06
-2.36133199732e-06
-2.24326539745e-06
-2.13110212758e-06
-2.0245470212e-06
-1.92331967014e-06
-1.82715368664e-06
-1.7357960023e-06
-1.64900620219e-06
-1.56655589208e-06
-1.48822809747e-06
-1.4138166926e-06
-1.34312585797e-06
-1.27596956507e-06
-1.21217108682e-06
-1.15156253248e-06
-1.09398440585e-06
-1.03928518556e-06
-9.87320926283e-07
-9.37954879969e-07
-8.91057135971e-07
-8.46504279172e-07
-8.04179065213e-07
-7.63970111953e-07
-7.25771606355e-07
-6.89483026037e-07
-6.55008874736e-07
-6.22258430999e-07
-5.91145509449e-07
-5.61588233976e-07
-5.33508822278e-07
-5.06833381164e-07
-4.81491712106e-07
-4.574171265e-07
-4.34546270175e-07
-4.12818956666e-07
-3.92178008833e-07
-3.72569108391e-07
-3.53940652972e-07
-3.36243620323e-07
-3.19431439307e-07
-3.03459867342e-07
-2.88286873975e-07
-2.73872530276e-07
-2.60178903762e-07
-2.47169958574e-07
-2.34811460645e-07
-2.23070887613e-07
-2.11917343232e-07
-2.01321476071e-07
-1.91255402267e-07
-1.81692632154e-07
-1.72608000546e-07
-1.63977600519e-07
-1.55778720493e-07
-1.47989784468e-07
-1.40590295245e-07
-1.33560780483e-07
-1.26882741459e-07
-1.20538604386e-07
-1.14511674166e-07
-1.08786090458e-07
-1.03346785935e-07
-9.81794466383e-08
-9.32704743064e-08
-8.86069505911e-08
-8.41766030615e-08
-7.99677729085e-08
-7.5969384263e-08
-7.21709150499e-08
-6.85623692974e-08
-6.51342508325e-08
-6.18775382909e-08
-5.87836613764e-08
-5.58444783075e-08
-5.30522543922e-08
-5.03996416726e-08
-4.78796595889e-08
-4.54856766095e-08
-4.3211392779e-08
-4.10508231401e-08
-3.89982819831e-08
-3.70483678839e-08
-3.51959494897e-08
-3.34361520152e-08
-3.17643444145e-08
-3.01761271937e-08
-2.8667320834e-08
-2.72339547923e-08
-2.58722570527e-08
-2.45786442001e-08
-2.33497119901e-08
-2.21822263906e-08
-2.10731150711e-08
-2.00194593175e-08
-1.90184863516e-08
-1.8067562034e-08
-1.71641839323e-08
-1.63059747357e-08
-1.54906759989e-08
-1.4716142199e-08
-1.3980335089e-08
-1.32813183346e-08
-1.26172524179e-08
-1.1986389797e-08
-1.13870703071e-08
-1.08177167918e-08
-1.02768309522e-08
-9.76298940457e-09
-9.27483993434e-09
-8.81109793762e-09
-8.37054304074e-09
-7.9520158887e-09
-7.55441509427e-09
-7.17669433956e-09
-6.81785962258e-09
-6.47696664145e-09
-6.15311830938e-09
-5.84546239391e-09
-5.55318927421e-09
-5.2755298105e-09
-5.01175331998e-09
-4.76116565398e-09
-4.52310737128e-09
-4.29695200271e-09
-4.08210440258e-09
-3.87799918245e-09
-3.68409922333e-09
-3.49989426216e-09
-3.32489954905e-09
-3.1586545716e-09
-3.00072184302e-09
-2.85068575087e-09
-2.70815146333e-09
-2.57274389016e-09
-2.44410669565e-09
-2.32190136087e-09
-2.20580629283e-09
-2.09551597818e-09
-1.99074017928e-09
-1.89120317031e-09
-1.7966430118e-09
-1.70681086121e-09
-1.62147031815e-09
-1.54039680224e-09
-1.46337696213e-09
-1.39020811402e-09
-1.32069770832e-09
-1.2546628229e-09
-1.19192968176e-09
-1.13233319767e-09
-1.07571653779e-09
-1.0219307109e-09
-9.70834175352e-10
-9.22292466585e-10
-8.76177843256e-10
-8.32368951093e-10
-7.90750503538e-10
-7.51212978361e-10
-7.13652329443e-10
-6.77969712971e-10
-6.44071227322e-10
-6.11867665956e-10
-5.81274282659e-10
-5.52210568526e-10
-5.24600040099e-10
-4.98370038094e-10
-4.7345153619e-10
-4.4977895938e-10
-4.27290011411e-10
-4.05925510841e-10
-3.85629235299e-10
-3.66347773534e-10
-3.48030384857e-10
-3.30628865614e-10
-3.14097422333e-10
-2.98392551217e-10
-2.83472923656e-10
-2.69299277473e-10
-2.55834313599e-10
-2.43042597919e-10
-2.30890468023e-10
-2.19345944622e-10
-2.08378647391e-10
-1.97959715022e-10
-1.88061729271e-10
-1.78658642807e-10
-1.69725710667e-10
-1.61239425133e-10
-1.53177453877e-10
-1.45518581183e-10
-1.38242652124e-10
-1.31330519518e-10
-1.24763993542e-10
-1.18525793865e-10
-1.12599504171e-10
-1.06969528963e-10
-1.01621052515e-10
-9.65399998889e-11
-9.17129998944e-11
-8.71273498997e-11
-8.27709824047e-11
-7.86324332845e-11
-7.47008116203e-11
-7.09657710393e-11
-6.74174824873e-11
-6.40466083629e-11
-6.08442779448e-11
-5.78020640476e-11
-5.49119608452e-11
-5.21663628029e-11
-4.95580446628e-11
-4.70801424296e-11
-4.47261353081e-11
-4.24898285427e-11
-4.03653371156e-11
-3.83470702598e-11
-3.64297167468e-11
-3.46082309095e-11
-3.2877819364e-11
-3.12339283958e-11
-2.9672231976e-11
-2.81886203772e-11
-2.67791893584e-11
-2.54402298904e-11
-2.41682183959e-11
-2.29598074761e-11
-2.18118171023e-11
-2.07212262472e-11
-1.96851649348e-11
-1.87009066881e-11
-1.77658613537e-11
-1.6877568286e-11
-1.60336898717e-11
-1.52320053781e-11
-1.44704051092e-11
-1.37468848538e-11
-1.30595406111e-11
-1.24065635805e-11
-1.17862354015e-11
-1.11969236314e-11
-1.06370774498e-11
-1.01052235774e-11
-9.59996239849e-12
-9.11996427856e-12
-8.66396606463e-12
-8.2307677614e-12
-7.81922937333e-12
-7.42826790466e-12
-7.05685450943e-12
-6.70401178396e-12
-6.36881119476e-12
-6.05037063502e-12
-5.74785210327e-12
-5.46045949811e-12
-5.1874365232e-12
-4.92806469704e-12
-4.68166146219e-12
-4.44757838908e-12
-4.22519946963e-12
-4.01393949615e-12
-3.81324252134e-12
-3.62258039527e-12
-3.44145137551e-12
-3.26937880673e-12
-3.1059098664e-12
-2.95061437308e-12
-2.80308365442e-12
-2.6629294717e-12
-2.52978299812e-12
-2.40329384821e-12
-2.2831291558e-12
-2.16897269801e-12
-2.06052406311e-12
-1.95749785995e-12
-1.85962296696e-12
-1.76664181861e-12
-1.67830972768e-12
-1.59439424129e-12
-1.51467452923e-12
-1.43894080277e-12
-1.36699376263e-12
-1.2986440745e-12
-1.23371187077e-12
-1.17202627723e-12
-1.11342496337e-12
-1.0577537152e-12
-1.00486602944e-12
-9.54622727972e-13
-9.06891591573e-13
-8.61547011995e-13
-8.18469661395e-13
-7.77546178325e-13
-7.38668869409e-13
-7.01735425938e-13
-6.66648654641e-13
-6.33316221909e-13
-6.01650410814e-13
-5.71567890273e-13
-5.4298949576e-13
-5.15840020972e-13
-4.90048019923e-13
-4.65545618927e-13
-4.42268337981e-13
-4.20154921081e-13
-3.99147175027e-13
-3.79189816276e-13
-3.60230325462e-13
-3.42218809189e-13
-3.2510786873e-13
-3.08852475293e-13
-2.93409851529e-13
-2.78739358952e-13
-2.64802391005e-13
-2.51562271454e-13
-2.38984157882e-13
-2.27034949987e-13
-2.15683202488e-13
-2.04899042364e-13
-1.94654090246e-13
-1.84921385733e-13
-1.75675316447e-13
-1.66891550624e-13
-1.58546973093e-13
-1.50619624438e-13
-1.43088643216e-13
-1.35934211056e-13
-1.29137500503e-13
-1.22680625478e-13
-1.16546594204e-13
-1.10719264494e-13
-1.05183301269e-13
-9.99241362055e-14
-9.49279293952e-14
-9.01815329255e-14
-8.56724562792e-14
-8.13888334652e-14
-7.7319391792e-14
-7.34534222024e-14
-6.97807510923e-14
-6.62917135376e-14
-6.29771278608e-14
-5.98282714677e-14
-5.68368578943e-14
-5.39950149996e-14
-5.12952642496e-14
-4.87305010372e-14
-4.62939759853e-14
-4.3979277186e-14
-4.17803133267e-14
-3.96912976604e-14
-3.77067327774e-14
-3.58213961385e-14
-3.40303263316e-14
-3.2328810015e-14
-3.07123695143e-14
-2.91767510385e-14
-2.77179134866e-14
-2.63320178123e-14
-2.50154169217e-14
-2.37646460756e-14
-2.25764137718e-14
-2.14475930832e-14
-2.03752134291e-14
-1.93564527576e-14
-1.83886301197e-14
-1.74691986137e-14
-1.65957386831e-14
-1.57659517489e-14
-1.49776541615e-14
-1.42287714534e-14
-1.35173328807e-14
-1.28414662367e-14
-1.21993929248e-14
-1.15894232786e-14
-1.10099521147e-14
-1.04594545089e-14
-9.93648178349e-15
-9.43965769431e-15
-8.9676748096e-15
-8.51929106912e-15
-8.09332651566e-15
-7.68866018988e-15
-7.30422718039e-15
-6.93901582137e-15
-6.5920650303e-15
-6.26246177878e-15
-5.94933868984e-15
-5.65187175535e-15
-5.36927816758e-15
-5.10081425921e-15
-4.84577354625e-15
-4.60348486893e-15
-4.37331062549e-15
-4.15464509421e-15
-3.9469128395e-15
-3.74956719753e-15
-3.56208883765e-15
-3.38398439577e-15
-3.21478517598e-15
-3.05404591718e-15
-2.90134362132e-15
-2.75627644026e-15
-2.61846261824e-15
-2.48753948733e-15
-2.36316251296e-15
-2.24500438732e-15
-2.13275416795e-15
-2.02611645955e-15
-1.92481063657e-15
-1.82857010475e-15
-1.73714159951e-15
-1.65028451953e-15
-1.56777029356e-15
-1.48938177888e-15
-1.41491268993e-15
-1.34416705544e-15
-1.27695870267e-15
-1.21311076753e-15
-1.15245522916e-15
-1.0948324677e-15
-1.04009084431e-15
-9.88086302098e-16
-9.38681986993e-16
-8.91747887643e-16
-8.47160493261e-16
-8.04802468598e-16
-7.64562345168e-16
-7.2633422791e-16
-6.90017516514e-16
-6.55516640689e-16
-6.22740808654e-16
-5.91603768221e-16
-5.6202357981e-16
-5.3392240082e-16
-5.07226280779e-16
-4.8186496674e-16
-4.57771718403e-16
-4.34883132483e-16
-4.13138975859e-16
-3.92482027066e-16
-3.72857925712e-16
-3.54215029427e-16
-3.36504277955e-16
-3.19679064058e-16
-3.03695110855e-16
-2.88510355312e-16
-2.74084837546e-16
-2.60380595669e-16
-2.47361565886e-16
-2.34993487591e-16
-2.23243813212e-16
-2.12081622551e-16
-2.01477541424e-16
-1.91403664352e-16
-1.81833481135e-16
-1.72741807078e-16
-1.64104716724e-16
-1.55899480888e-16
-1.48104506844e-16
-1.40699281501e-16
-1.33664317426e-16
-1.26981101555e-16
-1.20632046477e-16
-1.14600444153e-16
-1.08870421946e-16
-1.03426900848e-16
-9.8255555806e-17
-9.33427780157e-17
-8.86756391149e-17
-8.42418571592e-17
-8.00297643012e-17
-7.60282760862e-17
-7.22268622819e-17
-6.86155191678e-17
-6.51847432094e-17
-6.19255060489e-17
-5.88292307465e-17
-5.58877692091e-17
-5.30933807487e-17
-5.04387117113e-17
-4.79167761257e-17
-4.55209373194e-17
-4.32448904534e-17
-4.10826459308e-17
-3.90285136342e-17
-3.70770879525e-17
-3.52232335549e-17
-3.34620718771e-17
-3.17889682833e-17
-3.01995198691e-17
-2.86895438757e-17
-2.72550666819e-17
-2.58923133478e-17
-2.45976976804e-17
-2.33678127964e-17
-2.21994221566e-17
-2.10894510487e-17
-2.00349784963e-17
-1.90332295715e-17
-1.80815680929e-17
-1.71774896883e-17
-1.63186152038e-17
-1.55026844437e-17
-1.47275502215e-17
-1.39911727104e-17
-1.32916140749e-17
-1.26270333711e-17
-1.19956817026e-17
-1.13958976174e-17
-1.08261027366e-17
-1.02847975997e-17
-9.77055771976e-18
-9.28202983377e-18
-8.81792834208e-18
-8.37703192498e-18
-7.95818032873e-18
-7.56027131229e-18
-7.18225774668e-18
-6.82314485935e-18
-6.48198761638e-18
-6.15788823556e-18
-5.84999382378e-18
-5.55749413259e-18
-5.27961942596e-18
-5.01563845466e-18
-4.76485653193e-18
-4.52661370533e-18
-4.30028302007e-18
-4.08526886906e-18
-3.88100542561e-18
-3.68695515433e-18
-3.50260739661e-18
-3.32747702678e-18
-3.16110317544e-18
-3.00304801667e-18
-2.85289561584e-18
-2.71025083505e-18
-2.57473829329e-18
-2.44600137863e-18
-2.3237013097e-18
-2.20751624421e-18
-2.097140432e-18
-1.9922834104e-18
-1.89266923988e-18
-1.79803577789e-18
-1.70813398899e-18
-1.62272728954e-18
-1.54159092507e-18
-1.46451137881e-18
-1.39128580987e-18
-1.32172151938e-18
-1.25563544341e-18
-1.19285367124e-18
-1.13321098768e-18
-1.07655043829e-18
-1.02272291638e-18
-9.7158677056e-19
-9.23007432032e-19
-8.76857060431e-19
-8.33014207409e-19
-7.91363497039e-19
-7.51795322187e-19
-7.14205556077e-19
-6.78495278273e-19
-6.4457051436e-19
-6.12341988642e-19
-5.8172488921e-19
-5.52638644749e-19
-5.25006712512e-19
-4.98756376886e-19
-4.73818558042e-19
-4.5012763014e-19
-4.27621248633e-19
-4.06240186201e-19
-3.85928176891e-19
-3.66631768047e-19
-3.48300179644e-19
-3.30885170662e-19
-3.14340912129e-19
-2.98623866522e-19
-2.83692673196e-19
-2.69508039537e-19
-2.5603263756e-19
-2.43231005682e-19
-2.31069455398e-19
-2.19515982628e-19
-2.08540183496e-19
-1.98113174322e-19
-1.88207515605e-19
-1.78797139825e-19
-1.69857282834e-19
-1.61364418692e-19
-1.53296197758e-19
-1.4563138787e-19
-1.38349818476e-19
-1.31432327552e-19
-1.24860711175e-19
-1.18617675616e-19
-1.12686791835e-19
-1.07052452244e-19
-1.01699829631e-19
-9.66148381498e-20
-9.17840962423e-20
-8.71948914302e-20
-8.28351468587e-20
-7.86933895157e-20
-7.47587200399e-20
-7.10207840379e-20
-6.7469744836e-20
-6.40962575942e-20
-6.08914447145e-20
-5.78468724788e-20
-5.49545288549e-20
-5.22068024121e-20
-4.95964622915e-20
-4.71166391769e-20
-4.47608072181e-20
-4.25227668572e-20
-4.03966285143e-20
-3.83767970886e-20
-3.64579572342e-20
-3.46350593725e-20
-3.29033064038e-20
-3.12581410837e-20
-2.96952340295e-20
-2.8210472328e-20
-2.67999487116e-20
-2.5459951276e-20
-2.41869537122e-20
-2.29776060266e-20
-2.18287257253e-20
-2.0737289439e-20
-1.97004249671e-20
-1.87154037187e-20
-1.77796335328e-20
-1.68906518561e-20
-1.60461192633e-20
-1.52438133002e-20
-1.44816226352e-20
-1.37575415034e-20
-1.30696644282e-20
-1.24161812068e-20
-1.17953721465e-20
-1.12056035392e-20
-1.06453233622e-20
-1.01130571941e-20
-9.60740433438e-21
-9.12703411766e-21
-8.67068241178e-21
-8.23714829119e-21
-7.82529087663e-21
-7.4340263328e-21
-7.06232501616e-21
-6.70920876535e-21
-6.37374832708e-21
-6.05506091073e-21
-5.75230786519e-21
-5.46469247193e-21
-5.19145784834e-21
-4.93188495592e-21
-4.68529070812e-21
-4.45102617272e-21
-4.22847486408e-21
-4.01705112088e-21
-3.81619856483e-21
-3.62538863659e-21
-3.44411920476e-21
-3.27191324452e-21
-3.1083175823e-21
-2.95290170318e-21
-2.80525661802e-21
-2.66499378712e-21
-2.53174409777e-21
-2.40515689288e-21
-2.28489904823e-21
-2.17065409582e-21
-2.06212139103e-21
-1.95901532148e-21
-1.86106455541e-21
-1.76801132764e-21
-1.67961076125e-21
-1.59563022319e-21
-1.51584871203e-21
-1.44005627643e-21
-1.36805346261e-21
-1.29965078948e-21
-1.23466825e-21
-1.1729348375e-21
-1.11428809563e-21
-1.05857369085e-21
-1.0056450063e-21
-9.5536275599e-22
-9.0759461819e-22
-8.62214887281e-22
-8.19104142917e-22
-7.78148935771e-22
-7.39241488982e-22
-7.02279414533e-22
-6.67165443806e-22
-6.33807171616e-22
-6.02116813035e-22
-5.72010972384e-22
-5.43410423764e-22
-5.16239902576e-22
-4.90427907447e-22
-4.65906512075e-22
-4.42611186471e-22
-4.20480627148e-22
-3.9945659579e-22
-3.79483766001e-22
-3.60509577701e-22
-3.42484098816e-22
-3.25359893875e-22
-3.09091899181e-22
-2.93637304222e-22
-2.78955439011e-22
-2.6500766706e-22
-2.51757283707e-22
-2.39169419522e-22
-2.27210948546e-22
-2.15850401119e-22
-2.05057881063e-22
-1.9480498701e-22
-1.85064737659e-22
-1.75811500776e-22
-1.67020925737e-22
-1.5866987945e-22
-1.50736385478e-22
-1.43199566204e-22
-1.36039587894e-22
-1.29237608499e-22
-1.22775728074e-22
-1.1663694167e-22
-1.10805094587e-22
-1.05264839858e-22
-1.00001597865e-22
-9.50015179715e-23
-9.02514420729e-23
-8.57388699693e-23
-8.14519264708e-23
-7.73793301473e-23
-7.35103636399e-23
-6.98348454579e-23
-6.6343103185e-23
-6.30259480258e-23
-5.98746506245e-23
-5.68809180933e-23
-5.40368721886e-23
-5.13350285792e-23
-4.87682771502e-23
-4.63298632927e-23
-4.40133701281e-23
-4.18127016217e-23
-3.97220665406e-23
-3.77359632135e-23
-3.58491650529e-23
-3.40567068002e-23
-3.23538714602e-23
-3.07361778872e-23
-2.91993689928e-23
-2.77394005432e-23
-2.6352430516e-23
-2.50348089902e-23
-2.37830685407e-23
-2.25939151137e-23
-2.1464219358e-23
-2.03910083901e-23
-1.93714579706e-23
-1.84028850721e-23
-1.74827408185e-23
-1.66086037775e-23
-1.57781735887e-23
-1.49892649092e-23
-1.42398016638e-23
-1.35278115806e-23
-1.28514210016e-23
-1.22088499515e-23
-1.15984074539e-23
-1.10184870812e-23
-1.04675627271e-23
-9.94418459079e-24
-9.44697536125e-24
-8.97462659319e-24
-8.52589526353e-24
-8.09960050035e-24
-7.69462047533e-24
-7.30988945157e-24
-6.94439497899e-24
-6.59717523004e-24
-6.26731646854e-24
-5.95395064511e-24
-5.65625311286e-24
-5.37344045721e-24
-5.10476843435e-24
-4.84953001263e-24
-4.607053512e-24
-4.3767008364e-24
-4.15786579458e-24
-3.94997250485e-24
-3.75247387961e-24
-3.56485018563e-24
-3.38660767635e-24
-3.21727729253e-24
-3.0564134279e-24
-2.90359275651e-24
-2.75841311868e-24
-2.62049246275e-24
-2.48946783961e-24
-2.36499444763e-24
-2.24674472525e-24
-2.13440748899e-24
-2.02768711454e-24
-1.92630275881e-24
-1.82998762087e-24
-1.73848823983e-24
-1.65156382784e-24
-1.56898563644e-24
-1.49053635462e-24
-1.41600953689e-24
-1.34520906005e-24
-1.27794860704e-24
-1.21405117669e-24
-1.15334861786e-24
-1.09568118696e-24
-1.04089712762e-24
-9.88852271235e-25
-9.39409657673e-25
-8.9243917479e-25
-8.4781721605e-25
-8.05426355248e-25
-7.65155037485e-25
-7.26897285611e-25
-6.90552421331e-25
