0.572611408561
-0.189482005421
0.217657521522
-0.186224875862
0.123061506865
-0.00405996914018
-0.0948377320812
0.0808577859386
0.00436142918956
0.103757329967
-0.132925637834
0.0951221158943
-0.0896771061295
0.0586664135219
0.00749511837875
0.112081987457
0.187715353224
-0.00488180728439
0.00780297602682
-0.029912612954
-0.00108668029275
-0.0399462016193
-0.0320580449309
0.0368431494676
0.0549571762938
0.00244919069342
-0.0505630291995
-0.0180295620895
-0.013002969449
-0.011081549279
0.0533519106621
0.0764275835983
0.0993811279234
0.0122874680155
-0.0173053792055
-0.0142957592096
-0.0296420518534
-0.0236424584409
-0.00832023787442
0.0390528347595
0.0241253282793
-0.00360747707091
-0.0318267644787
-0.0187947246199
-0.011072296021
-0.0013993613573
0.0335257140561
0.0480983282592
0.0409241742752
0.00616145457203
-0.0121022587821
-0.0149739867001
-0.0169698816334
-0.0101665342336
21.1500872916
-7.28986833316
8.39194814833
-8.99591290884
5.74415137375
-1.58464113824
-4.31902381248
1.18423022771
0.86905493598
4.03832999145
-6.61570589652
4.35857067286
-3.80289315401
4.72583156473
-2.3721473555
3.93728478438
4.66662796553
0.962704343993
-1.15134599862
-0.603336145678
0.612655280596
-1.32158688736
-0.748682030874
-0.780531049105
2.85549267116
-0.74190719821
-0.689670057016
-0.383848385138
1.56947830553
-0.295418737381
0.906302511548
0.549137989861
2.19669111481
0.0893969847242
-1.10818218941
0.196868129991
-0.146885971364
-0.0704623459197
-0.889494293439
0.766218289911
0.313377906528
0.45294902183
-0.907111066252
0.540472489807
0.4320664959
0.0651506306238
0.10423892624
0.388289540281
0.630526310199
-0.180167542909
-0.294193527345
-0.11547657055
0.324834818937
-0.331315749188
66.8785267658
-20.1699108319
25.3463806712
-24.0764710541
19.7948717636
-5.74679924353
-10.9270394769
3.72014796609
4.48301314492
11.3317170199
-17.1567826558
14.5165251104
-5.91220960649
11.0646145414
-6.39325693216
7.55359453825
12.274353727
-0.131575979436
-0.978695830183
-0.164583548807
4.55750176624
-3.12358488724
-1.88729466752
1.03768624009
5.37215137299
0.0654983238781
-2.34689667156
2.91857776721
3.32784767413
-0.868671769266
0.502922562727
1.41158904534
4.48770144937
-1.28097954786
-0.68695604315
1.32097432503
1.58813695805
-0.93651615257
-1.09516219622
2.31011950112
0.938548366793
0.367725266728
-1.11506049392
2.0843230228
0.933923766629
-0.571660416728
-0.0183695379717
1.13501833525
1.15700832497
-0.782457909968
0.0642661442928
0.791497990395
0.724201248358
-0.649638270684
71.4697111067
-21.2232774882
21.0835416495
-17.2345405012
16.2705956602
-7.76031635217
-4.89634362924
8.76230810358
6.47681934695
8.32277766356
-10.1280924259
10.431869552
1.28600324261
0.594044278551
0.0070704294726
2.81921401897
14.5719051676
-3.28893340627
2.648901236
0.114069918786
4.27417485934
-2.91808642586
-0.961569823715
4.35373563646
3.4355817769
1.52584201521
-0.992244681097
2.82450274763
2.21947134986
-1.84720880013
1.23709953155
1.60575031265
3.96800097775
-0.88364447287
0.989074354448
1.1229904696
1.17811056103
-0.861619715588
0.000333173063383
2.01241316015
1.18912458397
0.331764054826
0.385576209509
0.991830501432
0.692048735477
-0.637611807058
0.618880018308
0.926688140319
1.04811389242
-0.074147512258
0.513455421081
0.566964218327
0.255233991768
-0.200938047446
61.7268177711
-17.7922739594
11.3246598904
-6.45125105655
4.83952203836
-6.53367179343
0.505667934831
6.17856388164
5.52890642242
1.42745239474
0.636257432364
2.88135979936
-0.810087853432
-5.08409505
8.21221809952
0.35568326313
13.3418577009
-1.13246785638
3.11181421601
-0.406468217165
-0.298273692565
-1.3003629714
0.189571810715
1.98370800942
3.24501400421
1.18413624812
0.408224533038
-0.880191907978
0.0115953781653
-1.71331974417
3.23757135582
1.26146175792
4.04652978335
0.664393823235
0.878839954914
-0.0378284426018
-0.601321911016
-0.424082960115
0.493515024433
1.10779521742
1.63397641656
0.205001640681
0.0458438580981
-0.791659450038
-0.224501418985
-0.341226387354
1.15915101405
0.939444093246
1.50650390167
0.478675384243
0.218128010635
-0.188490329229
-0.327370616249
-0.0309673716969
56.1806552853
-9.32446573749
7.23179398767
0.967309452878
4.08550712229
-4.08966806645
-2.91514618493
4.83209049011
6.01786376348
-1.022253499
-5.19864212685e-05
2.20879957611
-4.51152237579
-1.45297877061
3.69969437667
3.30781779316
14.0981432964
1.07436195531
3.24636585127
1.32950123635
1.7278886515
-1.30489142941
-0.294531017373
2.13012588154
5.04004726005
-0.952724583139
-0.505904786148
0.136902254261
-0.646734613003
-1.26319702038
0.397796646139
2.5506114798
4.25045702032
0.756171809632
0.700444860142
1.62035235658
0.549797050553
-0.263800487994
-0.0350496764997
1.89964858648
1.99136303949
-0.413737543382
-0.191852571762
0.512806509895
0.0483716415044
-0.811514885203
0.0693266815369
1.16438754498
1.39363771177
-0.167487988154
0.358704892822
0.777071540629
0.407289131818
-0.284148450841
53.1801022229
-2.52376519338
7.40639904066
-1.66931144199
12.8835074712
-3.3577958715
-4.70052277397
5.66781393125
5.55736722639
1.52992949968
-6.85447534862
5.57057665966
-2.48711373127
0.383189966778
-4.96659928045
6.39959509064
9.42895947328
4.19096856443
0.50622869583
3.48015119672
4.16724448278
-0.0843595912082
-0.836595374191
1.76599645226
5.22224346924
-1.32321962645
0.37808378398
-0.0177578980942
2.49709526843
-2.23346368826
-0.599265534947
1.1040608647
3.12098786746
0.754394270018
-0.025030519206
2.15483900157
1.14332912722
0.618723378395
-0.737734592277
1.68698431356
1.13567109579
0.456004234781
-0.18744535585
0.968124514552
0.641289676973
-0.180229911884
-0.366619451605
0.644041845346
0.713165279122
0.160540783379
0.129284012086
0.588769412128
0.661652238904
-0.0657477791062
53.730534402
-4.69516640376
6.97952092251
-8.2244246212
16.171634975
-2.15620303
-3.75362658649
6.39645792279
3.22097414705
6.69597755414
-8.86121194021
5.44396648486
3.34731086654
-0.637147657954
0.929956956337
2.83136569972
9.38323314465
-0.557016692544
0.962657482275
1.53144398458
3.36802886761
2.75884851667
-2.41942533915
4.20705183584
0.475821244954
1.5869304481
-0.5087581938
1.42806404416
3.23374313587
-1.43937839189
2.09835747655
-0.982211392795
3.46423693012
-0.711546130916
1.34947020869
1.30507891327
0.748169911017
1.12591631891
-1.07577787979
1.87735570411
-0.110014576629
1.27906368306
0.153729107646
0.647068621896
0.884110357159
-0.543309371234
0.955750443111
-0.135434043564
1.32075235606
-0.017245025219
0.507953073697
0.364236601973
-0.00791731949083
0.566199873921
60.6160770834
-11.9699792326
12.0173208084
-8.4128211471
11.3512668584
1.82632103326
-5.61558540994
14.9760954221
1.76544239262
8.21843442729
-7.42847334837
3.73070479294
5.45025220929
1.66284252958
9.73099912966
1.07102960645
9.44573140205
-7.55548028657
6.23280785237
-2.23191473094
4.94510434018
4.08950677623
0.712187295957
5.903612189
-4.65049122589
3.96459822881
-1.82953848416
4.33918229603
2.43920849833
1.1447101574
3.12360130317
-2.18243790336
2.67425996507
-1.70742574651
3.70531733442
0.371198125336
2.49871654829
0.773943349257
-0.599567545541
1.23267115009
-0.980483047213
2.69316597965
-0.231726850982
2.09943205113
0.114436720618
0.203874590787
0.496020538951
-0.416005898746
1.66092336197
-0.0672591797816
1.53586613403
-0.180136498313
0.553484270413
-0.034627916074
96.3846662596
-49.5410915354
26.9644792712
7.49781090206
-1.48494234391
12.677356959
-14.1047302453
30.1947251773
-11.3988512703
26.1989476995
-14.5855702531
-3.33076314989
8.58467040247
9.51006904759
8.46583647843
-1.42367747986
12.9481696703
-6.24777641292
15.8985626247
-9.97961875719
5.00105982409
2.58000709338
11.5080678071
2.77579664074
-8.47230757317
7.61298909537
-1.05416070906
9.0214347087
-4.76434295922
3.70510003666
1.76989062549
6.33890217646
0.582394092444
-4.75747914919
3.6769911504
3.21266698144
5.58877258366
-4.33651537099
1.57369449682
0.968639383015
4.57195380043
-0.318929511549
-2.36889227563
1.73193697637
3.31060392216
3.09451326998
-3.6054519785
0.340308605757
1.64833770063
3.60241642888
-0.889560071567
-1.3576814136
0.856411556647
2.61328124613
171.997449077
-118.091826663
23.1883058096
22.9353128288
-6.96377711699
21.9389727646
-21.5644460435
30.2483862588
-23.6156015105
73.714231887
-34.1265368869
-17.3834906159
15.907357498
28.3477304274
3.5695965564
-17.0493085503
19.8778665368
-3.51624422555
28.4111846288
-16.3061249668
-7.81009478983
-1.97745103867
26.3245133158
3.22629594875
-17.9635646238
11.9766747085
9.10821547553
15.6953802907
-9.88732234508
-1.59640279847
-0.189070446883
13.7010665097
1.27406417194
-14.1780942537
1.39639916892
8.90612841822
8.83877475555
-7.94385975523
-0.428829084979
5.03481921311
9.99573151323
1.87259868707
-6.44641295116
0.101312403595
6.03878931599
4.11468635785
-7.50864296686
-3.60035788868
3.24538223813
5.39340151684
-0.0674535581021
-2.97490444936
1.87820270626
5.86508481084
459.11044517
-95.5230063982
-158.37780345
110.474515785
-26.6448028498
22.1361205735
-87.9791909508
-86.7065452522
-59.5833528977
158.652751624
73.3383098682
-106.861993675
67.5430377279
134.895566361
95.4161693623
3.98452851917
-44.1144309287
-30.1976513181
0.817757682023
-15.9663209133
-102.078745735
-92.080073317
29.8947449974
71.3010280028
28.2768885416
32.9976439679
65.6710541376
87.2754555907
60.6152331749
-2.26759439895
-53.8030984712
-48.2970811672
-23.4413173628
-61.0985380424
-74.5908646748
-31.0780045906
20.5893608656
53.4280347932
55.1095524184
54.0486972949
57.1206302556
62.0605334384
29.885361791
-26.5067470948
-51.0081734608
-52.2645175496
-51.1468837723
-53.0619284536
-41.3043188145
-9.62143862718
30.7968666162
57.1346814122
57.3649721724
51.2576268437
1528.16143828
-96.4394540849
-610.338340543
468.079677463
-201.736595878
30.6496543825
-383.614850149
-457.777882106
-244.089722041
516.144220624
392.594097716
-435.203285617
345.56362684
526.392550165
361.252432649
103.110727215
-234.410551177
-191.014068135
39.1337140674
-31.641476551
-490.142416174
-367.017219663
127.681288298
288.900137547
109.455277781
105.776580861
185.180682923
378.070524942
316.686525889
-96.2221590336
-251.246451869
-146.493488672
-7.41501283709
-231.245942863
-326.819630835
-134.633065559
111.251642382
271.763299384
143.099943986
93.195096613
204.561376593
296.122504908
104.306843664
-171.722961122
-211.124643411
-122.327410544
-92.8794903203
-187.256772373
-202.797397117
-33.6436245234
192.257376511
215.714799431
112.365213984
100.138612853
2739.80070759
-497.345408623
-932.943072818
1159.55117904
-892.614960488
284.934395244
-652.140656349
-931.024220474
-105.378692059
779.987256446
634.807427204
-796.369390853
877.324346581
828.67363369
389.467340165
255.270348865
-544.173287505
-295.473460177
88.2994284944
-136.333744427
-783.493441456
-457.241046657
336.184076843
543.115091847
92.8764944955
271.373079647
293.999907875
416.848079667
544.182261487
-369.53954069
-406.923770377
-226.533097763
-20.6386478984
-273.451124181
-467.963512145
45.392131129
127.039870435
499.281268099
278.047965023
33.9417801463
275.787016463
264.95581745
81.4982612608
-329.25008671
-299.84597381
-181.894620832
-124.868564836
-100.751580946
-148.872362338
23.7360942292
284.476585952
323.539383955
133.557376929
98.5987597528
6500.54435544
-3706.85510282
-2057.65813713
4392.1099452
-3828.93668118
1845.48564955
-1605.4327967
-2013.45865543
1273.0173213
1378.55776831
933.321972592
-2859.09331516
3093.89632702
1230.91551537
-192.920483731
812.785670226
-1818.32358327
101.890655014
401.168428577
-223.309607258
-1840.78349506
-717.089754876
1698.72997847
491.855417758
-232.767070022
761.210080035
115.307499082
940.573521592
1215.21492488
-1349.40319903
-819.393060644
53.0747657105
325.537808906
-985.372538509
-780.857320533
344.890462877
-71.3688366719
1456.86127712
137.139974573
-392.871587031
806.482575997
719.096429826
89.1337287029
-1008.85576413
-270.242233848
-330.456443521
-169.830845138
13.9881472242
-802.550723852
39.4913201448
894.172337641
585.518980542
-12.1439012113
137.565954678
9485.96367639
-5470.26186125
-2187.47264999
5780.14979401
-5758.44903695
3184.60291072
-2408.07932507
-2982.43015088
1506.40403468
2006.32787886
1430.18491187
-3722.55537412
4202.54039421
1452.74866205
-60.0019642922
1378.93957409
-2566.32199116
25.8758303439
507.841025248
-231.965155625
-2366.72874435
-1071.11495934
2313.8487694
339.975342255
70.0706136649
1000.64271441
-12.1538225709
1460.89655757
1179.45741558
-1394.93846695
-1124.39793326
100.77631119
311.131898073
-1310.75863675
-611.491058742
225.666933212
203.618592206
1523.93144151
165.891727219
-217.124789784
816.979367765
808.885736342
-137.180833489
-1025.52873065
-294.776012807
-337.212795343
-194.880180817
-83.6284143607
-618.941617176
219.214852668
901.39761504
512.330615955
17.2699174557
156.849729669
8660.83523752
-4716.22583964
-2864.15196573
5835.16584705
-5231.6214441
2580.36516341
-1267.80098323
-3640.21757171
1917.45655532
1767.01691069
1467.09991431
-3174.71512063
3124.20775592
1949.12981136
-703.767333409
1523.73264701
-2460.33737315
-338.311976149
697.965933206
-230.967922611
-1663.46143807
-1276.25219881
2247.35755626
495.118198349
66.5108613721
1004.1037118
-162.275159798
933.483715278
1172.48168295
-1043.18159579
-1378.63919146
120.877438401
228.632434852
-853.517746569
-414.299581833
213.561728168
125.60506694
1262.6167281
661.714313582
-514.136720568
490.69598027
670.850984497
-150.36018163
-736.802449815
-476.456067435
-338.613389738
-242.534020963
275.466694226
-371.554883631
-115.756226291
894.112701284
580.760076661
108.083129242
78.1388751381
9962.62136155
-5786.21891567
-3452.03417078
7726.9809398
-6628.45423174
2948.46689929
-745.074296288
-4495.88723562
2804.54409713
1674.6011444
1692.38989117
-3531.63695837
3524.33896839
2515.16915048
-1498.90209568
2215.04845311
-2657.26081276
-627.850852404
1119.66935857
-376.944234285
-1708.26736274
-1413.21451974
2732.98746284
426.741278297
-108.536291248
1461.17912218
-539.664926148
1070.39299825
1381.21357682
-1386.92555583
-1423.82236015
128.270014032
415.091602794
-995.69890367
-386.885945358
383.558181946
69.7503604337
1530.12977117
606.903526097
-662.604182861
517.572421565
705.301698685
-190.955629629
-937.111703533
-431.110080022
-271.80957169
-151.577902514
373.514679286
-387.460556411
-25.1960588037
993.282264077
586.318580245
-17.8372622302
-44.7438264854
9211.79858029
-5313.63605652
-3722.49546528
6844.8752155
-5733.08499151
2256.2265681
-500.960790989
-3951.73886052
2467.6220118
1892.33617562
1556.77497769
-3316.15438884
2501.81699871
2768.19345617
-1494.33731391
1310.54139426
-1806.00020115
-1498.41126267
1319.82752597
306.642460263
-1810.10984596
-1137.15519651
2171.51161287
1214.49772225
-333.360858171
1144.18277154
-403.491069882
-6.8486928047
1976.34243291
-1183.38071556
-1911.36435662
43.2142687118
477.348024605
-303.331817577
-456.327618467
374.340797357
-112.223851689
1279.93708512
1367.78438786
-955.494077922
-234.127736541
764.064844198
-42.9459560501
-717.687887374
-568.927952134
-546.05817655
-186.763797839
777.393615729
87.6463000034
-584.262875846
701.66218222
1005.37569463
75.785205989
-29.6763093402
10000.0
-6262.77980698
-4270.19418114
8250.99775313
-6543.84482564
1808.76977764
-159.483708145
-4359.16615835
2754.68128951
2094.14113847
1538.04482265
-3671.76492993
2796.15135915
3482.87908702
-2120.54145226
1315.23984949
-1588.06100474
-2039.837149
1501.03242109
376.031977024
-2359.45732869
-1295.52689149
2759.24137649
1174.05086936
-552.570176931
1547.34796852
-461.49542979
90.5906340933
2242.83468451
-1484.40518419
-2304.33053878
190.369494777
635.926724945
-719.380554411
-569.147312031
571.423193978
-51.3177098758
1553.82080402
1461.05958519
-1191.52861945
-80.2796897212
1077.75887242
-187.218328111
-1101.0861678
-638.358359119
-425.18272898
-204.232680741
801.799268852
-85.876664879
-583.15943847
1117.36407089
1107.76004167
-108.806059948
-185.330989907
8167.2206961
-4092.95644063
-3982.9350657
5961.95769202
-4963.31995838
1300.01634229
545.345075639
-3638.03080021
1638.19991641
1904.67301057
2166.94710534
-2688.93191213
1504.95339393
2857.76364627
-1571.96948491
1379.93427322
-1448.12033262
-2154.05257153
986.684436094
629.276640387
-1212.1791398
-1254.07647554
1729.97178511
1134.9068786
368.066429296
1078.60889326
-622.493347652
-171.869748867
1400.86321391
-406.967692445
-1837.67153188
-467.808349373
236.736658331
-18.5317813118
198.812949914
80.3681406735
-95.900100954
976.139153337
1389.44402035
-311.678344586
-603.92165981
198.194817482
-132.367756777
-252.341422418
-439.322927137
-747.704866149
-223.026683106
725.258640149
551.754655249
-199.427933818
257.85156927
589.153126219
348.325394374
166.59844995
7290.62652066
-3263.45127348
-4628.78684069
5695.58156816
-3539.88812738
630.316800758
707.188298354
-3600.88849711
1755.12004947
2127.58590236
2104.81446248
-2592.83888806
1022.39514299
3102.39250912
-1281.50550765
1351.5660103
-1581.28942461
-2173.68386991
1192.96998703
835.909891884
-1125.99511544
-1463.57934801
1749.40939322
1180.57356078
606.819424734
1045.34151377
-964.031431563
-68.9808632995
1472.76921034
-255.616890921
-1973.85510191
-602.412954121
393.778370273
-56.5241218946
442.714783271
24.1220950551
-330.533416677
1214.28245013
1504.2999976
-358.90240911
-692.665164785
216.066981198
-118.812395273
-300.828942175
-313.361130071
-894.782745706
-311.412528167
943.186130948
522.322317412
-285.104507236
334.085824054
638.088325841
272.091099604
183.165921831
6003.30496068
-2276.3817395
-4004.31073437
3986.57246762
-2734.99363052
391.52884233
766.044102354
-3211.29207021
857.796019342
2158.98053882
2030.32318386
-1899.42446466
355.916740254
2243.73195054
-844.045290912
1108.05093336
-1007.46243081
-2302.34814123
547.605455692
976.257172527
-550.10051816
-1099.05786723
1011.55232322
948.671323287
561.789973277
1157.82351075
-503.55162128
-724.426797936
831.984892334
142.548855135
-1267.58694205
-596.229510669
-16.1188051295
-139.776223087
509.940177004
542.574300298
-208.81372019
296.064167092
1082.73833681
162.146419546
-398.37502694
-67.239562355
-421.245523067
-364.356998788
70.2513836568
-254.011405917
-463.442723103
249.128706283
590.836106086
206.980803966
276.585224383
257.868485394
-65.3728703544
86.4559455288
6185.58789179
-1028.51809595
-4734.47279142
2950.24511821
-1669.09865669
525.029820114
1107.8215871
-3539.22131935
-249.455272041
2549.22201037
2704.38237835
-1636.58708376
-567.903843342
1774.22017339
-96.7783392904
1470.50304056
-618.332288069
-2912.78309485
-175.706949591
1565.7241168
-6.19347629535
-1287.58566855
184.022814092
695.722112534
966.660945998
1629.06632132
-321.996083518
-1437.10528702
658.009778533
862.368484146
-916.724557628
-850.80323144
-559.208902581
-372.978712371
795.653504614
925.784774556
-462.860253204
-255.58463663
1224.81501213
682.811157709
-145.185837474
-168.013326444
-708.548048882
-456.325048963
388.898734136
-107.17904253
-896.443109875
-99.9384586761
667.622734551
397.554732396
421.006608567
227.423723824
-227.407475656
197.538910695
5809.28128996
-988.236608242
-3938.61580774
2010.5324019
-1570.25568951
705.78381931
967.628878289
-2733.62184107
-707.779103146
2057.95703107
2757.00041651
-840.405592563
-413.459693824
1047.43074449
-181.489213374
1346.82291353
-99.0308362392
-2343.74688742
-951.133156979
939.163196592
693.441689304
-697.744517135
167.992183639
378.324287785
381.848505765
1789.45772905
346.155175207
-1237.34052774
-221.326867573
303.770667922
-221.872597906
-481.663081461
-363.23964245
-604.381930327
168.371634931
1267.72232273
334.105655269
-210.500158368
336.547248951
281.816279607
138.277753511
49.0515352828
-413.38968973
-854.57929509
-221.025304821
401.843744912
-32.8564291703
-36.3318789093
201.415933425
163.67176064
445.778397103
511.693630495
-36.0873744577
-456.663156547
5323.72495874
-841.696296826
-2886.45462316
1585.94837723
-1749.77209575
726.414105934
1164.35300542
-1740.62827031
-812.393131969
1181.18784398
2515.73850865
-148.086344261
-164.566145438
596.489638068
-742.179374659
1148.31906756
508.087047871
-1639.45103193
-1268.9005161
277.888531515
1016.33494038
-64.3382439498
479.103133502
45.6389226577
-347.072763141
1736.29538678
812.166602936
-943.511455857
-677.992351473
-253.004629327
-25.3705497193
74.1250750251
103.960269525
-812.843254475
-285.985271134
1387.60780608
747.513400045
9.99742642578
5.25639849111
-275.325963664
10.2236311563
420.277758159
-122.665277961
-1082.96235777
-486.559239448
472.471720357
295.486819726
348.82863585
147.287164005
-253.94802992
317.742289986
750.270829643
84.3480476672
-612.814870792
4260.66001057
-596.441972119
-2089.94250361
1083.30995571
-1457.59843622
254.315103707
1112.58923348
-930.546709759
-799.774103278
578.706375205
1949.66612944
82.9006974513
146.801710176
509.159680418
-1014.59863791
454.298250222
737.52511284
-926.906964115
-915.856477063
-28.1141598832
383.255327564
211.420031219
873.931418377
246.507706881
-542.043144136
690.965246903
607.306527059
-322.332678135
-255.643230641
-391.771083979
-572.532885466
-14.3248199703
521.98507582
-31.0452559787
-153.546865333
452.040159508
313.787809066
241.797428757
390.531365922
-149.321439923
-515.958060742
-166.024615268
-1.43903309413
-191.028433483
-41.7940583172
49.6002568778
-73.7010259773
243.378537843
488.932752449
197.292848371
-11.8059354085
-34.8021748912
-162.333002899
-154.516270382
3968.57602028
204.196933343
-2075.55269366
-55.2703386704
-874.325179707
190.009059713
1620.4876659
-641.331104019
-1328.16163585
-40.0433925537
1697.37335846
933.342278834
472.37261857
50.004708145
-1298.58749895
-119.989473891
1243.87656746
-190.381830775
-902.704353761
-684.128469998
-248.220236704
584.662554655
1376.73618456
599.698035668
-718.676489246
-221.185811771
570.102529083
280.598013785
174.703373486
-488.427114275
-1206.60186173
-407.994996413
739.891641281
644.095107929
92.5911460616
-53.5712101062
-87.5153005976
252.137466832
827.213775414
275.23761166
-738.437621562
-738.876307714
-261.178173584
90.597336436
385.645836598
158.080477725
-351.485868127
-108.616555381
585.643710341
624.740034601
201.032546555
-201.885007152
-551.163612253
-389.925882426
3692.48958178
645.841318791
-1512.05758043
-591.073540599
-1187.52757693
49.2787146379
1970.74134105
111.221863759
-1163.46182644
-529.174635032
1033.3176257
965.313775137
945.342938016
285.414790972
-1410.63320813
-642.093410334
795.933760709
355.124891512
-242.335045414
-459.364510391
-519.739951855
133.562295123
1154.87828654
980.691218211
-306.589967523
-429.850845231
-50.6079138518
25.2398058735
316.616638361
32.7176685894
-709.603630011
-571.028881743
268.998385804
588.559234583
411.786699918
201.424031477
-117.500635018
-187.407530343
292.233472222
274.236196584
-219.003918772
-438.186229856
-327.739047285
-106.262184517
254.319311355
361.831447944
89.1992191768
-57.6010790646
132.119201536
225.621244871
137.731097889
-14.9492037735
-266.017414468
-341.539973874
2977.00264221
568.161774217
-599.909258498
-547.064956063
-1259.18684448
-311.912458345
1577.58353591
356.015627287
-498.314342186
-491.159707261
363.138033216
587.137610942
1012.71702734
751.045162188
-793.037187191
-670.753276989
-54.3247582434
32.7920556231
85.07255542
107.150252331
-328.998488736
-102.680703488
406.090349542
838.865405154
317.657286835
149.082383892
-127.484366577
-395.257809644
-170.159851769
70.6087470812
-179.540295217
-202.33327829
-53.9045232596
75.948736816
274.583262864
471.002390957
363.114951274
12.8619438505
-42.6125931561
-134.518862471
-206.497854421
-123.745393627
-91.1262281958
-190.516032766
-61.0307439061
107.662497578
226.623389849
281.733639266
283.533979008
90.3487312001
-69.9402201969
-93.1428321341
-128.389857462
-157.395161124
2636.95507561
477.256586238
-322.141728322
-721.35852153
-1025.60609977
-511.277524341
1277.60466294
378.545242796
-146.087208416
-451.964976123
280.325070674
262.09460386
874.067638025
761.688542169
-376.74620858
-641.085923945
-251.752917744
-173.872238572
40.2222624533
346.437389909
-81.2936011025
-123.234709065
150.805649744
577.877262881
257.377274841
326.880119769
-60.366450583
-353.216303491
-346.227846481
38.2378845843
-115.149832521
-7.8374469633
20.2941834302
70.430278869
104.918109972
367.162526157
286.403025714
53.1127002068
-43.9951036273
-129.876029486
-195.774087231
-113.03038966
-14.1078368584
-102.985784447
-21.7326691709
72.5086998522
170.923500314
164.402528697
213.500871484
52.5465901924
-42.2333303697
-92.1707606006
-64.6762854779
-109.38265954
2468.78381991
601.988041097
173.549703077
-1076.67827743
-866.168830668
-1090.15094558
1109.02860689
509.039323455
307.378800141
-484.107082814
149.359523717
-165.451603019
909.873745725
963.518741854
325.979769514
-550.41713166
-568.187817242
-623.043174561
-316.671696864
414.573464678
323.453894099
71.998313538
-73.4872059047
287.671634971
121.225752103
592.832579323
397.865124381
62.2217042698
-562.860308744
-369.841851541
-502.455481664
-82.6393329585
145.755828945
328.05790235
6.4717049095
158.917122924
168.024583898
275.559652279
286.940294349
244.013164355
-179.910938402
-415.459649
-391.918569744
-251.233500443
-32.9196279973
189.677490563
205.765857941
72.4418390145
126.865990337
188.489332118
228.626273823
171.346754659
42.9981246539
-257.98836212
2156.12518507
315.555602038
524.23365526
-1005.39369396
-684.808104738
-1472.46924792
859.647971151
383.746980792
794.027523456
-8.35618146851
383.106105105
-422.037398889
653.673696428
573.885736944
490.428040227
-379.181677416
-402.473690324
-790.597632103
-373.319765056
260.723195476
494.822825581
282.265602863
147.761501491
158.079385932
44.4553853688
404.164623288
353.573130826
76.2687547764
-436.126640301
-400.030818754
-500.807737629
-59.6075615724
192.00126004
386.368180613
100.710452399
169.934148649
65.2301110363
205.563063027
192.727976966
193.10820727
-176.028826219
-308.279171227
-357.875897868
-173.06389509
-0.310192654962
211.976056731
170.33964084
103.685853534
75.3955283506
121.381321819
136.440824546
124.333080756
9.91684269904
-164.159847324
1924.06754224
588.140037971
815.728322661
-742.302598879
-712.233176199
-1627.19618992
267.797623956
312.981803327
917.809163544
362.144951361
388.005754153
-358.957169986
238.386481248
516.757482517
648.400765558
166.981266348
-148.842756853
-680.741861528
-733.021827618
-273.31796856
165.184287775
347.998852487
411.856326534
358.590491961
157.732197876
191.752030636
255.354237999
179.772639963
-24.2511652694
-166.606627915
-376.299291994
-408.158501835
-261.674752038
-18.744971768
137.626288776
315.30424596
355.817363882
306.169493337
201.387143604
131.927484445
-3.40201411681
-98.6124573764
-176.92546679
-234.250019883
-268.67723729
-196.108167673
-71.047975083
83.8443419005
228.223793453
308.777177793
278.475709748
182.472861905
67.1326310802
-45.296150929
1873.00818074
730.361216742
753.344945856
-842.484586989
-932.956763777
-1739.86339882
-20.8975686289
475.96149812
1073.16358423
640.966867259
447.024537015
-290.196215014
14.6353127808
382.280687169
665.34356139
292.962622987
-107.746004585
-718.016627254
-917.490952936
-493.487051135
140.65765647
596.197674629
687.706524399
537.543223746
152.233176784
-22.419075493
15.503006022
103.12655485
33.1195763644
-110.604893573
-356.136811824
-447.052743029
-315.927290769
54.878125931
334.244374562
498.090400344
411.204825871
211.05216004
-5.09501394464
-81.2087865042
-92.2225409377
-88.0441769273
-124.103559944
-177.57976632
-203.603590455
-118.090422863
50.1632695789
222.00647682
302.702579949
262.814995679
129.866108801
-17.8209224531
-103.571137016
-124.528378392
1607.87954922
674.252198101
899.651479913
-540.349236876
-700.534880746
-1511.60056182
-256.762771843
272.760564308
859.633141699
712.864721614
486.025428215
-259.135164395
-231.125220327
50.9926147254
406.966887322
444.450856065
286.963068497
-163.882445721
-677.037554382
-570.17007815
-338.633830375
141.339317304
402.754870002
620.87783721
335.417339379
152.516434517
-20.9866892219
-43.7019501837
-58.5002110986
58.0280519058
13.9967398002
-109.46303031
-197.057039374
-219.204763428
-185.502120814
-18.3595283219
210.273546354
308.225371832
337.15109944
256.593483452
95.7174203737
-91.6687769577
-137.552609741
-147.127787353
-111.971683952
-55.9957225081
-28.6922576163
-73.3933539859
-75.3524015958
-13.2039506813
71.7875203288
178.650650074
259.330723373
223.541330045
1660.86008202
584.703180795
956.490123358
-553.606948261
-584.455196246
-1481.29229322
-521.318896131
-138.059732188
530.086854971
623.316250003
659.124041693
71.7483463831
-27.9420476512
164.087431634
337.514740727
525.534216409
390.780517572
48.1118515753
-606.932270899
-732.510069038
-659.470418173
-274.378817945
206.969276962
633.543773911
585.181030028
406.513085323
182.276015087
4.34213499737
-40.6685788018
63.2558814535
105.679534325
-54.6949214982
-203.672134508
-352.617890997
-395.441979795
-235.396513385
92.7829019565
319.662547628
442.85501952
398.200395344
228.825314949
2.52261238498
-90.2880726175
-113.184255188
-103.508255477
-82.8120856303
-85.8464552734
-148.036132027
-159.325127588
-88.5743136579
31.3821891069
162.00792554
262.144711462
256.682015301
1480.44773991
619.627318328
1027.15462095
-366.038754842
-351.818954184
-1168.79782224
-574.476771871
-300.047508782
211.611320713
352.395294229
593.973001564
222.737773373
124.052567386
152.049743796
286.572797763
398.001794872
417.686825343
258.513930577
-130.316442601
-518.912756554
-514.127113288
-564.206620507
-199.782468357
129.747166281
466.299939809
465.376612312
442.455899779
267.88755458
100.066652457
-30.9013403177
32.4995513066
-1.69938326817
-32.0400715202
-91.3205387258
-183.595010959
-295.801361886
-265.296187376
-114.49274538
85.4675936675
260.184974386
422.955973327
388.025271665
246.419879194
60.284853757
-83.8119813399
-200.945794309
-193.206674942
-124.914347285
-72.0993539607
-65.9895849243
-47.4282362497
-54.8882021204
-36.0025365061
51.6455688784
1578.10565053
901.576315865
1514.41457775
2.19148826878
-114.959027635
-1236.39542715
-818.464406745
-534.659590738
-27.1267887109
256.882464298
579.045075941
228.422244679
80.1830345863
44.5685267215
250.038346491
452.391386973
655.671280452
640.721450692
189.365331002
-365.48011363
-613.657982587
-868.500738296
-570.78460246
-162.818690857
351.643432981
494.082022442
533.208704429
362.603663079
118.569233522
-0.978747719139
105.638328314
154.650911073
177.918938517
80.4618259797
-149.823701671
-423.464049982
-520.689555939
-389.043675418
-134.418519673
196.036035209
466.897983422
491.775778982
355.784798231
149.808229449
-27.8165806652
-127.119433522
-94.6443637085
-25.7638615024
-21.7207783277
-78.8516955413
-157.906987467
-233.833025946
-208.356962546
-64.627034802
1255.48289927
853.200357477
1447.06256155
234.1512954
59.4200708571
-898.700938143
-715.732445526
-562.544202019
-91.6487239454
136.612625681
466.783985104
125.193556299
66.7051037327
-126.412624871
119.001727983
284.809287619
597.560069292
623.258012164
417.679736591
-27.4330320063
-369.19318094
-638.26066581
-604.073843637
-344.638776915
-17.1572159851
244.095999361
339.151884081
319.594006786
196.669712581
135.016823989
111.589426389
175.536045927
164.223289808
152.108373889
-19.1958343613
-161.262086145
-339.424694433
-350.616414677
-308.348215845
-113.53383197
47.1265257058
220.493201029
273.095492028
282.984640181
204.283844138
144.028332694
57.8294103268
10.1711108069
-55.3753068989
-91.8949119622
-150.817156379
-178.593886056
-184.415283142
-148.468069564
1027.22607701
604.579896915
1392.09081033
259.459961638
329.140703661
-712.824018774
-583.066786004
-697.346073066
-143.283615071
-66.5381758297
510.78489082
160.558828355
248.004715833
-201.878956072
71.1524093007
-29.2303385301
438.709416303
438.935861638
613.913222258
210.769995745
-22.7228003038
-406.78485524
-577.275332034
-548.808658807
-302.320502751
-20.2621204698
223.017809325
336.441323549
344.172189314
240.366671524
135.419560768
122.085645863
77.1495454216
111.017850201
50.8800318052
15.2976107515
-165.958439508
-237.2437055
-336.594750723
-264.175041325
-188.210841203
32.4785894743
168.812224866
303.019965209
303.251170814
284.77354709
152.340608441
66.560405831
-48.4251003898
-87.1328205971
-149.648545702
-144.867811741
-163.731472705
-144.444194399
837.111254462
543.914010519
1220.75676876
343.744278247
403.519103187
-527.625424689
-430.634034225
-669.939994465
-190.130653858
-146.790159424
398.326803971
223.843646134
320.005169576
-41.7892560185
113.602588043
-78.9956448961
272.166773699
249.467560891
476.709547513
241.786566841
154.645947149
-154.277952952
-320.835000516
-433.862771833
-326.276013229
-184.504454879
28.448299493
194.910171758
302.974493078
298.62149151
252.465859158
187.551682943
99.8991464213
45.2539099016
-11.371550167
-30.9419620635
-98.9432155203
-112.189085225
-159.487643151
-146.605712043
-140.78488727
-57.996815177
9.62140802893
111.816644479
173.789652822
226.389024419
204.942809735
164.539079592
76.4122858087
-5.94987203834
-93.0671573163
-135.6499668
-156.351740209
-137.560206695
803.001089564
570.694555993
1218.68082892
383.718874379
442.679988099
-575.746250458
-472.597862628
-770.181870422
-265.787512987
-132.180137141
440.58540413
322.951359294
423.346644547
28.9425915933
117.179793627
-140.718639751
178.024123639
206.854480401
460.637066529
349.262889812
265.717689346
-35.5918782484
-288.086423843
-449.601114805
-435.306050267
-291.29848512
-53.940124175
188.864344912
326.188766904
365.737183395
281.44641771
197.497617393
57.1927546471
47.287607229
8.31558799721
68.1677470979
28.4346857803
23.9958600534
-96.6165605023
-166.642143249
-255.251441456
-220.656343774
-157.506517891
9.20479262476
140.327388985
270.484444386
285.601149924
260.992486449
150.327236911
52.4551716995
-43.788727259
-81.2722123869
-94.7220206099
-79.3137227162
751.103698704
509.572370312
1035.41513669
236.812434983
218.74626024
-598.744023329
-417.844305688
-547.767778005
-83.2524777486
30.0033240187
456.516772903
256.16272231
350.365245896
-20.1471662814
81.5843768083
-122.647380763
158.986513458
163.250521636
336.420846743
248.392463927
181.697186767
-41.1519601807
-196.194458731
-315.87500661
-290.367380066
-200.126257794
-10.4045076817
148.750858935
254.166733542
285.901584692
226.739414859
160.602363919
53.4862779306
26.1976627435
-19.3723940611
3.28505383924
-15.8653185188
-13.2156437591
-63.276140043
-84.4027049442
-120.209040689
-96.872328507
-65.6177783188
18.5628065194
84.071370841
154.298322818
175.629997737
172.280543602
124.600423094
64.2221614405
-5.29453928623
-60.8973067561
-97.2996687834
-109.235845732
696.244355347
456.289515851
1057.87266488
337.77541664
425.915229066
-371.111533387
-261.063910816
-571.383990937
-283.543384549
-300.586320197
155.583876606
77.7983611661
431.232205375
160.134717941
328.456135665
26.6750921675
148.269885864
58.5326238168
171.628920024
207.430350298
215.65819232
142.112777238
4.00516649968
-178.676285507
-305.931771145
-387.525109595
-333.113181764
-164.815040545
18.3590168444
289.51033711
364.720519449
471.291654388
323.188519506
229.510320203
14.7701536322
-86.0085236358
-176.442826744
-153.659301925
-134.055301292
-51.3829869988
-60.6941118043
-27.9130925985
-100.759439367
-89.8422701674
-104.61933753
-20.1089266039
84.3151424602
207.445369201
300.498188564
316.232399204
250.961653191
118.539234643
-54.0543466303
-192.925683173
510.075665821
208.375575063
885.854894571
279.738892592
558.359200071
-177.282394266
-68.4482173567
-467.768969797
-303.113022405
-380.594436785
50.720347503
53.7001185771
504.462332925
302.056045275
487.488835143
125.683281347
142.647845871
-36.4940402343
-8.22587863791
39.6341339719
73.9144770914
121.174863424
79.0891308375
-5.18440770402
-99.9499357249
-206.082357637
-219.758948856
-151.067916814
-40.9078550254
172.056812737
248.173572598
375.717478435
280.743943141
228.651048289
47.7198811367
-54.5318187641
-152.742516116
-159.720946389
-136.482356569
-60.4590720788
-22.1719379274
31.6551274782
9.20906815042
15.3125927658
-14.6363654217
5.90160922106
36.019304223
87.0525378345
137.324645113
152.545914505
138.450150602
79.4785419871
1.92410024512
-75.0220024236
477.054680502
264.172690178
727.516628025
304.996457212
404.318821663
-125.943968498
-172.376469837
-405.493778843
-329.338387743
-254.220684268
-1.76426380357
92.0503641172
331.231273936
250.187631827
336.765598254
159.225982296
145.142608254
68.6391438077
27.9098667846
94.5938549762
37.1355843592
114.014552386
8.61649752496
-14.6870263253
-127.816333356
-187.620077582
-206.008186338
-157.419170342
-56.4719030941
101.565428926
194.045401802
315.518761891
275.229144723
257.339445252
117.108632629
15.0398129889
-86.3589419297
-153.577317211
-144.787693032
-134.726527458
-70.5877728327
-32.2193592883
-0.151540729134
18.7655422276
11.9918821722
22.3860878255
31.5670564523
56.4499569296
100.510174623
117.331201219
143.561031947
109.311856258
70.4164260747
-5.70999604218
497.693462835
279.420242882
696.389334427
298.769890143
357.272226937
-125.674330606
-214.57983816
-385.084555367
-349.686067928
-218.79303271
-39.9146773794
86.9841743967
281.717808052
246.126390798
320.160905781
183.443363003
158.834191137
90.3509719499
34.6222940496
103.241462551
44.5052282844
124.138460365
26.6876371967
-1.31868487523
-106.344905276
-183.107295254
-197.441626638
-178.667108572
-77.3873389611
51.373437095
155.818124761
265.963944058
255.105549618
244.679799759
136.980723932
47.4699608473
-35.7664386303
-95.704590228
-88.3832080098
-85.8928033276
-41.1238011069
-26.6971451309
-19.5604172517
-25.0261392919
-45.1141187317
-38.8933440933
-24.2232952348
20.8266254502
76.9557623858
121.329776992
153.268213515
138.268767739
100.64176174
33.8213694001
401.242097048
255.17025737
541.472596806
254.799646259
255.069773229
-88.3240551817
-164.938890443
-273.009790388
-298.80847144
-197.997669177
-94.1113645519
28.9137185102
179.236913282
208.345461131
269.956625303
183.183686219
149.578547693
85.6175088589
28.8747456744
77.6756370165
35.6727224021
104.08950461
38.185767548
25.7184224741
-55.3870651893
-122.000964045
-147.430794389
-165.670752876
-105.488496361
-30.6215411771
62.7291490874
160.137225357
197.232659221
219.37296898
168.823527186
101.159569062
27.5686892079
-51.6398209144
-71.2731855913
-95.0986634199
-62.8023188437
-43.6240642985
-14.7260655646
0.641961945338
-3.48975741099
-7.03862448147
-18.2073580645
-17.2169541202
1.2943609195
24.6646055224
64.9193213705
88.9284913098
103.35498002
92.2119475442
472.587928756
331.881333203
595.142485495
266.609938604
252.077588856
-107.932378443
-181.683827984
-284.507137306
-297.984789755
-205.318482022
-96.8746134241
-14.8600002174
165.508522396
151.118666166
256.079070176
142.813419248
148.225135895
76.5230300305
55.1013890799
103.890890294
98.8106077314
138.758799538
111.383798628
32.6949800755
-18.3343334323
-154.561275298
-167.627279553
-227.636779388
-165.683186428
-91.4744678557
14.2382181513
133.43315169
204.218631465
230.245013332
217.275820324
124.339240801
74.016431983
-34.521752738
-47.8747153039
-81.5995401672
-53.3992721718
-31.8213786034
-11.8383957504
-6.68579587223
-16.4540746558
-47.3990736356
-50.520669211
-70.7978312955
-26.342268103
0.220756827098
71.2658278961
111.13292303
142.047917773
133.393247799
458.852102836
309.192950332
526.777024623
228.752812798
256.48956942
-50.6691631429
-115.746813343
-225.710979916
-253.42539808
-218.314694286
-126.045336364
-62.9924494695
115.253986296
106.68505581
236.830750482
146.776525368
187.104473878
111.521885169
107.136595014
98.5625094377
87.9936167677
89.4992987486
69.7031614941
15.276234563
-16.3970794581
-109.246927125
-121.404916552
-173.927452443
-128.674717287
-91.6710280038
-2.09045328746
79.7115010449
150.57241291
188.379600302
188.605866513
145.937703275
93.6228540818
16.128935551
-27.1262052309
-73.7789353798
-70.9295693758
-70.8884851026
-41.1721645618
-27.3234012016
-8.28206124171
-7.29543025336
-6.17788947165
-9.2027577137
-2.35255327081
10.7271430474
36.6316245051
58.4978369965
82.3081044073
83.0374465066
76.3033001952
42.4013671093
7.20491333049
-35.9305471289
-65.0125589514
-79.1611111176
-74.3746833565
-51.5294861115
-20.7599979358
11.2898424181
36.5273025654
46.9311884687
48.2966265506
35.2821556774
22.8826826687
8.13060989556
1.49867310577
-0.161457546535
2.23894005646
6.32759412565
5.75212795036
2.21991093055
-7.02645110811
-18.0537300388
-26.3162804511
-30.3088034949
-24.6883281686
-13.7366357611
3.09623608119
18.8433432885
30.4550996871
35.1074557679
30.8331104427
20.9939727084
7.13324963169
-5.413085844
-14.2137277123
-17.7107797258
-15.5200836891
-10.554983398
-4.07137860944
0.503520679495
2.73133574225
2.31178300469
0.238195320909
-1.42427643737
-1.99583481794
-0.126972266545
3.17840650964
7.08526331333
10.0390769051
10.6328440402
8.77583494948
4.49490931921
-0.69649744257
-5.60579921923
-8.79305039965
-9.49529538013
-7.92333427767
-4.56485562784
-0.783247837537
2.5210766159
4.48645811957
4.90343196916
4.09755930018
2.55965401144
1.09746244758
0.0854075807666
-0.199660945781
0.0394741801167
0.483344686819
0.809749325806
0.708535305892
0.206347935343
-0.591088822406
-1.36367312237
-1.83248277729
-1.83490949371
-1.34518193729
-0.537402062798
0.377242531254
1.1227674418
1.52576433777
1.51956373562
1.1530523959
0.684075084088
0.181866894854
-0.208150665036
-0.417264166318
-0.435816925274
-0.31293690385
-0.133820504531
0.0292367300074
0.0713412404019
0.0678546961517
0.0334492307298
-0.00318696168334
-0.0138398874344
0.0155005820927
0.0853669708703
0.175130561549
0.166374033472
0.158055331798
0.150152565208
0.142644936948
0.135512690101
0.128737055596
0.122300202816
0.116185192675
0.110375933041
0.104857136389
0.0996142795697
0.0946335655913
0.0899018873117
0.0854067929461
0.0811364532988
0.0770796306339
0.0732256491022
0.0695643666471
0.0660861483147
0.062781840899
0.059642748854
0.0566606114113
0.0538275808408
0.0511362017987
0.0485793917088
0.0461504221233
0.0438429010172
0.0416507559663
0.039568218168
0.0375898072596
0.0357103168966
0.0339248010518
0.0322285609992
0.0306171329492
0.0290862763018
0.0276319624867
0.0262503643624
0.0249378461442
0.023690953837
0.0225064061452
0.0213810858379
0.020312031546
0.0192964299687
0.0183316084703
0.0174150280468
0.0165442766444
0.0157170628122
0.0149312096716
0.014184649188
0.0134754167286
0.0128016458922
0.0121615635976
0.0115534854177
0.0109758111468
0.0104270205895
0.00990566956
0.009410386082
0.0089398667779
0.008492873439
0.00806822976705
0.0076648182787
0.00728157736477
0.00691749849653
0.0065716235717
0.00624304239312
0.00593089027346
0.00563434575979
0.0053526284718
0.00508499704821
0.0048307471958
0.00458920983601
0.00435974934421
0.004141761877
0.00393467378315
0.00373794009399
0.00355104308929
0.00337349093483
0.00320481638808
0.00304457556868
0.00289234679025
0.00274772945073
0.0026103429782
0.00247982582929
0.00235583453782
0.00223804281093
0.00212614067039
0.00201983363687
0.00191884195502
0.00182289985727
0.00173175486441
0.00164516712119
0.00156290876513
0.00148476332687
0.00141052516053
0.0013399989025
0.00127299895738
0.00120934900951
0.00114888155903
0.00109143748108
0.00103686560703
0.000985022326676
0.000935771210342
0.000888982649825
0.000844533517333
0.000802306841467
0.000762191499393
0.000724081924424
0.000687877828203
0.000653483936792
0.000620809739953
0.000589769252955
0.000560280790307
0.000532266750792
0.000505653413252
0.00048037074259
0.00045635220546
0.000433534595187
0.000411857865428
0.000391264972157
0.000371701723549
0.000353116637371
0.000335460805503
0.000318687765228
0.000302753376966
0.000287615708118
0.000273234922712
0.000259573176576
0.000246594517748
0.00023426479186
0.000222551552267
0.000211423974654
0.000200852775921
0.000190810137125
0.000181269630269
0.000172206148755
0.000163595841318
0.000155416049252
0.000147645246789
0.00014026298445
0.000133249835227
0.000126587343466
0.000120257976293
0.000114245077478
0.000108532823604
0.000103106182424
9.79508733026e-05
9.30533296375e-05
8.84006631556e-05
8.39806299979e-05
7.9781598498e-05
7.57925185731e-05
7.20028926444e-05
6.84027480122e-05
6.49826106116e-05
6.1733480081e-05
5.8646806077e-05
5.57144657731e-05
5.29287424844e-05
5.02823053602e-05
4.77681900922e-05
4.53797805876e-05
4.31107915582e-05
4.09552519803e-05
3.89074893813e-05
3.69621149122e-05
3.51140091666e-05
3.33583087083e-05
3.16903932729e-05
3.01058736092e-05
2.86005799288e-05
2.71705509323e-05
2.58120233857e-05
2.45214222164e-05
2.32953511056e-05
2.21305835503e-05
2.10240543728e-05
1.99728516542e-05
1.89742090715e-05
1.80254986179e-05
1.7124223687e-05
1.62680125026e-05
1.54546118775e-05
1.46818812836e-05
1.39477872195e-05
1.32503978585e-05
1.25878779656e-05
1.19584840673e-05
1.13605598639e-05
1.07925318707e-05
1.02529052772e-05
9.74026001333e-06
9.25324701266e-06
8.79058466203e-06
8.35105542892e-06
7.93350265748e-06
7.5368275246e-06
7.15998614837e-06
6.80198684096e-06
6.46188749891e-06
6.13879312396e-06
5.83185346776e-06
5.54026079438e-06
5.26324775466e-06
5.00008536692e-06
4.75008109858e-06
4.51257704365e-06
4.28694819147e-06
4.07260078189e-06
3.8689707428e-06
3.67552220566e-06
3.49174609538e-06
3.31715879061e-06
3.15130085108e-06
2.99373580852e-06
2.8440490181e-06
2.70184656719e-06
2.56675423883e-06
2.43841652689e-06
2.31649570055e-06
2.20067091552e-06
2.09063736974e-06
1.98610550126e-06
1.88680022619e-06
1.79246021488e-06
1.70283720414e-06
1.61769534393e-06
1.53681057674e-06
1.4599700479e-06
1.3869715455e-06
1.31762296823e-06
1.25174181982e-06
1.18915472883e-06
1.12969699239e-06
1.07321214277e-06
1.01955153563e-06
9.68573958846e-07
9.20145260904e-07
8.74137997859e-07
8.30431097966e-07
7.88909543067e-07
7.49464065914e-07
7.11990862618e-07
6.76391319487e-07
6.42571753513e-07
6.10443165837e-07
5.79921007546e-07
5.50924957168e-07
5.2337870931e-07
4.97209773844e-07
4.72349285152e-07
4.48731820895e-07
4.2629522985e-07
4.04980468357e-07
3.84731444939e-07
3.65494872692e-07
3.47220129058e-07
3.29859122605e-07
3.13366166475e-07
2.97697858151e-07
2.82812965243e-07
2.68672316981e-07
2.55238701132e-07
2.42476766076e-07
2.30352927772e-07
2.18835281383e-07
2.07893517314e-07
1.97498841448e-07
1.87623899376e-07
1.78242704407e-07
1.69330569187e-07
1.60864040727e-07
1.52820838691e-07
1.45179796757e-07
1.37920806919e-07
1.31024766573e-07
1.24473528244e-07
1.18249851832e-07
1.1233735924e-07
1.06720491278e-07
1.01384466714e-07
9.63152433787e-08
9.14994812097e-08
8.69245071492e-08
8.25782817918e-08
7.84493677022e-08
7.45268993171e-08
7.08005543512e-08
6.72605266337e-08
6.3897500302e-08
6.07026252869e-08
5.76674940225e-08
5.47841193214e-08
5.20449133553e-08
4.94426676876e-08
4.69705343032e-08
4.4622007588e-08
4.23909072086e-08
4.02713618482e-08
3.82577937558e-08
3.6344904068e-08
3.45276588646e-08
3.28012759214e-08
3.11612121253e-08
2.9603151519e-08
2.81229939431e-08
2.67168442459e-08
2.53810020336e-08
2.4111951932e-08
2.29063543354e-08
2.17610366186e-08
2.06729847877e-08
1.96393355483e-08
1.86573687709e-08
1.77245003323e-08
1.68382753157e-08
1.59963615499e-08
1.51965434724e-08
1.44367162988e-08
1.37148804839e-08
1.30291364597e-08
1.23776796367e-08
1.17587956549e-08
1.11708558721e-08
1.06123130785e-08
1.00816974246e-08
9.57761255335e-09
9.09873192568e-09
8.6437953294e-09
8.21160556293e-09
7.80102528478e-09
7.41097402054e-09
7.04042531951e-09
6.68840405354e-09
6.35398385086e-09
6.03628465832e-09
5.7344704254e-09
5.44774690413e-09
5.17535955893e-09
4.91659158098e-09
4.67076200193e-09
4.43722390183e-09
4.21536270674e-09
4.00459457141e-09
3.80436484284e-09
3.61414660069e-09
3.43343927066e-09
3.26176730713e-09
3.09867894177e-09
2.94374499468e-09
2.79655774495e-09
2.6567298577e-09
2.52389336481e-09
2.39769869657e-09
2.27781376175e-09
2.16392307366e-09
2.05572691998e-09
1.95294057398e-09
1.85529354528e-09
1.76252886801e-09
1.67440242461e-09
1.59068230338e-09
1.51114818821e-09
1.4355907788e-09
1.36381123986e-09
1.29562067787e-09
1.23083964398e-09
1.16929766178e-09
1.11083277869e-09
1.05529113975e-09
1.00252658277e-09
9.52400253628e-10
9.04780240946e-10
8.59541228899e-10
8.16564167454e-10
7.75735959081e-10
7.36949161127e-10
7.00101703071e-10
6.65096617917e-10
6.31841787022e-10
6.0024969767e-10
5.70237212787e-10
5.41725352148e-10
5.1463908454e-10
4.88907130313e-10
4.64461773798e-10
4.41238685108e-10
4.19176750852e-10
3.9821791331e-10
3.78307017644e-10
3.59391666762e-10
3.41422083424e-10
3.24350979253e-10
3.0813343029e-10
2.92726758776e-10
2.78090420837e-10
2.64185899795e-10
2.50976604805e-10
2.38427774565e-10
2.26506385837e-10
2.15181066545e-10
2.04422013218e-10
1.94200912557e-10
1.84490866929e-10
1.75266323582e-10
1.66503007403e-10
1.58177857033e-10
1.50268964182e-10
1.42755515972e-10
1.35617740174e-10
1.28836853165e-10
1.22395010507e-10
1.16275259982e-10
1.10461496982e-10
1.04938422133e-10
9.96915010267e-11
9.47069259753e-11
8.99715796766e-11
8.54730006927e-11
8.11993506581e-11
7.71393831252e-11
7.32824139689e-11
6.96182932705e-11
6.6137378607e-11
6.28305096766e-11
5.96889841928e-11
5.67045349831e-11
5.3869308234e-11
5.11758428223e-11
4.86170506812e-11
4.61861981471e-11
4.38768882398e-11
4.16830438278e-11
3.95988916364e-11
3.76189470546e-11
3.57379997018e-11
3.39510997167e-11
3.22535447309e-11
3.06408674944e-11
2.91088241196e-11
2.76533829137e-11
2.6270713768e-11
2.49571780796e-11
2.37093191756e-11
2.25238532168e-11
2.1397660556e-11
2.03277775282e-11
1.93113886518e-11
1.83458192192e-11
1.74285282582e-11
1.65571018453e-11
1.5729246753e-11
1.49427844154e-11
1.41956451946e-11
1.34858629349e-11
1.28115697881e-11
1.21709912987e-11
1.15624417338e-11
1.09843196471e-11
1.04351036648e-11
9.91334848152e-12
9.41768105744e-12
8.94679700457e-12
8.49945715434e-12
8.07448429663e-12
7.67076008179e-12
7.2872220777e-12
6.92286097382e-12
6.57671792513e-12
6.24788202887e-12
5.93548792743e-12
5.63871353106e-12
5.3567778545e-12
5.08893896178e-12
4.83449201369e-12
4.59276741301e-12
4.36312904236e-12
4.14497259024e-12
3.93772396073e-12
3.74083776269e-12
3.55379587455e-12
3.37610608083e-12
3.20730077679e-12
3.04693573795e-12
2.89458895105e-12
2.7498595035e-12
2.61236652832e-12
2.48174820191e-12
2.35766079181e-12
2.23977775222e-12
2.12778886461e-12
2.02139942138e-12
1.92032945031e-12
1.82431297779e-12
1.7330973289e-12
1.64644246246e-12
1.56412033934e-12
1.48591432237e-12
1.41161860625e-12
1.34103767594e-12
1.27398579214e-12
1.21028650253e-12
1.14977217741e-12
1.09228356854e-12
1.03766939011e-12
9.85785920605e-13
9.36496624575e-13
8.89671793346e-13
8.45188203679e-13
8.02928793495e-13
7.6278235382e-13
7.24643236129e-13
6.88411074323e-13
6.53990520606e-13
6.21290994576e-13
5.90226444847e-13
5.60715122605e-13
5.32679366475e-13
5.06045398151e-13
4.80743128243e-13
4.56705971831e-13
4.3387067324e-13
4.12177139578e-13
3.91568282599e-13
3.71989868469e-13
3.53390375045e-13
3.35720856293e-13
3.18934813478e-13
3.02988072805e-13
2.87838669164e-13
2.73446735706e-13
2.59774398921e-13
2.46785678975e-13
2.34446395026e-13
2.22724075275e-13
2.11587871511e-13
2.01008477935e-13
1.90958054039e-13
1.81410151337e-13
1.7233964377e-13
1.63722661581e-13
1.55536528502e-13
1.47759702077e-13
1.40371716973e-13
1.33353131125e-13
1.26685474568e-13
1.2035120084e-13
1.14333640798e-13
1.08616958758e-13
1.0318611082e-13
9.80268052792e-14
9.31254650152e-14
8.84691917645e-14
8.40457321763e-14
7.98434455674e-14
7.58512732891e-14
7.20587096246e-14
6.84557741434e-14
6.50329854362e-14
6.17813361644e-14
5.86922693562e-14
5.57576558884e-14
5.2969773094e-14
5.03212844393e-14
4.78052202173e-14
4.54149592064e-14
4.31442112461e-14
4.09870006838e-14
3.89376506496e-14
3.69907681171e-14
3.51412297113e-14
3.33841682257e-14
3.17149598144e-14
3.01292118237e-14
2.86227512325e-14
2.71916136709e-14
2.58320329874e-14
2.4540431338e-14
2.33134097711e-14
2.21477392825e-14
2.10403523184e-14
1.99883347025e-14
1.89889179674e-14
1.8039472069e-14
1.71374984655e-14
1.62806235423e-14
1.54665923652e-14
1.46932627469e-14
1.39585996095e-14
1.32606696291e-14
1.25976361476e-14
1.19677543402e-14
1.13693666232e-14
1.08008982921e-14
1.02608533775e-14
9.74781070859e-15
9.26042017316e-15
8.7973991645e-15
8.35752920628e-15
7.93965274596e-15
7.54267010866e-15
7.16553660323e-15
6.80725977307e-15
6.46689678442e-15
6.14355194519e-15
5.83637434794e-15
5.54455563054e-15
5.26732784901e-15
5.00396145656e-15
4.75376338373e-15
4.51607521455e-15
4.29027145382e-15
4.07575788113e-15
3.87196998707e-15
3.67837148772e-15
3.49445291333e-15
3.31973026767e-15
3.15374375428e-15
2.99605656657e-15
2.84625373824e-15
2.70394105133e-15
2.56874399876e-15
2.44030679882e-15
2.31829145888e-15
2.20237688594e-15
2.09225804164e-15
1.98764513956e-15
1.88826288258e-15
1.79384973845e-15
1.70415725153e-15
1.61894938895e-15
1.53800191951e-15
1.46110182353e-15
1.38804673235e-15
1.31864439574e-15
1.25271217595e-15
1.19007656715e-15
1.13057273879e-15
1.07404410185e-15
1.02034189676e-15
9.69324801924e-16
9.20858561827e-16
8.74815633736e-16
8.31074852049e-16
7.89521109447e-16
7.50045053974e-16
7.12542801276e-16
6.76915661212e-16
6.43069878151e-16
6.10916384244e-16
5.80370565032e-16
5.5135203678e-16
5.23784434941e-16
4.97595213194e-16
4.72715452534e-16
4.49079679908e-16
4.26625695912e-16
4.05294411117e-16
3.85029690561e-16
3.65778206033e-16
3.47489295731e-16
3.30114830944e-16
3.13609089397e-16
2.97928634927e-16
2.83032203181e-16
2.68880593022e-16
2.55436563371e-16
2.42664735202e-16
2.30531498442e-16
2.1900492352e-16
2.08054677344e-16
1.97651943477e-16
1.87769346303e-16
1.78380878988e-16
1.69461835039e-16
1.60988743287e-16
1.52939306122e-16
1.45292340816e-16
1.38027723775e-16
1.31126337587e-16
1.24570020707e-16
1.18341519672e-16
1.12424443688e-16
1.06803221504e-16
1.01463060429e-16
9.63899074072e-17
9.15704120369e-17
8.6991891435e-17
8.26422968633e-17
7.85101820201e-17
7.45846729191e-17
7.08554392732e-17
6.73126673095e-17
6.3947033944e-17
6.07496822468e-17
5.77121981345e-17
5.48265882278e-17
5.20852588164e-17
4.94809958756e-17
4.70069460818e-17
4.46565987777e-17
4.24237688388e-17
4.03025803969e-17
3.8287451377e-17
3.63730788082e-17
3.45544248678e-17
3.28267036244e-17
3.11853684432e-17
2.9626100021e-17
2.81447950199e-17
2.67375552689e-17
2.54006775055e-17
2.41306436302e-17
2.29241114487e-17
2.17779058763e-17
2.06890105825e-17
1.96545600533e-17
1.86718320507e-17
1.77382404481e-17
1.68513284257e-17
1.60087620044e-17
1.52083239042e-17
1.4447907709e-17
1.37255123236e-17
1.30392367074e-17
1.2387274872e-17
1.17679111284e-17
1.1179515572e-17
1.06205397934e-17
1.00895128037e-17
9.58503716354e-18
9.10578530536e-18
8.65049604009e-18
8.21797123809e-18
7.80707267618e-18
7.41671904237e-18
7.04588309026e-18
6.69358893574e-18
6.35890948896e-18
6.04096401451e-18
5.73891581378e-18
5.45197002309e-18
5.17937152194e-18
4.92040294584e-18
4.67438279855e-18
4.44066365862e-18
4.21863047569e-18
4.00769895191e-18
3.80731400431e-18
3.6169483041e-18
3.43610088889e-18
3.26429584445e-18
3.10108105222e-18
2.94602699961e-18
2.79872564963e-18
2.65878936715e-18
2.52584989879e-18
2.39955740385e-18
2.27957953366e-18
2.16560055698e-18
2.05732052913e-18
1.95445450267e-18
1.85673177754e-18
1.76389518866e-18
1.67570042923e-18
1.59191540777e-18
1.51231963738e-18
1.43670365551e-18
1.36486847273e-18
1.2966250491e-18
1.23179379664e-18
1.17020410681e-18
1.11169390147e-18
1.0561092064e-18
1.00330374608e-18
9.53138558773e-19
9.05481630834e-19
8.60207549293e-19
8.17197171828e-19
7.76337313237e-19
7.37520447575e-19
7.00644425196e-19
6.65612203936e-19
6.32331593739e-19
6.00715014052e-19
5.7067926335e-19
5.42145300182e-19
5.15038035173e-19
4.89286133415e-19
4.64821826744e-19
4.41580735407e-19
4.19501698636e-19
3.98526613705e-19
3.78600283019e-19
3.59670268868e-19
3.41686755425e-19
3.24602417654e-19
3.08372296771e-19
2.92953681932e-19
2.78305997836e-19
2.64390697944e-19
2.51171163047e-19
2.38612604894e-19
2.2668197465e-19
2.15347875917e-19
2.04580482121e-19
1.94351458015e-19
1.84633885115e-19
1.75402190859e-19
1.66632081316e-19
1.5830047725e-19
1.50385453388e-19
1.42866180718e-19
1.35722871682e-19
1.28936728098e-19
1.22489891693e-19
1.16365397109e-19
1.10547127253e-19
1.05019770891e-19
9.9768782346e-20
9.47803432287e-20
9.00413260673e-20
8.55392597639e-20
8.12622967757e-20
7.71991819369e-20
7.33392228401e-20
6.96722616981e-20
6.61886486132e-20
6.28792161825e-20
5.97352553734e-20
5.67484926047e-20
5.39110679745e-20
5.12155145758e-20
4.8654738847e-20
4.62220019046e-20
4.39109018094e-20
4.17153567189e-20
3.9629588883e-20
3.76481094388e-20
3.57657039669e-20
3.39774187685e-20
3.22785478301e-20
3.06646204386e-20
2.91313894167e-20
2.76748199458e-20
2.62910789485e-20
2.49765250011e-20
2.37276987511e-20
2.25413138135e-20
2.14142481228e-20
2.03435357167e-20
1.93263589309e-20
1.83600409843e-20
1.74420389351e-20
1.65699369883e-20
1.57414401389e-20
1.4954368132e-20
1.42066497254e-20
1.34963172391e-20
1.28215013772e-20
1.21804263083e-20
1.15714049929e-20
1.09928347432e-20
1.04431930061e-20
9.92103335578e-21
9.42498168799e-21
8.95373260359e-21
8.50604597341e-21
8.08074367474e-21
7.676706491e-21
7.29287116645e-21
6.92822760813e-21
6.58181622772e-21
6.25272541634e-21
5.94008914552e-21
5.64308468824e-21
5.36093045383e-21
5.09288393114e-21
4.83823973458e-21
4.59632774785e-21
4.36651136046e-21
4.14818579244e-21
3.94077650282e-21
3.74373767767e-21
3.55655079379e-21
3.3787232541e-21
3.2097870914e-21
3.04929773683e-21
2.89683284999e-21
2.75199120749e-21
2.61439164711e-21
2.48367206476e-21
2.35948846152e-21
2.24151403844e-21
2.12943833652e-21
2.02296641969e-21
1.92181809871e-21
1.82572719377e-21
1.73444083409e-21
1.64771879238e-21
1.56533285276e-21
1.48706621012e-21
1.41271289962e-21
1.34207725464e-21
1.2749733919e-21
1.21122472231e-21
1.15066348619e-21
1.09313031188e-21
1.03847379629e-21
9.86550106476e-22
9.37222601152e-22
8.90361471094e-22
8.4584339754e-22
8.03551227663e-22
7.6337366628e-22
7.25204982966e-22
6.88944733817e-22
6.54497497126e-22
6.2177262227e-22
5.90683991157e-22
5.61149791599e-22
5.33092302019e-22
5.06437686918e-22
4.81115802572e-22
4.57060012443e-22
4.34207011821e-22
4.1249666123e-22
3.91871828169e-22
3.7227823676e-22
3.53664324922e-22
3.35981108676e-22
3.19182053242e-22
3.0322295058e-22
2.88061803051e-22
2.73658712899e-22
2.59975777254e-22
2.46976988391e-22
2.34628138971e-22
2.22896732023e-22
2.11751895422e-22
2.01164300651e-22
1.91106085618e-22
1.81550781337e-22
1.7247324227e-22
1.63849580157e-22
1.55657101149e-22
1.47874246092e-22
1.40480533787e-22
1.33456507098e-22
1.26783681743e-22
1.20444497656e-22
1.14422272773e-22
1.08701159134e-22
1.03266101177e-22
9.81027961186e-23
9.31976563127e-23
8.8537773497e-23
8.41108848222e-23
7.99053405811e-23
7.5910073552e-23
7.21145698744e-23
6.85088413807e-23
6.50833993117e-23
6.18292293461e-23
5.87377678788e-23
5.58008794848e-23
5.30108355106e-23
5.03602937351e-23
4.78422790483e-23
4.54501650959e-23
4.31776568411e-23
4.1018773999e-23
3.89678352991e-23
3.70194435341e-23
3.51684713574e-23
3.34100477896e-23
3.17395454001e-23
3.01525681301e-23
2.86449397236e-23
2.72126927374e-23
2.58520581005e-23
2.45594551955e-23
2.33314824357e-23
2.21649083139e-23
2.10566628982e-23
2.00038297533e-23
1.90036382657e-23
1.80534563524e-23
1.71507835348e-23
1.6293244358e-23
1.54785821401e-23
1.47046530331e-23
1.39694203815e-23
1.32709493624e-23
1.26074018943e-23
1.19770317996e-23
1.13781802096e-23
1.08092711991e-23
1.02688076391e-23
9.75536725719e-24
9.26759889433e-24
8.80421894961e-24
8.36400800213e-24
7.94580760202e-24
7.54851722192e-24
7.17109136083e-24
6.81253679278e-24
6.47190995315e-24
6.14831445549e-24
5.84089873271e-24
5.54885379608e-24
5.27141110627e-24
5.00784055096e-24
4.75744852341e-24
4.51957609724e-24
4.29359729238e-24
4.07891742776e-24
3.87497155637e-24
3.68122297855e-24
3.49716182963e-24
3.32230373814e-24
3.15618855124e-24
2.99837912368e-24
2.84846016749e-24
2.70603715912e-24
2.57073530116e-24
2.4421985361e-24
2.3200886093e-24
2.20408417883e-24
2.09387996989e-24
1.9891859714e-24
1.88972667283e-24
1.79524033919e-24
1.70547832223e-24
1.62020440612e-24
1.53919418581e-24
1.46223447652e-24
1.38912275269e-24
1.31966661506e-24
1.25368328431e-24
1.19099912009e-24
1.13144916409e-24
1.07487670588e-24
1.02113287059e-24
9.70076227058e-25
9.21572415705e-25
8.7549379492e-25
8.31719105174e-25
7.90133149915e-25
7.50626492419e-25
7.13095167798e-25
6.77440409409e-25
6.43568388938e-25
6.11389969491e-25
5.80820471017e-25
5.51779447466e-25
5.24190475092e-25
4.97980951338e-25
4.73081903771e-25
4.49427808582e-25
4.26956418153e-25
4.05608597246e-25
3.85328167383e-25
3.66061759014e-25
3.47758671063e-25
3.3037073751e-25
3.13852200635e-25
2.98159590603e-25
2.83251611073e-25
2.69089030519e-25
2.55634578993e-25
2.42852850044e-25
2.30710207541e-25
2.19174697164e-25
2.08215962306e-25
1.97805164191e-25
1.87914905981e-25
1.78519160682e-25
1.69593202648e-25
1.61113542516e-25
1.5305786539e-25
1.4540497212e-25
1.38134723514e-25
1.31227987339e-25
1.24666587972e-25
1.18433258573e-25
1.12511595645e-25
1.06886015862e-25
1.01541715069e-25
9.64646293157e-26
9.16413978499e-26
8.70593279574e-26
8.27063615596e-26
7.85710434816e-26
7.46424913075e-26
7.09103667421e-26
6.7364848405e-26
6.39966059848e-26
6.07967756855e-26
5.77569369013e-26
5.48690900562e-26
5.21256355534e-26
4.95193537757e-26
4.70433860869e-26
4.46912167826e-26
4.24566559435e-26
4.03338231463e-26
3.8317131989e-26
3.64012753895e-26
3.458121162e-26
3.2852151039e-26
3.12095434871e-26
2.96490663127e-26
2.81666129971e-26
2.67582823472e-26
2.54203682299e-26
2.41493498184e-26
2.29418823275e-26
2.17947882111e-26
2.07050488005e-26
1.96697963605e-26
1.86863065425e-26
1.77519912154e-26
1.68643916546e-26
1.60211720719e-26
1.52201134683e-26
1.44591077949e-26
1.37361524051e-26
1.30493447849e-26
1.23968775456e-26
1.17770336683e-26
1.11881819849e-26
1.06287728857e-26
1.00973342414e-26
9.59246752932e-27
9.11284415285e-27
8.65720194521e-27
8.22434184795e-27
7.81312475555e-27
7.42246851778e-27
7.05134509189e-27
6.69877783729e-27
6.36383894543e-27
6.04564699816e-27
5.74336464825e-27
5.45619641584e-27
5.18338659504e-27
4.92421726529e-27
4.67800640203e-27
4.44410608193e-27
4.22190077783e-27
4.01080573894e-27
3.81026545199e-27
3.61975217939e-27
3.43876457042e-27
3.2668263419e-27
3.10348502481e-27
2.94831077357e-27
2.80089523489e-27
2.66085047314e-27
2.52780794949e-27
2.40141755201e-27
2.28134667441e-27
2.16727934069e-27
2.05891537366e-27
1.95596960497e-27
1.85817112472e-27
1.76526256849e-27
1.67699944006e-27
1.59314946806e-27
1.51349199466e-27
1.43781739492e-27
1.36592652518e-27
1.29763019892e-27
1.23274868897e-27
1.17111125452e-27
1.1125556918e-27
1.05692790721e-27
1.00408151185e-27
9.53877436256e-28
9.06183564443e-28
8.60874386221e-28
8.1783066691e-28
7.76939133564e-28
7.38092176886e-28
7.01187568042e-28
6.6612818964e-28
6.32821780158e-28
6.0118069115e-28
5.71121656592e-28
5.42565573763e-28
5.15437295075e-28
4.89665430321e-28
4.65182158805e-28
4.41923050865e-28
4.19826898321e-28
3.98835553405e-28
3.78893775735e-28
3.59949086948e-28
3.41951632601e-28
3.24854050971e-28
3.08611348422e-28
2.93180781001e-28
2.78521741951e-28
2.64595654854e-28
2.51365872111e-28
2.38797578505e-28
2.2685769958e-28
2.15514814601e-28
2.04739073871e-28
1.94502120177e-28
1.84777014169e-28
1.7553816346e-28
1.66761255287e-28
1.58423192523e-28
1.50502032897e-28
1.42976931252e-28
1.35828084689e-28
1.29036680455e-28
1.22584846432e-28
1.1645560411e-28
1.10632823905e-28
1.0510118271e-28
9.98461235742e-29
9.48538173955e-29
9.01111265257e-29
8.56055701994e-29
8.13252916894e-29
7.7259027105e-29
7.33960757497e-29
6.97262719622e-29
6.62399583641e-29
6.29279604459e-29
5.97815624236e-29
5.67924843024e-29
5.39528600873e-29
5.1255217083e-29
4.86924562288e-29
4.62578334174e-29
4.39449417465e-29
4.17476946592e-29
3.96603099262e-29
3.76772944299e-29
3.57934297084e-29
3.4003758223e-29
3.23035703118e-29
3.06883917962e-29
2.91539722064e-29
2.76962735961e-29
2.63114599163e-29
2.49958869205e-29
2.37460925745e-29
2.25587879457e-29
2.14308485485e-29
2.0359306121e-29
1.9341340815e-29
1.83742737742e-29
1.74555600855e-29
1.65827820812e-29
1.57536429772e-29
1.49659608283e-29
1.42176627869e-29
1.35067796476e-29
1.28314406652e-29
1.21898686319e-29
1.15803752003e-29
1.10013564403e-29
1.04512886183e-29
9.92872418738e-30
9.43228797801e-30
8.96067357911e-30
8.51263990016e-30
8.08700790515e-30
7.68265750989e-30
7.2985246344e-30
6.93359840268e-30
6.58691848254e-30
6.25757255842e-30
5.94469393049e-30
5.64745923397e-30
5.36508627227e-30
5.09683195866e-30
4.84199036073e-30
4.59989084269e-30
4.36989630055e-30
4.15140148553e-30
3.94383141125e-30
3.74663984069e-30
3.55930784865e-30
3.38134245622e-30
3.21227533341e-30
3.05166156674e-30
2.8990784884e-30
2.75412456398e-30
2.61641833578e-30
2.48559741899e-30
2.36131754804e-30
2.24325167064e-30
2.13108908711e-30
2.02453463275e-30
1.92330790112e-30
1.82714250606e-30
1.73578538076e-30
1.64899611172e-30
1.56654630613e-30
1.48821899083e-30
1.41380804129e-30
1.34311763922e-30
1.27596175726e-30
1.2121636694e-30
1.15155548593e-30
1.09397771163e-30
1.03927882605e-30
9.87314884747e-31
9.3794914051e-31
8.91051683484e-31
8.4649909931e-31
8.04174144345e-31
7.63965437127e-31
7.25767165271e-31
6.89478807007e-31
6.55004866657e-31
6.22254623324e-31
5.91141892158e-31
5.6158479755e-31
5.33505557673e-31
5.06830279789e-31
4.814887658e-31
4.5741432751e-31
4.34543611134e-31
4.12816430577e-31
3.92175609049e-31
3.72566828596e-31
3.53938487166e-31
3.36241562808e-31
3.19429484668e-31
3.03458010434e-31
2.88285109912e-31
2.73870854417e-31
2.60177311696e-31
2.47168446111e-31
2.34810023806e-31
2.23069522615e-31
2.11916046485e-31
2.0132024416e-31
1.91254231952e-31
1.81691520355e-31
1.72606944337e-31
1.6397659712e-31
1.55777767264e-31
1.47988878901e-31
1.40589434956e-31
1.33559963208e-31
1.26881965048e-31
1.20537866795e-31
1.14510973456e-31
1.08785424783e-31
1.03346153544e-31
9.81788458664e-32
9.32699035731e-32
8.86064083945e-32
8.41760879747e-32
7.9967283576e-32
7.59689193972e-32
7.21704734273e-32
6.8561949756e-32
6.51338522682e-32
6.18771596548e-32
5.8783301672e-32
5.58441365884e-32
5.3051929759e-32
5.03993332711e-32
4.78793666075e-32
4.54853982771e-32
4.32111283633e-32
4.10505719451e-32
3.89980433479e-32
3.70481411805e-32
3.51957341214e-32
3.34359474154e-32
3.17641500446e-32
3.01759425424e-32
2.86671454152e-32
2.72337881445e-32
2.58720987373e-32
2.45784938004e-32
2.33495691104e-32
2.21820906549e-32
2.10729861221e-32
2.0019336816e-32
1.90183699752e-32
1.80674514764e-32
1.71640789026e-32
1.63058749575e-32
1.54905812096e-32
1.47160521491e-32
1.39802495417e-32
1.32812370646e-32
1.26171752114e-32
1.19863164508e-32
1.13870006283e-32
1.08176505968e-32
1.0276768067e-32
9.76292966365e-33
9.27478318047e-33
8.81104402145e-33
8.37049182038e-33
7.95196722936e-33
7.55436886789e-33
7.17665042449e-33
6.81781790327e-33
6.47692700811e-33
6.1530806577e-33
5.84542662482e-33
5.55315529358e-33
5.2754975289e-33
5.01172265245e-33
4.76113651983e-33
4.52307969384e-33
4.29692570915e-33
4.08207942369e-33
3.8779754525e-33
3.68407667988e-33
3.49987284589e-33
3.32487920359e-33
3.15863524341e-33
3.00070348124e-33
2.85066830718e-33
2.70813489182e-33
2.57272814723e-33
2.44409173987e-33
2.32188715287e-33
2.20579279523e-33
2.09550315547e-33
1.9907279977e-33
1.89119159781e-33
1.79663201792e-33
1.70680041702e-33
1.62146039617e-33
1.54038737636e-33
1.46336800755e-33
1.39019960717e-33
1.32068962681e-33
1.25465514547e-33
1.1919223882e-33
1.13232626879e-33
1.07570995535e-33
1.02192445758e-33
9.70828234701e-34
9.22286822966e-34
8.76172481817e-34
8.32363857727e-34
7.9074566484e-34
7.51208381598e-34
7.13647962518e-34
6.77965564392e-34
6.44067286173e-34
6.11863921864e-34
5.81270725771e-34
5.52207189482e-34
5.24596830008e-34
4.98366988508e-34
4.73448639082e-34
4.49776207128e-34
4.27287396772e-34
4.05923026933e-34
3.85626875587e-34
3.66345531807e-34
3.48028255217e-34
3.30626842456e-34
3.14095500333e-34
2.98390725317e-34
2.83471189051e-34
2.69297629598e-34
2.55832748118e-34
2.43041110712e-34
2.30889055177e-34
2.19344602418e-34
2.08377372297e-34
1.97958503682e-34
1.88060578498e-34
1.78657549573e-34
1.69724672095e-34
1.6123843849e-34
1.53176516565e-34
1.45517690737e-34
1.382418062e-34
1.3132971589e-34
1.24763230096e-34
1.18525068591e-34
1.12598815161e-34
1.06968874403e-34
1.01620430683e-34
9.6539409149e-35
9.17124386915e-35
8.71268167569e-35
8.27704759191e-35
7.86319521231e-35
7.4700354517e-35
7.09653367911e-35
6.74170699516e-35
6.4046216454e-35
6.08439056313e-35
5.78017103497e-35
5.49116248322e-35
5.21660435906e-35
4.95577414111e-35
4.70798543405e-35
4.47258616235e-35
4.24895685423e-35
4.03650901152e-35
3.83468356095e-35
3.6429493829e-35
3.46080191375e-35
3.28776181807e-35
3.12337372716e-35
2.96720504081e-35
2.81884478876e-35
2.67790254933e-35
2.54400742186e-35
2.41680705077e-35
2.29596669823e-35
2.18116836332e-35
2.07210994515e-35
1.96850444789e-35
1.8700792255e-35
1.77657526422e-35
1.68774650101e-35
1.60335917596e-35
1.52319121716e-35
1.44703165631e-35
1.37468007349e-35
1.30594606982e-35
1.24064876633e-35
1.17861632801e-35
1.11968551161e-35
1.06370123603e-35
1.01051617423e-35
9.59990365516e-36
9.1199084724e-36
8.66391304878e-36
8.23071739634e-36
7.81918152652e-36
7.4282224502e-36
7.05681132769e-36
6.7039707613e-36
6.36877222324e-36
6.05033361207e-36
5.74781693147e-36
5.4604260849e-36
5.18740478065e-36
4.92803454162e-36
4.68163281454e-36
4.44755117381e-36
4.22517361512e-36
4.01391493437e-36
3.81321918765e-36
3.62255822826e-36
3.44143031685e-36
3.26935880101e-36
3.10589086096e-36
2.95059631791e-36
2.80306650202e-36
2.66291317691e-36
2.52976751807e-36
2.40327914217e-36
2.28311518506e-36
2.1689594258e-36
2.06051145451e-36
1.95748588179e-36
1.8596115877e-36
1.76663100831e-36
1.6782994579e-36
1.594384485e-36
1.51466526075e-36
1.43893199772e-36
1.36698539783e-36
1.29863612794e-36
1.23370432154e-36
1.17201910546e-36
1.11341815019e-36
1.05774724268e-36
1.00485988055e-36
9.5461688652e-37
9.06886042194e-37
8.61541740084e-37
8.1846465308e-37
7.77541420426e-37
7.38664349405e-37
7.01731131935e-37
6.66644575338e-37
6.33312346571e-37
6.01646729242e-37
5.7156439278e-37
5.42986173141e-37
5.15836864484e-37
4.9004502126e-37
4.65542770197e-37
4.42265631687e-37
4.20152350103e-37
3.99144732598e-37
3.79187495968e-37
3.60228121169e-37
3.42216715111e-37
3.25105879355e-37
3.08850585388e-37
2.93408056118e-37
2.78737653312e-37
2.64800770647e-37
2.51560732114e-37
2.38982695509e-37
2.27033560733e-37
2.15681882697e-37
2.04897788562e-37
1.94652899134e-37
1.84920254177e-37
1.75674241468e-37
1.66890529395e-37
1.58546002925e-37
1.50618702779e-37
1.4308776764e-37
1.35933379258e-37
1.29136710295e-37
1.2267987478e-37
1.16545881041e-37
1.10718586989e-37
1.0518265764e-37
9.99235247576e-38
9.49273485198e-38
9.01809810938e-38
8.56719320391e-38
8.13883354371e-38
7.73189186653e-38
7.3452972732e-38
6.97803240954e-38
6.62913078906e-38
6.29767424961e-38
5.98279053713e-38
5.68365101027e-38
5.39946845976e-38
5.12949503677e-38
4.87302028493e-38
4.62936927069e-38
4.39790080715e-38
4.17800576679e-38
3.96910547846e-38
3.77065020453e-38
3.58211769431e-38
3.40301180959e-38
3.23286121911e-38
3.07121815816e-38
2.91765725025e-38
2.77177438774e-38
2.63318566835e-38
2.50152638493e-38
2.37645006568e-38
2.2576275624e-38
2.14474618428e-38
2.03750887507e-38
1.93563343131e-38
1.83885175975e-38
1.74690917176e-38
1.65956371317e-38
1.57658552751e-38
1.49775625114e-38
1.42286843858e-38
1.35172501665e-38
1.28413876582e-38
1.21993182753e-38
1.15893523615e-38
1.10098847434e-38
1.04593905063e-38
9.93642098096e-39
9.43959993191e-39
8.96761993531e-39
8.51923893855e-39
8.09327699162e-39
7.68861314204e-39
7.30418248494e-39
6.93897336069e-39
6.59202469266e-39
6.26242345802e-39
5.94930228512e-39
5.65183717087e-39
5.36924531232e-39
5.10078304671e-39
4.84574389437e-39
4.60345669965e-39
4.37328386467e-39
4.15461967144e-39
3.94688868786e-39
3.74954425347e-39
3.5620670408e-39
3.38396368876e-39
3.21476550432e-39
3.0540272291e-39
2.90132586765e-39
2.75625957427e-39
2.61844659555e-39
2.48752426578e-39
2.36314805249e-39
2.24499064986e-39
2.13274111737e-39
2.0261040615e-39
1.92479885843e-39
1.8285589155e-39
1.73713096973e-39
1.65027442124e-39
1.56776070018e-39
1.48937266517e-39
1.41490403191e-39
1.34415883032e-39
1.2769508888e-39
1.21310334436e-39
1.15244817714e-39
1.09482576829e-39
1.04008447987e-39
9.88080255878e-40
9.38676243084e-40
8.9174243093e-40
8.47155309384e-40
8.04797543914e-40
7.64557666719e-40
7.26329783383e-40
6.90013294214e-40
6.55512629503e-40
6.22736998028e-40
5.91600148126e-40
5.6202014072e-40
5.33919133684e-40
5.07223177e-40
4.8186201815e-40
4.57768917242e-40
4.3488047138e-40
4.13136447811e-40
3.92479625421e-40
3.7285564415e-40
3.54212861942e-40
3.36502218845e-40
3.19677107903e-40
3.03693252508e-40
2.88508589882e-40
2.74083160388e-40
2.60379002369e-40
2.4736005225e-40
2.34992049638e-40
2.23242447156e-40
2.12080324798e-40
2.01476308558e-40
1.9140249313e-40
1.81832368474e-40
1.7274075005e-40
1.64103712548e-40
1.5589852692e-40
1.48103600574e-40
1.40698420545e-40
1.33663499518e-40
1.26980324542e-40
1.20631308315e-40
1.14599742899e-40
1.08869755754e-40
1.03426267967e-40
9.82549545684e-41
9.334220684e-41
8.8675096498e-41
8.42413416731e-41
8.00292745894e-41
7.602781086e-41
7.2226420317e-41
6.86150993011e-41
6.51843443361e-41
6.19251271193e-41
5.88288707633e-41
5.58874272251e-41
5.30930558639e-41
5.04384030707e-41
4.79164829171e-41
4.55206587713e-41
4.32446258327e-41
4.10823945411e-41
3.9028274814e-41
3.70768610733e-41
3.52230180197e-41
3.34618671187e-41
3.17887737627e-41
3.01993350746e-41
2.86893683209e-41
2.72548999048e-41
2.58921549096e-41
2.45975471641e-41
2.33676698059e-41
2.21992863156e-41
2.10893219998e-41
2.00348558998e-41
1.90331131048e-41
1.80814574496e-41
1.71773845771e-41
1.63185153483e-41
1.55025895809e-41
1.47274601018e-41
1.39910870967e-41
1.32915327419e-41
1.26269561048e-41
1.19956082996e-41
1.13958278846e-41
1.08260364903e-41
1.02847346658e-41
9.77049793254e-42
9.28197303591e-42
8.81787438411e-42
8.37698066491e-42
7.95813163166e-42
7.56022505008e-42
7.18221379758e-42
6.8231031077e-42
6.48194795231e-42
6.1578505547e-42
5.84995802696e-42
5.55746012561e-42
5.27958711933e-42
5.01560776337e-42
4.7648273752e-42
4.52658600644e-42
4.30025670612e-42
4.08524387081e-42
3.88098167727e-42
3.68693259341e-42
3.50258596374e-42
3.32745666555e-42
3.16108383227e-42
3.00302964066e-42
2.85287815863e-42
2.71023425069e-42
2.57472253816e-42
2.44598641125e-42
2.32368709069e-42
2.20750273615e-42
2.09712759935e-42
1.99227121938e-42
1.89265765841e-42
1.79802477549e-42
1.70812353672e-42
1.62271735988e-42
1.54158149189e-42
1.46450241729e-42
1.39127729643e-42
1.32171343161e-42
1.25562776003e-42
1.19284637202e-42
1.13320405342e-42
1.07654385075e-42
1.02271665821e-42
9.71580825303e-43
9.23001784038e-43
8.76851694836e-43
8.33009110094e-43
7.9135865459e-43
7.5179072186e-43
7.14201185767e-43
6.78491126479e-43
6.44566570155e-43
6.12338241647e-43
5.81721329565e-43
5.52635263087e-43
5.25003499932e-43
4.98753324936e-43
4.73815658689e-43
4.50124875754e-43
4.27618631967e-43
4.06237700368e-43
3.8592581535e-43
3.66629524582e-43
3.48298048353e-43
3.30883145936e-43
3.14338988639e-43
2.98622039207e-43
2.83690937247e-43
2.69506390384e-43
2.56031070865e-43
2.43229517322e-43
2.31068041456e-43
2.19514639383e-43
2.08538907414e-43
1.98111962043e-43
1.88206363941e-43
1.78796045744e-43
1.69856243457e-43
1.61363431284e-43
1.5329525972e-43
1.45630496734e-43
1.38348971897e-43
1.31431523302e-43
1.24859947137e-43
1.1861694978e-43
1.12686102291e-43
1.07051797177e-43
1.01699207318e-43
9.66142469519e-44
9.17835346043e-44
8.71943578741e-44
8.28346399804e-44
7.86929079814e-44
7.47582625823e-44
7.10203494532e-44
6.74693319805e-44
6.40958653815e-44
6.08910721124e-44
5.78465185068e-44
5.49541925815e-44
5.22064829524e-44
4.95961588048e-44
4.71163508645e-44
4.47605333213e-44
4.25225066552e-44
4.03963813225e-44
3.83765622564e-44
3.64577341435e-44
3.46348474364e-44
3.29031050645e-44
3.12579498113e-44
2.96950523207e-44
2.82102997047e-44
2.67997847195e-44
2.54597954835e-44
2.41868057093e-44
2.29774654239e-44
2.18285921527e-44
2.0737162545e-44
1.97003044178e-44
1.87152891969e-44
1.7779524737e-44
1.68905485002e-44
1.60460210752e-44
1.52437200214e-44
1.44815340204e-44
1.37574573193e-44
1.30695844534e-44
1.24161052307e-44
1.17952999692e-44
1.12055349707e-44
1.06452582222e-44
1.01129953111e-44
9.60734554551e-45
9.12697826824e-45
8.67062935482e-45
8.23709788708e-45
7.82524299273e-45
7.43398084309e-45
7.06228180094e-45
6.70916771089e-45
6.37370932535e-45
6.05502385908e-45
5.75227266612e-45
5.46465903282e-45
5.19142608118e-45
4.93185477712e-45
4.68526203826e-45
4.45099893635e-45
4.22844898953e-45
4.01702654006e-45
3.81617521305e-45
3.6253664524e-45
3.44409812978e-45
3.27189322329e-45
3.10829856213e-45
2.95288363402e-45
2.80523945232e-45
2.6649774797e-45
2.53172860572e-45
2.40514217543e-45
2.28488506666e-45
2.17064081333e-45
2.06210877266e-45
1.95900333403e-45
1.86105316733e-45
1.76800050896e-45
1.67960048351e-45
1.59562045934e-45
1.51583943637e-45
1.44004746455e-45
1.36804509132e-45
1.29964283676e-45
1.23466069492e-45
1.17292766017e-45
1.11428127717e-45
1.05856721331e-45
1.00563885264e-45
9.55356910009e-46
9.07589064509e-46
8.62209611283e-46
8.19099130719e-46
7.78144174183e-46
7.39236965474e-46
7.022751172e-46
6.6716136134e-46
6.33803293273e-46
6.0211312861e-46
5.72007472179e-46
5.4340709857e-46
5.16236743642e-46
4.9042490646e-46
4.65903661137e-46
4.4260847808e-46
4.20478054176e-46
3.99454151467e-46
3.79481443894e-46
3.60507371699e-46
3.42482003114e-46
3.25357902958e-46
3.0909000781e-46
2.9363550742e-46
2.78953732049e-46
2.65006045447e-46
2.51755743174e-46
2.39167956015e-46
2.27209558215e-46
2.15849080304e-46
2.05056626289e-46
1.94803794974e-46
1.85063605226e-46
1.75810424964e-46
1.67019903716e-46
1.5866890853e-46
1.50735463104e-46
1.43198689949e-46
1.36038755451e-46
1.29236817679e-46
1.22774976795e-46
1.16636227955e-46
1.10804416557e-46
1.05264195729e-46
1.00000985943e-46
9.50009366457e-47
9.02508898134e-47
8.57383453228e-47
8.14514280566e-47
7.73788566538e-47
7.35099138211e-47
6.98344181301e-47
6.63426972236e-47
6.30255623624e-47
5.98742842443e-47
5.6880570032e-47
5.40365415304e-47
5.13347144539e-47
4.87679787312e-47
4.63295797947e-47
4.40131008049e-47
4.18124457647e-47
3.97218234764e-47
3.77357323026e-47
3.58489456875e-47
3.40564984031e-47
3.2353673483e-47
3.07359898088e-47
2.91991903184e-47
2.77392308025e-47
2.63522692623e-47
2.50346557992e-47
2.37829230093e-47
2.25937768588e-47
2.14640880159e-47
2.03908836151e-47
1.93713394343e-47
1.84027724626e-47
1.74826338395e-47
1.66085021475e-47
1.57780770401e-47
1.49891731881e-47
1.42397145287e-47
1.35277288023e-47
1.28513423622e-47
1.2208775244e-47
1.15983364818e-47
1.10184196578e-47
1.04674986749e-47
9.94412374112e-48
9.44691755407e-48
8.97457167636e-48
8.52584309254e-48
8.09955093792e-48
7.69457339102e-48
7.30984472147e-48
6.9443524854e-48
6.59713486113e-48
6.26727811807e-48
5.95391421217e-48
5.65621850156e-48
5.37340757648e-48
5.10473719766e-48
4.84950033777e-48
4.60702532089e-48
4.37667405484e-48
4.1578403521e-48
3.94994833449e-48
3.75245091777e-48
3.56482837188e-48
3.38658695329e-48
3.21725760562e-48
3.05639472534e-48
2.90357498907e-48
2.75839623962e-48
2.62047642764e-48
2.48945260626e-48
2.36497997594e-48
2.24673097715e-48
2.13439442829e-48
2.02767470688e-48
1.92629097153e-48
1.82997642296e-48
1.73847760181e-48
1.65155372172e-48
1.56897603563e-48
1.49052723385e-48
1.41600087216e-48
1.34520082855e-48
1.27794078712e-48
1.21404374777e-48
1.15334156038e-48
1.09567448236e-48
1.04089075824e-48
9.88846220329e-49
9.39403909312e-49
8.92433713847e-49
8.47812028154e-49
8.05421426747e-49
7.65150355409e-49
7.26892837639e-49
6.90548195757e-49
6.56020785969e-49
6.23219746671e-49
5.92058759337e-49
5.6245582137e-49
5.34333030302e-49
5.07616378787e-49
4.82235559847e-49
4.58123781855e-49
4.35217592762e-49
4.13456713124e-49
3.92783877468e-49
3.73144683594e-49
3.54487449415e-49
3.36763076944e-49
3.19924923097e-49
3.03928676942e-49
2.88732243095e-49
2.7429563094e-49
2.60580849393e-49
2.47551806923e-49
2.35174216577e-49
2.23415505748e-49
2.12244730461e-49
2.01632493938e-49
1.91550869241e-49
1.81973325779e-49
1.7287465949e-49
1.64230926516e-49
1.5601938019e-49
1.4821841118e-49
1.40807490621e-49
1.3376711609e-49
1.27078760286e-49
1.20724822271e-49
1.14688581158e-49
1.089541521e-49
1.03506444495e-49
9.83311222702e-50
9.34145661567e-50
8.87438378488e-50
8.43066459564e-50
8.00913136586e-50
7.60867479757e-50
7.22824105769e-50
6.8668290048e-50
6.52348755456e-50
6.19731317683e-50
5.88744751799e-50
5.59307514209e-50
5.31342138499e-50
5.04775031574e-50
4.79536279995e-50
4.55559465995e-50
4.32781492696e-50
4.11142418061e-50
3.90585297158e-50
3.710560323e-50
3.52503230685e-50
3.34878069151e-50
3.18134165693e-50
3.02227457409e-50
2.87116084538e-50
2.72760280311e-50
2.59122266296e-50
2.46166152981e-50
2.33857845332e-50
2.22164953065e-50
2.11056705412e-50
2.00503870141e-50
1.90478676634e-50
1.80954742803e-50
1.71907005662e-50
1.63311655379e-50
1.5514607261e-50
1.4738876898e-50
1.40019330531e-50
1.33018364004e-50
1.26367445804e-50
1.20049073514e-50
1.14046619838e-50
1.08344288846e-50
1.02927074404e-50
9.77807206838e-51
9.28916846496e-51
8.82471004171e-51
8.38347453962e-51
7.96430081264e-51
7.56608577201e-51
7.18778148341e-51
6.82839240924e-51
6.48697278878e-51
6.16262414934e-51
5.85449294187e-51
5.56176829478e-51
5.28367988004e-51
5.01949588604e-51
4.76852109174e-51
4.53009503715e-51
4.30359028529e-51
4.08841077103e-51
3.88399023248e-51
3.68979072085e-51
3.50530118481e-51
3.33003612557e-51
3.16353431929e-51
3.00535760333e-51
2.85508972316e-51
2.712335237e-51
2.57671847515e-51
2.44788255139e-51
2.32548842382e-51
2.20921400263e-51
2.0987533025e-51
1.99381563738e-51
1.89412485551e-51
1.79941861273e-51
1.7094476821e-51
1.62397529799e-51
1.54277653309e-51
1.46563770644e-51
1.39235582111e-51
1.32273803006e-51
1.25660112856e-51
1.19377107213e-51
1.13408251852e-51
1.0773783926e-51
1.02350947297e-51
9.72333999318e-52
9.23717299352e-52
8.77531434384e-52
8.33654862665e-52
7.91972119532e-52
7.52373513555e-52
7.14754837877e-52
6.79017095984e-52
6.45066241184e-52
6.12812929125e-52
5.82172282669e-52
5.53063668535e-52
5.25410485109e-52
4.99139960853e-52
4.74182962811e-52
4.5047381467e-52
4.27950123937e-52
4.0655261774e-52
3.86224986853e-52
3.6691373751e-52
3.48568050635e-52
3.31139648103e-52
3.14582665698e-52
2.98853532413e-52
2.83910855792e-52
2.69715313003e-52
2.56229547352e-52
2.43418069985e-52
2.31247166486e-52
2.19684808161e-52
2.08700567753e-52
1.98265539366e-52
1.88352262397e-52
1.78934649277e-52
1.69987916814e-52
1.61488520973e-52
1.53414094924e-52
1.45743390178e-52
1.38456220669e-52
1.31533409636e-52
1.24956739154e-52
1.18708902196e-52
1.12773457086e-52
1.07134784232e-52
1.0177804502e-52
9.66891427694e-53
9.1854685631e-53
8.72619513494e-53
8.2898853782e-53
7.87539110929e-53
7.48162155382e-53
7.10754047613e-53
6.75216345232e-53
6.41455527971e-53
6.09382751572e-53
5.78913613994e-53
5.49967933294e-53
5.22469536629e-53
4.96346059798e-53
4.71528756808e-53
4.47952318967e-53
4.25554703019e-53
4.04276967868e-53
3.84063119475e-53
3.64859963501e-53
3.46616965326e-53
3.2928611706e-53
3.12821811207e-53
2.97180720646e-53
2.82321684614e-53
2.68205600383e-53
2.54795320364e-53
2.42055554346e-53
2.29952776629e-53
2.18455137797e-53
2.07532380907e-53
1.97155761862e-53
1.87297973769e-53
1.7793307508e-53
1.69036421326e-53
1.6058460026e-53
1.52555370247e-53
1.44927601735e-53
1.37681221648e-53
1.30797160566e-53
1.24257302537e-53
1.1804443741e-53
1.1214221554e-53
1.06535104763e-53
1.01208349525e-53
9.61479320485e-54
9.13405354461e-54
8.67735086738e-54
8.24348332401e-54
7.83130915781e-54
7.43974369992e-54
7.06775651493e-54
6.71436868918e-54
6.37865025472e-54
6.05971774198e-54
5.75673185488e-54
5.46889526214e-54
5.19545049903e-54
4.93567797408e-54
4.68889407538e-54
4.45444937161e-54
4.23172690303e-54
4.02014055788e-54
3.81913352998e-54
3.62817685348e-54
3.44676801081e-54
3.27442961027e-54
3.11070812976e-54
2.95517272327e-54
2.8074140871e-54
2.66704338275e-54
2.53369121361e-54
2.40700665293e-54
2.28665632028e-54
2.17232350427e-54
2.06370732906e-54
1.9605219626e-54
1.86249586447e-54
1.76937107125e-54
1.68090251769e-54
1.5968573918e-54
1.51701452221e-54
1.4411637961e-54
1.3691056063e-54
1.30065032598e-54
1.23561780968e-54
1.1738369192e-54
1.11514507324e-54
1.05938781958e-54
1.0064184286e-54
9.56097507169e-55
9.0829263181e-55
8.6287800022e-55
8.19734100209e-55
7.78747395198e-55
7.39810025438e-55
7.02819524166e-55
6.67678547958e-55
6.3429462056e-55
6.02579889532e-55
5.72450895056e-55
5.43828350303e-55
5.16636932788e-55
4.90805086148e-55
4.66264831841e-55
4.42951590249e-55
4.20804010736e-55
3.997638102e-55
3.7977561969e-55
3.60786838705e-55
3.4274749677e-55
3.25610121931e-55
3.09329615835e-55
2.93863135043e-55
2.79169978291e-55
2.65211479376e-55
2.51950905408e-55
2.39353360137e-55
2.2738569213e-55
2.16016407524e-55
2.05215587148e-55
1.9495480779e-55
1.85207067401e-55
1.75946714031e-55
1.67149378329e-55
1.58791909413e-55
1.50852313942e-55
1.43309698245e-55
1.36144213333e-55
1.29337002666e-55
1.22870152533e-55
1.16726644906e-55
1.10890312661e-55
1.05345797028e-55
1.00078507176e-55
9.50745818176e-56
9.03208527267e-56
8.58048100903e-56
8.15145695858e-56
7.74388411065e-56
7.35668990512e-56
6.98885540986e-56
6.63941263937e-56
6.3074420074e-56
5.99206990703e-56
5.69246641168e-56
5.4078430911e-56
5.13745093654e-56
4.88057838972e-56
4.63654947023e-56
4.40472199672e-56
4.18448589688e-56
3.97526160204e-56
3.77649852194e-56
3.58767359584e-56
3.40828991605e-56
3.23787542024e-56
3.07598164923e-56
2.92218256677e-56
2.77607343843e-56
2.63726976651e-56
2.50540627819e-56
2.38013596428e-56
2.26112916606e-56
2.14807270776e-56
2.04066907237e-56
1.93863561875e-56
1.84170383782e-56
1.74961864592e-56
1.66213771363e-56
1.57903082795e-56
1.50007928655e-56
1.42507532222e-56
1.35382155611e-56
1.28613047831e-56
1.22182395439e-56
1.16073275667e-56
1.10269611884e-56
1.0475613129e-56
9.9518324725e-57
9.45424084888e-57
8.98152880643e-57
8.53245236611e-57
8.10582974781e-57
7.70053826042e-57
7.3155113474e-57
6.94973578003e-57
6.60224899102e-57
6.27213654147e-57
5.9585297144e-57
5.66060322868e-57
5.37757306725e-57
5.10869441388e-57
4.85325969319e-57
4.61059670853e-57
4.3800668731e-57
4.16106352945e-57
3.95301035298e-57
3.75535983533e-57
3.56759184356e-57
3.38921225138e-57
3.21975163881e-57
3.05876405687e-57
2.90582585403e-57
2.76053456133e-57
2.62250783326e-57
2.4913824416e-57
2.36681331952e-57
2.24847265354e-57
2.13604902087e-57
2.02924656982e-57
1.92778424133e-57
1.83139502926e-57
1.7398252778e-57
1.65283401391e-57
1.57019231322e-57
1.49168269755e-57
1.41709856268e-57
1.34624363454e-57
1.27893145282e-57
1.21498488018e-57
1.15423563617e-57
1.09652385436e-57
1.04169766164e-57
9.89612778558e-58
9.4013213963e-58
8.93125532649e-58
8.48469256016e-58
8.06045793216e-58
7.65743503555e-58
7.27456328377e-58
6.91083511958e-58
6.5652933636e-58
6.23702869542e-58
5.92517726065e-58
5.62891839762e-58
5.34747247774e-58
5.08009885385e-58
4.82609391116e-58
4.5847892156e-58
4.35554975482e-58
4.13777226708e-58
3.93088365373e-58
3.73433947104e-58
3.54762249749e-58
3.37024137261e-58
3.20172930398e-58
3.04164283878e-58
2.88956069684e-58
2.745082662e-58
2.6078285289e-58
2.47743710246e-58
2.35356524733e-58
2.23588698497e-58
2.12409263572e-58
2.01788800393e-58
1.91699360374e-58
1.82114392355e-58
1.73008672737e-58
1.643582391e-58
1.56140327145e-58
1.48333310788e-58
1.40916645249e-58
1.33870812986e-58
1.27177272337e-58
1.2081840872e-58
1.14777488284e-58
1.0903861387e-58
1.03586683176e-58
9.84073490175e-59
9.34869815667e-59
8.88126324883e-59
8.43720008639e-59
8.01534008207e-59
7.61457307797e-59
7.23384442407e-59
6.87215220287e-59
6.52854459272e-59
6.20211736309e-59
5.89201149493e-59
5.59741092019e-59
5.31754037418e-59
5.05166335547e-59
4.79908018769e-59
4.55912617831e-59
4.33116986939e-59
4.11461137592e-59
3.90888080713e-59
3.71343676677e-59
3.52776492843e-59
3.35137668201e-59
3.18380784791e-59
3.02461745552e-59
2.87338658274e-59
2.7297172536e-59
2.59323139092e-59
2.46356982138e-59
2.34039133031e-59
2.22337176379e-59
2.1122031756e-59
2.00659301682e-59
1.90626336598e-59
1.81095019768e-59
1.7204026878e-59
1.63438255341e-59
1.55266342574e-59
1.47503025445e-59
1.40127874173e-59
1.33121480464e-59
1.26465406441e-59
1.20142136119e-59
1.14135029313e-59
1.08428277847e-59
1.03006863955e-59
9.78565207572e-60
9.29636947194e-60
8.83155099834e-60
8.38997344842e-60
7.970474776e-60
7.5719510372e-60
7.19335348534e-60
6.83368581107e-60
6.49200152052e-60
6.16740144449e-60
5.85903137227e-60
5.56607980366e-60
5.28777581347e-60
5.0233870228e-60
4.77221767166e-60
4.53360678808e-60
4.30692644867e-60
4.09158012624e-60
3.88700111993e-60
3.69265106393e-60
3.50801851073e-60
3.3326175852e-60
3.16598670594e-60
3.00768737064e-60
2.85730300211e-60
2.714437852e-60
2.5787159594e-60
2.44978016143e-60
2.32729115336e-60
2.21092659569e-60
2.10038026591e-60
1.99536125261e-60
1.89559318998e-60
1.80081353048e-60
1.71077285396e-60
1.62523421126e-60
1.5439725007e-60
1.46677387566e-60
1.39343518188e-60
1.32376342279e-60
1.25757525165e-60
1.19469648906e-60
1.13496166461e-60
1.07821358138e-60
1.02430290231e-60
9.73087757196e-61
9.24433369336e-61
8.7821170087e-61
8.34301115826e-61
7.92586060035e-61
7.52956757033e-61
7.15308919181e-61
6.79543473222e-61
6.45566299561e-61
6.13287984583e-61
5.82623585354e-61
5.53492406086e-61
5.25817785782e-61
4.99526896493e-61
4.74550551668e-61
4.50823024085e-61
4.28281872881e-61
4.06867779237e-61
3.86524390275e-61
3.67198170761e-61
3.48838262223e-61
3.31396349112e-61
3.14826531656e-61
2.99085205073e-61
2.8413094482e-61
2.69924397579e-61
2.564281777e-61
2.43606768815e-61
2.31426430374e-61
2.19855108855e-61
2.08862353413e-61
1.98419235742e-61
1.88498273955e-61
1.79073360257e-61
1.70119692244e-61
1.61613707632e-61
1.5353302225e-61
1.45856371138e-61
1.38563552581e-61
1.31635374952e-61
1.25053606204e-61
1.18800925894e-61
1.12860879599e-61
1.07217835619e-61
1.01856943839e-61
9.67640966466e-62
9.19258918142e-62
8.73295972235e-62
8.29631173624e-62
7.88149614942e-62
7.48742134195e-62
7.11305027486e-62
6.75739776111e-62
6.41952787306e-62
6.0985514794e-62
5.79362390543e-62
5.50394271016e-62
5.22874557465e-62
4.96730829592e-62
4.71894288113e-62
4.48299573707e-62
4.25884595022e-62
4.0459036527e-62
3.84360847007e-62
3.65142804657e-62
3.46885664424e-62
3.29541381203e-62
3.13064312142e-62
2.97411096535e-62
2.82540541709e-62
2.68413514623e-62
2.54992838892e-62
2.42243196947e-62
2.301310371e-62
2.18624485245e-62
2.07693260983e-62
1.97308597934e-62
1.87443168037e-62
1.78071009635e-62
1.69167459153e-62
1.60709086196e-62
1.52673631886e-62
1.45039950292e-62
1.37787952777e-62
1.30898555138e-62
1.24353627381e-62
1.18135946012e-62
1.12229148712e-62
1.06617691276e-62
1.01286806712e-62
9.62224663766e-63
9.14113430578e-63
8.68407759049e-63
8.24987371096e-63
7.83738002542e-63
7.44551102414e-63
7.07323547294e-63
6.71957369929e-63
6.38359501433e-63
6.06441526361e-63
5.76119450043e-63
5.47313477541e-63
5.19947803664e-63
4.93950413481e-63
4.69252892807e-63
4.45790248166e-63
4.23500735758e-63
4.0232569897e-63
3.82209414021e-63
3.6309894332e-63
3.44943996154e-63
3.27696796347e-63
3.11311956529e-63
2.95746358703e-63
2.80959040768e-63
2.66911088729e-63
2.53565534293e-63
2.40887257578e-63
2.28842894699e-63
2.17400749964e-63
2.06530712466e-63
1.96204176843e-63
1.86393968001e-63
1.77074269601e-63
1.68220556121e-63
1.59809528315e-63
1.51819051899e-63
1.44228099304e-63
1.37016694339e-63
1.30165859622e-63
1.23657566641e-63
1.17474688309e-63
1.11600953893e-63
1.06020906199e-63
1.00719860889e-63
9.56838678442e-64
9.0899674452e-64
8.63546907294e-64
8.20369561929e-64
7.79351083833e-64
7.40383529641e-64
7.03364353159e-64
6.68196135501e-64
6.34786328726e-64
6.0304701229e-64
5.72894661675e-64
5.44249928592e-64
5.17037432162e-64
4.91185560554e-64
4.66626282526e-64
4.432949684e-64
4.2113021998e-64
4.00073708981e-64
3.80070023532e-64
3.61066522355e-64
3.43013196237e-64
3.25862536426e-64
3.09569409604e-64
2.94090939124e-64
2.79386392168e-64
2.65417072559e-64
2.52146218932e-64
2.39538907985e-64
2.27561962586e-64
2.16183864456e-64
2.05374671234e-64
1.95105937672e-64
1.85350640788e-64
1.76083108749e-64
1.67278953311e-64
1.58915005646e-64
1.50969255364e-64
1.43420792595e-64
1.36249752966e-64
1.29437265317e-64
1.22965402051e-64
1.16817131949e-64
1.10976275351e-64
1.05427461584e-64
1.00156088505e-64
9.51482840795e-65
9.03908698755e-65
8.58713263817e-65
8.15777600626e-65
7.74988720595e-65
7.36239284565e-65
6.99427320337e-65
6.6445595432e-65
6.31233156604e-65
5.99671498774e-65
5.69687923835e-65
5.41203527643e-65
5.14143351261e-65
4.88436183698e-65
4.64014374513e-65
4.40813655788e-65
4.18772972998e-65
3.97834324348e-65
3.77942608131e-65
3.59045477724e-65
3.41093203838e-65
3.24038543646e-65
3.07836616464e-65
2.92444785641e-65
2.77822546359e-65
2.63931419041e-65
2.50734848089e-65
2.38198105684e-65
2.262882004e-65
2.1497379038e-65
2.04225100861e-65
1.94013845818e-65
1.84313153527e-65
1.75097495851e-65
1.66342621058e-65
1.58025490005e-65
1.50124215505e-65
1.4261800473e-65
1.35487104493e-65
1.28712749269e-65
1.22277111805e-65
1.16163256215e-65
1.10355093404e-65
1.04837338734e-65
9.95954717973e-66
9.46156982074e-66
8.98849132971e-66
8.53906676322e-66
8.11211342506e-66
7.70650775381e-66
7.32118236612e-66
6.95512324781e-66
6.60736708542e-66
6.27699873115e-66
5.96314879459e-66
5.66499135486e-66
5.38174178712e-66
5.11265469776e-66
4.85702196287e-66
4.61417086473e-66
4.38346232149e-66
4.16428920542e-66
3.95607474515e-66
3.75827100789e-66
