0.53302792338
-0.153860639933
0.171719243107
-0.000493704469825
0.158750203012
-0.00350905786744
-0.0920248887544
0.15202018105
0.0236419671365
0.218609314174
-0.169427313634
0.138983957886
-0.123175475032
0.0489262994905
0.034200322387
-0.010802206056
0.132329137507
-0.0472312390763
0.266770776808
-0.160577032638
0.0605539003623
-0.142682261348
0.142404931234
0.0626612028825
-0.04918853688
0.136257857593
-0.0580188288321
0.180830605758
-0.224232977786
0.0775306097901
-0.100665538023
0.114665439223
0.060192665911
-0.010727192091
0.0997968813619
-0.12705573298
0.139560451882
-0.160477490908
0.0819042987717
-0.0799750341957
0.123350079307
0.0667576682362
-0.0416840387048
0.0421493361411
-0.112776575621
0.11230626433
-0.123364027949
0.0869327100377
-0.0353095802106
0.0867074770608
0.0248608625296
-0.0463840425522
0.0253314163766
-0.0935006604182
18.203939237
-5.96052801162
5.30903093036
0.30723851402
4.64205714134
-2.55188677813
-1.50966267654
3.3838397058
1.76804929208
5.34215918939
-4.12158333765
3.38418025634
-1.61599731908
-0.144432770746
2.47156505913
-0.948618021839
4.16407219162
-1.11308752238
5.21573294097
-3.91880188735
1.96306855444
-1.84611449865
2.13613191988
1.38108553893
-0.650486028639
2.5703547023
-0.629092476755
1.44115524064
-1.72155064709
0.753597242215
0.502123821482
0.218840154859
2.13869331315
-1.3272837193
2.17390679033
-1.96493632721
1.76700920229
-1.17654160349
0.975021995172
0.115849339959
0.651631453412
0.7467474034
-0.661920919949
0.623435404461
-0.466304255841
0.525531772841
0.137140270322
-0.0337595606827
0.906507847292
-0.544499478551
0.934120990517
-0.940898468216
0.88432855593
-0.59511371967
55.7838606158
-14.967111305
13.8422042803
4.85614047683
9.73034060932
-10.0344760242
3.21941001648
6.28018916832
8.111596519
9.85543512066
-4.4506384071
6.52534355265
2.50516169426
-2.41951812178
6.11001675015
-2.67171118567
12.5167025736
-1.83592340479
6.95462529244
-3.1954664486
7.47729727386
-3.87496201487
3.17747257088
2.6027027768
2.04164974398
2.9164203018
0.178551346947
1.68987594596
2.32241388416
0.0634977411745
1.7881614677
-0.167488415756
4.5913676323
-1.73587440385
2.55831434458
-1.22052776398
3.89445779812
-0.993033647687
1.10693250126
0.832790750115
1.78025138996
0.225104115961
0.04595231095
0.665458502513
1.35833778097
0.144023348868
0.662132441407
0.0752727351698
1.95101015461
-0.631691850864
0.768971493019
-0.292984232312
1.55434309572
-0.29533878983
61.9087690459
-12.5065341346
14.9514113476
3.77812603958
8.32825603811
-6.14587070709
3.10871261364
5.49480219495
11.198828381
6.04291971778
-1.49706991749
8.90978490385
1.70387659932
2.39360149127
-1.14317452203
0.556725788679
12.8037537442
-1.17030237815
4.25520203145
1.26359772582
7.23180034976
-1.58955850736
1.19854123445
1.7468279609
5.47469968071
0.543291373778
0.271176181004
2.61430177654
2.00944444943
2.20807225001
-1.04823852908
2.54667196006
3.11118614254
0.261140590516
0.590391668081
0.615574797008
2.64890732903
0.291365898962
0.563434203506
1.17929715304
2.63997743397
-0.236557634899
0.48693111864
0.319535231554
1.18309169492
0.790393331471
-0.170132182065
1.54358614835
1.04400428385
0.482870289925
-0.0597839767785
0.373898125676
0.756739893366
0.433119567251
64.3423812443
-10.786998462
17.8027874728
-4.30163905959
7.24966771687
3.66395088801
-7.93286053788
7.92167997412
9.81107510149
7.34180932785
-4.31984149302
4.68350880137
-2.61613396065
4.30596772603
-2.73043647456
6.20230658141
16.7921669244
-0.0974752642907
6.91900434613
-3.72152144191
4.54958082589
-1.65324091512
-2.08781081927
4.07905533711
5.52932510247
3.51131166983
-1.37663122618
0.603812281116
-0.741290454339
0.962453607043
-0.572742104299
4.33054974153
6.32348705622
2.28247771579
1.85184061623
-1.48703928516
0.454248366013
-1.918255113
-0.690204566881
1.84663571602
3.05169513348
2.06183101991
0.0858948033314
0.0393265411893
-0.565347383687
-0.401386211851
-0.0312502049669
2.04491915592
3.01864368553
1.68367257691
0.854196017031
-0.536214349352
-0.703655946762
-1.35670513086
70.0340148045
-14.9719655748
27.1110409669
-10.9464140493
7.41261652644
0.990616216174
-18.2956737499
9.76081464819
5.33625072078
11.3562813448
-1.9496904902
0.957632508518
2.25395052966
-1.23848687033
-2.09221584242
7.39370162322
16.3097560133
3.2610192289
8.92737315146
-4.85761116363
5.93773867039
-7.89535537681
-3.29637416935
2.57955837952
3.81625501194
6.47753172237
-1.05768403301
3.59569257841
0.0182520988023
-1.14793625996
-0.99680908912
3.2184972155
5.13331141736
3.53628250378
1.8403694382
0.761654524761
0.558053973422
-3.61383898259
-0.485200780886
-0.399334395839
3.3744340968
1.43321993212
1.55173768298
1.72782964259
-0.129247602477
-0.336041485991
-0.959264834403
1.39054134318
1.43877452692
1.63434361848
0.835363496697
1.05173495756
-0.324575789463
-0.819995802383
82.5947193306
-22.5147925083
28.3856077151
-20.5389098705
13.1801322735
-0.502157849313
-22.3327352847
19.6023231949
6.45685358914
21.8932572485
-10.8196853976
9.85097182942
0.905518385415
2.41179134599
-6.13767690399
4.72541345387
17.0020236073
-1.83672453226
8.77456993147
-5.77147042876
12.8475834199
-7.79028555116
-0.401518355763
3.29840690145
4.10495628135
6.13369757915
-5.39485513523
8.36726634464
-0.432897171635
2.51481795708
-3.40407811615
3.57254125849
4.45819314539
-0.630907831362
1.59583671462
0.217940089838
4.83836467589
-2.84929537971
0.891789238568
0.994921443341
2.73127968139
0.418005318893
-1.08436365908
3.20978518309
0.332623466418
0.723048877788
-1.16389798064
2.0278624242
1.40191597009
-0.473301044489
0.446145269782
0.838106402555
1.60688780135
-0.8454152549
87.6590129661
-20.9460935594
23.2056900777
-21.0182507436
5.26172058157
4.99528535459
-20.5670239787
21.9053826249
7.25575854727
20.3011512553
-13.1110578834
12.9174606428
3.15657256902
-0.265720172042
0.589690091129
-3.12808617776
23.7539536147
-6.05127692142
6.8216146291
-2.01921717969
6.69766678496
0.161774003297
-5.61094919601
8.17053146715
2.02447886062
6.19805223243
-4.78216254034
5.71260669794
3.51076930478
-1.559208591
1.65727002768
-0.691602461092
7.83789459662
-2.13914985126
1.43155116011
1.66645397181
1.75453876247
0.872717561838
-2.35563726179
3.86896740538
0.73918091521
1.45072241921
-0.542157267803
1.47310122234
2.30160535562
-1.5230636407
1.35087891849
0.0440606215005
2.33991463879
-0.29199709758
0.142646118096
1.60669835538
0.0389210110321
0.690923780733
70.86799381
-5.94377977448
20.0244374114
-11.3924842749
1.69413246699
3.4610715991
-11.3231048778
9.34928395959
7.15123629549
9.89336877768
-6.99865881348
4.7773535417
-0.326870904798
-0.710767520691
2.01756077711
-3.05041973749
16.92243615
2.22855368738
5.27948141332
1.13992800599
-0.101149852135
1.60557603591
-2.79909300456
2.95015346745
3.04668399021
4.39011248778
0.958327390337
0.673120128748
1.12087250774
-2.70892278421
1.4384100392
-1.39625361911
3.80567577801
1.81216690961
1.60069994712
2.02109970984
-0.641233202774
0.627295739704
-1.24787066963
1.27012861736
0.860419874728
1.84343722061
1.31419672127
0.713869309338
0.712634300603
-0.961828016667
0.113961330929
-0.355030157413
0.815879020635
0.863359292882
0.763304386178
0.827453072141
0.0606744591102
-0.0366634788731
58.2049234321
4.43568193015
22.5524703071
-2.91723719363
4.55473899679
3.33882135278
-0.801549825161
4.89848428997
6.68407737162
11.3786333306
-3.54481680851
2.26430544761
-7.44282793781
2.17558468418
-0.115206286345
1.22395706535
6.90759775997
9.4830046599
5.99216567956
3.70685764856
0.810938271349
0.772931233119
2.95108288067
2.26019010541
4.23967956174
3.50281286309
3.90410938601
0.369019827608
0.0211670416968
-1.94316488139
0.455467235592
0.672863972945
1.84891229752
2.34650909539
2.23482776361
1.79248018646
0.523388599889
0.527645106093
0.22795353787
1.54622808106
1.59193295782
1.99181861382
1.41867791941
1.14923378263
0.336343965657
0.0794070727254
-0.0520958062435
0.296623063557
0.763351725168
0.83057932244
0.855269539813
0.539825785679
0.381312523692
0.145527396322
53.8868929628
4.03844593522
15.6351975225
-1.94838810106
4.04904319183
6.16067299697
0.821917134532
7.47024612802
2.97840303123
6.96366645786
-1.20539878365
2.34729162769
-2.5229148282
2.55942201025
2.95874258972
1.3458904919
5.41338364741
3.71186059045
5.84299514107
2.01363188827
1.88687379782
2.37375964304
1.63932775381
3.3906768273
1.47080825865
3.00552363641
1.68654934345
1.17541780183
0.582362545565
0.616172129536
1.31623031939
0.451708930865
2.23964973875
0.626843753048
2.40635649649
0.437736513757
1.30288779155
0.929150794618
0.492558557984
1.50262128139
0.549873385747
1.51405494442
0.307836767916
1.10770576372
0.401238812912
0.595897638055
0.582612721524
0.33980059143
1.00105629909
0.0554686652637
0.971090002338
0.129270191305
0.700979881516
0.298657024191
71.5350533902
-13.5921989059
10.5168842991
6.65290086737
1.64686824366
4.74167396986
1.29899902637
12.3604708118
2.30145510886
6.7284082073
-0.458344242293
8.77787130241
6.74490695158
1.06446597898
7.91509616817
3.97219600544
6.99983817459
-5.52242298284
10.3366755923
-0.192967237007
2.30666991378
5.48997092107
1.40596398357
2.90154896718
1.88579443277
4.97490520851
0.16296381742
4.04961305531
0.626116565429
2.25014729513
3.09396847776
-0.478644078608
2.55692720363
0.780554037196
3.55344732024
-1.17041799607
2.78204587827
1.3292665439
0.574727485538
2.0158861318
0.54831140588
1.72620809371
0.300234048694
1.86311562095
-0.0435774214384
1.24249992463
0.848197217634
0.265843077724
1.35112981397
0.0685049509567
1.12762363158
0.241750630142
1.1382432341
0.130340117737
250.478138095
-147.589020169
-6.37603121026
161.1777466
-78.6883449236
-25.321001426
20.4295621391
5.9416657343
6.52113810853
48.0406839834
-31.5987189145
0.505042381505
107.69999312
-47.3418747805
3.38754653161
51.58177897
-10.3147375726
-4.00165961337
13.3476142221
-8.58662836527
-3.15904774024
15.5998438298
-2.32957399199
-0.175151194637
23.5571729304
8.21932321544
-0.246468314859
22.4433718803
-0.437525279072
5.01556968916
3.44970350305
-3.8605650485
5.91553438021
-8.75159287622
8.45656504983
-4.771923426
6.01233024126
6.14702804022
1.61678556251
10.2477547683
0.289832566797
9.92540222506
-1.67117087863
3.88210243874
0.932850098059
-2.7634651071
1.77513826579
-2.00292469782
1.24365120714
-0.39812485552
3.58928090267
1.03400606942
3.95069348182
2.62054365767
1548.05394024
-1188.53936803
-10.4322249028
1112.70464092
-833.931091248
220.265376334
-358.048152007
126.179098562
-175.213337182
518.580114648
-346.622932788
-354.483088055
1200.68913866
-538.474728154
131.97751335
248.515658214
1.3546334916
-49.1760649851
40.8597838569
-131.748090857
-251.526617815
234.656627196
-156.475637712
-103.406611642
123.426206143
269.87214304
-202.617775046
341.103359538
17.6966461004
20.5631305215
111.164433022
-159.004133286
124.454876859
-338.697184928
242.816613889
-325.42838036
45.8429227969
119.760787102
-129.699978089
230.827342784
-75.6691896636
290.181190737
-132.804502938
174.950470937
-30.5967209539
-93.6596347434
57.689676751
-159.842711328
-19.923044594
-96.8184999158
68.8193633407
-100.463850245
113.076007231
28.9798554966
4988.27948576
-4088.98767209
493.699036542
3306.66348322
-2875.19854873
1269.43512063
-1854.5349723
708.444293277
-1022.05114574
1829.76574498
-1438.59169026
-1239.05073418
4169.15288388
-2042.17930319
747.215249043
612.743859886
310.208635764
-251.809715966
234.585939668
-517.915328448
-1040.66902155
1028.96841862
-708.072335491
-721.680930068
559.387474323
945.000234693
-936.117458012
1344.98430157
-56.4245017787
163.945466083
494.749979205
-377.304862599
69.1216480492
-911.302835943
1043.3666217
-1618.99105095
409.057152624
222.28246664
-467.832987081
723.47676077
-200.947887354
810.176869972
-390.088522501
902.255666846
-446.164208329
-116.428457119
294.259252718
-582.875432379
-148.489807556
-211.573847426
82.4738347019
-377.960537541
481.947420561
-120.358240697
6383.28855967
-4825.00137224
1009.3596384
3871.96953631
-3397.44330332
1856.1462964
-2740.91925532
978.295094588
-1484.06840238
1998.01020634
-1581.28200498
-1547.11006575
4781.87586054
-2103.59023486
1090.45353514
721.377943052
367.666619124
-21.4067808413
211.240709897
-634.374483354
-1114.62314066
795.698532119
-590.82245628
-791.060720945
424.306384826
1026.66453083
-757.345090537
1459.72822729
-35.0126700413
247.538838076
554.682269013
-397.981841115
164.37637156
-1041.05180508
766.507923244
-1206.10685915
71.0039415243
318.660304846
-447.688020239
747.84175033
-39.2260204977
660.488707242
-65.9830468533
461.495544425
-10.4055360592
-298.680680068
119.745108619
-398.308533419
-281.630922117
-91.3286227333
-76.7742847972
-110.852157836
262.661742571
98.1929915808
7138.59894538
-5426.49284514
528.547172289
5028.91047826
-4445.35540574
2063.56649359
-2688.64740737
290.85354436
-597.569346664
1467.71225495
-964.406642577
-2472.36721837
5902.31963641
-2185.35857025
424.522963561
1682.89171934
-751.640247524
857.488750223
-468.048120211
-481.045775601
-1500.34897095
790.925236367
22.0906910469
-1659.10049675
1103.99775645
888.610081913
-542.711191223
1494.84735996
38.7512095981
91.1219082241
592.677131418
-290.503803373
-206.536728252
-1183.25379448
898.318919634
-1250.53284007
-277.088431122
862.716942198
-839.046326063
1132.9437318
47.1265851043
600.217037534
69.535092916
351.206449514
308.510783256
-980.928123018
543.879402776
-707.672215045
-456.418639544
118.171445316
-353.572830003
120.418220409
184.152243854
404.44583784
7538.50152953
-5802.69214112
783.270929349
5287.19881279
-4922.39430112
2415.56192865
-2964.40589662
230.873873844
-463.342713151
1408.94033856
-843.796189946
-2622.82552546
6427.34548357
-2335.27697764
688.60005227
1717.98284522
-895.590750298
1058.21348827
-648.912585204
-526.720444724
-1700.15777545
1030.68370151
-203.400101785
-1405.38595776
1011.8327668
906.767620043
-134.6319163
1248.97705782
279.96124888
-178.45962419
896.221593543
-550.01586533
-257.28582649
-1019.62017225
437.694088314
-670.493981006
-540.046945308
921.111403614
-671.344024727
1131.23521394
217.939462156
376.447867389
280.875754277
90.5350201317
336.129465125
-860.926913969
215.645165986
-568.676779908
-328.557006091
29.5388453727
-206.893556485
160.111242756
223.589322632
452.505659836
8964.69815624
-7539.21466075
532.098583351
6821.86877505
-6927.52596526
3289.13265254
-3176.04515727
-240.27476988
107.417648167
1644.31883921
-946.112230531
-3373.00796399
8018.69359664
-3063.0524527
462.213882902
2348.37650778
-1791.27011587
1306.45890888
-456.969071574
-1097.19060459
-2090.98529415
1621.88849581
-104.785565999
-1804.91359168
1270.62436594
1339.32882828
-606.493073424
1931.54670964
46.1833909445
-825.461624915
1592.7861378
-927.313238431
-396.026645454
-1523.72909668
1027.52892591
-1023.33906436
-655.738327932
1636.38925413
-1504.87203315
1915.47213827
274.599810566
189.161603187
242.985868202
231.64069483
416.590226259
-1463.01910331
647.249786499
-926.464279443
-493.221393863
441.666673787
-467.618953963
100.183126092
621.251548734
455.276225907
9507.43273079
-8032.08337118
839.387108707
7032.37523642
-7437.66983665
3934.71532232
-4092.4865328
-229.712615626
287.562377992
1471.70127672
-696.628995665
-3553.53175977
8219.8262871
-3077.69843342
862.059386178
2237.96659224
-2064.16255658
1510.8921266
-592.574836144
-935.903984203
-2042.29193444
1212.26780507
53.9006370693
-1280.57213266
1032.42634674
1313.4093307
-440.070245017
1733.019503
402.260259421
-980.545237492
1234.10515389
-948.555767141
-78.8013822296
-1422.58470035
512.604425899
-428.996634821
-785.52917056
1736.58290982
-1113.2982994
1328.5034835
455.423149902
178.209729636
267.185949873
-250.909489449
393.344005289
-1157.41762268
290.955818238
-538.315668443
-469.31741715
334.176931536
-32.078158129
193.908813982
346.823929765
512.333556313
10000.0
-8494.53960483
197.321179275
7892.73311759
-7975.85958481
4156.24418462
-3670.7677877
-1119.89331418
1072.16605923
1704.48034825
-674.219665258
-3900.99007262
8437.44570771
-2783.89491947
224.781052592
2502.50669951
-2597.54684932
1460.18936732
-198.612986562
-1155.30270819
-2306.44573325
1481.33368947
558.131239361
-1598.697593
1120.66410493
1417.44553472
-613.511324505
1935.54813008
292.326754544
-1487.92636858
1389.77215844
-596.584456357
-487.659938867
-1496.53572388
873.267059314
-533.46633269
-664.696666014
1939.69608786
-1475.75011338
1509.62705889
755.31094828
-135.645245396
58.2366431877
-9.04912559236
416.427597483
-1423.93856726
502.459961508
-712.519675044
-585.810472919
758.081391344
-296.378341524
29.4078810514
600.165426538
553.724017436
9748.27344817
-8015.10228104
372.289860953
7204.76640582
-6991.1253543
3919.31432433
-3846.49891378
-658.537830014
893.662528967
1809.47597129
-597.270524237
-3714.81400946
7963.08058303
-2170.84044719
239.575162678
2136.00289892
-2179.6792436
1436.23377705
-59.3847502556
-1151.25345039
-2290.69346558
1615.5249374
579.696933428
-1521.47815791
1094.94646748
1068.06460795
-140.217078797
1672.42896612
168.697841483
-1293.13350108
1200.16185565
-277.273353657
-739.621917347
-967.174782916
423.973375667
-227.103238798
-302.45361127
1254.12341425
-877.263319416
1047.03701059
837.523209035
-198.389067575
51.7410277616
-40.5885650791
185.376174392
-790.573749699
145.593363282
-448.996549596
-342.70164233
563.869093706
-68.0009896586
64.1895559703
378.02729102
430.218777498
9810.95572702
-7769.12733251
-920.816891856
7504.27050207
-6474.28313991
3014.73362031
-2844.13654133
-1258.21127937
1035.07956392
2458.03982863
-721.836722997
-4159.00306399
7695.79196747
-1342.98745981
-726.682589721
2249.48927491
-2361.7440631
850.221228332
901.773564932
-1460.05744887
-2767.76531557
1918.22636335
1139.16122313
-1690.02883474
926.751891981
1179.39162118
-520.333973722
2116.78055782
140.011135772
-2164.63381568
1343.48273118
161.064847947
-961.212415301
-1213.72581787
593.502645877
-264.472714732
-23.4531135067
1580.29819003
-1479.74801194
1045.02287998
1420.5978048
-439.189930104
-296.08475108
12.8503295471
126.605623032
-764.415990877
306.559967415
-740.75889725
-590.477857713
1155.67531639
-8.84650336731
-341.956439298
647.94297622
431.898216851
9087.11724153
-6568.78038134
-1404.31087832
6237.8568249
-5272.47194147
2650.82300263
-2835.03531895
-1396.02545998
752.321272667
2709.60072802
-309.329084583
-4000.56011551
6197.5415595
-353.428310674
-361.345257915
1699.10920628
-2375.83113892
345.275032048
1381.63900808
-1323.31769308
-2403.1657955
1002.15511564
1244.76350224
-487.842662324
413.28786219
845.186510063
-516.86749897
2067.95929522
280.290610454
-1909.7041067
581.847846501
-137.168070445
-95.7247409404
-930.523174986
-92.6186487115
-43.7764613432
314.297054778
1323.85771078
-752.772713093
351.837161955
812.820353586
136.386433221
-169.828583664
-456.857130494
-278.236428007
-229.478779023
151.690459949
-318.694854803
-366.618923502
393.86593133
570.383082673
93.5593400964
198.112536926
84.1541009911
8295.34976734
-5145.00043099
-2290.19786315
5345.66806323
-4525.35555963
1916.55434596
-1229.86617834
-1973.35918714
301.635379698
3378.57723302
21.947280077
-3557.95516152
4629.24674063
290.675990309
-537.898117288
1412.55285079
-2167.41510818
-787.659786107
1848.53837067
-840.967476291
-2271.67124557
533.97521368
1484.78192734
216.200927419
227.525215575
804.569667055
-771.041808216
1729.08183717
623.375107663
-1950.91791226
-254.125138641
111.749298265
232.79734801
-889.24907595
-29.3644403295
-6.92419442494
486.246285868
1522.40809391
-476.735918543
-236.589894234
740.761074788
396.720672281
-466.814236754
-634.451794965
-361.439006123
-208.341731494
302.392375141
-96.4899612074
-552.039699701
486.396270888
889.758842932
90.3543920094
6.63895103132
-0.633540613569
7189.6602673
-4045.28259381
-2071.09717651
3527.29753018
-3041.37947385
1648.07037194
-1042.73557793
-1611.2127259
87.8641053878
3345.91610602
361.430002383
-2729.13768628
2954.5615271
655.720056385
7.20713441689
740.679903888
-1848.40936537
-706.136549915
1234.3555055
-78.4118073599
-1527.45312169
-271.126656846
1503.60992562
525.18073004
331.568068896
312.349645815
-544.406189
1035.64064746
455.566581982
-870.984324858
-907.020169498
-33.5242689979
480.789926118
-416.079885598
-12.8116947681
-61.0719683307
361.224662436
987.418833431
130.133242174
-286.660279985
2.73539021216
333.709062389
-78.3252556186
-461.997271022
-312.848902735
-211.4718033
200.983578769
258.309389012
-124.216419454
57.7334556731
375.368333266
355.256098828
53.4758049653
-133.021185378
6173.31333531
-3060.23663158
-2318.52353538
2916.42063029
-1795.1387447
477.094604203
-417.962271173
-1421.10035806
-150.800685545
2887.276857
443.926114022
-2287.73861972
1899.27944356
1062.01052176
-122.858376776
483.943610173
-1327.48658407
-787.569057736
812.322504551
397.049743319
-1246.65810341
-542.277223842
1344.88010711
530.074888993
410.746637192
212.894930706
-459.943646223
522.942407705
662.006022763
-518.58338056
-1115.77310923
-41.1384811924
375.594363441
-134.104778606
54.8717851321
-170.020858505
171.66607847
934.545902492
380.790881513
-410.455701459
-182.499746062
266.775783088
-14.6144353439
-275.257659449
-376.094768883
-361.205137082
261.838776993
423.9266779
-83.3618551173
-88.9215011511
311.512971978
365.871031323
106.664670951
-129.524200401
4914.41654328
-2194.04546818
-2152.65677998
2242.40046213
-1294.33047047
238.637694009
-92.7601126151
-1254.57038663
62.8995095707
2286.49210438
485.215185983
-1593.3751976
1076.78857239
904.56020011
-30.4303429325
261.590254438
-967.811707235
-836.995312823
638.545368965
517.789372493
-785.679477275
-370.199365897
863.481759294
589.794106242
398.229286239
115.998687293
-480.925158954
98.0924981451
524.875084068
-282.225868171
-802.672183273
-144.389994974
268.972534305
185.248140113
203.991344374
-60.0302939714
25.5426051348
542.451018067
388.673106147
-264.357071626
-326.507421569
-20.1273151949
-3.90925145933
-47.7280115272
-158.680459476
-227.318834587
113.604973986
401.578012083
175.046427963
-64.5792878637
41.0198309014
133.434550414
70.4540749091
-54.03251125
4643.40465035
-1523.5765236
-2796.71458492
2034.51066667
-654.052689975
110.907449924
93.4611524613
-1473.86728564
-127.200435363
2457.56618099
756.248221062
-1703.31138093
449.606379494
1176.0473778
107.394230896
266.677168228
-773.986949873
-1319.22789458
748.188626332
816.046983664
-756.069076709
-568.19872894
642.657596535
722.667642707
407.117714435
324.699644546
-597.619104824
-171.017936052
754.357268133
-126.497422734
-809.740928152
-251.226073181
159.999600811
156.722392619
304.254161985
21.979716497
-193.474045172
467.503444563
558.004319438
-210.455308845
-278.630542189
-39.5321790196
-111.164013001
-13.7442333318
-53.7740215546
-278.658519479
-41.622781592
390.204958516
204.308124837
-41.179885534
116.207373069
94.1610608178
39.785577893
51.0068850787
4340.5073825
-1175.77874902
-2612.75153361
1584.16415897
-866.663524283
414.01444427
425.896171344
-1357.34150558
-591.909959889
2199.78504053
1397.72617411
-1401.01155076
208.538010436
717.945244574
-165.013107096
842.49054999
-305.162201288
-1690.78763923
180.318802794
800.856539394
29.0084205143
-324.156519193
249.646723709
343.917538472
272.074266908
958.538095139
-323.416887869
-748.804302564
171.123781219
114.554806145
-142.728248021
-228.598558002
-104.150498027
-145.340901079
348.752413978
723.584975652
-67.6147555732
-207.948509722
259.347417171
65.6654810157
19.1445515722
-64.3012852562
-380.741790335
-314.283181644
171.287906199
348.136124104
-111.966989601
-35.9680829127
179.001458061
123.747966839
275.949862812
64.9633678346
-292.292965088
-213.91452624
5155.25654312
-965.436128459
-3054.98032668
1275.82018005
-1286.4487242
821.847944813
854.310872211
-1436.48941192
-1374.28857056
2099.82821294
2199.99013386
-1389.08560399
-25.620340417
339.114871424
-409.93170553
1443.2922469
49.2441449891
-2121.9348242
-446.505315553
947.240795015
627.502442297
-387.942217081
113.735826778
2.1128342383
187.757348705
1615.47383014
-184.012466415
-1192.60692922
-127.187526133
355.992222884
61.5216818138
-273.875841335
-221.461179179
-577.327342239
457.568456376
1199.38902308
-162.35190798
-419.318325708
247.010570535
191.559283722
155.981075219
10.3417029717
-560.690531594
-623.198795955
347.674750614
481.730886916
-288.650626696
-75.3195411901
154.751565278
171.999879704
454.785537665
161.456774108
-420.225528552
-281.948150136
4839.91054919
-991.896585012
-2666.86970978
848.16161194
-1219.85372912
967.370199214
728.353908331
-1031.67421551
-1439.44055586
1813.87302459
2171.5152056
-1134.50964774
181.2047486
-42.674611692
-494.179198595
1168.34621244
69.747375692
-1483.95471853
-839.003629988
785.911864097
671.282355499
-105.550991028
541.764085891
-308.547246021
-7.17988617307
1180.14080326
107.365039716
-798.004525913
-584.873066063
134.19424004
-85.3543306273
145.75529866
240.750730453
-604.528012674
220.937728814
879.116736799
264.578166758
-157.593398637
-137.299934689
-167.595046748
-185.214699676
252.832615201
-131.385545386
-574.855374361
81.2201006543
342.018454442
231.875750848
219.098066303
65.6533319058
-148.733364943
6.74422096871
274.932963332
-156.898699476
-352.636910898
4784.5748724
-1358.90545838
-2154.11024353
787.95293488
-1038.52617773
970.584638083
377.120958222
-525.861027575
-1725.28747551
1887.87403323
1913.03690112
-1135.48257121
502.757383293
-270.075884137
-368.918093029
1032.30822179
237.02263187
-1231.30334794
-1051.01045668
753.017932895
561.952685285
33.7087390803
711.380221327
-630.628291575
-23.2633017592
1137.42541261
323.966447228
-640.990495489
-777.303932222
106.648317121
-187.876302151
455.21289032
239.459812832
-850.216275478
158.113492035
844.864571058
505.564441021
-87.8087325468
-217.854341915
-319.650645991
-133.036636724
526.914574411
-166.720420747
-749.706443061
-50.0853426571
304.223123785
387.173985987
298.351327094
-51.0371464728
-284.675588785
136.362357553
514.986726858
-148.459707168
-420.764555301
4001.80927015
-975.60686395
-1553.37627753
352.08291093
-980.477692723
638.655941625
622.628910974
160.658887477
-1674.35383149
1320.690768
1442.62685861
-539.350166975
534.786523924
-336.161215872
-467.061039326
539.756316059
566.090230164
-841.535162011
-840.269442262
265.591579149
380.394465587
476.870204764
667.818075394
-340.499243918
-272.590591501
546.577141016
298.831935724
-130.091781051
-548.60614757
-287.667074734
-170.583835403
357.204400562
393.928205615
-245.106239004
-34.7804779559
219.382963409
464.326605066
214.751572133
-92.7809156808
-342.44508237
-339.470965326
122.591180062
113.350234037
-69.0434393541
-149.992510356
1.54938849511
213.602922589
329.19724844
197.617460835
-108.085285291
-170.248557142
-36.9644957588
46.2902201535
-26.24610523
3884.18457891
-441.694706309
-2107.66629252
-197.012413916
-756.804626275
823.857874769
692.819800694
141.528423615
-1954.69747028
919.805975569
1768.40537558
-153.198426223
364.97342866
-608.176257235
-458.755611511
431.836701992
944.79166496
-609.03916568
-1158.5981196
-183.208828472
338.563514019
747.727950065
774.907863099
-85.5081402086
-680.494889644
215.012096134
588.353719942
279.946734995
-511.809688086
-527.523689303
-487.09741945
95.4407010494
845.862331026
62.067627851
-314.18049035
-152.342509332
429.091181821
425.819382943
293.065589147
-136.090340695
-800.40287213
-196.257230631
291.411253052
185.614928023
-108.257392711
-170.189223462
-128.618977702
190.144188253
610.200258911
231.906684461
-291.51073595
-246.337255766
-47.3551591902
41.0140881226
3861.06848533
-146.226042748
-2256.48325099
-519.377758767
-967.449220697
1137.31554838
1037.43104516
100.919092417
-1940.3763037
419.778446494
1882.62999473
124.516750425
643.335508723
-739.319222047
-941.145527679
307.679239976
869.310197978
7.15795254092
-1039.82698603
-375.98886122
36.3786907356
560.095271355
1218.71740266
175.668888428
-659.416838785
-261.482505068
292.701325891
422.657377036
-119.505167932
-280.550396733
-765.01945483
-254.525853314
807.34611297
405.198604745
43.1585601267
-187.904688344
-48.8988176238
182.596124225
387.177324401
206.808144343
-609.452126958
-431.813881282
-17.0134468544
135.459104425
306.911673991
74.8124020403
-148.440616124
-90.2846975885
296.111748559
347.250354967
-17.0661079381
-149.753349353
-297.806423856
-187.084352725
3638.08472196
306.164310388
-1624.98310127
-640.692409287
-1651.25926502
937.315062249
1347.81346739
505.047784346
-1589.72773961
-237.357050227
1292.832635
270.802972755
1341.60757397
-399.838534362
-1199.24624599
-28.3768539175
472.871613754
446.625010544
-559.267050581
-439.123436667
-419.897916859
184.157383367
1362.4485906
459.795740664
-249.981728544
-387.083267409
-156.761078599
393.028934704
187.329821466
37.7998926647
-788.94453477
-552.59128299
425.825567518
393.364384266
465.746203782
-28.4459238474
-232.963375674
-12.4926901588
336.157753321
435.968054816
-312.556371073
-410.893549892
-343.471856557
-98.4255684372
390.743457941
199.637781647
-55.5124437862
-172.913562909
110.753420559
352.414797459
212.393490182
67.9155026685
-330.513111235
-315.678138385
2930.39648762
345.541708702
-905.990462317
-631.286702612
-1470.79461476
588.428875143
1052.08095513
819.376777575
-1088.94200398
-369.62459854
681.563799071
274.879635075
1247.98474048
35.203659019
-819.175833905
-397.236849557
87.2325216984
382.717487692
-133.039852489
-107.216140391
-324.542807981
-138.385928214
804.970117465
472.788143591
132.227641654
-119.736961909
-229.306927074
32.4592742481
15.3599150801
149.702986684
-314.653476639
-322.055845715
72.5812359752
98.8082530145
336.793768461
189.034479784
61.7231078196
6.27565126167
27.1271144824
131.057299205
-101.277051424
-108.918279055
-139.068235624
-143.741269553
43.1001237173
46.5101029815
96.3270066437
76.6920452418
98.2315858408
125.428608369
25.6620496831
24.4658207618
-64.6284157635
-81.6751798472
2410.76639214
217.916820457
-591.102743405
-644.369843387
-1222.78040264
356.313834512
692.632862974
785.842705807
-752.879221994
-419.134087985
306.895673554
231.940689284
1148.81053722
424.134726253
-415.696113852
-551.207303174
-346.137425015
243.276349646
32.5024587468
163.891644932
-222.127882667
-518.341021803
357.206716001
449.680510113
583.249893048
206.110859512
-180.523899934
-270.02820143
-291.41327209
315.741225712
-1.89049908412
-189.714003876
-218.160599661
-322.525776486
162.088751333
365.413424017
471.818284134
102.359944099
-149.406554697
-23.9917733596
-105.399890602
172.709890545
53.6389416218
-232.166560664
-283.08293541
-227.169472287
129.587568545
202.907838562
279.336914941
106.339913261
-123.181729971
46.1295621182
67.2291269824
131.856463803
2055.75689261
175.686848515
-484.06178282
-687.186980299
-1088.47062605
178.322608845
523.561694129
693.056253009
-480.220656297
-266.221272924
193.122100952
201.120081985
948.677667369
393.053334607
-170.280259846
-453.020457338
-343.771434768
98.1393953802
-64.15041817
152.965604323
-179.734650334
-314.50448976
228.336739132
328.895022549
471.452078159
176.70959455
-11.0272869043
-167.575227816
-165.33395062
161.35757323
-58.7246120489
-123.355673564
-187.188037628
-183.799969758
75.3369716588
202.377196687
290.347202664
84.808428996
1.12141267441
21.963748562
-14.0766544333
89.8417335809
-2.25026609626
-109.295364017
-160.433262221
-114.620603587
23.2246167301
61.9362767046
116.260567873
52.7963776423
4.02282471811
47.6486466774
53.3570254918
64.5841780659
1575.45332486
451.272727127
-191.125822671
-326.056226135
-998.734622179
-80.3398616663
315.478966103
485.795235469
-77.9101097281
-250.701388216
-42.0011156021
-81.1824861229
617.211245324
553.157428427
237.210725048
-6.12366412193
-307.338869213
-158.366214151
-146.898855601
105.890591442
66.5462171695
-173.991269754
-39.1984652218
-86.6511616745
102.98574625
263.940966872
238.936579499
181.321243703
-19.5818754357
-9.00599620822
-67.6563165727
-38.7904395586
55.4497044126
-67.6232237805
-66.2035960686
-96.7936568199
-68.2733487132
51.4863265386
94.0262919151
157.572169245
75.0381857917
27.0903967223
20.283638593
-19.8210530351
52.850624549
23.817491396
-17.8302221579
-54.6357195141
-103.961409025
-46.7307361252
-14.500533844
52.8669682713
65.5092026242
18.2476508359
1161.0972604
324.004850773
45.9422320471
-5.90747600102
-522.634072304
32.623972564
156.365831424
290.453614572
-176.068622047
-259.593411215
-56.578550145
-166.283911378
364.798857264
405.102414492
157.89024656
111.704747502
-85.3568307787
8.56465671315
4.00065177971
133.450877358
108.243275276
-176.824880837
-57.6078488524
-138.919674378
-46.6002057481
137.189315907
108.444141799
113.340004051
-11.0582743222
32.5161788701
26.5425352306
27.1636123808
138.385500214
10.7949310472
-35.6599283379
-48.7048809787
-76.8816393946
-3.07048853595
16.5531585885
63.3066269401
8.017539107
-19.8905993661
28.6623287835
-1.38121935793
56.2340470198
64.4495205745
18.2840180434
-3.74953589957
-30.2194983936
-7.77661626072
-11.8041952275
11.924359084
22.1268578471
-22.5985375743
645.90890243
98.8268375121
50.0282642269
58.7418877355
-79.2322992627
30.0322378856
167.307580846
230.990777716
-142.532979342
-116.400107188
-10.9641225332
-73.9156255642
50.9659576799
212.258868336
2.05386512005
-18.3325556076
46.9650627881
42.225127483
1.30296150723
87.7982237919
104.468791621
-64.572105823
42.4714417607
28.4873633957
-46.9177649232
-11.2468855592
60.2850808598
1.1156188858
-9.58475234053
66.4897939195
-5.37204171902
-38.8178031527
41.5806969789
42.6649962975
-17.5896526647
45.4171048103
29.6996173824
-33.3042354891
-2.47786609588
41.3818161461
-7.21093230092
-6.60020819265
45.519833986
-11.1220486432
-18.9116990843
26.7182846931
10.3681501521
-21.7248770401
23.1352380058
22.0975954603
-19.1063829038
9.62697848266
20.6322183934
-15.8921193929
491.275867665
108.048484269
32.9494160347
-2.46457904918
-0.0356407459904
-32.0152367664
125.533533997
211.54955131
-47.30265887
-53.2165893175
-24.863706897
-11.6523816154
-10.7047884809
166.842198618
24.6924354709
-5.52362462555
53.6783044887
10.0444052281
-17.4655292587
41.3759604091
92.0703161197
-19.5017296258
44.5230922944
39.4201505315
-21.3462118245
-27.0799719244
46.0958016779
16.1359689417
8.87277818751
50.0991740444
-6.62919162716
-19.2437941862
9.2549251825
28.7018899931
-4.47497055513
37.9403940607
25.3161274004
-17.1933313811
0.979898693749
20.0891078423
2.63235085529
3.09002272831
31.0819001187
-0.545218750359
-4.93975751266
6.92102172614
4.18321880911
-3.88791033405
14.8642625047
11.1039584405
-4.80652819976
8.06995235966
3.86328542157
-3.19778767436
466.74109966
80.0511001404
41.3770727055
-45.3035448066
63.2000878575
3.89088550718
89.8073539194
168.718769508
-35.291941478
-34.6285656293
-59.5272218868
2.49175422405
20.7763995049
128.199945382
-23.0495948472
23.6937869401
52.1622531561
3.53613960364
-5.28056708331
54.8852590625
89.21491001
-36.3009479632
54.506759369
19.307324848
-12.9109433004
-5.51702644161
33.8931868837
2.2338362451
17.9228698433
37.1333508235
-25.5154130744
-1.52747419482
27.4911871457
14.4424427153
-16.1860516748
55.5349079106
6.00817062904
-22.7833893873
18.8419754729
17.94786114
-5.85956020313
8.96687687907
30.4242047261
-18.8783900678
5.18343355446
17.5612688064
-8.89917947062
-0.996203987529
29.3648073189
-6.92982010205
-10.6680075866
23.4441503146
-0.586589153005
-11.4291166841
480.261133355
64.2122649395
20.5540028558
-6.69472400953
79.6535672418
19.4652482962
77.0674112069
157.299252177
-85.0562472794
-21.2171679983
3.0698382089
-20.529375628
32.4674907467
135.751083364
-32.6545208236
2.04834013498
69.2642265968
26.2001964878
-4.70095814232
70.7418819045
70.7892187766
-62.6599990212
55.8486423467
29.0549946014
-23.1458818364
19.2220294424
39.5226105665
-20.9854371719
4.79805737296
50.4593983448
-17.5777041795
-4.14466664323
44.1904026301
5.29364052572
-20.0331845672
48.7523537898
7.34829268299
-18.2518819757
26.5619550828
17.5916792832
-13.520628765
13.7539565549
26.0889494786
-18.4559195121
7.3174350813
22.0789972989
-10.2468543463
-0.478770482489
23.081566039
-5.61391735845
-6.36762604779
18.9962009617
1.03649633143
-6.82749165753
480.344293177
27.7944935089
-48.5239341542
48.5029153851
113.237448578
17.5716747003
63.0703126653
148.539538956
-135.601228567
12.3753989303
26.9018810013
-56.0818412172
-9.48005289206
120.386379162
-20.4695447648
-37.0089558303
75.6917397556
2.29568122231
-15.5202205482
94.4490023497
60.1717263824
-42.9221417974
60.2454007119
30.3677794815
-40.5694233949
31.4691168001
59.4809314387
-36.6637646565
2.67063450961
44.0239710178
-39.4733878292
-12.1406274167
51.6665102028
-5.38087422252
-21.3850788227
48.1570279303
-3.80588574698
-27.1749341339
40.2120956017
20.3479775634
-23.4339105426
27.4389116824
24.8413674935
-30.9889636596
12.9882561747
29.6516788512
-20.8794635501
1.50006303112
30.1298611639
-18.2002638295
-11.4770825479
28.6111275502
-6.49787498534
-14.3277332294
494.201480095
32.1340859946
-56.0980222418
38.2025075852
140.748206151
-34.673616145
95.3320293247
159.563004668
-124.734429136
25.1285167927
20.9620863165
-63.1720668135
-6.94041253048
152.213345867
-23.2500482923
-39.2336000319
86.5477573532
-4.63215087032
-31.5862203071
108.05461059
49.5189444823
-43.0955452108
59.3977313244
25.3563687454
-50.3088356405
34.5092041242
67.5607764526
-44.9335128588
13.824043518
46.7358104892
-36.3916203745
-5.079065943
56.6115005147
-5.78718980889
-17.1026045097
51.8408123176
-7.43234899394
-22.3039253412
37.5402362978
14.7206036706
-23.3554012786
27.0446810175
18.143250817
-27.3057351068
15.4689892616
21.6794920669
-15.9581940723
5.05710421771
25.434580314
-14.7752136791
-2.00930078019
21.9824798807
-5.95526296341
-5.42571229909
485.107297985
29.3341087227
-11.6592526565
47.0837959457
98.4373970194
-47.9404113884
139.461006458
139.404048769
-112.331519914
35.9675411152
-10.7649355478
-47.4196300905
-3.94160482412
158.113167326
-44.8351110518
13.084715681
72.735255852
-33.6270202776
-4.95219147788
99.8957076999
54.9731393362
-39.3549549996
91.1767370805
-19.2036454175
-39.78635884
40.8731002823
54.6737428593
-33.67458859
31.9527526719
41.0817324923
-66.8889794252
21.7935621976
39.7294996871
-5.11700335173
-0.362469857407
62.7533534051
-32.4022387569
-20.0252803366
49.3778480835
-5.65886053204
-5.91543545111
41.8570791453
11.6588732991
-44.666288936
34.3546892053
9.50002029826
-22.9734354752
27.6092959867
25.3901809263
-30.4677793508
1.08440347667
30.4824286342
-28.3346236489
9.12339591531
507.55186775
24.9889507417
14.4459897785
78.5616683035
75.5384426359
-31.3720257742
176.369780844
141.560380263
-124.365745014
56.5125636806
-9.49773149186
-41.9698380461
12.0408902579
165.189363851
-43.432928073
30.6621672838
108.472440276
-71.8100035312
12.490558247
109.137015291
58.5611457922
-47.5995458002
108.403892268
-23.5299590265
-65.2404804145
74.4751353872
45.3450549977
-29.9803601979
33.3504777084
61.7539841779
-83.348578922
34.5660613291
58.4723004593
-25.7782959457
13.2168381084
65.1169566466
-26.5534874501
-34.2647609958
72.9291130749
-17.7771189026
-11.4269858009
54.004917747
6.86158642982
-42.6555517086
35.2615289576
23.6803912644
-40.9657026595
39.6332378641
23.1506528485
-30.9114426098
5.69430792286
34.9306351615
-27.3974556715
1.28070796215
542.465789218
-8.50701613859
10.0963324614
82.0389439261
104.46252696
-36.1458532616
185.635946694
130.237977287
-146.790777275
76.9398998869
-12.6461376363
-52.9154480346
0.774582636238
145.754588268
-62.2486425863
20.1935049266
126.124325831
-98.0527384382
20.1491784236
110.744746265
56.4711321111
-47.5945122164
130.948504034
-18.7398477149
-68.7188030279
95.1328092511
28.4892305525
-34.502174323
39.7444723327
61.3781799284
-100.088440048
41.5270877852
52.1933204909
-49.5033555336
24.5529172567
67.0000672892
-37.0784915729
-27.0707684479
84.7056903025
-36.3592165757
-6.64352858177
70.144667009
-5.65584434591
-40.0150758875
51.7593337383
9.65404112105
-50.1676584778
57.251840972
14.9446247676
-42.5775127637
23.5991741626
30.376705778
-45.9680387362
16.3290275172
560.302284877
-54.7973008238
51.1108100887
82.1786743152
105.088489854
-52.7456486982
218.911043002
111.123519666
-127.022296913
91.7952851951
-18.8559298937
-73.5914810857
45.2135661996
133.216547776
-75.8698877729
45.2681055215
109.124081546
-99.9828125429
31.1839826973
128.326775794
15.3709980794
-23.3105711509
131.110318989
-38.8980444072
-52.1224047961
100.200642546
18.4076176227
-42.8875013909
71.8364206447
30.0296951988
-86.8018352784
56.0234480398
43.2882133439
-50.9453243464
38.5387328369
64.5361316618
-56.1166462601
1.22993758124
68.1319055345
-39.5301055506
1.8750726517
69.3862912938
-18.6630945623
-30.5634089423
57.5070395864
-9.16300472534
-31.639167618
54.4412115893
9.29164895357
-37.8506887446
31.8516593389
17.8001754467
-41.7698245598
25.2488010118
545.264781796
-70.9931248603
37.4545558768
57.7336899595
114.848721336
-54.2938238484
236.705573133
82.4605166848
-101.803071577
65.0703347226
-21.2664858158
-73.9116844127
30.7289179
130.519646206
-84.1978167838
56.576928691
77.3150356909
-110.62306987
12.8563952397
126.324273208
36.7371023242
-18.1106048304
146.142945028
-59.0122955209
-40.5928297877
81.5721112566
38.1331296918
-36.4898356087
85.731037272
27.4835088948
-103.574748548
46.5002722883
20.6406984826
-44.5601059663
40.3289010483
78.3836567966
-68.8582918907
-7.27067651458
59.124260165
-52.234967597
16.5523367909
80.2359574944
-8.08164916477
-39.1479449032
63.3367850686
-29.1387682033
-34.1786589404
68.0612258379
13.3133741949
-37.8924861843
35.6050978839
10.2034107865
-63.9276260673
37.1567657113
573.995973176
-80.6632470857
51.6672982679
59.1626326276
125.467103802
-71.6610735027
275.719332693
57.036157293
-69.3617937511
92.59142257
-27.0048725572
-111.316061829
47.1764349447
128.458732409
-82.0237935892
84.2631053279
90.8713758769
-142.761269939
35.3790308489
114.369259249
29.5124413916
-8.00508341944
175.415141245
-85.7597978076
-28.449049313
79.9199385366
9.79942401067
-39.5300629556
110.73453061
15.0783402884
-97.2136040758
60.6857499624
8.94328995307
-59.7228018323
66.3520603021
64.52051894
-58.4576143832
9.92121176275
62.6730915541
-73.0629762568
32.2136573606
67.4178470485
-15.6340270603
-20.3032541241
67.531528456
-40.6196061592
-26.5598748764
62.4993106157
-4.2654254962
-26.5620681554
44.8960405894
0.465608333096
-48.3216677636
34.8151136035
559.646833918
-50.2684311516
12.7957131271
44.5853742719
169.983806898
-102.259806404
269.533788915
65.2864064819
-88.9446520197
74.1123807541
3.32185765231
-141.515901616
19.4229680393
132.197764878
-89.2719974176
46.4747121733
115.718334749
-145.31252937
5.43134750882
107.228687008
52.5418013067
-31.2124629274
195.074797688
-60.501361381
-39.7586284685
76.0638618801
29.1861303356
-53.2116705874
99.8934686706
47.2624593875
-107.467401189
43.493887261
13.8111797786
-74.7029222462
37.0325538266
79.9057548949
-49.4397132037
-10.9889552561
74.1338646559
-75.1185233101
9.51354684001
73.4789548143
4.06825184772
-29.7624018141
76.1162717892
-23.4288319783
-48.6253481092
60.7216136498
7.23843862087
-31.8269064859
42.2845295681
21.894276924
-62.6334333578
22.6127409458
527.145662453
0.791145711568
3.12853213783
43.9643112443
145.998209238
-73.9338275979
251.789959235
92.384594618
-88.0099403107
82.2422366646
6.65849116145
-105.13591865
16.072060139
123.833862609
-86.7809275893
53.3033590738
109.314501009
-109.409436597
-6.99075874142
95.6895245956
33.3526014226
-10.0944783761
158.649611394
-37.9796805237
-38.3584336987
74.2642512204
17.6341947132
-33.1821497351
82.7727036117
37.6329123032
-81.9252724682
50.0046840833
16.4326842625
-55.1383439146
30.588935007
63.1501796358
-40.189682487
6.76985683914
53.4218752575
-51.1943213382
8.03967804071
58.8200267126
-4.6656148669
-12.9072322092
55.3714336783
-18.984182412
-26.4266287708
48.1238979229
2.43920628643
-21.7347695619
32.1875040122
10.7970002863
-37.7947475358
22.6370069316
402.132099854
47.9811340353
2.50592366133
11.7845624256
115.026222298
-4.71226082773
183.777138905
76.7714843312
-45.5122128775
44.1161218815
-19.8331098223
-48.5421820937
19.3608109802
67.6006463007
-74.7287206224
49.1221524859
72.2319550837
-73.9944322339
-18.8358310548
57.0787864484
44.2076821667
24.0021324667
115.822988036
-27.9471272429
-8.61749183465
45.3613054373
18.5016691025
6.90875995813
72.3365193472
12.5506342372
-56.2788754238
39.3957585471
-9.63150769044
-36.1003255557
20.3489631076
36.8947913108
-25.6537540362
16.1641853969
15.3369769509
-45.8258247181
21.2043350123
35.4246956904
3.743354819
14.5411504313
39.2978132072
-31.7062962269
-4.34166636773
35.4751177403
-6.56309651064
4.17415862239
29.3321515219
-6.30329224251
-23.6728607257
20.5266659321
333.904174381
62.1574574464
30.6385120785
-3.14737720279
109.403524882
24.551684967
149.281053866
70.6034090569
1.88343179613
39.1086881328
-26.9829132324
-27.4793822827
22.610699339
34.8340727251
-37.5068825535
42.1823831728
49.6418702875
-62.097922321
-0.0872778645768
22.7232212647
37.2761297509
35.1842926001
82.1622064969
-17.8498798914
8.65942917718
27.8367616322
2.2557930036
22.7534693758
58.4556055974
4.26221542
-16.6521203152
22.1481029416
-12.7935701622
-21.8691586913
31.7123511498
9.21734167019
-1.75911502005
14.305739171
2.18857873144
-28.2715680587
22.7608018435
14.7867472366
2.99341870015
22.4245705085
17.1758844265
-18.9617944231
7.52393603862
13.6710131364
-3.46317662418
11.2037510332
20.2742527543
-12.1093924535
-0.506607586691
5.51825630407
319.002829779
46.1737942257
42.4175698248
8.11814426746
102.275519615
-5.75070670053
143.475011574
80.4582969488
0.88963056802
33.3599348877
-9.38930143727
-66.603109328
24.2369038732
29.484525067
-6.42707173391
14.5525838845
62.438518382
-91.4413345532
16.0609387634
22.5892839513
34.2528439711
24.4222191689
96.9865759555
-20.8610490819
-1.58126363317
34.049237581
-0.190069081617
6.00199523106
74.0732870608
2.77276900461
-16.0540837308
10.6216495539
-7.82976133406
-46.3877524724
51.601391776
7.33985016898
-4.7363468961
10.9008079763
11.3309521122
-47.1534113687
25.635330719
24.0986734648
-2.93397716259
22.4067550069
29.644832416
-31.8450751812
3.55642433714
19.2806617722
-6.94626768206
5.62857992873
38.7687907244
-21.0828114299
-7.19320812855
10.3512483934
327.475135096
33.2114512671
74.1246087051
28.3979322474
84.1463936316
10.9199367999
157.944011878
70.0448637728
9.21263888784
56.7957709351
-3.08169278228
-54.366393218
41.6159981574
19.5416044291
1.08559254955
27.8401091907
54.2224304785
-78.9847625811
33.2429038107
23.5323665876
21.6436663318
34.1285716094
74.4297264407
-18.6139414626
10.8994306148
42.9492597142
-3.03886170308
15.3020846448
58.0922000523
-3.14813918043
-2.43244836418
21.5649460545
-2.97984670262
-23.3899094798
43.3158098567
-0.0782024055245
-5.23155873562
17.8482212776
6.34241721771
-20.450670754
23.8648076798
16.3244114338
-8.04004947535
20.3484715893
16.6396141852
-12.8994634808
12.6559388201
15.223572446
-5.45584107603
6.1997163378
20.3243372403
-11.2241890884
2.95728297591
11.3460438265
303.681082529
13.0154219555
21.0558751397
45.0862210905
74.3951699787
27.889845872
159.9678953
66.6213740288
-58.2260405
70.4809587062
4.60062735186
-45.3469614635
50.48614156
31.2792734419
-33.9666383056
10.9321657282
45.3834691816
-86.6977280973
41.8855916544
47.578507243
3.41712686164
25.6997846938
56.7055367804
-20.8279639287
6.75425539452
79.430942327
-2.97173390815
20.5980137218
50.1289209372
-9.93636139362
-11.2272280794
34.0636531495
5.28104469299
-24.5448648349
43.5892185361
-12.0442424843
-21.5308338329
15.7871309979
4.84964821576
-18.5353342304
22.9532003279
18.3030766839
-23.0119589034
20.5940260482
14.0866633809
-10.4663600564
17.5807008067
22.1379829863
-7.51877777948
4.54338009675
22.7848976779
-14.6329687014
6.46442694603
16.1155990583
283.127529655
12.6969192511
24.077968822
52.0998062318
75.3122080775
26.9845909144
154.509649067
60.0025274039
-38.8928632514
70.987435046
5.43874973778
-36.2997714971
45.4922143842
23.457602527
-28.7880375457
11.7003519878
36.5127907673
-68.1031626294
34.703220755
25.6581379491
5.62683049496
16.0207135567
52.0741074699
-14.8747852393
14.9358534983
48.8874360035
3.55899477228
16.0857689234
40.4185896986
0.969958798117
-0.569502794805
24.3317375216
4.85217483325
-12.14185859
27.2060326643
-3.81406215398
-5.54492718611
7.58072690696
7.44094148764
-13.2745931651
15.2214183618
6.72496096822
-4.02767087179
8.83256482793
11.6459508172
-4.40469445575
9.58797871891
10.7674960248
0.128149340586
4.26130767668
11.7776181228
-2.73540062415
4.02036741624
6.53205562161
173.172727025
43.6136676435
51.936582218
42.5554442432
66.1173855702
17.5077256538
88.8284801206
55.7325220535
24.0370484135
38.6529352711
10.0461403042
-12.6555858398
13.0278946711
14.0300676374
-1.4310890247
2.33481457766
26.2094875358
-18.8373298762
8.52124980362
8.21165223826
19.7282799631
9.34122348175
33.5238773852
13.8151542493
14.442600733
18.6199153681
13.6224177648
9.20844113591
20.2676692439
12.4331327845
7.52290947423
4.26077161878
8.63029992463
-3.77097641319
6.36320423044
4.28830390626
5.41278445772
2.57701521621
5.40600461191
1.58507422513
2.97402397024
5.67618865423
5.66087675747
4.10061359084
7.88564912956
3.10987465044
4.9974362442
2.00896345666
6.08924438478
1.91357169559
5.05397771823
3.31811634949
2.44596317871
2.40122594451
161.932951897
79.8675784391
64.4890366958
48.1561014511
52.421910446
23.0141117025
44.6704835511
40.6804690349
14.4229387934
29.9734600008
-9.00566495923
-13.1827998036
11.8125837993
11.3631169439
20.20410223
8.75326283099
33.949883198
6.82394024019
24.8270172077
14.2243972938
22.6693376782
18.0445982459
11.9643410273
13.6883091409
2.23496155924
11.7458723665
3.75925155278
5.97826095545
9.27595638325
6.3171783246
12.2200795968
4.72524204812
15.5297216658
4.14538077157
10.9934218271
5.12797071283
6.83835171155
6.87407731782
3.27999540123
5.67653096189
0.28331210017
4.30756384184
1.89695977658
3.80096718234
5.2109795594
3.3045581489
5.9761602537
1.42448452707
6.05096568193
2.07713013603
5.04390354806
3.04446126865
2.50382251877
2.33849363804
233.347360503
136.38862339
134.031532608
63.485723751
15.6159913587
-11.7728081513
48.2198057589
-14.7523091533
-11.2688188401
3.22280717943
-39.9212006973
-7.85274363877
46.318957366
33.8733581638
64.1731169222
41.2124306223
31.0461166841
21.1941343004
49.7890805353
14.7993771669
19.2775627347
-6.67746836543
-11.4720750099
-10.9800695394
10.8742220474
6.54089843892
12.659263783
13.7535153065
17.0232183592
13.6625584346
29.2336830301
13.4111872678
13.7073413033
5.44164280961
3.67955020079
-4.90347467315
6.96238633883
-2.85722802149
2.31791212659
4.53439870069
7.45337417215
5.84912034916
13.3434261018
5.97553975812
8.44066287728
6.70514601082
6.34425449497
-0.352277350115
3.08611672025
-2.71553428009
1.29035669889
1.64744341783
4.16785989482
0.49807584884
288.319753294
153.734549772
183.308860594
47.1986917085
-8.45133679676
-16.8500426933
90.3085105184
-26.1189509648
-6.99481750926
-25.8252926038
-39.0673003222
43.1722063728
90.547765903
41.9728317304
70.5352851511
15.7647276759
46.0968274896
33.4008961346
62.1199091058
-17.5042715792
11.7939630254
-32.9298459663
21.8536085812
11.2746768839
25.7213049122
1.30952956444
11.2102008371
17.7552221317
41.1020392644
21.7140725672
21.8683082246
-8.49471066117
12.5145673951
-0.139906666207
30.8502713034
-13.4159577868
13.2794946428
-17.3872517682
19.471467147
9.05429412122
23.8896772566
-2.45839245398
7.79258849251
0.094480958573
15.0074891396
10.1479221455
8.37863347778
-9.22805483508
5.50010232979
-4.98062599657
18.7488438475
-2.41169239643
10.7305645026
-11.3256941244
367.149631595
103.021554702
209.754060027
-10.6009215372
10.4430268763
14.2375478549
146.853275193
-32.9447195377
-13.2782568946
-22.6142709379
-8.76458605803
114.543373198
110.513831279
0.925851551635
56.0678896135
-16.2675280168
84.5824040821
27.9906813516
70.5509466941
-72.9716172502
49.0451899836
-28.6118132864
69.9711952234
20.5442762519
23.7009501383
-7.56870296028
30.4586701856
22.0918324809
36.0402587977
11.9674487278
9.82979862101
-13.0523000777
35.3367838875
-8.45665275981
39.9732212933
-17.9384118336
31.0218303995
-17.1793729545
38.9797446229
-6.20896430238
24.0298624207
-3.35046567647
12.4588178945
-1.78387737475
15.8965380942
1.53873457185
9.57554677394
0.558532898374
10.6287603155
-5.09045732377
21.0568431752
-7.05529996973
16.0095594299
-6.27371318486
402.796919714
91.0959000618
195.143100889
-63.4535934229
10.6955573409
24.1353711443
191.758203203
-38.6906813189
-51.8242421796
-31.4992079385
30.2577778927
155.729471717
147.887047065
-33.9928504113
8.8781684821
-0.632128986521
93.5423206528
36.148173095
51.4775737102
-109.875878219
38.4548587765
32.9324334168
86.4560445854
31.7287509379
16.753291873
-29.4479150039
45.9579031019
42.2375107796
12.0716791599
-12.6781477647
-3.60317143431
-12.5142835515
60.7979745751
19.7966777605
21.3183223365
-6.76955575066
29.8667754215
-1.62708254964
37.0966187167
-10.883690457
-8.88182904833
-2.69589972846
16.3627369032
9.01729358649
23.1342012977
4.58971743761
7.19102914495
13.7034146742
16.7283623028
-5.0897649708
8.19034776952
-13.4951114081
3.83617968456
2.87803243225
392.625699604
86.2009967728
169.383872059
-118.463105225
-37.0092524289
22.4281906844
152.498757313
-40.9955434815
-107.114672083
-43.2971798881
55.3020758085
218.137127234
148.150814011
-16.0550699649
-36.482532029
-7.28579336803
106.077525657
7.50747656681
9.18019959394
-157.225796823
14.6831492237
44.2816612002
132.215956577
43.7467540591
6.11917133032
-14.6935279861
29.3588184128
80.378713767
-3.88580199271
-27.1886438013
-73.2104519745
-15.9668741509
46.4550339185
48.520895134
36.4458824276
-30.075399668
29.494320854
7.38300155074
76.1425965288
-7.22265396916
-15.6051147136
-52.102518537
-4.90897199602
27.892391387
20.8012047763
14.1021562669
-30.4821873566
16.8393891529
19.2317282933
47.1000968939
5.82692248524
-20.3482265551
-20.0882929943
-9.05143477519
32.0885350281
-1.71477732204
6.25798998484
-31.1337927378
12.0704424974
14.2632073383
30.6426013595
3.99248852311
-16.2801414457
-5.88391627283
-2.26757567104
25.2211298103
-3.2700423668
-2.2205424847
-21.0046246394
4.54853638312
13.5246773968
13.5390964342
3.95029883078
-15.5340134919
2.29285619142
0.385928976562
19.6918447764
-3.81569471086
-3.62401309625
-12.5087882443
2.50504504098
10.5316591641
4.46913163334
1.22868017335
-11.878981086
3.77804848256
2.13598064857
12.3778245539
-2.35469631553
-3.9495935471
-5.09357071629
1.36710978387
8.13114998138
-0.201358861851
0.170546222466
-8.25564406094
3.41189776998
1.92617704579
6.49996373429
-1.53399791663
-3.20763685657
-1.07361475912
0.943048523512
5.58255236833
-1.45669564403
-0.138356360851
-4.65235587122
2.30130342831
1.51765734174
2.59453933441
-0.811719210405
-2.33069448711
0.612048072538
0.481264597379
3.33664709325
-1.33087958147
-0.132890646655
-2.0986284477
1.2897491949
1.00313143783
0.600768399903
-0.342296973899
-1.46322290211
0.816029640756
0.181837742847
1.63126840725
-0.79129769015
-0.0382551408171
-0.626891000836
0.614735628567
0.673294676269
-0.0395846014804
-0.0322959735311
-0.719797132099
0.572015065353
0.00677089936559
0.631730675334
-0.373471587073
-0.0730835364226
-0.0850488258681
0.191622744927
0.360939762799
-0.169957420637
0.0315026879511
-0.310735681696
0.269644904192
-0.0303346785753
0.181877765716
-0.148198127382
-0.0663555936408
0.0442148763188
0.109053048879
0.136815826464
-0.0315130557696
0.0800447780687
-0.0568817146472
0.158806365323
0.00927928035464
0.0970962629074
0.092241449762
0.0876293772739
0.0832479084102
0.0790855129897
0.0751312373402
0.0713746754732
0.0678059416996
0.0644156446146
0.0611948623839
0.0581351192647
0.0552283633014
0.0524669451364
0.0498435978795
0.0473514179856
0.0449838470863
0.042734654732
0.0405979219954
0.0385680258956
0.0366396246008
0.0348076433708
0.0330672612022
0.0314138981421
0.029843203235
0.0283510430733
0.0269334909196
0.0255868163736
0.0243074755549
0.0230921017772
0.0219374966883
0.0208406218539
0.0197985907612
0.0188086612232
0.017868228162
0.0169748167539
0.0161260759162
0.0153197721204
0.0145537835144
0.0138260943387
0.0131347896217
0.0124780501406
0.0118541476336
0.0112614402519
0.0106983682393
0.0101634498274
0.009655277336
0.0091725134692
0.00871388779574
0.00827819340595
0.00786428373565
0.00747106954887
0.00709751607143
0.00674264026786
0.00640550825446
0.00608523284174
0.00578097119965
0.00549192263967
0.00521732650769
0.0049564601823
0.00470863717319
0.00447320531453
0.0042495450488
0.00403706779636
0.00383521440654
0.00364345368622
0.00346128100191
0.00328821695181
0.00312380610422
0.00296761579901
0.00281923500906
0.00267827325861
0.00254435959568
0.00241714161589
0.0022962845351
0.00218147030834
0.00207239679292
0.00196877695328
0.00187033810561
0.00177682120033
0.00168798014032
0.0016035811333
0.00152340207664
0.0014472319728
0.00137487037416
0.00130612685546
0.00124082051268
0.00117877948705
0.0011198405127
0.00106384848706
0.00101065606271
0.000960123259573
0.000912117096595
0.000866511241765
0.000823185679677
0.000782026395693
0.000742925075908
0.000705778822113
0.000670489881007
0.000636965386957
0.000605117117609
0.000574861261728
0.000546118198642
0.00051881228871
0.000492871674274
0.000468228090561
0.000444816686033
0.000422575851731
0.000401447059145
0.000381374706187
0.000362305970878
0.000344190672334
0.000326981138717
0.000310632081781
0.000295100477692
0.000280345453808
0.000266328181117
0.000253011772062
0.000240361183458
0.000228343124286
0.000216925968071
0.000206079669668
0.000195775686184
0.000185986901875
0.000176687556781
0.000167853178942
0.000159460519995
0.000151487493995
0.000143913119296
0.000136717463331
0.000129881590164
0.000123387510656
0.000117218135123
0.000111357228367
0.000105789366949
0.000100499898601
9.54749036713e-05
9.07011584877e-05
8.61661005633e-05
8.18577955351e-05
7.77649057584e-05
7.38766604705e-05
7.01828274469e-05
6.66736860746e-05
6.33400017709e-05
6.01730016823e-05
5.71643515982e-05
5.43061340183e-05
5.15908273174e-05
4.90112859515e-05
4.65607216539e-05
4.42326855712e-05
4.20210512927e-05
3.9919998728e-05
3.79239987916e-05
3.60277988521e-05
3.42264089095e-05
3.2515088464e-05
3.08893340408e-05
2.93448673387e-05
2.78776239718e-05
2.64837427732e-05
2.51595556346e-05
2.39015778528e-05
2.27064989602e-05
2.15711740122e-05
2.04926153116e-05
1.9467984546e-05
1.84945853187e-05
1.75698560528e-05
1.66913632501e-05
1.58567950876e-05
1.50639553332e-05
1.43107575666e-05
1.35952196882e-05
1.29154587038e-05
1.22696857686e-05
1.16562014802e-05
1.10733914062e-05
1.05197218359e-05
9.99373574409e-06
9.49404895689e-06
9.01934650904e-06
8.56837918359e-06
8.13996022441e-06
7.73296221319e-06
7.34631410253e-06
6.9789983974e-06
6.63004847753e-06
6.29854605366e-06
5.98361875097e-06
5.68443781343e-06
5.40021592275e-06
5.13020512662e-06
4.87369487029e-06
4.63001012677e-06
4.39850962043e-06
4.17858413941e-06
3.96965493244e-06
3.77117218582e-06
3.58261357653e-06
3.4034828977e-06
3.23330875282e-06
3.07164331518e-06
2.91806114942e-06
2.77215809195e-06
2.63355018735e-06
2.50187267798e-06
2.37677904408e-06
2.25794009188e-06
2.14504308728e-06
2.03779093292e-06
1.93590138627e-06
1.83910631696e-06
1.74715100111e-06
1.65979345106e-06
1.5768037785e-06
1.49796358958e-06
1.4230654101e-06
1.35191213959e-06
1.28431653261e-06
1.22010070598e-06
1.15909567069e-06
1.10114088715e-06
1.04608384279e-06
9.93779650654e-07
9.44090668121e-07
8.96886134715e-07
8.52041827979e-07
8.0943973658e-07
7.68967749751e-07
7.30519362264e-07
6.9399339415e-07
6.59293724443e-07
6.26329038221e-07
5.9501258631e-07
5.65261956994e-07
5.36998859145e-07
5.10148916187e-07
4.84641470378e-07
4.60409396859e-07
4.37388927016e-07
4.15519480665e-07
3.94743506632e-07
3.750063313e-07
3.56256014735e-07
3.38443213999e-07
3.21521053299e-07
3.05445000634e-07
2.90172750602e-07
2.75664113072e-07
2.61880907418e-07
2.48786862047e-07
2.36347518945e-07
2.24530142998e-07
2.13303635848e-07
2.02638454056e-07
1.92506531353e-07
1.82881204785e-07
1.73737144546e-07
1.65050287319e-07
1.56797772953e-07
1.48957884305e-07
1.4150999009e-07
1.34434490585e-07
1.27712766056e-07
1.21327127753e-07
1.15260771366e-07
1.09497732797e-07
1.04022846157e-07
9.88217038495e-08
9.38806186571e-08
8.91865877242e-08
8.4727258338e-08
8.04908954211e-08
7.646635065e-08
7.26430331175e-08
6.90108814617e-08
6.55603373886e-08
6.22823205191e-08
5.91682044932e-08
5.62097942685e-08
5.33993045551e-08
5.07293393274e-08
4.8192872361e-08
4.57832287429e-08
4.34940673058e-08
4.13193639405e-08
3.92533957435e-08
3.72907259563e-08
3.54261896585e-08
3.36548801756e-08
3.19721361668e-08
3.03735293584e-08
2.88548528905e-08
2.7412110246e-08
2.60415047337e-08
2.4739429497e-08
2.35024580222e-08
2.23273351211e-08
2.1210968365e-08
2.01504199467e-08
1.91428989494e-08
1.81857540019e-08
1.72764663018e-08
1.64126429868e-08
1.55920108374e-08
1.48124102955e-08
1.40717897808e-08
1.33682002917e-08
1.26997902771e-08
1.20648007633e-08
1.14615607251e-08
1.08884826889e-08
1.03440585544e-08
9.8268556267e-09
9.33551284537e-09
8.8687372031e-09
8.42530034294e-09
8.00403532579e-09
7.60383355951e-09
7.22364188153e-09
6.86245978745e-09
6.51933679808e-09
6.19336995818e-09
5.88370146027e-09
5.58951638725e-09
5.31004056789e-09
5.0445385395e-09
4.79231161252e-09
4.5526960319e-09
4.3250612303e-09
4.10880816879e-09
3.90336776035e-09
3.70819937233e-09
3.52278940371e-09
3.34664993353e-09
3.17931743685e-09
3.02035156501e-09
2.86933398676e-09
2.72586728742e-09
2.58957392305e-09
2.4600952269e-09
2.33709046555e-09
2.22023594227e-09
2.10922414516e-09
2.0037629379e-09
1.90357479101e-09
1.80839605146e-09
1.71797624888e-09
1.63207743644e-09
1.55047356462e-09
1.47294988639e-09
1.39930239207e-09
1.32933727246e-09
1.26287040884e-09
1.1997268884e-09
1.13974054398e-09
1.08275351678e-09
1.02861584094e-09
9.77185048894e-10
9.28325796449e-10
8.81909506627e-10
8.37814031296e-10
7.95923329731e-10
7.56127163244e-10
7.18320805082e-10
6.82404764828e-10
6.48284526587e-10
6.15870300257e-10
5.85076785244e-10
5.55822945982e-10
5.28031798683e-10
5.01630208749e-10
4.76548698311e-10
4.52721263396e-10
4.30085200226e-10
4.08580940215e-10
3.88151893204e-10
3.68744298544e-10
3.50307083617e-10
3.32791729436e-10
3.16152142964e-10
3.00344535816e-10
2.85327309025e-10
2.71060943574e-10
2.57507896395e-10
2.44632501575e-10
2.32400876497e-10
2.20780832672e-10
2.09741791038e-10
1.99254701486e-10
1.89291966412e-10
1.79827368091e-10
1.70835999687e-10
1.62294199702e-10
1.54179489717e-10
1.46470515231e-10
1.3914698947e-10
1.32189639996e-10
1.25580157997e-10
1.19301150097e-10
1.13336092592e-10
1.07669287962e-10
1.02285823564e-10
9.7171532386e-11
9.23129557667e-11
8.76973079783e-11
8.33124425794e-11
7.91468204505e-11
7.51894794279e-11
7.14300054565e-11
6.78585051837e-11
6.44655799245e-11
6.12423009283e-11
5.81801858819e-11
5.52711765878e-11
5.25076177584e-11
4.98822368705e-11
4.7388125027e-11
4.50187187756e-11
4.27677828368e-11
4.0629393695e-11
3.85979240102e-11
3.66680278097e-11
3.48346264192e-11
3.30928950983e-11
3.14382503434e-11
2.98663378262e-11
2.83730209349e-11
2.69543698881e-11
2.56066513937e-11
2.4326318824e-11
2.31100028828e-11
2.19545027387e-11
2.08567776018e-11
1.98139387217e-11
1.88232417856e-11
1.78820796963e-11
1.69879757115e-11
1.61385769259e-11
1.53316480796e-11
1.45650656756e-11
1.38368123919e-11
1.31449717723e-11
1.24877231837e-11
1.18633370245e-11
1.12701701733e-11
1.07066616646e-11
1.01713285814e-11
9.66276215229e-12
9.17962404468e-12
8.72064284244e-12
8.28461070032e-12
7.8703801653e-12
7.47686115704e-12
7.10301809919e-12
6.74786719423e-12
6.41047383452e-12
6.08995014279e-12
5.78545263565e-12
5.49618000387e-12
5.22137100368e-12
4.96030245349e-12
4.71228733082e-12
4.47667296428e-12
4.25283931606e-12
4.04019735026e-12
3.83818748275e-12
3.64627810861e-12
3.46396420318e-12
3.29076599302e-12
3.12622769337e-12
2.9699163087e-12
2.82142049327e-12
2.6803494686e-12
2.54633199517e-12
2.41901539541e-12
2.29806462564e-12
2.18316139436e-12
2.07400332464e-12
1.97030315841e-12
1.87178800049e-12
1.77819860047e-12
1.68928867044e-12
1.60482423692e-12
1.52458302507e-12
1.44835387382e-12
1.37593618013e-12
1.30713937112e-12
1.24178240257e-12
1.17969328244e-12
1.12070861832e-12
1.0646731874e-12
1.01143952803e-12
9.60867551629e-13
9.12824174048e-13
8.67182965345e-13
8.23823817078e-13
7.82632626224e-13
7.43500994913e-13
7.06325945167e-13
6.71009647909e-13
6.37459165513e-13
6.05586207238e-13
5.75306896876e-13
5.46541552032e-13
5.1921447443e-13
4.93253750709e-13
4.68591063173e-13
4.45161510015e-13
4.22903434514e-13
4.01758262788e-13
3.81670349649e-13
3.62586832166e-13
3.44457490558e-13
3.2723461603e-13
3.10872885229e-13
2.95329240967e-13
2.80562778919e-13
2.66534639973e-13
2.53207907974e-13
2.40547512576e-13
2.28520136947e-13
2.17094130099e-13
2.06239423595e-13
1.95927452415e-13
1.86131079794e-13
1.76824525804e-13
1.67983299514e-13
1.59584134538e-13
1.51604927812e-13
1.44024681421e-13
1.3682344735e-13
1.29982274982e-13
1.23483161233e-13
1.17309003172e-13
1.11443553013e-13
1.05871375362e-13
1.00577806594e-13
9.55489162645e-14
9.07714704513e-14
8.62328969287e-14
8.19212520823e-14
7.78251894782e-14
7.39339300043e-14
7.02372335041e-14
6.67253718289e-14
6.33891032374e-14
6.02196480756e-14
5.72086656718e-14
5.43482323882e-14
5.16308207688e-14
4.90492797303e-14
4.65968157438e-14
4.42669749566e-14
4.20536262088e-14
3.99509448984e-14
3.79533976534e-14
3.60557277708e-14
3.42529413822e-14
3.25402943131e-14
3.09132795975e-14
2.93676156176e-14
2.78992348367e-14
2.65042730949e-14
2.51790594401e-14
2.39201064681e-14
2.27241011447e-14
2.15878960875e-14
2.05085012831e-14
1.9483076219e-14
1.8508922408e-14
1.75834762876e-14
1.67043024732e-14
1.58690873496e-14
1.50756329821e-14
1.4321851333e-14
1.36057587663e-14
1.2925470828e-14
1.22791972866e-14
1.16652374223e-14
1.10819755512e-14
1.05278767736e-14
1.00014829349e-14
9.50140878818e-15
9.02633834877e-15
8.57502143134e-15
8.14627035977e-15
7.73895684178e-15
7.35200899969e-15
6.98440854971e-15
6.63518812222e-15
6.30342871611e-15
5.98825728031e-15
5.68884441629e-15
5.40440219548e-15
5.1341820857e-15
4.87747298142e-15
4.63359933235e-15
4.40191936573e-15
4.18182339744e-15
3.97273222757e-15
3.77409561619e-15
3.58539083538e-15
3.40612129361e-15
3.23581522893e-15
3.07402446749e-15
2.92032324411e-15
2.77430708191e-15
2.63559172781e-15
2.50381214142e-15
2.37862153435e-15
2.25969045763e-15
2.14670593475e-15
2.03937063801e-15
1.93740210611e-15
1.84053200081e-15
1.74850540077e-15
1.66108013073e-15
1.57802612419e-15
1.49912481798e-15
1.42416857708e-15
1.35296014823e-15
1.28531214082e-15
1.22104653378e-15
1.15999420709e-15
1.10199449673e-15
1.0468947719e-15
9.94550033302e-16
9.44822531636e-16
8.97581405055e-16
8.52702334802e-16
8.10067218062e-16
7.69563857159e-16
7.31085664301e-16
6.94531381086e-16
6.59804812031e-16
6.2681457143e-16
5.95473842858e-16
5.65700150715e-16
5.3741514318e-16
5.10544386021e-16
4.8501716672e-16
4.60766308384e-16
4.37727992965e-16
4.15841593316e-16
3.9504951365e-16
3.75297037968e-16
3.5653218607e-16
3.38705576766e-16
3.21770297928e-16
3.05681783031e-16
2.9039769388e-16
2.75877809186e-16
2.62083918727e-16
2.4897972279e-16
2.36530736651e-16
2.24704199818e-16
2.13468989827e-16
2.02795540336e-16
1.92655763319e-16
1.83022975153e-16
1.73871826395e-16
1.65178235076e-16
1.56919323322e-16
1.49073357156e-16
1.41619689298e-16
1.34538704833e-16
1.27811769591e-16
1.21421181112e-16
1.15350122056e-16
1.09582615953e-16
1.04103485156e-16
9.8898310898e-17
9.39533953531e-17
8.92557255855e-17
8.47929393062e-17
8.05532923409e-17
7.65256277238e-17
7.26993463376e-17
6.90643790208e-17
6.56111600697e-17
6.23306020662e-17
5.92140719629e-17
5.62533683648e-17
5.34406999465e-17
5.07686649492e-17
4.82302317018e-17
4.58187201167e-17
4.35277841108e-17
4.13513949053e-17
3.928382516e-17
3.7319633902e-17
3.54536522069e-17
3.36809695966e-17
3.19969211167e-17
3.03970750609e-17
2.88772213079e-17
2.74333602425e-17
2.60616922303e-17
2.47586076188e-17
2.35206772379e-17
2.2344643376e-17
2.12274112072e-17
2.01660406468e-17
1.91577386145e-17
1.81998516838e-17
1.72898590996e-17
1.64253661446e-17
1.56040978374e-17
1.48238929455e-17
1.40826982982e-17
1.33785633833e-17
1.27096352142e-17
1.20741534534e-17
1.14704457808e-17
1.08969234917e-17
1.03520773171e-17
9.83447345129e-18
9.34274977872e-18
8.87561228979e-18
8.4318316753e-18
8.01024009153e-18
7.60972808696e-18
7.22924168261e-18
6.86777959848e-18
6.52439061855e-18
6.19817108763e-18
5.88826253325e-18
5.59384940658e-18
5.31415693625e-18
5.04844908944e-18
4.79602663497e-18
4.55622530322e-18
4.32841403806e-18
4.11199333616e-18
3.90639366935e-18
3.71107398588e-18
3.52552028659e-18
3.34924427226e-18
3.18178205865e-18
3.02269295571e-18
2.87155830793e-18
2.72798039253e-18
2.5915813729e-18
2.46200230426e-18
2.33890218905e-18
2.22195707959e-18
2.11085922561e-18
2.00531626433e-18
1.90505045112e-18
1.80979792856e-18
1.71930803213e-18
1.63334263053e-18
1.551675499e-18
1.47409172405e-18
1.40038713785e-18
1.33036778096e-18
1.26384939191e-18
1.20065692231e-18
1.1406240762e-18
1.08359287239e-18
1.02941322877e-18
9.77942567329e-19
9.29045438962e-19
8.82593167014e-19
8.38463508664e-19
7.9654033323e-19
7.56713316569e-19
7.1887765074e-19
6.82933768203e-19
6.48787079793e-19
6.16347725804e-19
5.85530339513e-19
5.56253822538e-19
5.28441131411e-19
5.0201907484e-19
4.76918121098e-19
4.53072215043e-19
4.30418604291e-19
4.08897674077e-19
3.88452790373e-19
3.69030150854e-19
3.50578643311e-19
3.33049711146e-19
3.16397225589e-19
3.00577364309e-19
2.85548496094e-19
2.71271071289e-19
2.57707517725e-19
2.44822141838e-19
2.32581034746e-19
2.20951983009e-19
2.09904383859e-19
1.99409164666e-19
1.89438706432e-19
1.79966771111e-19
1.70968432555e-19
1.62420010928e-19
1.54299010381e-19
1.46584059862e-19
1.39254856869e-19
1.32292114026e-19
1.25677508324e-19
1.19393632908e-19
1.13423951263e-19
1.077527537e-19
1.02365116015e-19
9.72468602138e-20
9.23845172031e-20
8.7765291343e-20
8.33770267758e-20
7.9208175437e-20
7.52477666652e-20
7.14853783319e-20
6.79111094153e-20
6.45155539445e-20
6.12897762473e-20
5.8225287435e-20
5.53140230632e-20
5.254832191e-20
4.99209058145e-20
4.74248605238e-20
4.50536174976e-20
4.28009366227e-20
4.06608897916e-20
3.8627845302e-20
3.66964530369e-20
3.48616303851e-20
3.31185488658e-20
3.14626214225e-20
2.98894903514e-20
2.83950158338e-20
2.69752650421e-20
2.562650179e-20
2.43451767005e-20
2.31279178655e-20
2.19715219722e-20
2.08729458736e-20
1.98292985799e-20
1.88378336509e-20
1.78959419684e-20
1.700114487e-20
1.61510876265e-20
1.53435332452e-20
1.45763565829e-20
1.38475387538e-20
1.31551618161e-20
1.24974037253e-20
1.1872533539e-20
1.1278906862e-20
1.07149615189e-20
1.0179213443e-20
9.67025277085e-21
9.18674013231e-21
8.72740312569e-21
8.29103296941e-21
7.87648132094e-21
7.48265725489e-21
7.10852439214e-21
6.75309817254e-21
6.41544326391e-21
6.09467110071e-21
5.78993754568e-21
5.5004406684e-21
5.22541863498e-21
4.96414770323e-21
4.71594031807e-21
4.48014330216e-21
4.25613613705e-21
4.0433293302e-21
3.84116286369e-21
3.64910472051e-21
3.46664948448e-21
3.29331701026e-21
3.12865115974e-21
2.97221860176e-21
2.82360767167e-21
2.68242728809e-21
2.54830592368e-21
2.4208906275e-21
2.29984609612e-21
2.18485379132e-21
2.07561110175e-21
1.97183054666e-21
1.87323901933e-21
1.77957706836e-21
1.69059821495e-21
1.6060683042e-21
1.52576488899e-21
1.44947664454e-21
1.37700281231e-21
1.3081526717e-21
1.24274503811e-21
1.18060778621e-21
1.1215773969e-21
1.06549852705e-21
1.0122236007e-21
9.61612420663e-22
9.1353179963e-22
8.67855209649e-22
8.24462449166e-22
7.83239326708e-22
7.44077360372e-22
7.06873492354e-22
6.71529817736e-22
6.37953326849e-22
6.06055660507e-22
5.75752877482e-22
5.46965233607e-22
5.19616971927e-22
4.93636123331e-22
4.68954317164e-22
4.45506601306e-22
4.23231271241e-22
4.02069707679e-22
3.81966222295e-22
3.6286791118e-22
3.44724515621e-22
3.2748828984e-22
3.11113875348e-22
2.95558181581e-22
2.80780272502e-22
2.66741258876e-22
2.53404195933e-22
2.40733986136e-22
2.28697286829e-22
2.17262422488e-22
2.06399301363e-22
1.96079336295e-22
1.8627536948e-22
1.76961601006e-22
1.68113520956e-22
1.59707844908e-22
1.51722452663e-22
1.4413633003e-22
1.36929513528e-22
1.30083037852e-22
1.23578885959e-22
1.17399941661e-22
1.11529944578e-22
1.05953447349e-22
1.00655774982e-22
9.56229862327e-23
9.08418369211e-23
8.6299745075e-23
8.19847578213e-23
7.78855199302e-23
7.39912439337e-23
7.0291681737e-23
6.67770976502e-23
6.34382427677e-23
6.02663306293e-23
5.72530140978e-23
5.43903633929e-23
5.16708452233e-23
4.90873029621e-23
4.6632937814e-23
4.43012909233e-23
4.20862263771e-23
3.99819150583e-23
3.79828193054e-23
3.60836783401e-23
3.42794944231e-23
3.25655197019e-23
3.09372437169e-23
2.9390381531e-23
2.79208624545e-23
2.65248193317e-23
2.51985783651e-23
2.39386494469e-23
2.27417169745e-23
2.16046311258e-23
2.05243995695e-23
1.94981795911e-23
1.85232706115e-23
1.75971070809e-23
1.67172517269e-23
1.58813891405e-23
1.50873196835e-23
1.43329536993e-23
1.36163060144e-23
1.29354907136e-23
1.2288716178e-23
1.16742803691e-23
1.10905663506e-23
1.05360380331e-23
1.00092361314e-23
9.50877432486e-24
9.03333560861e-24
8.58166882818e-24
8.15258538677e-24
7.74495611744e-24
7.35770831156e-24
6.98982289599e-24
6.64033175119e-24
6.30831516363e-24
5.99289940545e-24
5.69325443517e-24
5.40859171341e-24
5.13816212774e-24
4.88125402136e-24
4.63719132029e-24
4.40533175427e-24
4.18506516656e-24
3.97581190823e-24
3.77702131282e-24
3.58817024718e-24
3.40876173482e-24
3.23832364808e-24
3.07640746568e-24
2.92258709239e-24
2.77645773777e-24
2.63763485088e-24
2.50575310834e-24
2.38046545292e-24
2.26144218028e-24
2.14837007126e-24
2.0409515677e-24
1.93890398931e-24
1.84195878985e-24
1.74986085036e-24
1.66236780784e-24
1.57924941745e-24
1.50028694657e-24
1.42527259925e-24
1.35400896928e-24
1.28630852082e-24
1.22199309478e-24
1.16089344004e-24
1.10284876804e-24
1.04770632964e-24
9.95321013154e-25
9.45554962496e-25
8.98277214371e-25
8.53363353653e-25
8.1069518597e-25
7.70160426672e-25
7.31652405338e-25
6.95069785071e-25
6.60316295817e-25
6.27300481027e-25
5.95935456975e-25
5.66138684127e-25
5.3783174992e-25
5.10940162424e-25
4.85393154303e-25
4.61123496588e-25
4.38067321758e-25
4.16163955671e-25
3.95355757887e-25
3.75587969993e-25
3.56808571493e-25
3.38968142918e-25
3.22019735772e-25
3.05918748984e-25
2.90622811535e-25
2.76091670958e-25
2.6228708741e-25
2.4917273304e-25
2.36714096388e-25
2.24878391568e-25
2.1363447199e-25
2.0295274839e-25
1.92805110971e-25
1.83164855422e-25
1.74006612651e-25
1.65306282019e-25
1.57040967918e-25
1.49188919522e-25
1.41729473546e-25
1.34642999868e-25
1.27910849875e-25
1.21515307381e-25
1.15439542012e-25
1.09667564912e-25
1.04184186666e-25
9.89749773327e-26
9.4026228466e-26
8.93249170427e-26
8.48586711906e-26
8.06157376311e-26
7.65849507495e-26
7.2755703212e-26
6.91179180514e-26
6.56620221489e-26
6.23789210414e-26
5.92599749893e-26
5.62969762399e-26
5.34821274279e-26
5.08080210565e-26
4.82676200037e-26
4.58542390035e-26
4.35615270533e-26
4.13834507006e-26
3.93142781656e-26
3.73485642573e-26
3.54811360445e-26
3.37070792422e-26
3.20217252801e-26
3.04206390161e-26
2.88996070653e-26
2.7454626712e-26
2.60818953764e-26
2.47778006076e-26
2.35389105772e-26
2.23619650484e-26
2.1243866796e-26
2.01816734562e-26
1.91725897834e-26
1.82139602942e-26
1.73032622795e-26
1.64380991655e-26
1.56161942072e-26
1.48353844969e-26
1.4093615272e-26
1.33889345084e-26
1.2719487783e-26
1.20835133939e-26
1.14793377242e-26
1.0905370838e-26
1.03601022961e-26
9.84209718125e-27
9.34999232219e-27
8.88249270608e-27
8.43836807078e-27
8.01644966724e-27
7.61562718387e-27
7.23484582468e-27
6.87310353345e-27
6.52944835677e-27
6.20297593894e-27
5.89282714199e-27
5.59818578489e-27
5.31827649565e-27
5.05236267086e-27
4.79974453732e-27
4.55975731045e-27
4.33176944493e-27
4.11518097268e-27
3.90942192405e-27
3.71395082785e-27
3.52825328646e-27
3.35184062213e-27
3.18424859103e-27
3.02503616147e-27
2.8737843534e-27
2.73009513573e-27
2.59359037894e-27
2.46391086e-27
2.340715317e-27
2.22367955115e-27
2.11249557359e-27
2.00687079491e-27
1.90652725516e-27
1.81120089241e-27
1.72064084779e-27
1.6346088054e-27
1.55287836513e-27
1.47523444687e-27
1.40147272453e-27
1.3313990883e-27
1.26482913389e-27
1.20158767719e-27
1.14150829333e-27
1.08443287867e-27
1.03021123473e-27
9.78700672996e-28
9.29765639346e-28
8.83277357378e-28
8.3911348951e-28
7.97157815034e-28
7.57299924282e-28
7.19434928068e-28
6.83463181665e-28
6.49290022582e-28
6.16825521453e-28
5.8598424538e-28
5.56685033111e-28
5.28850781455e-28
5.02408242383e-28
4.77287830263e-28
4.5342343875e-28
4.30752266813e-28
4.09214653472e-28
3.88753920799e-28
3.69316224759e-28
3.50850413521e-28
3.33307892845e-28
3.16642498202e-28
3.00810373292e-28
2.85769854628e-28
2.71481361896e-28
2.57907293801e-28
2.45011929111e-28
2.32761332656e-28
2.21123266023e-28
2.10067102722e-28
1.99563747586e-28
1.89585560207e-28
1.80106282196e-28
1.71100968086e-28
1.62545919682e-28
1.54418623698e-28
1.46697692513e-28
1.39362807887e-28
1.32394667493e-28
1.25774934118e-28
1.19486187412e-28
1.13511878042e-28
1.0783628414e-28
1.02444469933e-28
9.73222464361e-29
9.24561341143e-29
8.78333274086e-29
8.34416610382e-29
7.92695779863e-29
7.53060990869e-29
7.15407941326e-29
6.7963754426e-29
6.45655667047e-29
6.13372883694e-29
5.8270423951e-29
5.53569027534e-29
5.25890576157e-29
4.9959604735e-29
4.74616244982e-29
4.50885432733e-29
4.28341161096e-29
4.06924103042e-29
3.86577897889e-29
3.67249002995e-29
3.48886552845e-29
3.31442225203e-29
3.14870113943e-29
2.99126608246e-29
2.84170277833e-29
2.69961763942e-29
2.56463675745e-29
2.43640491957e-29
2.3145846736e-29
2.19885543992e-29
2.08891266792e-29
1.98446703452e-29
1.8852436828e-29
1.79098149866e-29
1.70143242372e-29
1.61636080254e-29
1.53554276241e-29
1.45876562429e-29
1.38582734308e-29
1.31653597592e-29
1.25070917713e-29
1.18817371827e-29
1.12876503236e-29
1.07232678074e-29
1.0187104417e-29
9.67774919617e-30
9.19386173636e-30
8.73416864954e-30
8.29746021707e-30
7.88258720621e-30
7.4884578459e-30
7.11403495361e-30
6.75833320593e-30
6.42041654563e-30
6.09939571835e-30
5.79442593243e-30
5.50470463581e-30
5.22946940402e-30
4.96799593382e-30
4.71959613713e-30
4.48361633027e-30
4.25943551376e-30
4.04646373807e-30
3.84414055117e-30
3.65193352361e-30
3.46933684743e-30
3.29587000506e-30
3.1310765048e-30
2.97452267956e-30
2.82579654558e-30
2.68450671831e-30
2.55028138239e-30
2.42276731327e-30
2.30162894761e-30
2.18654750023e-30
2.07722012522e-30
1.97335911895e-30
1.87469116301e-30
1.78095660486e-30
1.69190877461e-30
1.60731333588e-30
1.52694766909e-30
1.45060028563e-30
1.37807027135e-30
1.30916675779e-30
1.2437084199e-30
1.1815229989e-30
1.12244684896e-30
1.06632450651e-30
1.01300828118e-30
9.62357867124e-31
9.14239973767e-31
8.68527975079e-31
8.25101576325e-31
7.83846497509e-31
7.44654172633e-31
7.07421464002e-31
6.72050390802e-31
6.38447871262e-31
6.06525477699e-31
5.76199203814e-31
5.47389243623e-31
5.20019781442e-31
4.9401879237e-31
4.69317852751e-31
4.45851960114e-31
4.23559362108e-31
4.02381394003e-31
3.82262324302e-31
3.63149208087e-31
3.44991747683e-31
3.27742160299e-31
3.11355052284e-31
2.9578729967e-31
2.80997934686e-31
2.66948037952e-31
2.53600636054e-31
2.40920604252e-31
2.28874574039e-31
2.17430845337e-31
2.0655930307e-31
1.96231337917e-31
1.86419771021e-31
1.7709878247e-31
1.68243843346e-31
1.59831651179e-31
1.5184006862e-31
1.44248065189e-31
1.3703566193e-31
1.30183878833e-31
1.23674684891e-31
1.17490950647e-31
1.11616403115e-31
1.06035582959e-31
1.00733803811e-31
9.56971136203e-32
9.09122579393e-32
8.63666450423e-32
8.20483127902e-32
7.79458971507e-32
7.40486022932e-32
7.03461721785e-32
6.68288635696e-32
6.34874203911e-32
6.03130493716e-32
5.7297396903e-32
5.44325270578e-32
5.17109007049e-32
4.91253556697e-32
4.66690878862e-32
4.43356334919e-32
4.21188518173e-32
4.00129092264e-32
3.80122637651e-32
3.61116505769e-32
3.4306068048e-32
3.25907646456e-32
3.09612264133e-32
2.94131650927e-32
2.7942506838e-32
2.65453814961e-32
2.52181124213e-32
2.39572068003e-32
2.27593464602e-32
2.16213791372e-32
2.05403101804e-32
1.95132946714e-32
1.85376299378e-32
1.76107484409e-32
1.67302110189e-32
1.58937004679e-32
1.50990154445e-32
1.43440646723e-32
1.36268614387e-32
1.29455183667e-32
1.22982424484e-32
1.1683330326e-32
1.10991638097e-32
1.05442056192e-32
1.00169953382e-32
9.51614557133e-33
9.04033829276e-33
8.58832137812e-33
8.15890530922e-33
7.75096004376e-33
7.36341204157e-33
6.99524143949e-33
6.64547936752e-33
6.31320539914e-33
5.99754512918e-33
5.69766787272e-33
5.41278447909e-33
5.14214525513e-33
4.88503799238e-33
4.64078609276e-33
4.40874678812e-33
4.18830944871e-33
3.97889397628e-33
3.77994927746e-33
3.59095181359e-33
3.41140422291e-33
3.24083401177e-33
3.07879231118e-33
2.92485269562e-33
2.77861006084e-33
2.6396795578e-33
2.50769557991e-33
2.38231080091e-33
2.26319526087e-33
2.15003549782e-33
2.04253372293e-33
1.94040703678e-33
1.84338668495e-33
1.7512173507e-33
1.66365648316e-33
1.580473659e-33
1.50144997605e-33
1.42637747725e-33
1.35505860339e-33
1.28730567322e-33
1.22294038956e-33
1.16179337008e-33
1.10370370158e-33
1.0485185165e-33
9.96092590673e-34
9.46287961139e-34
8.98973563082e-34
8.54024884928e-34
8.11323640682e-34
7.70757458648e-34
7.32219585715e-34
6.9560860643e-34
6.60828176108e-34
6.27786767303e-34
5.96397428938e-34
5.66577557491e-34
5.38248679616e-34
5.11336245635e-34
4.85769433354e-34
4.61480961686e-34
4.38406913602e-34
4.16486567922e-34
3.95662239525e-34
3.75879127549e-34
3.57085171172e-34
3.39230912613e-34
3.22269366983e-34
3.06155898633e-34
2.90848103702e-34
2.76305698517e-34
2.62490413591e-34
2.49365892911e-34
2.36897598266e-34
2.25052718352e-34
2.13800082435e-34
2.03110078313e-34
1.92954574397e-34
1.83306845678e-34
1.74141503394e-34
1.65434428224e-34
1.57162706813e-34
1.49304571472e-34
1.41839342899e-34
1.34747375754e-34
1.28010006966e-34
1.21609506618e-34
1.15529031287e-34
1.09752579722e-34
1.04264950736e-34
9.90517031995e-35
9.40991180395e-35
8.93941621375e-35
8.49244540306e-35
8.06782313291e-35
7.66443197627e-35
7.28121037745e-35
6.91714985858e-35
6.57129236565e-35
6.24272774737e-35
5.93059136e-35
5.634061792e-35
5.3523587024e-35
5.08474076728e-35
4.83050372892e-35
4.58897854247e-35
4.35952961535e-35
4.14155313458e-35
3.93447547785e-35
3.73775170396e-35
3.55086411876e-35
3.37332091282e-35
3.20465486718e-35
3.04442212382e-35
2.89220101763e-35
2.74759096675e-35
2.61021141841e-35
2.47970084749e-35
2.35571580512e-35
2.23793001486e-35
2.12603351412e-35
2.01973183841e-35
1.91874524649e-35
1.82280798417e-35
1.73166758496e-35
1.64508420571e-35
1.56282999542e-35
1.48468849565e-35
1.41045407087e-35
1.33993136733e-35
1.27293479896e-35
1.20928805901e-35
1.14882365606e-35
1.09138247326e-35
1.0368133496e-35
9.84972682116e-36
9.35724048011e-36
8.8893784561e-36
8.4449095333e-36
8.02266405663e-36
7.6215308538e-36
7.24045431111e-36
6.87843159555e-36
6.53451001578e-36
6.20778451499e-36
5.89739528924e-36
5.60252552478e-36
5.32239924854e-36
5.05627928611e-36
4.80346532181e-36
4.56329205571e-36
4.33512745293e-36
4.11837108028e-36
3.91245252627e-36
3.71682989996e-36
3.53098840496e-36
3.35443898471e-36
3.18671703547e-36
3.0273811837e-36
2.87601212452e-36
2.73221151829e-36
2.59560094238e-36
2.46582089526e-36
2.34252985049e-36
2.22540335797e-36
2.11413319007e-36
2.00842653057e-36
1.90800520404e-36
1.81260494384e-36
1.72197469664e-36
1.63587596181e-36
1.55408216372e-36
1.47637805554e-36
1.40255915276e-36
1.33243119512e-36
1.26580963536e-36
1.2025191536e-36
1.14239319592e-36
1.08527353612e-36
1.03100985932e-36
9.79459366349e-37
9.30486398032e-37
8.8396207813e-37
8.39763974224e-37
7.97775775513e-37
7.57886986737e-37
7.199926374e-37
6.8399300553e-37
6.49793355254e-37
6.17303687491e-37
5.86438503116e-37
5.5711657796e-37
5.29260749062e-37
5.02797711609e-37
4.77657826029e-37
4.53774934727e-37
4.31086187991e-37
4.09531878592e-37
3.89055284662e-37
3.69602520429e-37
3.51122394407e-37
3.33566274687e-37
3.16887960953e-37
3.01043562905e-37
2.8599138476e-37
2.71691815522e-37
2.58107224746e-37
2.45201863508e-37
2.32941770333e-37
2.21294681816e-37
2.10229947726e-37
1.99718450339e-37
1.89732527822e-37
1.80245901431e-37
1.7123360636e-37
1.62671926042e-37
1.5453832974e-37
1.46811413253e-37
1.3947084259e-37
1.3249730046e-37
1.25872435437e-37
1.19578813666e-37
1.13599872982e-37
1.07919879333e-37
1.02523885367e-37
9.73976910982e-38
9.25278065433e-38
8.79014162161e-38
8.35063454053e-38
7.9331028135e-38
7.53644767283e-38
7.15962528919e-38
6.80164402473e-38
6.46156182349e-38
6.13848373232e-38
5.8315595457e-38
5.53998156842e-38
5.26298249e-38
4.9998333655e-38
4.74984169722e-38
4.51234961236e-38
4.28673213174e-38
4.07239552515e-38
3.8687757489e-38
3.67533696145e-38
3.49157011338e-38
3.31699160771e-38
3.15114202732e-38
2.99358492596e-38
2.84390567966e-38
2.70171039568e-38
2.56662487589e-38
2.4382936321e-38
2.31637895049e-38
2.20056000297e-38
2.09053200282e-38
1.98600540268e-38
1.88670513255e-38
1.79236987592e-38
1.70275138212e-38
1.61761381302e-38
1.53673312237e-38
1.45989646625e-38
1.38690164294e-38
1.31755656079e-38
1.25167873275e-38
1.18909479611e-38
1.12964005631e-38
1.07315805349e-38
1.01950015082e-38
9.68525143275e-39
9.20098886112e-39
8.74093941806e-39
8.30389244716e-39
7.8886978248e-39
7.49426293356e-39
7.11954978688e-39
6.76357229754e-39
6.42539368266e-39
6.10412399853e-39
5.7989177986e-39
5.50897190867e-39
5.23352331324e-39
4.97184714758e-39
4.7232547902e-39
4.48709205069e-39
4.26273744815e-39
4.04960057574e-39
3.84712054696e-39
3.65476451961e-39
3.47202629363e-39
3.29842497895e-39
3.13350373e-39
2.9768285435e-39
2.82798711633e-39
2.68658776051e-39
2.55225837248e-39
2.42464545386e-39
2.30341318117e-39
2.18824252211e-39
2.078830396e-39
1.9748888762e-39
1.87614443239e-39
1.78233721077e-39
1.69322035023e-39
1.60855933272e-39
1.52813136609e-39
1.45172479778e-39
1.37913855789e-39
1.31018163e-39
1.2446725485e-39
1.18243892107e-39
1.12331697502e-39
1.06715112627e-39
1.01379356996e-39
9.63103891458e-40
9.14948696885e-40
8.6920126204e-40
8.25741198938e-40
7.84454138991e-40
7.45231432042e-40
7.0796986044e-40
6.72571367418e-40
6.38942799047e-40
6.06995659095e-40
5.7664587614e-40
5.47813582333e-40
5.20422903216e-40
4.94401758055e-40
4.69681670153e-40
4.46197586645e-40
4.23887707313e-40
4.02693321947e-40
3.8255865585e-40
3.63430723057e-40
3.45259186904e-40
3.27996227559e-40
3.11596416181e-40
2.96016595372e-40
2.81215765604e-40
2.67154977323e-40
2.53797228457e-40
2.41107367034e-40
2.29051998683e-40
2.17599398749e-40
2.06719428811e-40
1.96383457371e-40
1.86564284502e-40
1.77236070277e-40
1.68374266763e-40
1.59955553425e-40
1.51957775754e-40
1.44359886966e-40
1.37141892618e-40
1.30284797987e-40
1.23770558087e-40
1.17582030183e-40
1.11702928674e-40
1.0611778224e-40
1.00811893128e-40
9.57712984718e-41
9.09827335482e-41
8.64335968708e-41
8.21119170273e-41
7.80063211759e-41
7.41060051171e-41
7.04007048613e-41
6.68806696182e-41
6.35366361373e-41
6.03598043304e-41
5.73418141139e-41
5.44747234082e-41
5.17509872378e-41
4.91634378759e-41
4.67052659821e-41
4.4370002683e-41
4.21515025489e-41
4.00439274214e-41
3.80417310503e-41
3.61396444978e-41
3.43326622729e-41
3.26160291593e-41
3.09852277013e-41
2.94359663163e-41
2.79641680004e-41
2.65659596004e-41
2.52376616204e-41
2.39757785394e-41
2.27769896124e-41
2.16381401318e-41
2.05562331252e-41
1.95284214689e-41
1.85520003955e-41
1.76244003757e-41
1.67431803569e-41
1.59060213391e-41
1.51107202721e-41
1.43551842585e-41
1.36374250456e-41
1.29555537933e-41
1.23077761037e-41
1.16923872985e-41
1.11077679335e-41
1.05523795369e-41
1.002476056e-41
9.52352253202e-42
9.04734640542e-42
8.59497908515e-42
8.16523013089e-42
7.75696862435e-42
7.36912019313e-42
7.00066418348e-42
6.6506309743e-42
6.31809942559e-42
6.00219445431e-42
5.70208473159e-42
5.41698049501e-42
5.14613147026e-42
4.88882489675e-42
4.64438365191e-42
4.41216446932e-42
4.19155624585e-42
3.98197843356e-42
3.78287951188e-42
3.59373553629e-42
3.41404875947e-42
3.2433463215e-42
3.08117900542e-42
2.92712005515e-42
2.78076405239e-42
2.64172584977e-42
2.50963955729e-42
2.38415757942e-42
2.26494970045e-42
2.15170221543e-42
2.04411710466e-42
1.94191124942e-42
1.84481568695e-42
1.7525749026e-42
1.66494615747e-42
1.5816988496e-42
1.50261390712e-42
1.42748321176e-42
1.35610905118e-42
1.28830359862e-42
1.22388841869e-42
1.16269399775e-42
1.10455929786e-42
1.04933133297e-42
9.96864766323e-43
9.47021528007e-43
8.99670451606e-43
8.54686929026e-43
8.11952582575e-43
7.71354953446e-43
7.32787205774e-43
6.96147845485e-43
6.61340453211e-43
6.2827343055e-43
5.96859759023e-43
5.67016771072e-43
5.38665932518e-43
5.11732635892e-43
4.86146004098e-43
4.61838703893e-43
4.38746768698e-43
4.16809430263e-43
3.9596895875e-43
3.76170510812e-43
3.57361985272e-43
3.39493886008e-43
3.22519191708e-43
3.06393232122e-43
2.91073570516e-43
2.76519891991e-43
2.62693897391e-43
2.49559202521e-43
2.37081242395e-43
2.25227180276e-43
2.13965821262e-43
2.03267530199e-43
1.93104153689e-43
1.83448946004e-43
1.74276498704e-43
1.65562673769e-43
1.5728454008e-43
1.49420313076e-43
1.41949297423e-43
1.34851832552e-43
1.28109240924e-43
1.21703778878e-43
1.15618589934e-43
1.09837660437e-43
1.04345777415e-43
9.91284885445e-44
9.41720641173e-44
8.94634609114e-44
8.49902878659e-44
8.07407734726e-44
7.67037347989e-44
7.2868548059e-44
6.92251206561e-44
6.57638646232e-44
6.24756713921e-44
5.93518878225e-44
5.63842934314e-44
5.35650787598e-44
5.08868248218e-44
4.83424835807e-44
4.59253594017e-44
4.36290914316e-44
4.144763686e-44
3.9375255017e-44
3.74064922662e-44
3.55361676529e-44
3.37593592702e-44
3.20713913067e-44
3.04678217414e-44
2.89444306543e-44
2.74972091216e-44
2.61223486655e-44
2.48162312322e-44
2.35754196706e-44
2.23966486871e-44
2.12768162527e-44
2.02129754401e-44
1.92023266681e-44
1.82422103347e-44
1.7330099818e-44
1.64635948271e-44
1.56404150857e-44
1.48583943314e-44
1.41154746148e-44
1.34097008841e-44
1.27392158399e-44
1.21022550479e-44
1.14971422955e-44
1.09222851807e-44
1.03761709217e-44
9.85736237561e-45
9.36449425683e-45
8.89626954399e-45
8.45145606679e-45
8.02888326345e-45
7.62743910028e-45
7.24606714526e-45
6.883763788e-45
6.5395755986e-45
6.21259681867e-45
5.90196697774e-45
5.60686862885e-45
5.32652519741e-45
5.06019893754e-45
4.80718899066e-45
4.56682954113e-45
4.33848806407e-45
4.12156366087e-45
3.91548547782e-45
3.71971120393e-45
3.53372564374e-45
3.35703936155e-45
3.18918739347e-45
3.0297280238e-45
2.87824162261e-45
2.73432954148e-45
2.5976130644e-45
2.46773241118e-45
2.34434579062e-45
2.22712850109e-45
2.11577207604e-45
2.00998347224e-45
1.90948429862e-45
1.81401008369e-45
1.72330957951e-45
1.63714410053e-45
1.55528689551e-45
1.47752255073e-45
1.40364642319e-45
1.33346410204e-45
1.26679089693e-45
1.20345135209e-45
1.14327878448e-45
1.08611484526e-45
1.031809103e-45
9.80218647846e-46
9.31207715453e-46
8.84647329681e-46
8.40414963197e-46
7.98394215037e-46
7.58474504285e-46
7.20550779071e-46
6.84523240117e-46
6.50297078111e-46
6.17782224206e-46
5.86893112995e-46
5.57548457346e-46
5.29671034478e-46
5.03187482754e-46
4.78028108617e-46
4.54126703186e-46
4.31420368027e-46
4.09849349625e-46
3.89356882144e-46
3.69889038037e-46
3.51394586135e-46
3.33824856828e-46
3.17133613987e-46
3.01276933287e-46
2.86213086623e-46
2.71902432292e-46
2.58307310677e-46
2.45391945143e-46
2.33122347886e-46
2.21466230492e-46
2.10392918967e-46
1.99873273019e-46
1.89879609368e-46
1.803856289e-46
1.71366347455e-46
1.62798030082e-46
1.54658128578e-46
1.46925222149e-46
1.39578961042e-46
1.32600012989e-46
1.2597001234e-46
1.19671511723e-46
1.13687936137e-46
1.0800353933e-46
1.02603362363e-46
9.74731942453e-47
