0.819803539723
-0.0657628975328
0.0532476375415
-0.0859807180636
0.225489006513
-0.184994081696
0.0156763941114
0.1500165108
0.0133407007658
-0.0888846425925
-0.1050729109
0.22675557062
-0.0564056312973
0.0313785444673
0.192155525286
0.0674194228434
0.161987809405
-0.1155616
0.227642778521
-0.194708596308
0.14051698354
-0.143758527569
0.113581086577
-0.0746309580201
-0.0206582984095
0.04851988877
-0.10688032563
0.15071485173
-0.0533815531156
0.14233440647
-0.00923903214826
0.0773452350056
0.0614818981922
-0.0835801813957
0.132477630487
-0.143104601459
0.145064030889
-0.174889329461
0.130564029917
-0.0992154177732
0.0292543049581
0.00472282155758
-0.0220969426759
0.0938406906103
-0.0745136030333
0.129869212582
-0.0663689811959
0.0777746870484
-0.0269580357319
0.00474733856288
0.0361845361307
-0.0728827582017
0.0855747724817
-0.103757951297
0.0916637476959
-0.0848534438678
0.0643792468391
-0.0300675032817
0.0145232215664
0.030673072779
-0.0322429897719
36.4398176302
-2.87969092198
3.02292596134
-3.92117272311
8.57562533214
-6.34978555392
0.729123276359
7.62892440528
0.442797341663
-3.53848162219
-6.66130147468
7.96130027948
-3.22252965026
1.91281897857
2.03098159849
2.94674221302
2.26521444009
1.39845604887
4.12273621516
-1.00042234262
2.50274853221
-1.52431998819
2.26883244518
-0.719298609173
2.38696366156
-0.232159487474
-0.867244625517
0.110895457121
0.923522698913
0.535479474026
0.221026267129
1.18656266343
0.695488535977
0.0446068981053
0.680398832185
0.801807964798
0.68620179384
-0.140114582716
0.252071957776
0.557167180945
0.0914307086431
0.675414850555
-0.117102529544
0.553655526265
-0.292116290939
0.569761479499
0.0172411789343
0.39252495392
0.287527244491
0.00802726326906
0.371164656112
-0.138949749361
0.669574519186
-0.258890107851
0.442828140716
-0.194652952086
0.430750962959
-0.0387145024273
0.227596517054
0.142610527973
0.0329734864238
106.116632352
-14.8083882277
16.0002985119
-15.6669567927
24.968858106
-10.1386838215
5.86591963987
24.8648626163
-0.901161729063
9.52765481906
-20.5006599284
20.8064710945
-11.684755896
9.2729912795
-6.68317971263
10.1011291617
11.7974456006
12.3861127324
0.7933215698
-2.04845068523
1.09650886447
-0.0462981118184
2.3798657568
6.41291379173
10.3842287337
1.02980972392
2.05569847115
-5.96545493365
5.77836692665
-5.33233597303
6.12110590145
-1.6800503063
9.6137393908
2.91688145456
1.64913682674
-1.09050309927
-3.58982666838
2.41527950551
-2.67369488683
6.76830108811
1.7461906928
5.96676099909
-1.9020172738
-0.558383468506
-2.03512000123
-0.0381614950073
0.969804171973
1.90694218413
3.32293133522
2.67650989586
0.604976425211
-1.30751597434
-1.68772495054
-0.765113237958
0.76662131998
1.21501679022
3.28066233407
1.14684623126
1.30552727881
-2.18336409029
-0.510161924685
122.696235112
-24.6615781954
24.012115735
-31.7904105517
38.9469106585
-22.104852223
0.924711745349
19.1475250976
4.31763441445
21.5794861705
-22.5551808091
14.7836425113
-14.2346592412
10.2970695418
-12.0241812821
15.1539268693
21.1830455143
14.2398715924
-1.68456094563
-2.50202058112
2.21404196905
-0.789326616564
-3.01318328359
9.33073362887
10.6823032742
5.61728854056
-0.987171913586
-4.01158960787
1.83346523222
-5.74324313929
2.69514527524
1.35513118017
10.9716994461
2.91737463335
1.20542671751
-1.5120979581
-1.19952767776
-0.349722068449
-0.972350772959
5.35230094267
4.35561376929
4.21700429804
-0.365927643286
-0.0508771448272
-0.997342718125
-1.17201729705
0.299549796623
2.2799400315
3.11675296495
1.66204742003
0.0266151673053
-0.40360184827
-1.12033120656
-0.768136835247
0.194426900126
1.71658513446
2.08809180045
1.16448514925
0.613489650433
-0.107308540862
-0.185538678477
120.975798305
0.396390122988
36.4245099757
13.296073175
50.1310364346
1.15983051031
3.08957925466
20.1740394927
22.4380183743
6.04845281292
-2.32569828395
-1.1459769702
-14.0036493837
-7.24020101368
-12.4763596566
2.92995867783
8.44763920052
5.0960339697
8.1976785768
7.82220328729
9.69017915655
8.11372872798
9.35513112416
16.2893996999
17.1307266172
11.3315334574
9.2365723182
5.07286662872
2.90669201051
-2.00822082645
-2.66847060134
-1.15963368592
-0.256101102957
-3.21457595221
-2.62941925051
-2.92947650308
-1.93828865403
-1.53251801143
0.688774927998
4.00012896889
5.16715277087
5.38430917351
5.90729905623
5.45962124601
4.64842411297
3.73781626813
3.60472883073
3.18892168262
2.17877393685
0.839321271194
0.12594181756
-1.07720537376
-1.69626995043
-1.91680629369
-1.57993916521
-1.05955115455
-0.591600935071
-0.119432828731
0.3827861042
0.686659230098
1.14013977484
201.928799191
60.1579969456
24.3084021343
102.505297295
119.072593844
34.9842405396
3.16467497783
90.9247786344
54.7286950439
-21.5170478332
0.647447946501
41.9028874917
-38.9489611114
-47.7848398573
13.7107628993
5.02822586607
-21.5995676682
-11.7576317473
48.302928784
9.38327272183
0.778942661721
36.9062958349
48.4320321025
16.420187052
23.7477735858
47.5436040335
20.8728478671
6.04853988641
12.6891907715
21.6784215938
-11.1376944516
-6.0105616273
6.93864662469
-4.82856442836
-14.4163038406
-3.66736839015
7.26107234879
-8.95091502803
0.694245421262
10.1494616255
11.1677878621
1.21891781884
13.1294134961
16.4827739064
5.87880231882
7.9227261637
11.264670758
9.71967336872
-1.43621985593
5.65326293606
3.85737574898
-1.40670103669
-3.38739166566
1.47546895298
-0.0184823813457
-5.02563341519
1.0623316393
1.11476661748
0.576177711442
-0.954497187868
4.86055319534
441.698527417
107.250031163
-18.7515465388
255.223192272
282.279821984
49.5016751168
-15.6957185301
257.298328117
114.898558742
-81.3729233877
1.33215855165
168.373351815
-66.6516846315
-102.34767005
74.0851198414
40.7719549537
-60.7067730532
-28.1899657997
118.614725478
1.12650862183
-14.7442212567
75.6877062997
86.821944991
-0.686137855055
35.8984165721
96.1994201978
17.7301278832
9.31441589323
45.498467611
49.1746141219
-24.2171510328
14.7576012178
39.384595936
-8.89817172083
-15.5584207243
23.898530575
20.8361237897
-24.8199184623
13.2684080206
28.8227954873
2.30086372353
-7.14641183195
30.2346126208
21.0846438618
-8.17588172605
15.20930657
25.602217962
4.58469368434
-4.50453351503
21.9892098116
10.8689323282
-6.47469848256
6.25660507538
15.4254115938
-1.17866170073
-4.66230326548
13.2580595249
5.25852280375
-4.58670590097
4.18168861526
11.4296388878
399.161803503
60.9709030651
30.2841756746
231.571363637
246.669805014
29.3198268355
19.7496623319
240.786574252
90.9329450003
-33.0775981589
32.3860035145
154.77711489
-47.7993256598
-45.9210368992
71.4493548396
37.7381182361
-32.4865525482
6.41152653964
92.779433003
1.7824342114
17.0927188289
57.5901739547
63.3438601205
10.0752204114
48.6806862855
63.5736109393
18.3115396501
27.0847808918
36.7444960132
28.2073985263
-7.53872802874
27.5488132028
15.6507993195
-1.59777846105
1.71049674094
21.5356217193
6.41920626555
-5.12179036318
22.1062679783
15.1121264982
8.31738419503
8.41222434229
28.7373106188
10.8148981362
9.25883542328
17.9494824973
16.6065852689
6.30271512051
5.63471978704
15.3706842283
2.16349182047
3.13920510034
3.51648370067
6.9375607847
-1.8465922365
2.73413496609
5.40936085238
1.98299457313
3.09626189579
4.42348540146
7.21199809281
431.87363673
46.728314587
44.9740331024
214.882960996
265.757235893
-16.428085661
-4.75267263634
237.526753469
60.8562955756
-53.3485746855
-2.27536359105
163.81335893
-96.8093863065
-59.95641982
49.9159996184
37.691557345
-52.4326380904
-1.47275177951
103.394246654
-9.50882428196
27.5471758649
47.7955920637
78.6831066737
-1.31948918425
56.7976915529
57.0936586974
15.6891107168
26.4369435604
29.1753566574
27.2563223086
-20.347863826
32.6241269105
3.0959353536
-3.11553561036
-3.94774211897
22.7478366809
0.55710411952
-9.4392347615
25.0893007035
9.70145379614
6.51474969015
3.96254094107
30.5271803111
3.52170094942
6.67739365648
16.5187617273
13.8962722277
2.45769684255
4.17784048773
16.3858825984
-1.09112648538
3.28448797191
4.93041567858
7.78372635877
-2.88200535814
4.24237099312
6.85367359802
0.680938918707
2.39977372536
4.84432096497
5.78700750293
489.249611552
53.35867202
23.5812657025
254.645705098
322.671455093
1.32524143603
-24.0932564612
303.441065245
35.2371284391
-77.5782299327
9.21598929555
183.431258591
-99.276930175
-83.6825674619
113.8706213
38.3756825184
-40.1929031591
1.07738679158
158.653910774
-7.9541627721
22.4755799959
90.2065356711
80.1215233889
7.40924599134
24.8903331625
94.3835146253
-13.5008020596
15.3157166039
20.3574233986
30.0583821418
-24.8683855461
8.39016313105
34.9308956828
-18.2125040858
15.5231487768
15.4897940417
32.4896019393
-9.14478420622
32.5405289215
30.3703440802
4.21567224027
19.3396604645
17.8877610142
23.8581922458
-12.2715205479
23.3109393387
7.16136083615
-0.577741762022
0.69808916559
8.8473101055
8.7345874571
-11.4342960537
17.0804271839
2.68440123182
6.3365106984
0.758572449142
14.5046661048
6.91828408011
-1.15645916897
13.9357016654
3.26210990131
559.335883983
60.7065734389
9.64886074497
301.208480535
354.214782029
0.745596907714
-44.5437432938
351.960186137
7.42705007984
-95.2329665428
11.6404412755
191.041385582
-109.797077992
-95.3706310264
151.713534509
24.8419074933
-39.1046997769
17.6680056761
181.94657558
-20.4503409127
23.1806198905
120.147206203
75.1544606421
-3.97942616269
35.1912373854
113.907414962
-27.7809063128
8.28736897405
44.5381482493
32.9479230841
-37.9736003643
16.1414090753
52.0722984681
-23.9431448683
2.8987589637
32.7973968261
32.8959362423
-19.8843990741
29.6247986609
41.5592694147
0.869083078977
6.88762129546
30.4893419086
25.9006312748
-12.4622623009
18.8592531224
21.998548394
0.659477999303
-3.54331708239
16.4839030415
12.240973169
-9.61807262213
8.73852990545
12.7070101025
3.05463712894
-2.57328593162
12.6134928229
9.76475992075
-1.58384222031
6.57717722104
10.2427137416
495.443872808
101.539594632
9.36851115362
264.734971213
356.18429282
30.3431629312
3.31793188002
335.243674184
65.7480111069
-80.3431942448
43.8145306042
166.407658041
-87.5216275198
-56.1648357462
115.903354274
32.6747117903
-66.8489339279
47.1131819914
148.869651174
-7.46214738771
18.291175758
126.451574597
97.9600100887
-20.3630518557
61.671580418
116.240246129
5.04772657525
-16.3237465946
64.9174580981
47.6952696304
-47.1871012778
10.398577365
55.7229839275
-5.37397554878
-28.2140561898
44.4906032856
38.7170697148
-18.5054660867
16.7292344887
54.8879775485
14.4288166967
-7.81335272266
39.6147545156
33.3996696241
-7.71228093712
6.97818371073
33.9499536022
4.42424741885
-12.0683898445
17.795149557
17.1843707446
-8.88960826242
0.672903714747
21.3574854629
4.17411491552
-5.21329984111
13.8059828891
15.2710804983
-1.82883567372
3.71287276995
15.9245691089
482.71250951
140.073323672
26.9042443848
252.618492207
349.107673093
39.8056755835
43.0238660565
318.413807721
114.181580776
-57.514863007
51.944955286
171.89104098
-55.0044245373
-35.798461647
107.658263727
57.7196632659
-43.9187103481
55.0129794553
129.286465106
13.6788729823
38.8015213422
112.293788549
80.4709835567
7.79644988598
79.2365470378
87.682690767
11.8668978059
21.1909746629
66.9627040749
25.0760526694
-17.3377970547
36.9455579681
38.1565461688
-8.79826131093
2.53531469621
44.6933360405
15.0929262073
-5.02699520045
30.9665130308
37.2222688718
6.15694727781
13.429932469
37.6422675983
18.9777356094
5.87743798824
22.3277562751
23.6512788038
4.50073994005
8.82285369247
17.7603510142
7.39923974505
1.64524959639
11.3971767799
9.44794609951
1.13964910035
6.39689574623
10.905940443
4.66642363411
3.58417154528
10.6617436972
7.95702946516
461.07441836
205.141018054
50.9247561583
194.362506507
336.997705988
17.5521843346
3.76039799815
253.198979372
135.061335257
-61.6491109399
-25.4325605684
151.418154265
-42.6631665684
-74.0084891899
36.2902409385
79.0446430346
-45.8109856455
2.62881811401
96.9051731259
31.6782997488
24.6187437737
73.7202906909
87.7830470042
12.5935420347
65.8363108986
70.869434389
24.1429806388
12.56909048
58.250591909
25.8604494745
-23.718114157
24.2667596022
32.2773023706
-10.4372907855
-17.27254169
40.3194426825
14.3128926001
-16.2496527227
16.6982185362
40.1944241706
3.9994348579
-1.21629456512
37.9973708846
22.4605205054
-2.1314689369
14.0964265689
30.6544942126
1.51435697177
-1.13059029698
19.8497147257
10.2863842708
-7.25768309533
6.40140596316
15.7007602401
-3.55834429124
-1.65174494523
13.5279683476
6.86174612472
-4.84309364084
8.1008088175
13.0304364421
416.285211555
169.19417527
85.304562119
164.390978206
310.401997894
78.9116190381
24.5893531032
229.570672968
138.419653248
-13.7177369078
-16.5625921887
122.538183467
-25.6913220231
-40.8180947402
38.3410766486
59.1414721129
-37.5542683391
15.9099063029
78.0248034995
24.0708871524
23.4143962606
77.9711978629
82.0523484883
13.0351899636
61.4412406902
70.3556464669
33.8586287131
12.1393767034
53.6334347003
31.7018977577
-7.02677533528
15.6226120323
27.4189387949
-0.00697741477221
-7.49236612401
24.4272853469
13.1478558044
-2.44309520687
12.3308357837
28.2831464457
8.28333706746
9.89801689348
25.0262674686
20.9513772911
7.06663604114
15.8836261928
21.1446187607
7.84393874863
6.26018876484
12.9301908908
9.74475860696
0.249441558515
6.24272792655
7.93479303635
2.5493147111
1.04991111974
7.34119208513
5.20650683316
2.06381224831
5.16755408891
7.27901609151
640.200822049
-4.03975663399
63.8404426487
530.445323752
128.629721001
5.25531524187
322.96944124
199.763619816
-91.8621077764
175.581708671
103.245997021
-77.1192612477
-4.85908395992
50.4747785328
-54.4953154914
57.9292692779
-50.6283680224
-27.8148290536
199.070405476
-84.0139209568
-7.36280948397
247.991655807
17.191143016
-47.6971322537
191.722451396
112.694251573
-53.4214987113
78.5710301697
103.153304124
-12.8976837124
13.4344265413
6.8560861111
15.8137267309
42.6512962506
-86.8308957104
6.30479996446
106.049260887
-91.5660831121
-26.1905224699
119.472037216
-12.5724501144
-45.1920076448
81.6472369588
50.4472218744
-23.6316607473
39.0046017048
35.4035683108
17.4270287252
25.3034502854
-20.5790783827
26.1711334228
43.980133123
-55.2220765904
-0.822625840972
58.2271522426
-39.6551493438
-26.8088968235
43.7469730477
0.556524028271
-25.5590686714
19.6558785732
1937.99722712
-976.616408297
145.256351661
2669.51669081
-1041.67717778
-187.161587808
1933.61247448
-128.502456707
-971.832569222
1069.99520201
353.248432252
-977.712281901
331.000483455
155.307651659
-460.718839367
276.810423338
-345.979935906
-83.1587954102
767.87855338
-627.407023157
4.59517073659
1011.11983435
-289.584782377
-223.518359831
823.057712729
180.140763262
-356.997256212
431.67586337
206.715126247
-153.598431284
124.557670133
-114.452094153
69.2693389353
144.2119753
-415.226650691
65.1726663177
355.866538783
-413.030279707
-89.8521314596
443.131393561
-139.124377597
-190.26278692
325.708986269
88.5223229753
-105.848386979
139.66989084
72.2057201987
63.987699725
51.8446217432
-93.4138730272
123.336878456
101.900260833
-206.115870702
34.6685778713
174.279657704
-164.41290288
-78.0662459369
159.59197214
-38.587693378
-94.1974932803
74.7758917486
2445.02689283
-1636.36012572
809.69255735
3052.42337294
-1740.46641872
583.773822606
2003.11369931
-499.554541579
-346.094239723
923.149698784
132.808484353
-436.064751606
124.030171902
-84.9819809124
159.539557612
-105.436546871
-443.268232607
543.439774512
221.983403225
-466.268094861
407.319957105
554.260343791
-101.882702183
17.8564250582
521.883333327
267.380641481
-182.267491004
202.441961632
319.64673716
-90.5887745583
-68.814308865
109.354646293
61.0931505071
-51.086832223
-112.463195737
83.9080301027
155.727543339
-162.853072309
-2.2336557462
292.364133809
-45.6336396805
-71.6640129868
239.147607068
69.238480081
-45.4428399668
93.5195348805
65.9029783542
41.5582301752
-9.60476435592
-24.8217470859
95.79963192
-13.8629052619
-92.3942356844
83.0496546488
35.5520633078
-77.1986174854
36.2415837724
56.7545174282
-4.6798569741
11.0892008009
27.8178405164
2272.89342204
-1730.33554301
1303.08696607
2322.83845806
-1826.64975457
1405.58259423
948.822059968
-353.564525397
263.277323895
107.753566022
239.218515452
76.8192293503
-653.042503098
269.485881064
543.417655558
-892.703775191
172.867874907
718.544332246
-345.541496928
-36.3474866466
634.734108132
67.9319362307
188.397501164
108.430127777
207.433293795
507.53791941
-401.461897069
169.633569489
459.654124125
-347.105781098
-88.9049867672
298.7440083
-110.219593384
-124.612807805
70.0582354993
44.0472661609
119.29449928
-148.021651416
109.880077295
275.043846018
-121.973221898
-0.00471742266636
295.244639829
-15.0488040468
-82.3218143775
171.813252556
22.509615453
-1.91757821072
-38.0398854337
38.161567995
83.9387232989
-108.53393697
-12.8862739435
128.248815618
-47.9356316665
-67.0166470536
120.63487453
13.3035136254
-30.1538494052
35.7231546331
49.5389151036
2018.94365624
-1692.81360525
1610.37923454
1491.7273772
-1329.46142725
1687.99478351
141.077660496
417.839693377
31.0405839113
22.9610339489
567.697231869
-134.944360505
-563.608124211
593.704524737
103.347492994
-732.823434097
508.413903047
76.8959590944
2.97909197515
-120.944409466
410.694488405
245.608050491
-46.1687587361
115.645264032
439.767950935
152.583084942
-284.365189202
525.813488972
10.7442920563
-50.4543349314
-9.66850709001
164.774586529
58.9106798146
-248.960598566
138.598713709
127.058780464
-130.421399612
-90.2301392864
269.913909385
-69.3075895562
-18.2371043836
80.2576745663
139.295893104
32.1690314153
-85.4646322048
214.359398881
62.6699314663
-78.6372934696
57.6562265204
161.157445608
-90.9560454076
5.5244347953
67.0444275636
25.3636086478
-26.4937666489
-53.8027896481
124.313772861
-37.387331119
-65.0237708254
73.3795842573
48.6399967163
1974.80349557
-1718.63916066
1950.35304583
1053.08954515
-951.059743726
1822.32895562
-285.32915442
960.441149934
-234.074968191
108.124563332
766.817933645
-276.270055624
-509.669851547
774.036005099
-147.132256645
-662.154264033
612.19998643
-204.366772561
153.738413714
-233.713593361
342.836421968
277.1280434
-60.9316094073
-19.4657178343
694.078964231
-26.031691023
-237.285155378
768.858318666
-230.277860838
222.887921571
-64.8418561661
209.048988531
119.734537333
-256.047062328
125.215948936
195.923219515
-207.882196506
-113.558017922
354.810099231
-255.866849368
89.7699234263
-14.2478541845
131.088474894
20.3709573307
-88.8978581308
192.997927066
76.5534078047
-65.9430433517
34.0879371257
239.724939492
-169.912239834
111.438406546
20.8166589475
42.8397053646
-3.07427127442
-56.9954463684
122.075395512
-44.6946574737
-36.1904908868
23.5310608598
80.1983075855
1908.62132995
-1703.13132624
1991.6042584
1062.9888341
-873.777740924
1673.30762694
-132.423801159
942.920199189
-265.475726688
110.398741294
780.679546914
-148.648749158
-808.932153489
1089.57215498
-296.526409867
-671.905476651
647.519983846
-297.478657602
281.357776386
-459.439566327
441.606993889
292.542756496
-129.857738737
-79.9675730153
876.957316246
-182.426582662
-134.580578943
751.900022622
-194.205503524
324.811862914
-239.616301421
443.095759703
50.2539551099
-265.123146323
131.270706155
315.368099636
-362.957484907
-22.4520960965
315.501002092
-261.376502916
137.092261067
-203.294688924
365.599647293
-147.034587884
-102.511524659
262.865718287
77.402043863
-153.911920029
132.165049844
199.333638413
-133.121734115
117.252063597
-55.463954799
256.310676869
-201.123092612
33.257136776
175.146325155
-88.8839861222
-55.3671874706
84.0385013497
54.064820777
1898.19343301
-1663.28031767
2015.8459213
1082.33005566
-799.998836465
1720.05602562
-153.267869618
1106.98880938
-313.814368204
147.966576901
945.365352758
-280.524509799
-627.992265298
1108.82997243
-388.778065689
-459.172645917
526.549276862
-239.361114651
331.038716395
-506.754686671
481.313880228
280.280542793
-223.851691391
47.2400792566
770.819551372
-294.667117041
73.16135908
570.404555512
-203.175085875
385.349161119
-265.98746214
435.668799711
38.6432993167
-260.60295878
287.79271352
128.733903147
-277.853872142
178.664621717
97.4178523352
-127.49394472
166.069341145
-161.425370734
306.109081285
-134.755874538
-3.32526670149
222.890674161
-41.4369860609
-26.793165959
146.990922829
22.0997597568
-29.2564119542
112.453610367
-72.5932461505
161.017358139
-113.323248213
50.675844975
96.5540211453
-90.6353123056
55.0665362693
45.3525642801
-24.4569183707
2042.44490799
-1665.13739466
2070.04456
901.169132808
-477.179909961
1763.62254399
-431.13076619
1624.66123052
-456.23413289
134.81610388
1172.21310617
-441.947106762
-376.782926686
909.432717469
-376.38532662
-203.354583591
215.522786385
-101.738962348
413.490592566
-656.268080977
577.577214057
241.79926362
-211.397315219
67.0317203154
733.647340317
-271.817743967
117.461156063
494.680126676
-131.275863501
437.314934637
-383.524559738
598.418143603
-9.50351265841
-304.242353865
408.582641256
61.1556538227
-250.376271842
192.933529907
57.1583555895
-44.796632433
70.2876848822
-172.620254143
430.976622014
-305.130028894
41.7216400743
274.551731361
-117.078382562
-12.7813801448
138.391857545
59.3029401173
-34.3212545033
48.5824129126
15.2605563791
197.876901615
-239.34324565
167.82706037
109.129830999
-151.371452415
83.0401063486
48.9485212968
7.15812487608
1956.14638084
-1620.59852137
1899.24554645
1198.92704541
-1063.57615806
2242.00241198
-433.695756486
1271.58287358
104.748803595
-292.115739283
1723.94839559
-815.643679207
-196.032159626
1183.37214437
-668.248919075
-95.2151164189
269.33666039
-120.233604618
289.330620941
-629.766277208
520.683357484
395.395161809
-603.384229824
399.555054816
577.942924255
-245.055442785
113.405719999
463.117010851
138.320919365
92.1645926237
-79.3206857763
493.208203202
97.6549940885
-420.018185441
458.003918466
159.067258639
-388.889276959
183.200512539
85.8023474316
-4.73111545686
-122.79839705
-71.6514527474
389.996817124
-270.024535625
-116.164162591
402.159157756
-105.139736873
-93.9956714039
152.136299461
113.267468845
26.1436295035
-120.019167811
174.484568384
179.937565546
-248.412073656
97.653440892
193.72352175
-141.676719136
-27.5100314905
81.3742333285
53.1164482805
2265.60617735
-2126.48516885
2328.82204987
1443.22856541
-1667.09555139
2926.53988937
-773.920733734
1659.26090542
-1.37872407585
-391.299758453
2458.68057408
-1550.36856308
307.427523764
1151.33066721
-720.265478813
-25.2847329776
84.8154759276
179.37511765
-15.619394295
-649.14023583
541.116475137
398.987498581
-849.347944638
426.088328785
700.279329218
-527.220587282
241.778705107
409.999692261
164.209976602
167.361196891
-283.887036868
905.058356553
-76.3531216825
-448.315313172
830.725315884
-104.386304545
-132.072388668
113.425893569
148.959109065
135.708334634
-368.511921578
173.857194351
324.2094193
-407.827699281
-2.71194256128
338.791739853
-157.484871507
-124.935909577
144.821085387
125.845904361
-57.5742049944
-124.497521908
252.687242096
118.975870854
-296.886810062
245.710544754
145.872408973
-159.00716993
67.2990997421
62.9444666566
120.912681507
3209.55948612
-4139.42805722
5566.67150426
-1347.69113575
-471.12478165
3763.33968204
-3078.83235402
4837.53309623
-3449.17290669
2445.7540059
1204.24716916
-2359.23879231
2106.24101231
-482.171805312
6.60213008684
-246.14323701
16.461950541
464.694294947
-420.591054731
-620.579635294
1296.76237589
-603.528079123
-77.9640128625
174.97458932
1156.55037091
-1199.79889984
966.27156375
285.812174848
-155.598840869
878.749184026
-1464.02000556
2676.37605033
-2049.10605385
733.322802672
769.934246383
-985.701056836
903.089636598
-975.893972026
1031.13269271
-409.646670696
-539.952912863
766.293759529
-41.5733887991
-626.222983702
612.748397612
-139.587093196
228.494992154
-418.612523007
411.573520671
273.329961679
-467.642789511
287.129924503
98.4209520174
322.552367929
-827.813846557
984.785205022
-435.727502541
45.9575920809
46.9448590007
-103.795351273
546.090048155
3381.65828073
-5033.93278337
7516.24007942
-3077.87541744
545.323070985
4212.85871884
-3933.1877506
6460.76043787
-5063.95764881
4211.83164431
381.738841558
-2320.32069123
2896.56394068
-948.105239094
275.716315581
-190.183521491
119.539416303
483.219230567
-395.806994323
-673.087523715
1729.41287712
-1154.57231238
267.710062781
244.569922283
891.652517202
-994.593518115
908.276864732
336.797867152
-120.645670589
705.799057251
-1043.55875306
2413.32225728
-1964.48759552
1054.00053417
547.521356874
-687.192981673
760.002807961
-659.589576109
953.318614604
-435.345214945
-286.978534585
680.281520268
-79.1758820149
-517.744882709
613.151265085
-167.770502968
144.279306797
-270.648564463
309.100432505
233.483328955
-439.928851173
323.674486883
125.673874677
57.8997228576
-342.568082264
557.28507093
-163.108311983
3.64880158464
41.6613314383
126.350107561
147.770377692
3350.72257628
-4548.70527084
6365.3588768
-2211.85573055
-33.4142823451
4170.19150689
-4016.34893484
5764.66949645
-4160.81740645
2796.14431748
1151.91761857
-2768.33435902
2803.12484193
-1058.97858653
89.8330689547
256.220378742
-545.943426028
1035.96748095
-547.255754195
-617.248314502
1901.39871108
-1367.73379822
862.560216895
-154.365814836
966.33735191
-418.245913847
16.3998419611
1267.79919163
-916.198539547
1102.49542965
-1073.63869391
1700.13906548
-1051.14530396
-98.8667578999
1189.00321066
-1118.78582643
690.739248989
-483.419250095
515.175954387
-25.0809016156
-573.749383535
762.4843501
74.9373963146
-650.435247872
795.543868652
-217.190403937
223.801000679
-171.832873734
113.871298217
603.47352067
-831.510272233
626.237201986
-101.003515084
105.89050616
-308.165486966
259.793811978
197.088741867
-477.60264784
321.88515469
-64.0242443916
160.815926363
3084.62915419
-4287.6642188
5929.25620215
-2318.3187013
112.706824995
3457.38041375
-3556.18234778
5067.73242895
-3896.32895979
2550.60881565
756.98349718
-2357.72032686
2387.36398195
-1117.82140958
383.402015376
-156.882451441
-198.411645628
805.713914583
-620.118915979
-111.137033094
1068.50153478
-614.788819542
353.375278747
-10.7065450944
876.999353734
-660.141593726
437.332973549
515.44188372
-380.817975735
634.354417485
-772.638985916
1363.02549362
-993.668606772
216.681043846
608.830331738
-654.696910384
490.472765714
-428.595528503
521.298547005
-206.664257932
-241.092197917
495.184904472
-115.801048612
-151.726793968
234.399743798
65.4945247391
44.4397657732
-147.396247618
266.905811898
62.8124786435
-174.734109622
166.045512539
42.9512139125
76.7573075316
-232.590894828
287.157094709
-54.8281036564
-101.370259111
102.915461196
-22.7581732716
100.28554212
2739.26075455
-3412.9932619
4731.56553516
-1645.78438164
365.803880896
2489.43404191
-2452.5833665
4154.48943974
-3243.71681428
2306.71127764
319.288773431
-1539.75644077
1654.95418155
-964.299811161
574.691529097
-471.834737728
-104.173826972
656.273328112
-670.886370576
23.0904914006
596.891809386
-302.035440117
208.072558024
-153.758528182
946.915564117
-705.064909831
552.513010233
222.00382554
-51.0006871537
457.742999051
-744.223984561
1389.65877387
-1064.99091813
388.43238129
310.700231117
-469.726509415
485.481170881
-626.93796192
654.555498742
-267.180976631
-316.353040635
552.904366905
-257.40457402
-26.1572962469
126.033919806
-19.4785911927
242.727735045
-385.978021582
388.353462041
36.304859755
-207.204259238
209.674983477
-40.2569135021
186.605488332
-329.509190158
321.091621583
-45.878278893
-102.069898438
71.8509594569
-15.1688351017
149.951220558
2470.55524353
-3000.29711175
4339.50885358
-1526.31138247
544.092799707
2158.39145008
-1978.08196328
3733.85107392
-2756.26147624
2241.23525091
386.82697018
-1222.8366119
1616.1971724
-723.567708415
510.34448762
-146.698039483
-188.776575181
755.806522626
-557.830512327
-49.6624282335
764.528780191
-524.462601875
326.401896867
-45.9258985165
511.573162917
-260.045105146
166.249321088
373.103567346
-26.8089798586
136.428392988
-125.524991768
720.085192038
-569.918363837
338.661040941
203.184640262
-144.674823123
181.357312095
-186.248688339
417.130592808
-229.174034284
-65.2882790157
360.924391941
-168.596296833
-13.5503039184
140.753820298
17.2873269385
64.324552974
-140.465455118
247.556287762
1.77634117631
-144.69516851
200.063384079
2.8632833688
-5.07154822952
-35.019957561
131.710029579
-0.796703635889
-75.117700836
83.23356638
56.2542571881
-49.9098198482
2399.53952805
-2912.61297533
3878.94360291
-1451.41321919
571.460548658
1760.72299612
-1907.32311433
3444.81846693
-2768.25689588
1922.15589589
425.010202485
-1412.96212022
1486.65494333
-759.374335306
321.614883756
-64.5603451838
-427.094861086
884.708261333
-608.652710889
-201.166474474
1011.49038004
-661.480177128
307.735993049
172.242256965
335.014250916
-78.7091945999
54.3229708814
422.112387971
87.0104423753
-163.193002015
89.549328696
625.449411358
-742.784484474
384.4529418
140.810562123
-211.569615415
102.899418171
-230.616282407
496.565755449
-362.657511567
-128.791493022
552.872510462
-303.393434111
-42.7122170245
253.796117915
10.8819930849
51.3919880565
-180.153362011
359.474615452
9.35040173194
-286.471934212
311.701078564
51.7332774591
-149.293427033
-15.9311230563
198.534342736
-50.558346517
-147.318943677
105.286392602
131.900805482
-148.73233204
2510.1378814
-3094.11563713
4089.52281132
-1774.64013398
856.518190813
1590.09333753
-1904.90582688
3544.6506962
-2815.93721626
2002.57745836
300.402709677
-1212.48085813
1541.23205033
-877.682058526
609.509187437
-132.173651795
-328.914151272
947.553821196
-709.297715251
220.883935431
521.543529417
-277.13148323
246.78837705
-20.6006536802
546.698281975
-351.92752221
293.102324044
193.029411381
61.4365743711
33.8611508652
-97.0262159304
625.054855595
-557.187688572
287.55862309
219.19299663
-201.972090678
200.602257102
-159.15154968
368.855751105
-185.125798352
-89.0225530564
421.223420887
-229.455771159
53.3756268637
114.347966763
55.4958250822
18.1773423985
-110.499484259
277.225760169
-75.7665857271
-71.5367139037
152.808678789
32.5866821698
-33.5517211788
-33.9609543343
173.751028163
-51.6132777933
-55.2540598239
109.720253312
24.9467546698
-31.2019673818
2723.91343089
-3627.8478837
4890.47572194
-2391.63042453
1065.98863289
1532.39999851
-2138.68058422
3967.2664165
-3701.0026128
2751.43240703
-156.956971624
-1533.71903831
2129.63695689
-1679.66691236
1520.2358957
-978.799254226
222.2842647
1276.96087753
-1595.75391635
1438.56757084
-238.901257988
205.37149338
294.995288268
-395.861752525
1410.18563077
-1313.08303908
848.614520815
263.26811304
-531.705421032
640.692807273
-686.312195814
1050.18769077
-847.125742672
134.697586707
768.668172508
-860.600118472
641.775888961
-281.989377154
419.45411649
-107.028011044
-310.469385987
907.137012206
-651.613929231
222.480091081
221.453488335
-112.971783247
172.620603297
-367.582945423
607.202313873
-315.042671274
-164.214780669
454.779144696
-271.969831113
134.803566248
-161.808394956
293.326015911
-33.1195298457
-298.434812855
468.310207018
-181.735844305
-24.3881338298
3295.75857664
-4327.00482101
6115.58844144
-3334.76542931
1986.32326454
1370.93682358
-2253.67834469
4643.52467643
-4257.58827533
3499.27846309
-610.070155618
-1140.0490655
2183.28850145
-1886.15078514
1832.03388045
-1065.42516571
216.631775746
1323.30244595
-1583.68214012
1439.71365285
-224.260135127
68.426165273
558.595535152
-604.57308612
1378.97789562
-1008.19674342
534.485689953
525.791192779
-619.158926498
694.602038458
-483.547760854
693.707191379
-346.648262445
-98.1541115262
732.950361719
-582.321376908
339.759325506
31.7944324468
113.692400984
61.951175115
-209.556993525
533.46800122
-250.926689299
-23.7836051655
304.272509945
-89.3345432704
57.5004313357
-66.7329196733
243.758841798
-57.2083150753
-142.32138532
278.962019947
-57.0742712429
-50.3822568926
51.4645614268
110.442610252
-16.751724943
-96.1401348475
186.537757411
-0.417882455643
-86.862736971
2958.62297315
-4135.66177611
5716.87601698
-3090.05958503
1778.51948075
1346.97832943
-2075.97468788
4429.8439544
-4357.85838812
3914.48852024
-1095.46907238
-722.735785686
1916.35007812
-1754.65683523
1925.14359111
-1512.45432874
821.994493984
833.630739479
-1384.43950422
1350.11737635
-166.575229652
-58.0235580435
617.997259984
-688.395500422
1549.46767637
-1235.91974641
562.337546656
819.8673775
-1191.0026007
1292.96398594
-1047.59528589
1102.55402883
-602.473500063
-248.060115952
1208.53713147
-1267.07806816
940.389082094
-367.267375551
286.008155173
142.896406377
-523.813311814
1033.60861532
-679.807396952
188.672002794
368.565939407
-334.25526286
393.359545029
-426.218606117
497.283103513
-91.1458951498
-396.3187169
681.362352616
-481.214519225
244.819278846
-87.4396384496
35.1484203328
269.206935563
-526.2302723
591.280453529
-236.916227268
-53.4880379811
4508.05373347
-7084.44774022
10000.0
-6573.00738975
3972.96205927
968.74232541
-2931.52115774
6744.02204822
-7428.8287368
6790.88435019
-2744.43883942
-568.282155526
2637.89959997
-2960.81096087
3330.2872957
-2921.62406349
1702.3548289
850.665833393
-2074.48194324
2253.69567124
-791.681863249
405.779623985
507.11863927
-948.066225326
2356.1494322
-2134.52452097
1205.62336179
686.916923353
-1355.55013049
1659.52008024
-1526.52583689
1723.82146277
-1032.5563465
-171.288796694
1512.32039042
-1642.18162038
1223.35873087
-566.833292903
452.429748145
96.9468266034
-714.66198283
1337.06808507
-901.505750668
213.788369704
420.884394977
-347.333344743
419.160646707
-541.381629825
672.57012615
-157.180488575
-440.481502485
749.386716524
-431.923030785
182.807523611
-94.6055892767
133.860184186
212.983500088
-533.80033504
584.476415657
-150.517505053
-142.009146913
3285.04338779
-4401.87302546
6393.87236178
-4142.44565415
2997.09820563
246.50867907
-1301.08369265
3993.65461958
-4081.12838723
3883.94496301
-1494.5796471
-269.9503627
1555.07621109
-1803.83285401
2057.01172085
-1861.32344626
1159.93597999
192.431149052
-954.347801138
1112.635517
-488.740665038
440.822182815
-140.334639891
130.254402531
735.707240306
-675.018192379
690.500251514
228.647236
-148.68487749
313.81863299
-21.1509782945
480.556424724
-394.243318505
200.451573524
354.468565784
-397.800201214
187.13343591
20.5468856763
117.341576626
-204.908107521
33.1239000568
282.98950817
-287.129409151
55.1933863484
183.878488573
-11.035730583
-66.8344298023
72.3431978707
225.398702056
-129.488694271
13.5966401122
233.862692265
-43.1896448997
-52.571846561
90.5539690239
110.16740903
-95.078561112
-33.3823182983
174.325180561
-67.1226159948
-72.6269121357
4256.47927546
-6754.35855172
9491.7774561
-6233.17592899
4011.61512129
605.262669878
-2184.7061218
6191.75992316
-6937.01846188
6810.29494408
-2862.48772465
-146.319053264
2172.49737916
-2549.5022436
3088.3898283
-3443.506237
2409.20132688
-302.876550915
-1453.24614954
1609.92580227
-775.797913771
674.641939291
-572.996945336
389.181378598
1201.90554945
-1522.92616245
1259.69432885
410.110005266
-567.342357263
703.627285006
-397.266069851
1166.50408745
-1051.14123746
282.573846561
1022.86799318
-1233.29945545
715.158745486
-270.80340805
443.052436711
-433.35683814
-225.556105052
1032.80514416
-934.083374035
242.220338327
317.50708049
-59.578156156
-38.6660337883
-200.430514905
743.688653847
-444.686107657
-152.475458853
597.852745672
-210.391401084
-72.1260990812
1.47391562357
348.959887237
-145.36171317
-335.387719348
551.936188778
-145.631185494
-225.682063213
3783.74123643
-5287.79644732
7507.53268924
-5012.70138556
3803.78118909
9.7117900758
-1080.89108406
4219.50215994
-4238.35701435
4347.57546808
-1557.89310472
-17.7523472672
1733.5736363
-1910.43895632
2481.78871101
-2071.06796684
1442.74537379
115.151123484
-783.655919272
1086.96226287
-462.518705139
526.635811124
-95.6970150986
25.9947094586
819.966139293
-623.428064555
535.914637878
306.355873207
-144.859509017
302.987737337
-27.612927597
378.19399375
-107.464911979
-69.8902560419
522.102576252
-309.037918312
138.965294325
97.044422642
69.0789182321
31.2301628801
-112.960553608
334.087095417
-100.546139945
-47.3670289901
222.739531267
-7.32568599859
47.3199199767
-31.0903778888
206.133094884
-5.50030970067
-61.0333291157
175.702458417
22.0536341453
-9.50850558674
13.4064820305
108.041705735
1.65169181246
-59.4897483728
104.828438435
20.1766194275
-33.850689766
2848.74990812
-3743.03453655
4867.66549907
-2476.38037805
1310.45776684
866.293129772
-1389.53637494
3150.23054209
-3076.59538199
2598.4234123
-325.89109936
-1006.16124111
1643.60702004
-1530.25093692
1446.05688317
-1339.37001771
638.442025229
420.753945047
-869.85937739
630.217759644
80.737282904
41.8461072837
-91.9673621033
436.783314142
199.870239691
54.5970317574
-42.5570992101
664.68647901
-111.703700253
-231.257951722
693.311846837
-306.081991802
161.426234403
-176.341031473
298.154353912
-34.7265065442
-477.091632191
554.462836711
-269.305033383
-105.492042668
44.4999813739
117.432243711
17.3363657542
-263.08705338
387.303842538
6.88326511811
-155.224357065
167.076553432
189.145715953
-56.3580688823
-73.1993483349
244.904136907
41.6881978502
-158.71880481
79.5000320128
173.411982173
-154.612011172
-71.9187409229
162.268812456
-22.6281913514
-143.356446804
3205.05354219
-4257.26357035
5809.46381983
-3227.0105236
2141.75433164
713.83524193
-1470.13932695
3697.87429369
-3438.91744782
2929.16948544
-460.388672754
-995.616075067
1805.14145597
-1793.56220765
1746.50769323
-1505.4874595
644.70114542
470.420974924
-942.021623355
722.591799003
-60.7198082377
166.48036115
-72.0798173467
222.124763779
449.756915825
-180.642243329
91.0885096802
545.791930145
-78.60343475
-103.032071265
407.091758917
1.90460648361
32.9304714251
-161.075761929
387.232109853
-77.0847864368
-278.37065695
345.586238994
-44.3498111307
-80.7863046307
-48.8623360624
226.884740818
5.82757264795
-222.543461931
277.24367257
67.6070239132
-107.994870183
26.5567236979
203.263895131
-7.66280127397
-131.94976444
173.67728594
93.5095086812
-126.113204507
7.51954434183
162.395618443
-40.9760967393
-104.480270788
111.288689725
73.3096546505
-107.75108014
2243.17699142
-2753.30680112
3786.01876486
-1665.19277962
939.145379385
1036.54584075
-1074.73860072
2317.71379811
-1921.32943438
1747.44387695
-150.926810668
-620.348659485
1055.82033948
-818.4677208
785.322820682
-693.309573957
406.751541223
102.436159369
-179.976926362
43.5570698402
428.167676926
-107.670171116
41.5753717861
419.768596992
-75.0876082186
384.645105515
-254.284976351
552.794284966
-49.4551484073
-135.219484083
418.508609647
-190.233629296
157.722731069
-142.036558876
162.3702707
-6.94873189061
-154.058848219
128.524541347
41.1364891356
-91.3455749859
42.1681336931
109.743730914
-19.7281434562
53.1876935698
11.4092915808
169.880227494
-52.1401473294
36.0515679061
149.525307276
-44.7275565535
55.4006548542
7.87576356273
67.2047223354
-21.5609648227
-23.8280275567
65.4643866012
-18.6723338881
-30.2592799337
27.1636416325
14.7851003014
-18.6903088531
2509.84791503
-3116.78705233
4235.95335672
-1425.89791244
627.312117394
1636.1965693
-1512.13275429
2953.12283448
-2480.70702878
2006.2666791
-14.4525204996
-989.925400757
1240.88593947
-910.714117004
644.152285833
-605.867361389
183.249468074
266.350784199
-288.370572778
13.4795816007
443.339066214
-11.561566617
-127.33044357
613.508249638
-137.59794141
358.086485563
-5.14243716954
190.316083547
397.081569748
-416.807196521
497.444857066
-22.1954212131
-138.909444946
237.482964017
-184.690579369
227.87405467
-207.17158002
53.4385676355
152.872206946
-194.254973218
143.318825209
-20.988655885
102.163879401
-57.5753225757
89.7175674591
92.49903217
-41.5274751677
118.627773426
-33.8354000355
147.973858065
-77.7058481124
65.5069463802
84.3997614434
-86.988944026
109.58364191
-62.6473985855
74.1990982295
-30.89865301
-5.82146245497
64.8799525357
-54.9258331532
2173.89654364
-2712.99179298
3846.47796982
-1781.37616738
1097.7210016
756.137536296
-902.379891115
2141.50113954
-1802.89157187
1436.05595582
138.683983308
-891.933308985
1118.12472166
-766.738241101
575.597706146
-488.498381525
392.203478452
19.5608222237
-86.6537748434
274.820346946
-78.9913783001
500.197732777
-504.017627763
724.603294054
-113.143881645
-132.116095462
644.170499815
-522.001930283
577.181578814
-283.65137812
100.312982957
269.402230686
-432.377963716
456.430944018
-239.454633061
52.0194405011
85.5245517944
-80.4722600934
131.1232978
-111.811058588
179.019736438
-73.7639974521
83.171940586
35.647240382
11.4385617394
109.811018964
-101.456809121
198.445185251
-84.4329856398
25.659774815
118.140435559
-115.831808253
126.657726727
-66.9139437038
38.1380176295
30.8065776877
-79.0433957438
107.684544527
-68.5781285479
19.41996559
30.8611136846
1427.86023964
-1595.71386222
2319.15864952
-981.819494463
660.205433421
546.047327631
-489.848030067
1101.05364908
-653.842415777
386.39267869
390.971960177
-709.412886342
617.2839107
-413.359636588
161.760659081
-237.230137703
155.127881684
-39.7345646528
-136.373725507
288.916926447
-245.711049708
381.23334476
-189.445514295
207.876206742
284.016772571
-309.062720794
545.770825614
-181.750460669
119.717273599
201.252517765
-174.725483853
280.946699746
-192.04165429
105.983882527
1.23305466488
-109.682077326
71.6627265217
-104.442688593
50.5521512553
-114.70778612
75.0657825708
-41.1277418441
-37.9022333827
119.386950929
-112.221371363
149.006558974
-41.0812296571
38.3586405464
111.604791943
-87.4534785077
144.844491429
-36.0841434753
23.2516735689
55.4678262233
-46.2969996862
54.1841258805
-40.2914623726
13.431521878
-17.4842174906
-14.3173959138
-4.72702625354
942.820272511
-1017.15884785
1268.25429482
-342.975910781
-3.65521738441
650.901231554
-371.265136448
425.038826319
98.0122466624
-214.958202809
478.011230206
-302.835374374
41.814209455
138.401646658
-168.780199256
-1.42059004784
93.1025703274
-118.527980196
18.806813525
75.0583172912
-127.020178801
172.702745697
-54.1969243789
10.4920923215
178.163264092
-112.884481986
138.49508299
45.8005708614
-38.1763574381
117.444111793
-31.9605465572
40.4959221601
36.3414640703
-27.4716089743
40.3805744343
-5.62228263595
-15.4995959232
18.2491429514
-4.87839368911
-14.4184371925
20.8401008724
-11.8773091326
3.72977000534
16.3404748608
-10.3584424606
25.4121058803
2.26280540712
3.35707192048
25.8672285334
-4.71860496285
15.4021903736
11.5064664955
-0.124093654474
12.4508958261
2.46483351245
3.81759524006
7.14984562899
-0.553162112786
3.74143770754
4.18788532318
-1.4072981908
872.993278249
-1014.29460338
1123.11088862
-269.02276257
-180.722220958
566.158249535
-308.522489109
167.944799201
212.405463506
-305.598943806
410.230804865
-173.671792958
-115.028788176
281.817373545
-142.525567249
-62.2917307223
233.502171956
-140.984239745
115.194183818
-20.744175283
28.7339365005
92.7055758057
-83.4235196448
62.8411936389
110.375428678
-112.807375136
90.7596413629
22.3904613581
-0.334748230439
-6.52490916075
19.7763960345
37.1349363031
-7.48334016136
-41.1102866278
100.869320897
-37.368457449
-22.9972171583
56.8700887004
3.55359464679
-19.8722615756
20.9123881214
8.63327359999
33.1954756545
-48.9291723887
37.1982677773
35.4049616149
-47.1093710043
16.2807187153
41.2824408158
-30.5421320728
8.40624908516
7.42451505403
19.4966892993
-13.4378189783
-10.0401690493
36.4570185937
-4.53121410678
-30.3248435574
41.3852757118
-2.40780179854
-16.6294624916
779.264574717
-792.273702003
772.792857249
-112.68485977
-115.245899486
234.06305008
-77.3311024806
122.209940591
5.69935738394
-136.276260534
348.245730917
-246.301926463
-19.0913297803
166.877322465
-55.1122075477
-121.094860536
210.758490132
-87.9996966879
94.0040614248
-69.1570451888
64.1960985589
114.726575608
-159.551911421
93.5054567626
114.713047915
-148.930183266
108.507168247
-7.21705189489
19.2880117822
-9.79240987031
-34.3559138321
78.4808401921
-19.8822188431
-73.1534335477
108.297097418
-25.8039409876
-37.6174990585
49.3098111388
-0.380723320254
4.67999760806
-5.67027564216
-1.31420661915
60.7618829302
-53.3919683666
13.5259464696
49.6620207049
-37.5525736022
6.32327417283
17.716852892
-5.95867529489
7.91047473655
-19.9493061631
23.3087772741
5.61692530444
-26.5836127114
21.0087293056
7.99512383332
-15.8907024097
10.3830805171
0.476462786348
7.34483852875
701.952119556
-651.17897441
617.467983784
66.2095831806
-154.714142105
94.0888328783
130.497964889
-39.8550296516
-6.65265883799
-107.103933301
300.065386759
-209.569206483
-86.8507388356
148.960109703
39.2871094829
-232.565259634
226.333313743
16.1804624566
23.4914470392
-2.28521177137
65.6283001465
110.875131474
-54.6936444093
-65.2151127261
195.54285633
-77.6004052178
-64.4206121153
71.8162413014
38.3500508017
-76.7818330424
-5.01810689801
31.9535823461
50.6328742464
-77.8904368022
16.1736334015
109.994898316
-36.2134322739
-52.9074594864
105.299384401
4.52737677686
-45.5313715256
9.62948048996
45.2069145714
-5.20790892156
-48.3195863055
15.9470724024
59.7376559394
-56.9921405128
-18.93341671
66.5566101915
-6.68360063677
-36.9059835093
30.4926367487
29.1493463463
-8.60853618322
-24.2552235303
29.9950849615
25.724301175
-40.5818407314
-1.37029128622
42.1299426742
674.654938276
-650.030996265
530.655970324
225.71269387
-279.956155172
33.6729888681
186.30467617
-78.4124715868
-43.8949430013
-66.7514364329
145.754109956
-9.21059049737
-180.974212508
86.9277974766
233.305204104
-240.620637471
115.588792637
171.814192095
-50.5460162371
0.879938332528
55.6097952231
28.401623887
8.54291662491
-80.2096325943
49.2142298647
48.7708042208
-90.2902988904
-7.45817814019
101.827047992
-55.2778106555
-13.6075240419
71.0368524999
9.79741673663
-9.16116843053
22.3567334333
15.2933481231
15.8546754358
-16.014535423
-8.51619168829
35.3105874283
-16.5278161216
-30.0623163759
40.4953115586
-0.374825569924
-25.737875007
29.6162119974
10.2835961749
-10.3629632192
16.1761608201
-2.00336551437
5.46149276634
8.13845539117
-17.3138912156
12.5590718959
8.07653456421
-23.9565144785
12.7930758819
8.25524311543
-17.5916175181
11.5350431415
4.74219484178
641.086311079
-557.45157468
349.506392416
257.206079852
-297.199349249
72.7266894897
53.6241945044
-13.052416214
-40.5965349812
-18.4257593763
-9.59433968225
135.71456552
-78.8704549064
-21.2546900392
220.018626097
-33.0567102271
-41.8911504875
173.02718454
-66.2199353551
22.7036258699
47.6089730547
-102.918242989
90.4733663085
-23.6671044419
-59.9693429259
64.2551106347
18.3279845609
-31.8016045257
56.4386563273
16.2073150267
-4.26992033226
55.1346717374
-24.1005841897
-2.96931929216
51.7561236719
-49.1231739522
-2.56714079376
35.9280289604
-41.4810219592
22.0607565915
3.96033921831
-10.731653472
33.1499874689
-1.74225446263
-4.37649977696
29.1944482547
1.91257482615
-13.0421969967
18.678421244
-5.09333661008
-7.18358907046
10.2041737798
-12.6738948854
6.09000843464
10.6999975041
-14.0100046568
13.388495562
8.73252759865
-6.26907807591
9.42472372301
2.31465551843
462.235192603
-319.325762071
167.802478117
154.136899269
-167.912407521
63.5826879731
-84.6799618622
12.1506712154
13.9858767254
-0.695360764963
-19.9286004071
98.5542959319
8.38548773721
-39.0207009583
71.9819711756
43.339634656
-45.4120257241
51.9754220297
4.04356937878
15.6834238238
18.2122780693
-61.6846531506
30.8638493549
0.982900125853
-20.6821693246
-1.55313813239
33.9560029054
15.1182623386
4.35129758039
19.2962053212
4.56865936396
7.97561077066
-11.1718411424
-2.64824822044
12.5231935115
-1.75692174726
-5.35444863662
10.3320916593
8.58386812704
-3.21361350029
-3.39127942168
4.15546263939
6.62085385654
2.41940797504
2.84314712149
8.60489884928
6.86248746243
-0.374339682831
-0.461819714504
0.431797120875
0.0870660478153
-2.72497620742
2.33016561361
5.03435404776
2.80042500421
2.67967204236
1.54857839584
2.86925563994
-0.714226405944
-0.301539566543
1.01321225708
326.50916784
-179.230345241
77.5767170696
78.4986453101
-43.640462918
4.81768817166
-68.3711662901
-2.6022172579
20.2958659266
42.0517329134
-24.9140028186
36.7682611084
67.0458229897
-71.5809861412
55.6265677815
24.325465809
-8.09044782224
15.9519917421
12.021637557
25.749957322
8.73365357929
-8.40611046118
-29.4032517595
11.6481548211
16.526417142
-38.0470239057
28.6770548282
8.12811464284
14.8147262653
9.40158525627
3.99151513715
10.2619464578
0.93987622045
5.18092814391
-10.9007236671
15.7442620756
6.28772132185
-16.5221008412
9.88807543786
-1.71842814067
2.82331395947
-6.74719723646
1.5550863928
6.03059227332
6.47662339835
5.88162491738
-4.08467381063
12.0954147464
3.15115315088
-6.84647035984
3.00324804313
0.174305659894
1.28488162959
-4.35168578
1.85370471122
1.16572028188
2.28014930771
-0.0752599409274
-2.98585190658
6.84286033688
1.61108748629
-1.87077558565
2.3636559061
2.72345550203
1.30078002857
-1.83664591456
0.898844584322
-0.245857380195
1.06548429135
-1.07805065927
-1.42097821233
3.0418249889
0.419931121729
-0.872242492288
0.997936697338
1.81017697094
0.45124859311
-0.42982077434
0.797209829827
0.340885638436
0.91954117489
-0.595121701918
-0.457150055527
1.19788491462
0.045510238417
-0.587598183247
0.284082705534
0.822361445856
0.0927909388444
-0.00915439738087
0.411205017491
0.31342997157
0.502428136875
-0.184579700238
-0.0198324557351
0.535677257682
0.0790893145765
-0.255212398417
0.124470199507
0.325699293075
-0.0152724879324
0.00774687923917
0.130326237925
0.149319199725
0.203477911614
-0.0343166190153
0.0450914864831
0.22209026762
0.0746766008294
-0.065658105717
0.0832654387737
0.128485239478
0.00275268698611
0.0142330617074
0.0362648886629
0.0604132972106
0.067742847369
0.000283282948853
0.0253376510808
0.0833190013929
0.0363702900576
-0.00833181571434
0.0349196897963
0.0407101765936
0.0113410404712
0.012626340966
0.0167293151638
0.0234615275103
0.0235645928518
0.00787878474676
0.00844073105833
0.0241001314334
0.0153228098948
0.0047445328947
0.0143977696052
0.0150466978669
0.00858661406703
0.00930059552918
0.00706410190357
0.00728018531478
0.00950456323266
0.00612075654442
0.00536449042086
0.00857070025177
0.00702342193098
0.0061925109239
0.00658506681213
0.00577015189236
0.0053594980437
0.00556979075692
0.00473660699592
0.00442333191717
0.00483220137883
0.00459059130989
0.00436106174439
0.00414300865717
0.00393585822432
0.0037390653131
0.00355211204745
0.00337450644507
0.00320578112282
0.00304549206668
0.00289321746334
0.00274855659018
0.00261112876067
0.00248057232263
0.0023565437065
0.00223871652118
0.00212678069512
0.00202044166036
0.00191941957735
0.00182344859848
0.00173227616855
0.00164566236013
0.00156337924212
0.00148521028001
0.00141094976601
0.00134040227771
0.00127338216383
0.00120971305564
0.00114922740285
0.00109176603271
0.00103717773108
0.000985318844522
0.000936052902296
0.000889250257181
0.000844787744322
0.000802548357106
0.00076242093925
0.000724299892288
0.000688084897674
0.00065368065279
0.00062099662015
0.000589946789143
0.000560449449686
0.000532426977201
0.000505805628341
0.000480515346924
0.000456489579578
0.000433665100599
0.000411981845569
0.000391382753291
0.000371813615626
0.000353222934845
0.000335561788103
0.000318783698698
0.000302844513763
0.000287702288075
0.000273317173671
0.000259651314987
0.000246668749238
0.000234335311776
0.000222618546187
0.000211487618878
0.000200913237934
0.000190867576037
0.000181324197235
0.000172257987374
0.000163645088005
0.000155462833605
0.000147689691924
0.000140305207328
0.000133289946962
0.000126625449614
0.000120294177133
0.000114279468276
0.000108565494863
0.000103137220119
9.79803591135e-05
9.30813411578e-05
8.84272740999e-05
8.40059103949e-05
7.98056148752e-05
7.58153341314e-05
7.20245674248e-05
6.84233390536e-05
6.50021721009e-05
6.17520634959e-05
5.86644603211e-05
5.5731237305e-05
5.29446754398e-05
5.02974416678e-05
4.77825695844e-05
4.53934411052e-05
4.31237690499e-05
4.09675805974e-05
3.89192015675e-05
3.69732414892e-05
3.51245794147e-05
3.3368350444e-05
3.16999329218e-05
3.01149362757e-05
2.86091894619e-05
2.71787299888e-05
2.58197934894e-05
2.45288038149e-05
2.33023636242e-05
2.21372454429e-05
2.10303831708e-05
1.99788640123e-05
1.89799208116e-05
1.80309247711e-05
1.71293785325e-05
1.62729096059e-05
1.54592641256e-05
1.46863009193e-05
1.39519858733e-05
1.32543865797e-05
1.25916672507e-05
1.19620838882e-05
1.13639796938e-05
1.07957807091e-05
1.02559916736e-05
9.74319208993e-06
9.25603248543e-06
8.79323086116e-06
8.3535693181e-06
7.9358908522e-06
7.53909630959e-06
7.16214149411e-06
6.8040344194e-06
6.46383269843e-06
6.14064106351e-06
5.83360901034e-06
5.54192855982e-06
5.26483213183e-06
5.00159052524e-06
4.75151099898e-06
4.51393544903e-06
4.28823867658e-06
4.07382674275e-06
3.87013540561e-06
3.67662863533e-06
3.49279720356e-06
3.31815734338e-06
3.15224947622e-06
2.9946370024e-06
2.84490515228e-06
2.70265989467e-06
2.56752689994e-06
2.43915055494e-06
2.31719302719e-06
2.20133337583e-06
2.09126670704e-06
1.98670337169e-06
1.8873682031e-06
1.79299979295e-06
1.7033498033e-06
1.61818231314e-06
1.53727319748e-06
1.46040953761e-06
1.38738906073e-06
1.31801960769e-06
1.25211862731e-06
1.18951269594e-06
1.13003706114e-06
1.07353520809e-06
1.01985844768e-06
9.68865525297e-07
9.20422249032e-07
8.74401136581e-07
8.30681079752e-07
7.89147025764e-07
7.49689674476e-07
7.12205190752e-07
6.76594931215e-07
6.42765184654e-07
6.10626925421e-07
5.8009557915e-07
5.51090800193e-07
5.23536260183e-07
4.97359447174e-07
4.72491474815e-07
4.48866901074e-07
4.26423556021e-07
4.0510237822e-07
3.84847259309e-07
3.65604896343e-07
3.47324651526e-07
3.2995841895e-07
3.13460498002e-07
2.97787473102e-07
2.82898099447e-07
2.68753194475e-07
2.55315534751e-07
2.42549758013e-07
2.30422270113e-07
2.18901156607e-07
2.07956098777e-07
1.97558293838e-07
1.87680379146e-07
1.78296360189e-07
1.69381542179e-07
1.6091246507e-07
1.52866841817e-07
1.45223499726e-07
1.3796232474e-07
1.31064208503e-07
1.24510998078e-07
1.18285448174e-07
1.12371175765e-07
1.06752616977e-07
1.01414986128e-07
9.63442368215e-08
9.15270249804e-08
8.69506737314e-08
8.26031400448e-08
7.84729830426e-08
7.45493338905e-08
7.08218671959e-08
6.72807738361e-08
6.39167351443e-08
6.07208983871e-08
5.76848534678e-08
5.48006107944e-08
5.20605802547e-08
4.94575512419e-08
4.69846736798e-08
4.46354399958e-08
4.2403667996e-08
4.02834845962e-08
3.82693103664e-08
3.63558448481e-08
3.45380526057e-08
3.28111499754e-08
3.11705924766e-08
2.96120628528e-08
2.81314597102e-08
2.67248867247e-08
2.53886423884e-08
2.4119210269e-08
2.29132497556e-08
2.17675872678e-08
2.06792079044e-08
1.96452475092e-08
1.86629851337e-08
1.7729835877e-08
1.68433440832e-08
1.6001176879e-08
1.52011180351e-08
1.44410621333e-08
1.37190090266e-08
1.30330585753e-08
1.23814056466e-08
1.17623353642e-08
1.1174218596e-08
1.06155076662e-08
1.00847322829e-08
9.58049566876e-09
9.10147088532e-09
8.64639734105e-09
8.214077474e-09
7.8033736003e-09
7.41320492028e-09
7.04254467427e-09
6.69041744056e-09
6.35589656853e-09
6.0381017401e-09
5.7361966531e-09
5.44938682044e-09
5.17691747942e-09
4.91807160545e-09
4.67216802518e-09
4.43855962392e-09
4.21663164272e-09
4.00580006059e-09
3.80551005756e-09
3.61523455468e-09
3.43447282694e-09
3.2627491856e-09
3.09961172632e-09
2.94463114e-09
2.797399583e-09
2.65752960385e-09
2.52465312366e-09
2.39842046748e-09
2.2784994441e-09
2.1645744719e-09
2.0563457483e-09
1.95352846089e-09
1.85585203784e-09
1.76305943595e-09
1.67490646415e-09
1.59116114095e-09
1.5116030839e-09
1.4360229297e-09
1.36422178322e-09
1.29601069406e-09
1.23121015935e-09
1.16964965139e-09
1.11116716882e-09
1.05560881038e-09
1.00282836986e-09
9.52686951365e-10
9.05052603797e-10
8.59799973607e-10
8.16809974926e-10
7.7596947618e-10
7.37171002371e-10
7.00312452252e-10
6.6529682964e-10
6.32031988158e-10
6.0043038875e-10
5.70408869312e-10
5.41888425847e-10
5.14794004555e-10
4.89054304327e-10
4.6460158911e-10
4.41371509655e-10
4.19302934172e-10
3.98337787464e-10
3.7842089809e-10
3.59499853186e-10
3.41524860527e-10
3.244486175e-10
3.08226186625e-10
2.92814877294e-10
2.78174133429e-10
2.64265426758e-10
2.5105215542e-10
2.38499547649e-10
2.26574570266e-10
2.15245841753e-10
2.04483549665e-10
1.94259372182e-10
1.84546403573e-10
1.75319083394e-10
1.66553129225e-10
1.58225472763e-10
1.50314199125e-10
1.42798489169e-10
1.35658564711e-10
1.28875636475e-10
1.22431854651e-10
1.16310261919e-10
1.10494748823e-10
1.04970011382e-10
9.97215108126e-11
9.4735435272e-11
8.99986635084e-11
8.54987303329e-11
8.12237938163e-11
7.71626041255e-11
7.33044739192e-11
6.96392502232e-11
6.61572877121e-11
6.28494233265e-11
5.97069521602e-11
5.67216045521e-11
5.38855243245e-11
5.11912481083e-11
4.86316857029e-11
4.62001014178e-11
4.38900963469e-11
4.16955915295e-11
3.9610811953e-11
3.76302713554e-11
3.57487577876e-11
3.39613198982e-11
3.22632539033e-11
3.06500912082e-11
2.91175866478e-11
2.76617073154e-11
2.62786219496e-11
2.49646908521e-11
2.37164563095e-11
2.2530633494e-11
2.14041018193e-11
2.03338967284e-11
1.9317201892e-11
1.83513417974e-11
1.74337747075e-11
1.65620859721e-11
1.57339816735e-11
1.49472825898e-11
1.41999184603e-11
1.34899225373e-11
1.28154264105e-11
1.21746550899e-11
1.15659223354e-11
1.09876262187e-11
1.04382449077e-11
9.91633266235e-12
9.42051602923e-12
8.94949022777e-12
8.50201571638e-12
8.07691493056e-12
7.67306918403e-12
7.28941572483e-12
6.92494493859e-12
6.57869769166e-12
6.24976280708e-12
5.93727466672e-12
5.64041093339e-12
5.35839038672e-12
5.09047086738e-12
4.83594732401e-12
4.59414995781e-12
4.36444245992e-12
4.14622033692e-12
3.93890932008e-12
3.74196385407e-12
3.55486566137e-12
3.3771223783e-12
3.20826625939e-12
3.04785294642e-12
2.8954602991e-12
2.75068728414e-12
2.61315291993e-12
2.48249527394e-12
2.35837051024e-12
2.24045198473e-12
2.12842938549e-12
2.02200791622e-12
1.92090752041e-12
1.82486214439e-12
1.73361903717e-12
1.64693808531e-12
1.56459118104e-12
1.48636162199e-12
1.41204354089e-12
1.34144136385e-12
1.27436929565e-12
1.21065083087e-12
1.15011828933e-12
1.09261237486e-12
1.03798175612e-12
9.86082668313e-13
9.36778534897e-13
8.89939608153e-13
8.45442627745e-13
8.03170496358e-13
7.6301197154e-13
7.24861372963e-13
6.88618304315e-13
6.54187389099e-13
6.21478019644e-13
5.90404118662e-13
5.60883912729e-13
5.32839717092e-13
5.06197731238e-13
4.80887844676e-13
4.56843452442e-13
4.3400127982e-13
4.12301215829e-13
3.91686155037e-13
3.72101847286e-13
3.53496754921e-13
3.35821917175e-13
3.19030821316e-13
3.03079280251e-13
2.87925316238e-13
2.73529050426e-13
2.59852597905e-13
2.4685996801e-13
2.34516969609e-13
2.22791121129e-13
2.11651565072e-13
2.01068986819e-13
1.91015537478e-13
1.81464760604e-13
1.72391522574e-13
1.63771946445e-13
1.55583349123e-13
1.47804181667e-13
1.40413972583e-13
1.33393273954e-13
1.26723610256e-13
1.20387429744e-13
1.14368058256e-13
1.08649655344e-13
1.03217172576e-13
9.80563139476e-14
9.31534982502e-14
8.84958233377e-14
8.40710321708e-14
7.98674805623e-14
7.58741065341e-14
7.20804012074e-14
6.84763811471e-14
6.50525620897e-14
6.17999339852e-14
5.8709937286e-14
5.57744404217e-14
5.29857184006e-14
5.03364324806e-14
4.78196108565e-14
4.54286303137e-14
4.3157198798e-14
4.09993388581e-14
3.89493719152e-14
3.70019033194e-14
3.51518081535e-14
3.33942177458e-14
3.17245068585e-14
3.01382815156e-14
2.86313674398e-14
2.71997990678e-14
2.58398091144e-14
2.45478186587e-14
2.33204277258e-14
2.21544063395e-14
2.10466860225e-14
1.99943517214e-14
1.89946341353e-14
1.80449024285e-14
1.71426573071e-14
1.62855244418e-14
1.54712482197e-14
1.46976858087e-14
1.39628015183e-14
1.32646614423e-14
1.26014283702e-14
1.19713569517e-14
1.13727891041e-14
1.08041496489e-14
1.02639421665e-14
9.75074505815e-15
9.26320780525e-15
8.80004741498e-15
8.36004504423e-15
7.94204279202e-15
7.54494065242e-15
7.1676936198e-15
6.80930893881e-15
6.46884349187e-15
6.14540131728e-15
5.83813125141e-15
5.54622468884e-15
5.2689134544e-15
5.00546778168e-15
4.7551943926e-15
4.51743467297e-15
4.29156293932e-15
4.07698479235e-15
3.87313555273e-15
3.6794787751e-15
3.49550483634e-15
3.32072959453e-15
3.1546931148e-15
2.99695845906e-15
2.84711053611e-15
2.7047550093e-15
2.56951725884e-15
2.44104139589e-15
2.3189893261e-15
2.20303985979e-15
2.0928878668e-15
1.98824347346e-15
1.88883129979e-15
1.7943897348e-15
1.70467024806e-15
1.61943673566e-15
1.53846489888e-15
1.46154165393e-15
1.38846457124e-15
1.31904134267e-15
1.25308927554e-15
1.19043481176e-15
1.13091307117e-15
1.07436741762e-15
1.02064904674e-15
9.69616594398e-16
9.21135764678e-16
8.75078976445e-16
8.31325027622e-16
7.89758776241e-16
7.50270837429e-16
7.12757295558e-16
6.7711943078e-16
6.43263459241e-16
6.11100286279e-16
5.80545271965e-16
5.51518008367e-16
5.23942107948e-16
4.97745002551e-16
4.72857752423e-16
4.49214864802e-16
4.26754121562e-16
4.05416415484e-16
3.8514559471e-16
3.65888314974e-16
3.47593899226e-16
3.30214204264e-16
3.13703494051e-16
2.98018319349e-16
2.83117403381e-16
2.68961533212e-16
2.55513456551e-16
2.42737783724e-16
2.30600894538e-16
2.19070849811e-16
2.0811730732e-16
1.97711441954e-16
1.87825869857e-16
1.78434576364e-16
1.69512847546e-16
1.61037205168e-16
1.5298534491e-16
1.45336077664e-16
1.38069273781e-16
1.31165810092e-16
1.24607519587e-16
1.18377143608e-16
1.12458286428e-16
1.06835372106e-16
1.01493603501e-16
9.64189233259e-17
9.15979771596e-17
8.70180783016e-17
8.26671743866e-17
7.85338156672e-17
7.46071248839e-17
7.08767686397e-17
6.73329302077e-17
6.39662836973e-17
6.07679695124e-17
5.77295710368e-17
5.4843092485e-17
5.21009378607e-17
4.94958909677e-17
4.70210964193e-17
4.46700415983e-17
4.24365395184e-17
4.03147125425e-17
3.82989769154e-17
3.63840280696e-17
3.45648266661e-17
3.28365853328e-17
3.11947560662e-17
2.96350182629e-17
2.81532673497e-17
2.67456039822e-17
2.54083237831e-17
2.4137907594e-17
2.29310122143e-17
2.17844616036e-17
2.06952385234e-17
1.96604765972e-17
1.86774527674e-17
1.7743580129e-17
1.68564011225e-17
1.60135810664e-17
1.52129020131e-17
1.44522569124e-17
1.37296440668e-17
1.30431618635e-17
1.23910037703e-17
1.17714535818e-17
1.11828809027e-17
1.06237368576e-17
1.00925500147e-17
9.58792251395e-18
9.10852638825e-18
8.65310006884e-18
8.2204450654e-18
7.80942281213e-18
7.41895167152e-18
7.04800408794e-18
6.69560388355e-18
6.36082368937e-18
6.0427825049e-18
5.74064337966e-18
5.45361121067e-18
5.18093065014e-18
4.92188411763e-18
4.67578991175e-18
4.44200041616e-18
4.21990039536e-18
4.00890537559e-18
3.80846010681e-18
3.61803710147e-18
3.43713524639e-18
3.26527848407e-18
3.10201455987e-18
2.94691383188e-18
2.79956814028e-18
2.65958973327e-18
2.52661024661e-18
2.40027973428e-18
2.28026574756e-18
2.16625246018e-18
2.05793983717e-18
1.95504284532e-18
1.85729070305e-18
1.7644261679e-18
1.6762048595e-18
1.59239461653e-18
1.5127748857e-18
1.43713614142e-18
1.36527933435e-18
1.29701536763e-18
1.23216459925e-18
1.17055636928e-18
1.11202855082e-18
1.05642712328e-18
1.00360576712e-18
9.53425478759e-19
9.05754204821e-19
8.6046649458e-19
8.17443169851e-19
7.76571011359e-19
7.37742460791e-19
7.00855337751e-19
6.65812570864e-19
6.32521942321e-19
6.00895845205e-19
5.70851052944e-19
5.42308500297e-19
5.15193075282e-19
4.89433421518e-19
4.64961750442e-19
4.4171366292e-19
4.19627979774e-19
3.98646580785e-19
3.78714251746e-19
3.59778539159e-19
3.41789612201e-19
3.24700131591e-19
3.08465125011e-19
2.93041868761e-19
2.78389775323e-19
2.64470286557e-19
2.51246772229e-19
2.38684433617e-19
