1.8315437363
-0.228719974518
0.724226026103
-0.504258916845
0.294528030751
-0.199054863485
-0.0585621792785
0.449235221453
0.382235975507
0.328643319317
-0.36131251288
0.0673845044203
-0.447630132328
0.537754879025
-0.186362112664
0.0904417077836
0.494933552575
0.214362748287
0.229682223245
-0.372900161703
0.113653804506
0.183353246342
-0.0984045547486
-0.132437417654
0.314626466984
0.348396690445
0.0779687649337
-0.110931934175
-0.353262307043
0.220944013546
-0.039668264508
-0.0929080969134
0.155214115526
0.218005842004
0.358208055044
-0.248344883445
-0.248770291652
0.107576906787
0.150249446802
-0.0932607668198
36.4125669136
-6.4999325349
15.4505420746
-12.043216664
5.33100831865
-5.60595448103
-2.26831495544
7.18630756472
4.72652064171
4.24721250963
-6.603770813
-0.163048963219
-9.35154582037
9.83912686019
-0.687568426788
0.121481236515
7.73535390246
2.29076014002
4.70836747308
-4.57572024587
0.918999390792
4.26564362316
-1.90277333576
-0.565399708388
1.07475344987
2.06122166951
0.248200533198
0.631725052679
-3.99824592641
1.8340476462
1.31047008746
-0.302827251121
1.66467290854
-0.0902250756574
4.44342396724
-0.746762513842
-1.86047796502
1.11522860244
0.974650997238
-0.00212489605433
140.20670687
-28.8309700733
57.9598795296
-37.9274935209
26.0200535636
-16.8156624795
-0.446373350054
17.0684086294
10.9826637317
8.64766394465
-15.9920174853
5.22976974788
-21.6035433067
27.962134477
5.10440910655
9.93578123872
16.8211422904
2.53658074225
14.7659797092
-6.96790388257
7.79280523443
3.86187513998
2.31913951019
-3.70997970632
3.95757983168
-0.421246028547
1.61759965932
4.30031019122
-2.34748755709
7.15044555741
3.08894564071
3.33300541299
1.47008074446
3.5791791991
5.51876784567
1.46791879089
-1.58377507308
1.39958332852
1.65223739712
-0.906209769272
236.455696425
-61.283562759
89.5717514056
-54.1741009024
59.3264514316
-20.5874873431
11.210230684
14.1730417077
10.6250195622
13.0885189025
-19.9980048911
12.8540555767
-12.688357914
35.4292757391
11.7037976116
33.2059709529
10.7438460804
-4.23244787967
22.784620504
-3.14768973596
20.8645259374
-8.25292694127
14.3523910692
-6.54213327979
10.523572762
-4.45922475028
3.51802790787
11.3672607288
5.14580573228
7.71750018158
4.90973625362
6.0679765971
-1.4849584534
8.48502922442
4.412500105
4.58638020652
0.285835474038
0.748070432689
4.38795096982
-0.568419704926
259.291303823
-75.1109705456
85.1830269825
-46.0332655403
70.1114202323
-5.20256501209
12.832924063
20.2349027844
16.5621804199
24.271329435
-12.6731142155
6.83786944674
19.9084210669
25.6019461438
16.8791407501
41.7060219794
17.8292142275
-15.7655924143
26.8880314068
-7.16657209398
34.8931785172
-9.87630765629
19.160189455
3.95483474617
14.2456303105
1.76315832928
-1.68820522924
12.5999795111
18.0893255979
1.36608150658
12.5426306378
1.67503522403
8.32096441237
1.44863849079
6.46162604861
1.68431172047
11.4765449766
0.14549921413
7.37942205291
0.344431231183
252.499250807
-52.6802606514
68.1664057367
-24.2328201336
63.752679366
23.495375327
12.779792885
49.9030390731
48.1220232907
30.559258189
10.6785992378
-8.8633841675
52.431475958
14.3118028394
26.2404197887
28.8688806364
56.6014455634
-18.8724539722
26.1031279409
-13.1685462136
43.9371033696
4.72857676156
18.5403023834
23.1386931546
24.1499752865
5.48286195734
4.70736504605
-0.963219120317
36.6510558406
-1.82700809998
22.5685479625
3.41104245706
25.0776806649
-6.31210936177
7.75325154678
-2.42135827201
22.8327601718
1.04015899432
11.510362603
4.73788357901
260.401915655
-9.30105009418
68.3872364086
12.7385637317
81.321270818
56.3021743238
40.8127372114
82.6661230345
78.101574609
34.7564118945
36.1969831315
-13.6679696708
54.0679463004
3.6986353473
22.4819561675
14.139999507
82.9138788971
-31.2107422876
21.4458121498
-1.83509744527
40.9185915602
14.3813602779
26.6718798788
40.780352634
36.0746752725
18.324512937
22.1396140135
-2.21251118874
47.1225651043
3.05757273125
22.9515468848
11.8882154028
30.826540822
-21.2330993287
13.7912471281
-1.55710240493
11.0636194152
-1.19330822618
14.022979987
7.25321568876
299.747845813
56.7174400346
96.265077853
104.419331686
145.336632936
102.176673392
103.066804855
127.60923102
99.7215886789
76.8584889283
71.1704975318
2.04362633536
33.3523233428
4.00328717324
2.57666743319
1.98761201182
85.0061487394
-51.7815593713
19.6526336468
29.0670494981
28.7829076807
11.0093497123
50.6506690023
57.4562474427
39.6278886058
61.1297919891
37.6214724985
19.2372691651
53.4134723116
24.1514542135
18.3731725917
26.6286929658
37.0414883606
-28.7765841208
27.9550951403
4.17243933192
-7.55456085998
-1.45230060897
20.0279269483
1.56820251457
342.783216767
123.523712589
122.101320629
200.853769046
206.729621232
144.557454169
170.454989153
188.480247965
117.862304054
152.827237339
113.871315356
36.7802697758
42.1746516708
29.9443505258
10.3337506048
6.26495465257
91.1568247296
-47.1115220798
18.9341338476
49.1378739588
16.2736051525
11.7978486397
63.0343978278
62.2697070435
32.1984684371
94.3137140384
41.9593097797
36.1138618083
64.09878804
47.2221618866
31.6917021406
42.8989655922
52.9457910133
-12.3779426126
40.3689771963
18.040140226
-4.08551598836
10.1596040085
22.5713475789
3.60011348063
344.30409081
152.933380836
130.781029891
222.029526184
208.29609845
159.514500922
204.162858569
211.340608998
126.480273543
188.01187526
134.596799935
61.2113360116
47.8832392951
45.9725883072
23.4744996052
21.4618069689
85.0853815488
-27.4499728591
11.28721551
37.4267294644
11.4522512695
14.2693764466
61.4530171403
61.0445863408
42.2818555376
95.0277699856
49.775652068
40.8700148092
61.2855681971
60.7910100654
46.3596092271
54.3537350049
55.8929622182
6.7757337532
29.812605796
16.8063912618
-0.945703994441
7.51621824919
20.9357285186
8.35889490235
336.50991393
160.486485545
151.808797825
202.826835082
200.031662485
164.061486832
218.944115687
215.954261107
155.767443747
191.172795712
137.388023942
65.3652331512
36.7165896861
42.0071952749
16.9592668911
33.4145979547
79.2414878743
-19.0870152364
0.122744528125
15.3492815691
-0.0462881690605
4.90853088591
63.075520354
60.678075935
61.4379860835
86.2109589649
52.081648586
36.0169883903
57.0810187773
60.7987526109
52.9153247104
73.6321518968
60.438935049
16.8997870773
25.8436068736
13.2437819761
-4.74137572362
11.2180466638
27.5956161703
11.1350140447
367.296941187
162.52653924
154.020235368
193.450180654
210.370443631
135.320346959
223.946402008
220.849542557
177.984054025
183.083258075
131.952146505
53.5327122491
39.2669579917
55.8115555538
-3.85430425451
53.0505819591
87.6543883498
-16.7648763975
-8.4352040548
26.3415157518
-10.9174970539
-1.70951195799
73.0331882048
55.5563932638
59.6883403129
78.2883365243
47.9907588227
25.6611392136
69.07104536
52.4435959335
45.4985982965
81.6304170867
60.700273851
9.93466429081
32.4783907809
21.7905985734
-7.4442993832
19.2739793271
30.4309697749
5.91597143665
408.377077304
197.267940246
139.669880911
216.00436965
245.128075028
119.253527799
212.981629526
226.642911835
176.184728503
174.835957632
126.48606882
51.627540225
34.4728352034
68.2422525634
-39.6267571235
44.0576262566
79.3422305317
-10.9211390753
-24.1425941268
52.2077289078
-5.17933552875
-8.15451080831
68.2883317597
53.3264243387
55.1136786181
77.1368767127
66.3773068887
25.7228602559
82.9936013678
46.2661910873
33.6037583548
65.0117294201
65.8517759422
4.24245460143
33.5528958569
34.407010692
-9.21308061552
9.21377303133
21.6119719238
4.59208832921
422.387796134
265.331142781
158.961718811
250.786770073
291.093761839
138.30469744
204.582874642
241.304405284
187.517988676
196.956669157
148.326391919
76.586248731
31.4382243375
77.1180918125
-47.3081424626
28.6088602486
79.7189733361
14.4581108263
-17.8961821393
64.2352507759
11.0984965519
-16.9317890169
60.8101465641
53.8503024079
56.3785056573
85.1644531804
85.5649989007
32.7948471088
81.267188886
52.8609799854
27.2124288797
58.2921178669
73.7048263566
18.4429900124
36.7877926582
45.4287823312
-3.2403272086
4.90066474759
21.8673067209
5.16245401995
441.343266499
297.725354717
195.389950398
264.453287964
322.649586169
145.432320784
215.058991704
253.609296818
169.889492011
237.713234803
178.46692202
70.5316260843
28.6889201493
83.1274777093
-49.2519657131
5.93687009314
91.9840966554
5.38707725878
6.51206379818
69.1302300105
13.4006970829
-20.9082211014
80.9406752957
54.7773760342
49.6769711774
126.74140608
88.8518765219
43.6351248192
91.1496199211
67.3708719822
12.0887002179
69.5995621262
73.4265177724
6.01395142161
50.5021573048
39.4342502146
-16.5785191702
1.99020117901
29.057827724
-19.2794217344
519.276368552
342.612887558
233.506732188
309.574695334
379.479750163
154.398641371
253.510815062
295.960320808
146.389428765
279.490202729
224.400940499
35.7281598008
24.4680835886
78.266221749
-67.5743391493
-28.2678050137
122.827484777
-28.3815832547
23.9850942139
84.3664703871
7.82785182563
-31.706579808
112.436678174
56.4920898471
47.0824551186
172.7751096
96.8636789345
42.1638778685
111.304099524
69.0550562504
-3.83374163308
84.3639771871
80.1314249226
-8.1388351255
69.9786111523
40.9917324403
-32.7512257735
5.4941794907
36.9737060908
-35.1436340141
593.539705156
358.513525486
267.327490442
344.491205841
390.147795266
136.957611666
298.373518994
311.545415179
168.285519805
295.703246934
253.533590672
28.4042999998
54.1395840616
70.0170276617
-63.8210638908
-4.01503700611
149.062100231
-19.2403203093
47.6200774235
92.2545967564
-1.83553726936
-23.5812257632
118.124911518
50.7676563158
68.3845707696
174.808444139
97.6820761748
45.2823321473
115.261829082
55.7685185256
11.3506024839
94.3073284048
80.56665119
13.5436664492
78.3775801664
39.3445036918
-24.0429782405
14.5340866418
28.5553114226
-22.3553339633
675.31211652
332.809673761
275.811612296
347.561746214
295.728122807
88.8696338029
303.962544475
302.464212814
148.941073015
296.410609048
212.724417715
10.4522050894
65.1460258919
36.9235341367
-75.9869433433
38.6896114333
149.081637531
-6.62642892093
74.2490317434
75.4784417543
-24.6017846301
-6.09746641573
108.025831789
38.3639998663
87.1630849121
165.782394143
71.2126879531
60.2344972411
95.4078235661
35.5054038268
20.3549644239
97.7272991366
59.1793754945
30.7788253885
76.3340185668
17.7546853679
-15.3068609302
19.044501338
13.4345902525
-12.1157555352
1002.53545907
471.232026433
431.582560066
382.143985165
102.003764931
-26.7625295869
102.026889757
259.388696204
33.5578637606
380.871012119
183.960041526
21.8954312584
92.6278131686
16.791249613
-40.5421348371
172.846475824
258.465513541
90.0527222185
146.190028796
-21.4684767293
-132.608354247
-133.272416518
33.8349408497
3.15986315892
183.619789239
239.512115377
114.867711103
140.268198636
48.0839357534
33.5199318661
25.2640711295
115.609577794
55.0359918259
43.1718020202
1.61788348522
-91.8566688958
-88.9204148027
-40.8586714073
21.9935509052
94.4327447847
1891.39095065
1169.89888829
1196.1425583
526.491304523
-467.653332023
-716.221383681
-766.593401043
-171.572895317
-52.1405488556
780.212220084
473.267390413
231.639732551
183.283631308
-58.0460385
98.541341777
711.152033241
708.139590468
593.89769768
254.646237591
-525.108295149
-846.572663785
-860.799331992
-371.932416101
39.8119684962
775.112141175
758.517311866
522.632545139
358.892635985
-108.710080566
-62.7181854165
135.411079226
227.471026355
200.513167544
23.7405682803
-420.137661302
-678.699404862
-557.428411315
-244.209863623
224.342041637
755.54126821
3610.66938857
2527.32738963
2522.10369438
660.455572623
-1676.2287658
-2102.71039956
-2098.49434323
-884.613610787
130.157077209
1407.09024136
914.56410007
419.453393917
268.228158918
-143.731523676
631.903968297
1744.33259929
1438.04327345
1218.85170577
-95.6965841046
-1624.12238543
-2085.26630448
-1761.17720279
-651.648420427
539.342214358
1672.19665087
1376.16629886
944.093023809
403.428282594
-260.666751396
50.7627881752
367.763074071
391.484929215
223.43612977
-403.570784167
-1109.37139603
-1291.36682305
-815.275839725
-53.3577427977
865.039057008
1450.48966136
4974.17494842
3221.3131386
3008.94584887
257.316864132
-3104.74710655
-3284.16980571
-2727.52294692
-735.765009261
876.295765367
2280.20766928
1245.75902783
464.670396274
308.320134114
-237.142140839
1000.94520371
1986.27071485
1202.63900857
711.316140432
-985.234089895
-2247.16994713
-2022.35707137
-1010.36949469
284.956661753
1353.35368949
1912.45459134
986.718933606
634.99387075
65.4181595595
-403.521382765
30.0156000787
-35.7419928493
-143.491680493
-204.416985366
-404.775891229
-503.656562189
-152.159190283
207.509458045
372.752839782
698.828322103
587.097643983
4958.31491942
3220.12423103
3081.56797538
-467.641504673
-4616.71425454
-4709.51828971
-2936.00003253
719.076643428
2830.6570018
4422.76464944
1884.39388661
60.2224039492
-723.112410654
-1318.08269237
384.88932049
1555.93566493
702.065297931
-209.173492954
-1639.54688056
-2266.4230072
-946.183958561
1078.75987506
2136.3652487
2200.05178436
1439.8161957
-611.561336721
-888.184202789
-773.73032581
-459.753968838
244.458527636
45.2124780217
-534.554137354
-600.694047415
-15.4044184976
537.491730542
1459.16272699
1468.01553373
431.849470957
-403.055207392
-1082.50095136
4377.70120041
3331.08124567
4029.44785217
-338.13550511
-5101.0882187
-5693.58534855
-3163.58846095
1635.66486198
4330.44978838
5951.67443606
2073.13304772
-664.0898394
-2096.63020456
-2260.709075
204.418725326
1969.68222611
1130.65971034
-342.720226546
-1980.30783478
-2481.8821326
-526.0409511
2203.50202305
3125.00925877
2596.61976238
809.107785021
-1771.72339041
-1980.12286813
-1093.581381
33.0752323357
982.622395755
710.212499093
-481.544286785
-846.53700737
-245.951458996
613.524442356
1739.09887247
1711.83700402
368.729730865
-846.625900974
-1554.59475299
4501.56529157
3251.08764719
4405.61383333
-330.822899652
-5086.27583511
-5704.25194168
-2579.38434457
1784.10070065
4679.15748203
5594.14306876
1422.17000322
-1312.6720976
-2213.95431256
-1732.1424418
755.132580907
2629.11743526
811.91572963
-796.671311201
-2427.31797736
-2366.8472335
-134.936960804
2778.01821407
3105.9047051
2150.91340706
235.87384666
-1939.44729208
-1818.68401178
-478.426297321
426.726624055
808.905356479
428.942865069
-866.373850449
-767.555582411
147.335101557
1132.5458233
1675.43644896
1392.79227895
-179.71874153
-1178.74038101
-1288.05285688
5700.94235163
3394.02728638
4447.33745389
-1295.44132261
-6139.27204371
-6077.66579075
-1544.71448337
2586.26998055
5717.55529364
5435.00833609
389.73631307
-2281.07745036
-2572.38065507
-1228.64697793
1417.98182265
3342.89152676
307.521204118
-1451.85970793
-2972.21384545
-2330.53366066
515.601958311
3625.24131076
3337.34003684
1730.32202584
-435.124492239
-2560.68046656
-1923.89812727
-12.5542493297
875.912291875
987.79850275
373.403772359
-1161.06068977
-914.400343789
387.398422923
1436.45026341
1850.07478729
1357.42746472
-558.052800215
-1614.57393999
-1430.2808618
6244.53597265
3572.95891603
5009.02318463
-1434.81903089
-6385.65304166
-6230.58321572
-1464.1401553
2804.18019971
5873.48464055
5672.92238679
-153.585868446
-2208.36291312
-2923.04104172
-1110.63088211
1679.02949669
3441.32263465
647.307437578
-1482.17482196
-2634.89219891
-2620.66698593
727.672209425
3162.21754721
3334.62932614
1630.24788817
-295.605863617
-2424.47554573
-1857.42241114
-20.9204601601
637.975948373
1298.62003841
347.700832193
-619.896694563
-933.480405455
291.560383676
840.603305076
1488.06121762
1111.30090952
-373.556458319
-996.78690729
-1241.83053324
6743.64322549
2983.34788409
4737.62859854
-1872.83047381
-6404.5465441
-5690.84632815
-1417.40303283
3385.2062879
4911.40252738
6006.30342242
-1015.56263888
-1343.43035475
-2854.09796425
-577.451110289
1575.49586114
2733.98665552
509.312765106
-2086.33670769
-1761.99287278
-2715.00130152
1731.54033735
2505.98211852
3477.37124657
953.925536381
-195.727865287
-2204.7600221
-1589.14327631
343.088906752
107.269559543
1404.61211134
-487.11721031
-62.4448897315
-986.136568726
1093.98725318
879.741942488
1540.2763365
722.362268085
-883.326905266
-886.609691413
-1448.888013
8329.42605258
2943.13084403
5420.74274132
-2753.28039814
-7258.16133569
-6031.00572738
-1406.957974
4684.29249055
4883.36939455
6839.36423045
-2331.15761052
-1268.19182723
-3473.77477336
122.355006606
1966.46556115
2964.24120195
406.306301951
-2936.10978448
-1623.54357405
-2999.90056839
2813.52669346
2516.02988989
3869.17553975
97.4265780496
-645.392024665
-2514.81533567
-1316.13246564
1141.72297955
361.704065886
1643.17216327
-1210.10580699
-210.905255547
-1349.06724746
1558.67270623
1117.20919798
1680.91239371
473.467538358
-1315.2323274
-969.914026572
-1367.90700499
9011.80490166
3058.51867264
5695.54480829
-3210.19195578
-7626.32457058
-5760.47505053
-1357.93071412
5221.27649286
4802.46594162
6391.6123228
-2602.58085489
-1247.78000727
-3012.2708316
506.765175751
2296.85790404
2294.22339042
259.720028829
-3095.95705338
-1360.67254455
-2240.68912498
2799.42732726
2358.2883238
3041.69523945
1.41589848086
-868.113577857
-1571.82860045
-933.089904705
1215.63364089
101.430073202
900.493129695
-1197.94641392
-198.1621805
-508.483673078
1381.10404127
1284.85382601
901.529188516
242.101539388
-1213.68810263
-571.78465735
-788.56020093
9009.75183063
2790.7341525
4933.01325064
-3235.26976142
-8170.2068197
-4747.11209669
-1436.0951996
5583.76039289
4535.90476091
5807.37666625
-2474.50076519
-1257.1314415
-2286.07826997
203.468353176
2559.08834467
1192.12355549
378.047597073
-3220.02567928
-948.907333452
-1723.84376274
2678.72396216
2376.48587405
2488.03666218
303.291820557
-1161.52044921
-909.090014678
-1124.08364522
1343.953798
-174.547470935
698.455644218
-1225.69213575
-227.084676781
-104.647360698
1321.80118149
1725.66340849
619.440609566
387.440450275
-1550.93087026
-556.633278281
-935.518956213
9410.53421079
2843.80420988
5211.40257587
-3288.33572819
-8713.5399042
-4695.01778338
-1650.22570177
6059.35961228
4604.8882804
6054.71344325
-2941.09658687
-1181.12075573
-2383.04371894
430.982259026
2809.71369827
1079.24970569
326.546712307
-3622.934539
-747.615527404
-1796.8032482
3226.23334931
2373.03123441
2514.4623215
-129.276070583
-1466.11910149
-1014.40413411
-998.392174112
1806.90585173
-168.873261733
791.945478278
-1628.44888152
-259.702588232
-232.058233028
1578.08644981
1708.95437954
553.608420174
186.164418509
-1738.50183451
-414.183036569
-785.040637176
9547.00797665
2648.01827543
5272.35436706
-3804.10230079
-8360.22702006
-4769.31637397
-1151.35147453
5868.46970782
4407.66638338
5740.84930089
-3286.27528639
-526.593863877
-2236.33524815
1018.56195446
2242.49404082
830.090489046
-513.412277264
-3457.0725009
-377.979716083
-1366.63366323
3728.1911507
2031.39657548
2348.61261845
-670.761727978
-1114.69702661
-1137.88125081
-490.431467603
1546.77124505
-451.70717195
518.753159187
-1702.50061616
160.608740845
45.411396403
2119.91666847
1308.53830263
558.009316888
-346.772368675
-1719.13292058
-448.953363536
-636.266617661
10000.0
2374.15688606
5720.92859571
-4524.1263653
-8123.76891191
-5078.53997793
-684.927093996
5853.82011567
4564.25612136
5700.01162129
-3773.35863778
-268.776518446
-2579.97222133
1523.84830771
2094.16445679
1186.48351256
-980.828916688
-3456.53565299
-515.815840733
-1400.26370416
4189.14480833
2026.68545623
2568.30940718
-1030.06462537
-1035.46841888
-1497.84665426
-180.856613944
1600.72768215
-361.768146021
558.791336186
-1910.71319803
144.201204269
-54.3357652776
2413.80867125
1260.92189629
753.118453295
-544.797363675
-1835.49758211
-525.128522745
-582.686901425
9991.98570596
2264.36504523
5807.07451726
-4882.91547929
-7715.90700209
-4967.27672763
-588.84999478
6050.78011975
4428.7765058
5413.01581647
-3699.42669331
-541.427632468
-2484.86930899
1682.41350406
2232.01611031
1240.70221388
-932.422286282
-3488.89930936
-679.721996263
-1103.90383008
3927.37217397
2104.41309266
2211.03373743
-1046.20590852
-1146.2784222
-1200.08261736
5.08418500538
1511.66285806
-275.755835113
174.579715339
-1729.01377486
56.8999222959
256.305448536
2151.68115528
1223.12937707
417.053512809
-657.957195916
-1551.09399269
-366.884613436
-186.745491603
9546.04232606
2117.38666562
5317.06244297
-4997.50160082
-7527.21998121
-4618.24036656
-720.38752199
6317.60537914
4207.75108003
5186.46324692
-3339.35175669
-1024.97856201
-2188.1223125
1299.15543455
2408.55648735
1012.16793222
-731.046540869
-3420.59234506
-813.991968023
-794.429522421
3554.15878551
2378.19450513
1975.68628712
-781.572923563
-1253.6498347
-1138.94636037
-80.3510646363
1294.2121385
-177.744796373
67.3133776018
-1473.11309186
23.2358949457
438.383952526
2066.27585849
1281.12491566
408.011537446
-715.611022943
-1595.13772605
-532.42354813
-236.579064269
9645.23529057
2281.579462
5411.85887516
-4937.68009877
-7788.96848179
-4701.84768237
-739.551743087
6609.63915183
4471.73224243
5330.1572433
-3645.50186016
-1492.35376583
-2394.8153672
1242.95130362
2869.06262952
1431.04761521
-620.638942193
-3450.6681496
-1088.61193173
-1022.75756835
3573.953696
2445.37349347
2076.71093892
-819.311190935
-1307.23991457
-1359.44318424
-35.9457559651
1382.03619539
-7.48517577054
292.301593267
-1478.50868215
-42.9743058154
182.644523107
1933.7563131
1097.78681076
495.385378566
-638.291840004
-1430.62218094
-392.840071851
-188.119839337
8997.08300203
2486.16563044
4552.21244507
-4236.99777058
-7646.77346899
-4691.467362
-235.081950017
5929.29772905
4727.99999772
4947.92916407
-3395.95717677
-1757.44573556
-2216.76512029
1222.7504712
2647.70784267
1720.03123204
-891.424373008
-3260.74572273
-1166.10110589
-864.515323658
3385.76441014
2530.85283579
2011.84353039
-909.335971298
-1208.56109365
-1422.94101757
-89.4152775722
1284.38328224
89.5868481596
154.099200513
-1230.37056274
-32.3643701896
216.823553155
1878.99443628
1055.30177106
350.652698336
-690.999123107
-1343.78586133
-519.768278635
-50.7173485891
8806.95235972
3073.98850442
3967.48084156
-3841.68143951
-8104.8911683
-5139.66801895
438.315705654
5786.31615439
5406.56930091
4609.64096507
-3585.06749238
-2513.24090563
-2133.77262596
1600.52903005
2952.06812392
2212.93999092
-1252.94282601
-3665.08230384
-1583.1117772
-648.118200284
3530.85840046
3115.88185122
2067.08889642
-1141.49980065
-1539.44126826
-1585.38193277
-56.9964656274
1544.46054863
457.946515962
14.6151888492
-1233.17335542
-330.638992747
205.609936351
1897.55404181
1326.96356253
382.031524824
-686.587855986
-1397.59846239
-707.289866208
20.1753703885
8898.85866651
3426.66175013
3754.99788603
-3984.04886091
-8182.10602555
-5338.67722001
1090.83500856
5947.26487986
5611.59864545
4118.12828393
-3819.04810719
-2824.55734461
-1873.38296434
2008.19799136
3109.94355155
2264.17095101
-1524.90238267
-3554.70616069
-1816.79488643
-321.25446079
3294.9129035
3046.67847876
1831.61956273
-1012.13293679
-1455.22133006
-1417.27622586
139.036979087
1157.16148323
524.632161869
-171.416279829
-964.569129332
-330.861041851
380.922484539
1489.37955633
1096.94976469
325.634580594
-626.560951392
-918.653147296
-518.547067393
130.1650385
8344.4772668
3274.64802821
3113.95259226
-3865.22513787
-7690.1304484
-5166.25567919
1583.83229928
5543.84574284
5351.0507644
3491.4947167
-3523.73263762
-2760.15446532
-1355.41997812
2115.00529148
2767.45948964
2074.64961241
-1956.29020268
-3130.85211767
-1847.85364924
205.847394811
3018.01836068
2986.81179331
1539.2103298
-976.833791135
-1201.98618849
-1294.27151134
404.799599621
819.711853558
528.879604617
-544.747638198
-787.56108551
-329.85158185
637.050617276
1563.11367401
1105.92971128
321.064151825
-765.962401302
-851.115155309
-682.076858946
231.114100853
8228.43932111
3377.04927461
2933.10115895
-3594.22317849
-7559.97775443
-5048.76746587
1812.17824172
5219.12104359
5271.08342091
3132.60572442
-3508.17555516
-2872.61844699
-1006.17370513
2367.54195586
2862.532227
2184.49101382
-2229.84487576
-3348.75987136
-1877.20898907
416.144654861
3075.70534975
3163.23075283
1381.99948839
-1282.95254133
-1258.68507619
-1209.80054907
508.728830182
1106.33684488
606.042060356
-642.995713667
-855.659615141
-402.602702869
475.521023815
1571.72941275
1123.12263042
296.762945331
-618.168894537
-776.122875843
-635.681845703
194.020728892
7726.91434928
3284.43376179
2663.12780199
-3037.6305234
-6998.23337126
-4793.9675878
1676.61360091
4807.36228135
4757.41616178
3124.20269513
-3217.25690141
-2795.96937166
-751.812990394
2364.52352833
2838.6369571
2001.78229666
-1970.36785072
-3746.93662686
-1716.21505214
429.517272406
3065.82837422
3151.19532032
1452.67216575
-1354.15366366
-1400.02135588
-856.593798621
278.813874449
1203.48309399
460.973159159
-681.655324532
-1016.49921377
-125.248778772
532.90648358
1507.85760448
1203.78679208
68.9491877498
-638.540931729
-720.436363744
-406.849334956
65.4102678896
7871.06943417
3540.64007094
2200.86408053
-2874.49450713
-7005.68879501
-5087.73275195
1893.58283716
5190.3924752
4461.2783471
3300.33652671
-3317.45681983
-3241.9242798
-529.361583578
2763.21943047
3053.88408252
1938.65782375
-1989.50900985
-4581.60366274
-1776.81080402
774.558744486
3519.10093366
3489.64163871
1571.87007797
-1856.96059907
-1886.28548627
-610.952491666
454.228630126
1610.46026711
551.055607639
-1049.63757094
-1622.09405117
-95.4649721285
806.888042565
2013.10127658
1686.03965645
-86.1256218738
-1158.73651598
-1118.68614031
-443.318215011
252.047821495
8494.69466669
4078.38679095
1820.92811304
-3294.56301838
-7005.26469592
-5202.32521044
2324.52797936
5661.15067245
4174.38472364
2905.92202405
-3401.68206461
-3361.53092572
-307.990084569
3306.01401345
3028.65936313
1757.92093707
-2121.75949923
-4674.62989097
-1743.48800608
1081.14399257
3590.92981797
3200.44017994
1370.03561115
-2035.45127517
-1825.37027193
-383.733191404
805.530456277
1574.74783653
438.367588033
-1122.4895861
-1701.76177189
-59.5894652252
886.852755101
1956.61450591
1412.31875701
-104.451137496
-1146.37329168
-947.671194668
-177.413919448
401.379250522
7807.46958079
4116.63346147
1323.56273825
-3512.438353
-6205.83927703
-4853.78228256
2135.90337476
5491.41907075
3681.93398602
2443.14799968
-2642.99263619
-2801.35823948
-409.192673329
3146.47765738
2377.79614316
1200.67846351
-1848.62896515
-3917.62101113
-1523.02245408
1178.78140134
3296.06241698
2528.36070569
1311.74070888
-1571.6540548
-1427.56960717
-255.564076856
764.635501199
906.845693719
36.2655132633
-907.090237379
-1358.46606313
328.063292066
1115.79801376
1696.58007524
896.781587725
-133.836754751
-1071.56417606
-733.011677003
60.6556534825
258.25598306
7766.34124479
4349.40995601
1095.44239651
-3906.80699838
-6109.20611144
-4846.36467307
2420.65404146
5923.35670465
3422.7491191
2009.49963676
-2720.06655707
-2640.68017077
-215.942723101
3550.06431347
2121.05308887
744.136799995
-1991.74034147
-3707.65636903
-1191.44536514
1542.98047164
3258.4550552
2021.77333579
1092.16944033
-1544.83139512
-1173.24034179
-36.303456567
777.680945835
556.524364213
-115.815574423
-736.278525779
-1061.22129794
566.276748012
1024.67196432
1320.01201344
568.989874632
-67.633243167
-815.606366741
-449.233960549
75.1377652042
36.4321837778
8027.41365887
4308.15972985
1037.63328684
-4225.66831362
-6318.10209728
-4710.19007515
2921.70177221
6477.09210208
3171.38501059
1474.95137477
-3209.57170257
-2617.92447343
297.014432995
4043.77628782
2045.31923038
274.981737452
-2342.31666124
-3635.67850753
-843.656392183
1842.97871072
3091.87970834
1652.40214864
875.825498436
-1437.30941152
-844.151948086
43.5698900794
625.030159137
224.641058303
-141.964553326
-517.912658086
-677.633359054
604.435979266
699.224949387
925.858513837
376.046764086
204.52740825
-412.782142627
-156.071754989
-120.843729673
-241.881738453
8003.43153558
4256.37185899
1239.20719043
-4479.62756255
-6451.50753485
-4712.30989216
2910.96845502
7139.82835296
3179.51111204
1081.53400326
-3633.03509948
-2641.1740175
475.985916833
4697.52335862
2296.50728688
-207.98410944
-2875.66230411
-3791.29857501
-722.885117081
2339.5417305
3556.60886196
1359.12440217
527.740110775
-1682.21620775
-675.201648326
318.15071379
1120.72186568
60.7071600129
-607.208525387
-841.346693554
-820.936352931
900.161305325
1115.00340291
1260.99565182
85.8830937561
55.6477569257
-666.609043531
-126.7381486
81.0782342218
-80.9266861879
7809.33887256
4210.54880173
1596.69474998
-4532.09725662
-5868.71162474
-4533.95303421
2480.20691203
6930.56469328
2986.22043124
765.949462508
-3564.58833562
-2013.80846279
596.09699679
5048.87235413
2268.2919111
-674.536536098
-3249.88458987
-3572.70156696
-388.622703901
2624.31204456
3785.49887718
821.838764216
26.984092797
-1796.46650789
-349.220959985
715.450122601
1505.60061435
-38.9303423342
-1075.64430786
-1008.80838653
-777.092324088
1144.47085225
1343.06457733
1306.09046166
-179.883314111
-139.60498973
-639.96457443
-55.6582592402
274.49007584
31.501077731
7119.90546682
4030.10282078
1505.37037029
-4261.4355034
-5035.56700059
-3986.29392823
2315.31510341
6198.29853261
2415.48532574
186.776275769
-3177.59500187
-1159.57685296
1175.46456611
5030.09045311
1782.53821814
-1569.19782867
-3522.23607061
-3095.14409076
362.720275709
3002.39298481
3602.89560322
170.254993957
-557.8578474
-1437.26849446
175.007210844
1273.36096437
1319.19365812
-565.88753455
-1778.50809416
-981.682034748
-245.869426464
1610.19848695
1569.65178603
921.562566107
-516.420272486
-339.378430567
-209.941870292
145.872477264
329.829973991
-357.683546456
6854.88683079
4164.68390411
1425.58897357
-4145.42199673
-4857.17174177
-3986.30938513
2492.11502676
6251.14539352
2212.43819156
-224.466779203
-3194.99379908
-1022.59939548
1512.54826898
5327.36137009
1677.03248576
-2076.20215332
-3762.36599262
-2995.21364378
721.692254749
3350.84389101
3593.67677953
-274.004790773
-961.165149642
-1310.93590025
546.576725267
1715.68724056
1352.74210389
-951.663052827
-2313.99854582
-1048.19599129
78.0005609544
1990.02069846
1694.4819247
634.047454165
-924.503165833
-446.03918708
151.073951179
536.646938455
475.462253779
-619.905855182
6455.86036047
4024.83714921
1406.43884321
-3961.7481703
-4464.48883539
-4051.52623571
2499.09535998
5829.70034694
2104.2943642
-249.312528287
-2674.07305604
-769.423958537
1340.09105701
4844.19497179
1177.32126499
-1911.87971013
-3338.06225669
-2227.97255164
708.877325473
2916.31803597
2783.83812512
-569.021012192
-825.532172054
-796.825131203
1032.68773546
1527.91401202
1014.81818589
-1292.58020727
-2059.58346603
-763.526015252
531.336520452
1778.43096162
1114.50666285
124.575761585
-966.42331661
-59.2222002714
568.773546263
852.994990075
172.94727603
-788.683966233
6158.56130804
4401.04060767
1368.43713815
-4342.06528617
-4654.62756722
-4405.31391137
2705.94814794
5870.46865775
2340.30277916
-675.073080742
-2334.19695607
-377.869824356
1498.99630659
4615.64387147
563.519708388
-2355.88266006
-3461.09038082
-1242.5209234
1122.38346385
2873.92110153
1968.21904045
-1187.74488604
-966.779451965
49.4169155969
2090.78514194
1540.21932185
384.9137479
-2300.49061622
-2315.7151504
-375.487096067
1512.5539243
1927.8772817
502.038302506
-603.32127151
-1145.13821946
585.841568965
1376.36059876
1188.17138329
-554.724392135
-1533.18594425
6269.65778631
5429.29936654
2146.32217128
-4745.23261605
-5457.47833502
-5253.40810129
2968.48884852
6739.18777007
3023.60428459
-1096.57764849
-2924.49941477
-511.990501475
1792.26948606
5183.96278468
667.224411812
-2872.05543446
-4077.51518602
-1030.73401586
1686.05297496
3237.62234506
1904.34577916
-1729.06567943
-1401.36282763
244.172613534
2689.74131039
1694.01156761
111.310187425
-2679.93808009
-2515.48977575
-32.5608797806
2022.32019776
2071.24661312
116.975681904
-896.572893742
-1188.05629893
807.568808564
1657.27087359
1112.57819219
-867.965099982
-1749.19526671
6270.20860306
5722.65277121
2023.33300024
-4704.60218759
-5312.70713169
-4631.84317748
3192.15715267
6469.76967023
2169.96986379
-1665.97686218
-2633.01344987
232.07843465
2427.70032377
4716.04740258
178.000498953
-3367.78226167
-3581.42105374
-393.338115913
2072.67847836
2454.59324489
1204.61256131
-1678.7616864
-838.355920918
1085.45459598
2624.85152078
820.086857228
-899.623948687
-2226.05536272
-1658.27933124
693.583214585
1801.42093343
1058.07138217
-627.983595612
-439.346739977
62.0950334353
1183.77934755
1209.91293753
8.55631172111
-1349.84169062
-1255.07707874
7570.67578425
6363.73372315
436.506610802
-5814.40367516
-5313.90228285
-3099.52196426
4555.06766487
6561.73482604
234.478578734
-3132.86685122
-1995.66431559
1795.95778208
3636.08938269
4063.69337474
-1245.40153267
-4504.93578296
-2636.02405923
1161.93828346
2697.08280144
1354.78402838
-157.732312751
-1903.67297003
218.865270997
2664.67044393
2685.11705473
-547.851685336
-2276.76883411
-1986.30412818
-474.169300176
1771.06383947
1597.82073744
-320.262599373
-1511.29909082
144.695382435
1432.35060266
1799.34607304
704.298591727
-1210.77129372
-1944.03152753
-607.424352326
9012.84717957
6525.83392038
-971.001703203
-6686.1799147
-5026.82963151
-1786.31906493
5736.49826287
6200.95673729
-1350.57703411
-3867.91953822
-1352.42143174
2800.88315513
4052.73261941
3372.54095873
-2335.86329171
-4531.36922611
-1557.50529257
2097.6612819
2417.90141416
490.187355482
-850.135053863
-1655.22844693
1037.72674862
2965.74441498
1956.46879242
-1302.27990422
-2051.42167447
-1211.96305885
301.374683875
1680.34189708
804.430102046
-934.819151836
-1136.15608685
739.233059835
1473.09905486
1299.30914567
106.459875861
-1164.8319158
-1249.60928547
90.032782991
8642.07494612
5071.70056741
-2256.69379506
-6028.80979694
-3724.06543481
-800.46069194
5442.39265998
4636.64046912
-2227.10256151
-3157.67051129
13.1932576495
3159.31014853
3183.96771082
1999.17118472
-2616.5280318
-3372.33397364
-340.551452157
2108.67987672
885.773270467
-514.349863603
-541.033583701
-242.213795248
1835.88356363
2437.94555515
424.618198975
-1931.57106629
-1053.12792204
42.1457654596
577.790284236
563.575536572
-354.048494834
-1074.94269336
132.26557432
1740.88087498
1241.81655554
144.946539647
-553.634539466
-668.442118418
-225.98275282
552.668477462
8348.39322747
4242.82580852
-3440.14987309
-5465.36730692
-2931.88581447
-227.741925038
5185.11608007
3820.45005835
-2849.71327768
-2755.87559949
1254.87478073
3574.12564308
2478.85694711
851.927828045
-2939.49673448
-2767.31231716
801.981282314
2344.37115228
-183.816481996
-1352.9878228
-412.833564267
666.556547211
2499.3159273
2249.59436738
-605.269438155
-2385.91170719
-528.835978917
777.887013413
728.704474216
23.6457026667
-975.150475037
-1092.18961023
825.723708419
2171.70979266
987.646275907
-433.923110368
-808.823873004
-428.477816612
265.27113463
692.848325754
7800.79642193
3990.98205223
-3586.32490083
-4833.53357636
-2341.66368207
76.8294542121
4395.53371942
3066.1340055
-2924.07929905
-2382.63610634
1980.83296478
3714.30334127
1830.77950824
185.689056189
-2664.63965913
-2086.44574372
1285.09162036
1982.99610284
-745.499164726
-1514.17690729
-149.208422228
1068.91458274
2316.47109722
1625.52437133
-709.420815335
-1659.90870432
4.68662665987
743.572225864
252.681371854
-451.1991941
-875.611838529
-461.836469605
934.714320014
1463.51420277
466.209078584
-282.044955293
-236.835347977
100.978128082
260.902207785
103.898861996
7176.90478159
4106.49696057
-3643.93865521
-4480.54606768
-1844.3970823
-28.6042361732
3583.29868389
2567.11583922
-2790.29073141
-1936.24368948
2899.11215845
3865.52831317
872.137685829
-475.346617431
-2277.07241756
-1356.82010946
1627.92861553
1372.84743427
-1718.96516578
-1682.49545154
543.440944566
1871.05389004
2158.79621131
815.323945298
-980.145070602
-963.48814386
776.664601364
720.432964645
-594.398271784
-1320.44044645
-774.599498451
407.682137367
1389.86051674
946.453728948
-126.607147936
-211.374624552
478.428303608
748.816582102
66.1346034314
-772.173632949
7084.71120824
4391.52019268
-3783.24564446
-4269.26365794
-1630.16940639
-305.369423484
3650.62941945
2650.08337707
-3105.58627216
-1723.41427443
3384.12518274
3704.05208991
389.354080926
-630.481553726
-2354.19375476
-929.20905972
2098.56683959
1022.48627582
-2214.91105019
-1514.27708662
953.70199254
2000.61709222
2068.27825427
217.526021813
-1281.47488371
-529.777347335
1261.49319199
554.961921826
-881.740791204
-1370.65662783
-605.033281416
792.644802623
1377.0741947
502.322162302
-482.457384969
13.2006655391
678.423043375
748.674423647
-107.65640054
-853.199229878
7034.42486634
4100.40141443
-3762.53090052
-3883.80371804
-1043.84733374
-160.531217353
3124.07405146
1943.32058005
-3434.1526393
-995.550197436
3547.22213658
3081.92009333
-55.2765906054
-309.626821749
-1620.20981164
-214.242559964
1764.15701768
-49.6469903447
-2274.85842368
-925.781081844
1259.66493558
1356.88291995
1407.14554994
-8.35890640888
-481.914417051
333.819496015
1159.29840619
-42.4808862609
-965.268400541
-846.450998895
-388.34367851
496.859799365
494.109105904
141.665655232
-126.184887219
595.695882497
675.027170003
487.835485633
-61.207904863
-439.959877451
7081.6354067
3512.91395661
-4119.05491794
-3694.76193898
-378.003260093
120.273064895
1996.20322456
1137.73535899
-3020.72682588
160.22259367
3849.62138837
2494.89450869
-867.083225924
-117.938881989
-521.529270314
152.65176777
918.85280452
-1049.13105392
-2026.16320939
-287.785218602
1600.36209209
701.816558993
766.452308145
252.936597735
497.574594187
768.950577576
591.386315905
-600.639515693
-967.662925004
-280.220443426
-302.161660865
29.7765367186
-130.113974279
255.812594494
419.761175009
899.496561811
502.810657874
200.64004473
97.9329714065
-120.408340532
6763.5360557
2910.34784093
-4252.04960462
-3221.9712665
163.937629819
223.780345046
1194.6212919
567.788641245
-2549.64788485
884.767563759
3794.03097531
1840.52511855
-1319.87533269
194.59499644
308.568728516
182.38156107
230.353021802
-1363.90768031
-1500.21501048
229.549637957
1382.25239523
-17.816010759
380.243558804
696.761502269
1004.92962658
613.33456292
64.8545783262
-527.970237969
-397.450054924
50.3011714004
-533.210765043
-430.078968269
-187.056712683
487.662090866
436.80873756
459.972865356
240.817599671
415.78924628
470.080754495
-13.5656709091
6534.4943764
2931.87358103
-4367.26217771
-2645.68165582
688.355586776
-174.959278326
529.107035606
-117.548469755
-2390.02590817
1236.85672202
3781.84120804
1172.91634204
-1439.49643707
883.332307883
1503.87665318
340.405795066
-614.695340426
-1684.60072001
-1182.11314094
585.19300634
680.046508391
-936.842434194
-108.796340613
1431.30360403
1739.46893305
520.972313145
-265.735080692
-48.5010625226
505.034515643
194.579797102
-1051.61999418
-1262.8827796
-286.858477876
630.768699997
222.796772436
-252.848498583
151.165264015
1092.86789244
1130.79539127
178.900849846
7028.59775493
3219.96529852
-4629.13401192
-2125.54232943
681.666255772
-917.709873245
-0.692953928651
-779.590514414
-2134.42560231
1630.29811403
3836.09338791
792.339354092
-888.396659941
1631.58531457
2088.89470751
344.45944193
-1077.57103608
-1915.86763291
-1157.29878558
494.831531655
0.463096599425
-1279.17950574
-23.5176971124
1825.74253396
1848.10982159
661.451790222
32.2993452445
351.028689826
760.005056265
38.3961195397
-1305.29934828
-1431.74775924
-330.361241386
284.749014717
-76.8726615551
-276.6821765
371.825915539
1226.32659848
1185.12530774
336.717212542
7269.3344725
2584.81323226
-4621.05956008
-677.076146361
733.569170825
-1440.03301506
-450.01754448
-1236.65430115
-1292.85793129
1812.45827269
2581.45847422
-84.7028256537
292.655432762
2485.29665035
1687.56187525
64.6228655076
-712.022033161
-1190.28596018
-768.84178787
-40.735818896
-736.031049431
-1231.85532389
456.160165199
1423.58734047
776.812907273
644.845555659
842.242471033
821.586230154
684.771158949
-31.3612634212
-864.910953964
-744.704832193
-261.695416729
-501.104843895
-627.695125154
-93.9234319498
390.781939309
617.639427275
665.663884912
550.030268267
7886.18295879
2212.94311605
-4793.67634582
1391.12806716
1599.50133784
-2013.79828487
-1397.88481658
-1601.32783652
-473.773331195
1512.50014634
853.532814452
-1131.32652408
1260.89999002
3629.13172306
1423.52704175
-186.450887327
159.848352938
218.324472688
-324.133227134
-874.902899271
-1521.90377656
-1352.27384515
603.545184948
681.622628841
-522.227416246
543.420048266
1729.52472786
1388.92717416
721.129705736
231.390292643
-36.9475518266
70.8686224565
-215.985793167
-1257.27866257
-1220.99012778
-151.109167825
63.2740040696
-202.761574041
113.266018284
746.122448086
8394.37033481
2477.34404485
-4504.44990928
2758.13714942
2622.02765742
-2152.68093326
-2121.30994369
-1749.44924788
-511.389745517
972.594063524
-163.747213735
-1864.94191737
1467.30941464
4090.6421724
1158.82626542
5.27152921464
1347.71407848
1148.8778287
28.5258034492
-911.203539316
-1683.28660025
-1262.08820663
209.013747497
-494.268372225
-1160.06653521
583.24239505
1447.35173494
1050.62933895
1020.25680542
883.464809794
664.301588372
676.701542852
3.92881409354
-893.457056357
-774.566184767
-517.832763521
-704.716974807
-525.924086997
-217.46037564
84.6727553517
619.012574591
820.328768194
615.078665649
569.922953219
610.671940975
363.143894568
19.479426147
-341.301246023
-544.821078952
-383.45030255
-331.188999213
-486.216999096
-316.409249278
100.776117592
317.008901134
346.370793102
321.603082009
361.330322869
462.196687741
311.724839509
-54.5601819278
-159.790547378
-81.1690417107
-189.077041213
-329.742339463
-292.400327301
-138.772817176
18.2867207746
65.988730395
50.2017899657
166.363966288
292.419955373
206.436164532
80.5919588952
74.139182332
54.8067140791
-33.4717868077
-111.606786791
-139.901845865
-102.258041581
-59.4150976476
-73.097061443
-51.678342073
39.9196497169
80.2405019864
58.2860428371
63.1403089391
82.1564433646
68.1142868841
33.0610179494
-2.55145920388
-16.0316134485
-13.170223812
-32.6518239995
-52.331685487
-32.9655845198
-8.48171476351
-10.6864720282
-7.71740523732
12.6666579283
27.5027644161
27.8033402923
19.4112402567
17.4841355587
23.6860614969
17.9844146827
-0.534719549284
-6.77685459346
-1.94016826503
-5.75117556341
-13.6290697933
-14.2780662053
-7.56558372595
-2.21955661003
-1.66844786324
-0.588030520924
6.44529758236
12.2240736841
9.73802708917
7.42081203004
9.36420848104
9.36904611158
4.3942818284
-0.590013644636
-2.32904684858
-2.50889959421
-3.89105488372
-6.13008278206
-5.28657251289
-2.03152310069
-0.216059778436
0.282181102213
2.01566225824
4.20964623466
4.69686909649
3.97368675521
3.23949448347
2.90078112816
2.06741306052
0.405619512094
-0.930147930615
-1.16237093965
-1.09523628144
-1.44000549262
-1.40838433181
-0.703300876917
0.0599275371246
0.43805387711
0.656421581326
0.999072222943
1.26872262867
1.16016964765
0.901344254565
0.730639507142
0.595001597943
0.33938503707
0.0609760129261
-0.0480754007216
-0.0130298830314
-0.0123783888799
-0.0117594694359
-0.0111714959641
-0.0106129211659
-0.0100822751076
-0.0095781613522
-0.00909925328459
-0.00864429062036
-0.00821207608934
-0.00780147228487
-0.00741139867063
-0.0070408287371
-0.00668878730024
-0.00635434793523
-0.00603663053847
-0.00573479901154
-0.00544805906097
-0.00517565610792
-0.00491687330252
-0.0046710296374
-0.00443747815553
-0.00421560424775
-0.00400482403536
-0.0038045828336
-0.00361435369192
-0.00343363600732
-0.00326195420695
-0.00309885649661
-0.00294391367178
-0.00279671798819
-0.00265688208878
-0.00252403798434
-0.00239783608512
-0.00227794428087
-0.00216404706682
-0.00205584471348
-0.00195305247781
-0.00185539985392
-0.00176262986122
-0.00167449836816
-0.00159077344975
-0.00151123477726
-0.0014356730384
-0.00136388938648
-0.00129569491716
-0.0012309101713
-0.00116936466273
-0.0011108964296
-0.00105535160812
-0.00100258402771
-0.000952454826326
-0.00090483208501
-0.000859590480759
-0.000816610956721
-0.000775780408885
-0.000736991388441
-0.000700141819019
-0.000665134728068
-0.000631877991665
-0.000600284092081
-0.000570269887477
-0.000541756393103
-0.000514668573448
-0.000488935144776
-0.000464488387537
-0.00044126396816
-0.000419200769752
-0.000398240731265
-0.000378328694701
-0.000359412259966
-0.000341441646968
-0.00032436956462
-0.000308151086389
-0.000292743532069
-0.000278106355466
-0.000264201037692
-0.000250990985808
-0.000238441436517
-0.000226519364692
-0.000215193396457
-0.000204433726634
-0.000194212040302
-0.000184501438287
-0.000175276366373
-0.000166512548054
-0.000158186920652
-0.000150277574619
-0.000142763695888
-0.000135625511094
-0.000128844235539
-0.000122402023762
-0.000116281922574
-0.000110467826445
-0.000104944435123
-9.96972133668e-05
-9.47123526985e-05
-8.99767350635e-05
-8.54778983104e-05
-8.12040033949e-05
-7.71438032251e-05
-7.32866130639e-05
-6.96222824107e-05
-6.61411682901e-05
-6.28341098756e-05
-5.96924043818e-05
-5.67077841627e-05
-5.38723949546e-05
-5.11787752069e-05
-4.86198364465e-05
-4.61888446242e-05
-4.3879402393e-05
-4.16854322733e-05
-3.96011606597e-05
-3.76211026267e-05
-3.57400474954e-05
-3.39530451206e-05
-3.22553928646e-05
-3.06426232213e-05
-2.91104920603e-05
-2.76549674573e-05
-2.62722190844e-05
-2.49586081302e-05
-2.37106777237e-05
-2.25251438375e-05
-2.13988866456e-05
-2.03289423133e-05
-1.93124951977e-05
-1.83468704378e-05
-1.74295269159e-05
-1.65580505701e-05
-1.57301480416e-05
-1.49436406395e-05
-1.41964586075e-05
-1.34866356772e-05
-1.28123038933e-05
-1.21716886986e-05
-1.15631042637e-05
-1.09849490505e-05
-1.0435701598e-05
-9.91391651809e-06
-9.41822069219e-06
-8.94730965758e-06
-8.4999441747e-06
-8.07494696596e-06
-7.67119961767e-06
-7.28763963678e-06
-6.92325765494e-06
-6.5770947722e-06
-6.24824003359e-06
-5.93582803191e-06
-5.63903663031e-06
-5.3570847988e-06
-5.08923055886e-06
-4.83476903091e-06
-4.59303057937e-06
-4.3633790504e-06
-4.14521009788e-06
-3.93794959299e-06
-3.74105211334e-06
-3.55399950767e-06
-3.37629953229e-06
-3.20748455567e-06
-3.04711032789e-06
-2.89475481149e-06
-2.75001707092e-06
-2.61251621737e-06
-2.4818904065e-06
-2.35779588618e-06
-2.23990609187e-06
-2.12791078728e-06
-2.02151524791e-06
-1.92043948552e-06
-1.82441751124e-06
-1.73319663568e-06
-1.6465368039e-06
-1.5642099637e-06
-1.48599946552e-06
-1.41169949224e-06
-1.34111451763e-06
-1.27405879175e-06
-1.21035585216e-06
-1.14983805955e-06
-1.09234615657e-06
-1.03772884874e-06
-9.85842406308e-07
-9.36550285992e-07
-8.89722771693e-07
-8.45236633108e-07
-8.02974801453e-07
-7.6282606138e-07
-7.24684758311e-07
-6.88450520395e-07
-6.54027994376e-07
-6.21326594657e-07
-5.90260264924e-07
-5.60747251678e-07
-5.32709889094e-07
-5.06074394639e-07
-4.80770674907e-07
-4.56732141162e-07
-4.33895534104e-07
-4.12200757399e-07
-3.91590719529e-07
-3.72011183552e-07
-3.53410624375e-07
-3.35740093156e-07
-3.18953088498e-07
-3.03005434073e-07
-2.8785516237e-07
-2.73462404251e-07
-2.59789284039e-07
-2.46799819837e-07
-2.34459828845e-07
-2.22736837403e-07
-2.11599995532e-07
-2.01019995756e-07
-1.90968995968e-07
-1.8142054617e-07
-1.72349518861e-07
-1.63732042918e-07
-1.55545440772e-07
-1.47768168734e-07
-1.40379760297e-07
-1.33360772282e-07
-1.26692733668e-07
-1.20358096985e-07
-1.14340192135e-07
-1.08623182529e-07
-1.03192023402e-07
-9.8032422232e-08
-9.31308011204e-08
-8.84742610644e-08
-8.40505480112e-08
-7.98480206106e-08
-7.58556195801e-08
-7.20628386011e-08
-6.8459696671e-08
-6.50367118375e-08
-6.17848762456e-08
-5.86956324333e-08
-5.57608508117e-08
-5.29728082711e-08
-5.03241678575e-08
-4.78079594646e-08
-4.54175614914e-08
-4.31466834168e-08
-4.0989349246e-08
-3.89398817837e-08
-3.69928876945e-08
-3.51432433098e-08
-3.33860811443e-08
-3.17167770871e-08
-3.01309382327e-08
-2.86243913211e-08
-2.7193171755e-08
-2.58335131673e-08
-2.45418375089e-08
-2.33147456335e-08
-2.21490083518e-08
-2.10415579342e-08
-1.99894800375e-08
-1.89900060356e-08
-1.80405057338e-08
-1.71384804472e-08
-1.62815564248e-08
-1.54674786036e-08
-1.46941046734e-08
-1.39593994397e-08
-1.32614294677e-08
-1.25983579943e-08
-1.19684400946e-08
-1.13700180899e-08
-1.08015171854e-08
-1.02614413261e-08
-9.74836925982e-09
-9.26095079683e-09
-8.79790325699e-09
-8.35800809414e-09
-7.94010768943e-09
-7.54310230496e-09
-7.16594718971e-09
-6.80764983023e-09
-6.46726733871e-09
-6.14390397178e-09
-5.83670877319e-09
-5.54487333453e-09
-5.2676296678e-09
-5.00424818441e-09
-4.75403577519e-09
-4.51633398643e-09
-4.29051728711e-09
-4.07599142276e-09
-3.87219185162e-09
-3.67858225904e-09
-3.49465314609e-09
-3.31992048878e-09
-3.15392446434e-09
-2.99622824112e-09
-2.84641682907e-09
-2.70409598762e-09
-2.56889118823e-09
-2.44044662882e-09
-2.31842429738e-09
-2.20250308251e-09
-2.09237792839e-09
-1.98775903197e-09
-1.88837108037e-09
-1.79395252635e-09
-1.70425490003e-09
-1.61904215503e-09
-1.53809004728e-09
-1.46118554492e-09
-1.38812626767e-09
-1.31871995429e-09
-1.25278395657e-09
-1.19014475874e-09
-1.13063752081e-09
-1.07410564477e-09
-1.02040036253e-09
-9.69380344401e-10
-9.20911327181e-10
-8.74865760822e-10
-8.31122472781e-10
-7.89566349142e-10
-7.50088031685e-10
-7.12583630101e-10
-6.76954448596e-10
-6.43106726166e-10
-6.10951389858e-10
-5.80403820365e-10
-5.51383629347e-10
-5.23814447879e-10
-4.97623725485e-10
-4.72742539211e-10
-4.4910541225e-10
-4.26650141638e-10
-4.05317634556e-10
-3.85051752828e-10
-3.65799165187e-10
-3.47509206927e-10
-3.30133746581e-10
-3.13627059252e-10
-2.97945706289e-10
-2.83048420975e-10
-2.68895999926e-10
-2.5545119993e-10
-2.42678639933e-10
-2.30544707937e-10
-2.1901747254e-10
-2.08066598913e-10
-1.97663268967e-10
-1.87780105519e-10
-1.78391100243e-10
-1.69471545231e-10
-1.60997967969e-10
-1.52948069571e-10
-1.45300666092e-10
-1.38035632788e-10
-1.31133851148e-10
-1.24577158591e-10
-1.18348300661e-10
-1.12430885628e-10
-1.06809341347e-10
-1.01468874279e-10
-9.63954305655e-11
-9.15756590372e-11
-8.69968760854e-11
-8.26470322811e-11
-7.85146806671e-11
-7.45889466337e-11
-7.0859499302e-11
-6.73165243369e-11
-6.39506981201e-11
-6.07531632141e-11
-5.77155050534e-11
-5.48297298007e-11
-5.20882433107e-11
-4.94838311451e-11
-4.70096395879e-11
-4.46591576085e-11
-4.24261997281e-11
-4.03048897416e-11
-3.82896452546e-11
-3.63751629918e-11
-3.45564048422e-11
-3.28285846001e-11
-3.11871553701e-11
-2.96277976016e-11
-2.81464077215e-11
-2.67390873355e-11
-2.54021329687e-11
-2.41320263203e-11
-2.29254250042e-11
-2.1779153754e-11
-2.06901960663e-11
-1.9655686263e-11
-1.86729019499e-11
-1.77392568524e-11
-1.68522940098e-11
-1.60096793093e-11
-1.52091953438e-11
-1.44487355766e-11
-1.37262987978e-11
-1.30399838579e-11
-1.2387984665e-11
-1.17685854317e-11
-1.11801561602e-11
-1.06211483522e-11
-1.00900909345e-11
-9.58558638782e-12
-9.10630706843e-12
-8.650991715e-12
-8.21844212925e-12
-7.80752002279e-12
-7.41714402165e-12
-7.04628682057e-12
-6.69397247954e-12
-6.35927385556e-12
-6.04131016279e-12
-5.73924465465e-12
-5.45228242191e-12
-5.17966830082e-12
-4.92068488578e-12
-4.67465064149e-12
-4.44091810941e-12
-4.21887220394e-12
-4.00792859375e-12
-3.80753216406e-12
-3.61715555586e-12
-3.43629777806e-12
-3.26448288916e-12
-3.1012587447e-12
-2.94619580747e-12
-2.79888601709e-12
-2.65894171624e-12
-2.52599463043e-12
-2.39969489891e-12
-2.27971015396e-12
-2.16572464626e-12
-2.05743841395e-12
-1.95456649325e-12
-1.85683816859e-12
-1.76399626016e-12
-1.67579644715e-12
-1.59200662479e-12
-1.51240629355e-12
-1.43678597888e-12
-1.36494667993e-12
-1.29669934594e-12
-1.23186437864e-12
-1.17027115971e-12
-1.11175760172e-12
-1.05616972164e-12
-1.00336123555e-12
-9.53193173776e-13
-9.05533515088e-13
-8.60256839333e-13
-8.17243997367e-13
-7.76381797498e-13
-7.37562707623e-13
-7.00684572242e-13
-6.6565034363e-13
-6.32367826449e-13
-6.00749435126e-13
-5.7071196337e-13
-5.42176365201e-13
-5.15067546941e-13
-4.89314169594e-13
-4.64848461114e-13
-4.41606038059e-13
-4.19525736156e-13
-3.98549449348e-13
-3.78621976881e-13
-3.59690878037e-13
-3.41706334135e-13
-3.24621017428e-13
-3.08389966557e-13
-2.92970468229e-13
-2.78321944817e-13
-2.64405847576e-13
-2.51185555198e-13
-2.38626277438e-13
-2.26694963566e-13
-2.15360215388e-13
-2.04592204618e-13
-1.94362594387e-13
-1.84644464668e-13
-1.75412241435e-13
-1.66641629363e-13
-1.58309547895e-13
-1.503940705e-13
-1.42874366975e-13
-1.35730648626e-13
-1.28944116195e-13
-1.22496910385e-13
-1.16372064866e-13
-1.10553461623e-13
-1.05025788541e-13
-9.97744991144e-14
-9.47857741587e-14
-9.00464854507e-14
-8.55441611782e-14
-8.12669531193e-14
-7.72036054633e-14
-7.33434251902e-14
-6.96762539306e-14
-6.61924412341e-14
-6.28828191724e-14
-5.97386782138e-14
-5.67517443031e-14
-5.39141570879e-14
-5.12184492335e-14
-4.86575267719e-14
-4.62246504333e-14
-4.39134179116e-14
-4.1717747016e-14
-3.96318596652e-14
-3.7650266682e-14
-3.57677533479e-14
-3.39793656805e-14
-3.22803973965e-14
-3.06663775266e-14
-2.91330586503e-14
-2.76764057178e-14
-2.62925854319e-14
-2.49779561603e-14
-2.37290583523e-14
-2.25426054347e-14
-2.14154751629e-14
-2.03447014048e-14
-1.93274663346e-14
-1.83610930178e-14
-1.74430383669e-14
-1.65708864486e-14
-1.57423421262e-14
-1.49552250198e-14
-1.42074637689e-14
-1.34970905804e-14
-1.28222360514e-14
-1.21811242488e-14
-1.15720680364e-14
-1.09934646346e-14
-1.04437914028e-14
-9.92160183269e-15
-9.42552174106e-15
-8.95424565401e-15
-8.50653337131e-15
-8.08120670274e-15
-7.6771463676e-15
-7.29328904922e-15
-6.92862459676e-15
-6.58219336692e-15
-6.25308369858e-15
-5.94042951365e-15
-5.64340803797e-15
-5.36123763607e-15
-5.09317575426e-15
-4.83851696655e-15
-4.59659111822e-15
-4.36676156231e-15
-4.1484234842e-15
-3.94100230999e-15
-3.74395219449e-15
-3.55675458476e-15
-3.37891685553e-15
-3.20997101275e-15
-3.04947246211e-15
-2.89699883901e-15
-2.75214889706e-15
-2.6145414522e-15
-2.48381437959e-15
-2.35962366061e-15
-2.24164247758e-15
-2.1295603537e-15
-2.02308233602e-15
-1.92192821922e-15
-1.82583180826e-15
-1.73454021784e-15
-1.64781320695e-15
-1.5654225466e-15
-1.48715141927e-15
-1.41279384831e-15
-1.34215415589e-15
-1.2750464481e-15
-1.21129412569e-15
-1.15072941941e-15
-1.09319294844e-15
-1.03853330102e-15
-9.86606635967e-16
-9.37276304168e-16
-8.9041248896e-16
-8.45891864512e-16
-8.03597271286e-16
-7.63417407722e-16
-7.25246537336e-16
-6.88984210469e-16
-6.54534999946e-16
-6.21808249948e-16
-5.90717837451e-16
-5.61181945578e-16
-5.33122848299e-16
-5.06466705884e-16
-4.8114337059e-16
-4.57086202061e-16
-4.34231891958e-16
-4.1252029736e-16
-3.91894282492e-16
-3.72299568367e-16
-3.53684589949e-16
-3.36000360451e-16
-3.19200342429e-16
-3.03240325307e-16
-2.88078309042e-16
-2.7367439359e-16
-2.5999067391e-16
-2.46991140215e-16
-2.34641583204e-16
-2.22909504044e-16
-2.11764028842e-16
-2.011758274e-16
-1.9111703603e-16
-1.81561184228e-16
-1.72483125017e-16
-1.63858968766e-16
-1.55666020328e-16
-1.47882719311e-16
-1.40488583346e-16
-1.33464154178e-16
-1.2679094647e-16
-1.20451399146e-16
-1.14428829189e-16
-1.08707387729e-16
-1.03272018343e-16
-9.81084174257e-17
-9.32029965544e-17
-8.85428467267e-17
-8.41157043904e-17
-7.99099191708e-17
-7.59144232123e-17
-7.21187020517e-17
-6.85127669491e-17
-6.50871286016e-17
-6.18327721716e-17
-5.8741133563e-17
-5.58040768848e-17
-5.30138730406e-17
-5.03631793886e-17
-4.78450204191e-17
-4.54527693982e-17
-4.31801309283e-17
-4.10211243819e-17
-3.89700681628e-17
-3.70215647546e-17
-3.51704865169e-17
-3.3411962191e-17
-3.17413640815e-17
-3.01542958774e-17
-2.86465810835e-17
-2.72142520294e-17
-2.58535394279e-17
-2.45608624565e-17
-2.33328193337e-17
-2.2166178367e-17
-2.10578694486e-17
-2.00049759762e-17
-1.90047271774e-17
-1.80544908185e-17
-1.71517662776e-17
-1.62941779637e-17
-1.54794690655e-17
-1.47054956123e-17
-1.39702208317e-17
-1.32717097901e-17
-1.26081243006e-17
-1.19777180855e-17
-1.13788321813e-17
-1.08098905722e-17
-1.02693960436e-17
-9.75592624141e-18
-9.26812992934e-18
-8.80472343287e-18
-8.36448726123e-18
-7.94626289817e-18
-7.54894975326e-18
-7.17150226559e-18
-6.81292715231e-18
-6.4722807947e-18
-6.14866675496e-18
-5.84123341722e-18
-5.54917174635e-18
-5.27171315904e-18
-5.00812750109e-18
-4.75772112603e-18
-4.51983506973e-18
-4.29384331624e-18
-4.07915115043e-18
-3.87519359291e-18
-3.68143391326e-18
-3.4973622176e-18
-3.32249410672e-18
-3.15636940138e-18
-2.99855093132e-18
-2.84862338475e-18
-2.70619221551e-18
-2.57088260474e-18
-2.4423384745e-18
-2.32022155077e-18
-2.20421047324e-18
-2.09399994957e-18
-1.9892999521e-18
-1.88983495449e-18
-1.79534320677e-18
-1.70557604643e-18
-1.62029724411e-18
-1.5392823819e-18
-1.46231826281e-18
-1.38920234967e-18
-1.31974223218e-18
-1.25375512057e-18
-1.19106736454e-18
-1.13151399632e-18
-1.0749382965e-18
-1.02119138168e-18
-9.70131812593e-19
-9.21625221963e-19
-8.75543960865e-19
-8.31766762822e-19
-7.90178424681e-19
-7.50669503447e-19
-7.13136028274e-19
-6.7747922686e-19
-6.43605265517e-19
-6.11425002242e-19
-5.8085375213e-19
-5.51811064523e-19
-5.24220511297e-19
-4.98009485732e-19
-4.73109011445e-19
-4.49453560873e-19
-4.2698088283e-19
-4.05631838688e-19
-3.85350246754e-19
-3.66082734416e-19
-3.47778597695e-19
-3.3038966781e-19
-3.1387018442e-19
-2.98176675199e-19
-2.83267841439e-19
-2.69104449367e-19
-2.55649226899e-19
-2.42866765554e-19
-2.30723427276e-19
-2.19187255912e-19
-2.08227893117e-19
-1.97816498461e-19
-1.87925673538e-19
-1.78529389861e-19
-1.69602920368e-19
-1.61122774349e-19
-1.53066635632e-19
-1.4541330385e-19
-1.38142638658e-19
-1.31235506725e-19
-1.24673731389e-19
-1.18440044819e-19
-1.12518042578e-19
-1.06892140449e-19
-1.01547533427e-19
-9.64701567556e-20
-9.16466489178e-20
-8.70643164719e-20
-8.27111006483e-20
-7.85755456159e-20
-7.46467683351e-20
-7.09144299183e-20
-6.73687084224e-20
-6.40002730013e-20
-6.08002593512e-20
-5.77602463837e-20
-5.48722340645e-20
-5.21286223613e-20
-4.95221912432e-20
-4.7046081681e-20
-4.4693777597e-20
-4.24590887171e-20
-4.03361342813e-20
-3.83193275672e-20
-3.64033611889e-20
-3.45831931294e-20
-3.28540334729e-20
-3.12113317993e-20
-2.96507652093e-20
-2.81682269489e-20
-2.67598156014e-20
-2.54218248214e-20
-2.41507335803e-20
-2.29431969013e-20
-2.17960370562e-20
-2.07062352034e-20
-1.96709234432e-20
-1.86873772711e-20
-1.77530084075e-20
-1.68653579871e-20
-1.60220900878e-20
-1.52209855834e-20
-1.44599363042e-20
-1.3736939489e-20
-1.30500925146e-20
-1.23975878888e-20
-1.17777084944e-20
-1.11888230697e-20
-1.06293819162e-20
-1.00979128204e-20
-9.59301717936e-21
-9.11336632039e-21
-8.65769800437e-21
-8.22481310415e-21
-7.81357244895e-21
-7.4228938265e-21
-7.05174913517e-21
-6.69916167841e-21
-6.36420359449e-21
-6.04599341477e-21
-5.74369374403e-21
-5.45650905683e-21
-5.18368360399e-21
-4.92449942379e-21
-4.6782744526e-21
-4.44436072997e-21
-4.22214269347e-21
-4.0110355588e-21
-3.81048378086e-21
-3.61995959181e-21
-3.43896161222e-21
-3.26701353161e-21
-3.10366285503e-21
-2.94847971228e-21
-2.80105572667e-21
-2.66100294033e-21
-2.52795279332e-21
-2.40155515365e-21
-2.28147739597e-21
-2.16740352617e-21
-2.05903334986e-21
-1.95608168237e-21
-1.85827759825e-21
-1.76536371834e-21
-1.67709553242e-21
-1.5932407558e-21
-1.51357871801e-21
-1.43789978211e-21
-1.366004793e-21
-1.29770455335e-21
-1.23281932569e-21
-1.1711783594e-21
-1.11261944143e-21
-1.05698846936e-21
-1.00413904589e-21
-9.53932093597e-22
-9.06235488917e-22
-8.60923714471e-22
-8.17877528748e-22
-7.7698365231e-22
-7.38134469695e-22
-7.0122774621e-22
-6.661663589e-22
-6.32858040955e-22
-6.01215138907e-22
-5.71154381962e-22
-5.42596662863e-22
-5.1546682972e-22
-4.89693488234e-22
-4.65208813823e-22
-4.41948373131e-22
-4.19850954475e-22
-3.98858406751e-22
-3.78915486414e-22
-3.59969712093e-22
-3.41971226488e-22
-3.24872665164e-22
-3.08629031906e-22
-2.9319758031e-22
-2.78537701295e-22
-2.6461081623e-22
-2.51380275419e-22
-2.38811261648e-22
-2.26870698565e-22
-2.15527163637e-22
-2.04750805455e-22
-1.94513265182e-22
-1.84787601923e-22
-1.75548221827e-22
-1.66770810736e-22
-1.58432270199e-22
-1.50510656689e-22
-1.42985123855e-22
-1.35835867662e-22
-1.29044074279e-22
-1.22591870565e-22
-1.16462277037e-22
-1.10639163185e-22
-1.05107205026e-22
-9.98518447742e-23
-9.48592525355e-23
-9.01162899087e-23
-8.56104754133e-23
-8.13299516426e-23
-7.72634540605e-23
-7.34002813575e-23
-6.97302672896e-23
-6.62437539251e-23
-6.29315662289e-23
-5.97849879174e-23
-5.67957385216e-23
-5.39559515955e-23
-5.12581540157e-23
-4.86952463149e-23
-4.62604839992e-23
-4.39474597992e-23
-4.17500868093e-23
-3.96625824688e-23
-3.76794533454e-23
-3.57954806781e-23
-3.40057066442e-23
-3.2305421312e-23
-3.06901502464e-23
-2.91556427341e-23
-2.76978605974e-23
-2.63129675675e-23
-2.49973191891e-23
-2.37474532297e-23
-2.25600805682e-23
-2.14320765398e-23
-2.03604727128e-23
-1.93424490771e-23
-1.83753266233e-23
-1.74565602921e-23
-1.65837322775e-23
-1.57545456636e-23
-1.49668183805e-23
-1.42184774614e-23
-1.35075535884e-23
-1.28321759089e-23
-1.21905671135e-23
-1.15810387578e-23
-1.10019868199e-23
-1.04518874789e-23
-9.92929310499e-24
-9.43282844974e-24
-8.96118702725e-24
-8.51312767589e-24
-8.08747129209e-24
-7.68309772749e-24
-7.29894284111e-24
-6.93399569906e-24
-6.5872959141e-24
-6.2579311184e-24
-5.94503456248e-24
-5.64778283436e-24
-5.36539369264e-24
-5.09712400801e-24
-4.84226780761e-24
-4.60015441723e-24
-4.37014669636e-24
-4.15163936155e-24
-3.94405739347e-24
-3.7468545238e-24
-3.55951179761e-24
-3.38153620773e-24
-3.21245939734e-24
-3.05183642747e-24
-2.8992446061e-24
-2.75428237579e-24
-2.616568257e-24
-2.48573984415e-24
-2.36145285195e-24
-2.24338020935e-24
-2.13121119888e-24
-2.02465063894e-24
-1.92341810699e-24
-1.82724720164e-24
-1.73588484156e-24
-1.64909059948e-24
-1.56663606951e-24
-1.48830426603e-24
-1.41388905273e-24
-1.34319460009e-24
-1.27603487009e-24
-1.21223312658e-24
-1.15162147026e-24
-1.09404039674e-24
-1.03933837691e-24
-9.8737145806e-25
-9.38002885157e-25
-8.91102740899e-25
-8.46547603854e-25
-8.04220223661e-25
-7.64009212478e-25
-7.25808751854e-25
-6.89518314262e-25
-6.55042398549e-25
-6.22290278621e-25
-5.9117576469e-25
-5.61616976456e-25
-5.33536127633e-25
-5.06859321251e-25
-4.81516355189e-25
-4.57440537429e-25
-4.34568510558e-25
-4.1284008503e-25
-3.92198080778e-25
-3.72588176739e-25
-3.53958767902e-25
-3.36260829507e-25
-3.19447788032e-25
-3.0347539863e-25
-2.88301628699e-25
-2.73886547264e-25
-2.60192219901e-25
-2.47182608906e-25
-2.3482347846e-25
-2.23082304537e-25
-2.11928189311e-25
-2.01331779845e-25
-1.91265190853e-25
-1.8170193131e-25
-1.72616834745e-25
-1.63985993007e-25
-1.55786693357e-25
-1.47997358689e-25
-1.40597490755e-25
-1.33567616217e-25
-1.26889235406e-25
-1.20544773636e-25
-1.14517534954e-25
-1.08791658206e-25
-1.03352075296e-25
-9.81844715312e-26
-9.32752479546e-26
-8.86114855569e-26
-8.41809112791e-26
-7.99718657151e-26
-7.59732724294e-26
-7.21746088079e-26
-6.85658783675e-26
-6.51375844491e-26
-6.18807052267e-26
-5.87866699653e-26
-5.58473364671e-26
-5.30549696437e-26
-5.04022211615e-26
-4.78821101034e-26
-4.54880045983e-26
-4.32136043684e-26
-4.10529241499e-26
-3.90002779424e-26
-3.70502640453e-26
-3.51977508431e-26
-3.34378633009e-26
-3.17659701359e-26
-3.01776716291e-26
-2.86687880476e-26
-2.72353486452e-26
-2.5873581213e-26
-2.45799021523e-26
-2.33509070447e-26
-2.21833616925e-26
-2.10741936078e-26
-2.00204839275e-26
-1.90194597311e-26
-1.80684867445e-26
-1.71650624073e-26
-1.63068092869e-26
-1.54914688226e-26
-1.47168953815e-26
-1.39810506124e-26
-1.32819980818e-26
-1.26178981777e-26
-1.19870032688e-26
-1.13876531054e-26
-1.08182704501e-26
-1.02773569276e-26
-9.7634890812e-27
-9.27531462714e-27
-8.81154889579e-27
-8.370971451e-27
-7.95242287845e-27
-7.55480173453e-27
-7.1770616478e-27
-6.81820856541e-27
-6.47729813714e-27
-6.15343323028e-27
-5.84576156877e-27
-5.55347349033e-27
-5.27579981581e-27
-5.01200982502e-27
-4.76140933377e-27
-4.52333886708e-27
-4.29717192373e-27
-4.08231332754e-27
-3.87819766116e-27
-3.68428777811e-27
-3.5000733892e-27
-3.32506971974e-27
-3.15881623375e-27
-3.00087542207e-27
-2.85083165096e-27
-2.70829006841e-27
-2.57287556499e-27
-2.44423178674e-27
-2.32202019741e-27
-2.20591918754e-27
-2.09562322816e-27
-1.99084206675e-27
-1.89129996341e-27
-1.79673496524e-27
-1.70689821698e-27
-1.62155330613e-27
-1.54047564083e-27
-1.46345185878e-27
-1.39027926585e-27
-1.32076530255e-27
-1.25472703743e-27
-1.19199068555e-27
-1.13239115128e-27
-1.07577159371e-27
-1.02198301403e-27
-9.70883863326e-28
-9.22339670159e-28
-8.76222686651e-28
-8.32411552319e-28
-7.90790974703e-28
-7.51251425968e-28
-7.13688854669e-28
-6.78004411936e-28
-6.44104191339e-28
-6.11898981772e-28
-5.81304032684e-28
-5.52238831049e-28
-5.24626889497e-28
-4.98395545022e-28
-4.73475767771e-28
-4.49801979382e-28
-4.27311880413e-28
-4.05946286393e-28
-3.85648972073e-28
-3.66366523469e-28
-3.48048197296e-28
-3.30645787431e-28
-3.1411349806e-28
-2.98407823157e-28
-2.83487431999e-28
-2.69313060399e-28
-2.55847407379e-28
-2.4305503701e-28
-2.30902285159e-28
-2.19357170901e-28
-2.08389312356e-28
-1.97969846739e-28
-1.88071354402e-28
-1.78667786682e-28
-1.69734397347e-28
-1.6124767748e-28
-1.53185293606e-28
-1.45526028926e-28
-1.38249727479e-28
-1.31337241106e-28
-1.2477037905e-28
-1.18531860098e-28
-1.12605267093e-28
-1.06975003738e-28
-1.01626253551e-28
-9.65449408737e-29
-9.171769383e-29
-8.71318091385e-29
-8.27752186816e-29
-7.86364577475e-29
-7.47046348601e-29
-7.09694031171e-29
-6.74209329613e-29
-6.40498863132e-29
-6.08473919976e-29
-5.78050223977e-29
-5.49147712778e-29
-5.21690327139e-29
-4.95605810782e-29
-4.70825520243e-29
-4.47284244231e-29
-4.24920032019e-29
-4.03674030418e-29
-3.83490328897e-29
-3.64315812453e-29
-3.4610002183e-29
-3.28795020738e-29
-3.12355269702e-29
-2.96737506216e-29
-2.81900630906e-29
-2.6780559936e-29
-2.54415319392e-29
-2.41694553423e-29
-2.29609825752e-29
-2.18129334464e-29
-2.07222867741e-29
-1.96861724354e-29
-1.87018638136e-29
-1.77667706229e-29
-1.68784320918e-29
-1.60345104872e-29
-1.52327849628e-29
-1.44711457147e-29
-1.3747588429e-29
-1.30602090075e-29
-1.24071985571e-29
-1.17868386293e-29
-1.11974966978e-29
-1.06376218629e-29
-1.01057407698e-29
-9.60045373129e-30
-9.12043104472e-30
-8.66440949249e-30
