0.618059692414
0.0163786791394
0.0702776449987
-0.0665995906639
-0.0277470027077
0.0329411191555
0.0233771626412
-0.0327325496363
0.103145736281
0.0291477953349
-0.128173952421
0.0307153788028
-0.0617365680487
0.0205333382523
-0.0066859716517
0.230657794323
0.36969636156
0.0246689894351
-0.0693263450229
-0.159875062746
-0.00103472821802
0.0197801146294
0.00769727324211
0.0218301731958
0.164869569488
-0.106475017426
-0.174111172012
-0.065605398432
-0.0799194623849
0.0459732181175
0.0659578349302
0.307527063154
0.274864385606
-0.028727583561
-0.214667329469
-0.127029301077
0.0206693535146
0.0471197252018
0.0493117615955
0.100776821572
0.0983911360558
-0.175147627913
-0.191876312988
-0.110555969433
0.0003148007117
0.07587894066
0.129271892044
0.24517068626
0.131834512321
-0.123579277189
-0.209551574701
-0.0574630843753
0.0511044925909
0.0846401641194
21.4599992059
-0.652184724715
0.876118081267
-3.19503972173
-1.69352221944
-0.104356395381
0.901517084362
-0.957306495159
2.02660191886
0.600066485301
-3.20833029644
0.136535875095
-3.08826541617
-0.158663559218
1.38351417715
6.06422109213
9.24931023782
0.309030162476
-2.03549075473
-3.44675612092
-1.0079666329
0.11101783883
1.31812619765
0.610562807404
1.96558587407
-0.899154795183
-2.52442307818
-1.70537239615
-2.11208151535
0.835038579114
2.93420815893
4.86124267135
3.51355418948
-0.702300186967
-2.80527506041
-2.17712423825
-0.449257684438
0.783176988532
1.56267771261
1.21296843441
0.744505536771
-1.2861636804
-2.0861103931
-1.65515544466
-0.517239097297
1.42275722189
2.58491022245
2.50684054947
0.789664990395
-1.28667962833
-1.98675671887
-1.0555501694
0.151006769646
1.04198988614
69.2204397351
-3.89435029085
3.21388027403
-9.96184716004
-3.4923493909
-5.16795042638
-0.368378126077
1.94969829484
1.402129658
7.64152191081
-0.275534990147
3.73139223664
-8.36330516498
0.526217867931
4.67209550273
13.3455118975
14.8717484233
1.47477453092
-3.23614810368
-5.68425150158
-2.48229961365
-3.40224023045
0.335943752026
0.770751698453
5.20741225895
4.20118637226
1.84150683254
-0.778391607071
-2.18076433364
1.33838889446
3.53036570246
4.51612683759
2.11423103992
-0.697533282819
-2.05398052991
-1.5959722966
-1.25490707775
-0.849398080715
0.729712589012
2.13371786932
3.00352583513
1.84250347183
0.317007450992
-0.479841535215
-0.0971846092601
0.828641026733
0.843233516818
0.357245492792
-0.295526753382
-0.474885712116
-0.427232640863
-0.300509935849
-0.156280382351
0.270430419504
84.5782709238
-3.88280352018
14.6834001744
-10.0175724108
6.94666364594
-12.7073686115
-10.1264393073
-0.203414461894
-9.13908396493
10.2289337743
7.15179753587
10.0316037407
-6.23697181994
3.08982543282
3.79112574212
12.2131521747
14.8487048467
-1.19407918585
5.98625468776
-3.43482658713
5.50213390281
-10.7126428182
-4.874610574
-4.05615920078
1.50784174891
5.39976910585
4.6067276095
3.69767885885
-0.523349791198
4.52290666306
1.02786179635
4.10491708886
-0.291857252654
-0.446840045461
3.54732415869
-0.881624609835
2.77101429144
-6.60630618432
0.383157727155
-1.52916495345
2.1883704797
0.763652475026
1.67406584553
1.64094686205
1.21169774195
2.23236457124
-0.840419381757
1.28893679526
-2.03576931577
1.5216075952
0.649844145176
-0.0978580784615
0.827649878067
-2.51401580788
91.0470641263
-2.1204982438
25.2497238095
-8.66685337126
21.5161083467
-4.96858732264
-12.2378253414
-2.44407643646
-0.4940239101
4.18713492793
1.9785289981
6.75054655874
-4.63214433016
4.07934753423
-3.31038081998
9.8377465883
25.3714138742
-5.67762823856
16.4910491044
-5.8141666216
17.6072563678
-8.28626088399
-3.34031620112
-2.66841560793
4.79138669897
0.15725474073
0.321030549942
0.979434497535
0.649797296344
3.76849283863
-5.12987447279
6.26184372007
4.59209328883
0.702098623307
6.17827069238
-2.86141119963
9.6117496287
-4.88625538555
1.3608936367
-1.73292546266
3.95287101566
-1.34336471904
0.310219551416
-1.10597223768
2.78580805709
0.467097152139
-2.86532888539
2.28169558909
0.628002545729
2.42223498174
0.371285579002
-0.571886293346
4.10862349271
-1.2686841342
96.0877451461
-8.31017103866
32.5438054553
-13.3748060307
24.3277030058
-1.87203923171
1.29480498095
-6.01135772501
4.77032797416
3.67334698539
-7.87241920608
6.18829718158
-3.86052210207
5.81634940265
-8.14372719442
8.84027296987
25.9004184709
3.74992144979
14.779292283
-5.66036214659
15.8612848358
-1.84887639872
4.17809737071
-4.0225636289
5.50804862043
-0.706746081421
-2.88838177685
-0.558590896772
-0.112747531957
1.83034768643
-4.67070774535
3.77331608957
6.4097473384
5.40770969901
4.72981739685
-0.489983244659
6.49832561761
0.816265037759
2.32606894916
-0.636553031493
2.50204432843
0.127549976765
-0.94430808638
-1.23454338745
0.102064698363
-0.0358370977756
-1.55856829244
0.309722946078
2.0133596931
2.3009763949
1.86297521626
0.330762718744
2.40037719199
0.992445559968
108.368424003
-20.1429535873
36.7530122523
-19.4113623776
10.216939723
-1.3367221864
-0.127794729614
-0.578749660995
-3.24942771331
17.1310876496
-15.0436954626
12.1515504224
-9.75900267218
-1.03423362249
3.72162791934
0.752845146186
34.6927235312
0.838452799506
17.2469118583
-7.24344894577
3.21595285313
-1.55647281332
-3.7538832859
4.76220266692
-3.0235996807
13.5329629644
-4.51110456492
4.02333249044
-3.59824867566
-6.5229174455
5.65417862672
-4.81097101583
16.6134750385
-0.739139902558
10.5046964567
-2.0149750075
-1.2835954048
0.451412524794
-7.11725792439
6.42245373662
-3.60447274952
9.98685193701
-0.374522052746
1.477826129
0.192544849361
-7.12437805109
4.72925857295
-6.24217623991
9.28846078036
-1.23160092418
5.90802207714
0.90259439712
-2.84137470252
1.82376148531
110.324824021
-19.5174923537
28.4193973311
-8.17131949912
-1.80376805186
1.15611803016
-8.16643986767
5.65103232097
-2.3974685279
17.7040518787
2.90102745141
6.87362315925
-5.40048419054
-10.8807134815
9.32256431223
-2.81170871028
36.8862842571
-4.91676267081
16.3899716945
-2.21274156251
-0.92686716167
-1.30114161518
-10.4726325271
6.82064966413
-2.32350066449
14.3186323107
3.82312985018
3.11963476187
-1.18414953378
-8.6624848428
5.58247587074
-5.291029679
13.2298892095
-1.1974673615
9.14734225549
1.826791259
-1.1095102827
-0.281556195308
-7.75432867068
3.68469144002
-1.75008469412
7.19010129987
2.81210217321
1.67474769095
1.54658686531
-4.48204872282
2.22236991524
-4.32976352822
4.05576323672
0.0274877351851
4.15715254037
2.48649697133
-0.672108309382
0.651278475131
108.135186069
-32.6931710582
18.4028681521
-2.18473290512
12.7009245931
6.664274604
-9.94251225655
17.5679840016
-1.18138148174
22.8771872219
-1.46026469648
7.61768597047
-5.42768509856
-4.93702529534
4.97969540738
5.35386261295
24.4951063078
-6.14669488586
7.86342227929
0.906668753961
7.6961066969
-1.97816304511
-6.2175774905
6.4373943017
5.46675210169
8.71670726975
0.522379582477
2.09437140721
-0.552549425236
-0.530118576429
1.16848991197
1.6798743172
5.7904533193
0.668353822474
2.67409917957
2.79496230726
2.18582297966
-1.55412385856
-2.14058607915
2.65230000093
3.20443460463
2.36384693083
-0.157391200341
0.893938341455
1.63812230344
-0.0819728342127
-0.413470961468
0.552332003175
2.01057661519
0.84127715753
0.834096849231
1.08131952345
0.754452943685
-0.256461424054
98.9530665812
-28.2688687986
19.6886212182
-6.47974194981
21.678405554
5.8135256741
-6.1017157349
13.4117256214
6.33609980557
29.9393193374
-16.2480193851
12.8014425901
-4.75224494837
0.414250035525
-0.780667322119
12.1459366873
17.5608005574
4.31827960549
4.82839300697
-1.01981871975
10.1413057255
-3.97493782943
-2.77137604067
4.73112008387
11.5971447417
5.61319471008
-0.202571935034
1.0571465995
0.188242169495
0.081376306935
-1.81787736926
4.53605133787
7.59294526257
4.95267059316
1.45320441075
1.96017124515
1.3606347315
-2.13926150127
-1.59866371665
2.50248249952
5.07713760456
3.14485507169
0.696497181129
0.629117615638
0.374231027464
-1.33248246544
-1.42889957039
1.75618927713
3.79200433706
2.73199520384
1.5048754428
0.941734592858
0.0834298381727
-1.26843925875
92.8553865585
-17.6398984273
34.0961560743
-11.9684979853
16.7294292591
-10.9903725125
-4.21552860455
2.74673505519
4.31284365671
25.6360573528
-16.7477303713
15.5139909166
-13.8062325959
3.15035021513
-1.72607560127
9.96926367713
15.0517591306
12.6385032989
9.90586503376
-2.62495348507
4.16359744035
-10.2838765987
-0.797505512487
1.89911238824
6.50491510988
6.20673902169
1.93386514802
1.56541994951
-3.09001496568
-2.2218802849
-2.4345237236
5.34867885173
6.63508093348
6.29591669036
4.28921831439
-0.230864332711
-0.922903265209
-3.66487463087
-1.65779898024
0.796446123474
4.06727868408
3.57095157015
1.95303575135
0.216617687107
-1.98474644953
-1.2879590687
-1.12904268079
1.75312575162
2.87075874538
3.17987718057
1.90755005733
0.0226645274396
-1.23240177059
-1.78964981484
89.145539758
-8.42209664952
28.3882599449
-2.11938228506
8.26758823879
-14.5403025055
-7.87948414691
3.73715908591
-4.57980813468
28.4692297163
-8.99892830419
11.890499778
-11.3340216527
6.56305372327
4.92622145444
3.44622058296
16.5624847692
4.83642954693
14.0389088367
-7.65439959874
2.14803858788
-9.4162260095
0.275815964979
4.7184514969
1.28900108874
9.73927761968
-1.04058141322
7.54530568365
-4.58262137461
1.67395737235
-0.529033505671
3.24387946701
5.87209802858
-0.354998752216
5.11574936601
-3.93362416047
2.44136066956
-3.39130902534
1.31146445342
1.90297307684
1.84887301688
4.4984122997
-1.27514785003
3.13850473159
-2.77922588111
1.63664792914
-0.875969417074
1.13107843697
1.83270963156
-0.276865862402
2.48256720708
-1.83093269031
1.71842107492
-1.40265345508
88.4686329285
-2.43632769087
14.7485511661
-5.99651904031
1.71853457115
-8.68865872675
-15.4739853201
10.1943817115
-4.12616933404
26.5681293165
-8.38745695292
10.6584672217
0.288489673557
1.58408077472
7.82149760867
0.421238913583
23.2163127571
-6.74201209714
7.24335680072
-8.27973391634
0.71426468584
-3.35911756763
-3.48263732049
10.6418357608
1.02819943638
11.8257126927
-5.04306267822
6.71104107154
-1.5816516592
-1.50908196445
3.34402777799
-0.61981531364
8.70122298878
-4.64033417367
3.16579149965
-2.9302593162
1.16960346221
-0.211588583905
-0.343833165441
6.45277233973
-0.181069172838
4.54053021507
-3.04320997799
1.79195162343
-1.01424906964
-1.38658559754
2.34338072193
-0.214880051729
3.7924918528
-1.7005545295
1.4118809086
-0.781053938619
0.0404789722157
0.532576059885
90.7360121255
-1.58486896623
7.6091743453
-14.5234799107
-6.26419550847
6.41003150811
-15.7540557296
16.981112544
16.3489079724
18.4587115889
-10.2985776246
4.71700953727
1.15304761256
-6.00677914501
12.2088683705
-4.15957458383
34.5344866269
-6.645438035
-1.51703393412
0.0166263971197
-6.9548525465
6.71222324418
-8.10230475335
15.5823583227
5.86303097746
8.36533544715
-6.13807441139
-0.32316999742
4.91531565405
-9.74281726042
11.7366381518
-4.79376144127
14.6445646673
-1.83732520962
-4.75314898297
6.02443360936
-7.10328763898
6.85507267015
-5.63013248676
9.25576021973
1.42248817529
1.1663250885
0.158377902875
-4.08329232454
7.31680710967
-8.68392794006
8.02112599232
-2.18721810155
4.09073948099
2.07343024253
-5.90445091835
7.08908597681
-6.04236668943
5.00445482759
106.869859711
-19.4542026231
11.9318361522
-14.2424336799
-9.29313052698
11.0331290492
-12.6861925359
23.7383853669
23.4622968517
12.094912136
-19.0982273295
7.33933647626
-1.00330249077
-3.01708121649
16.9259510283
-10.0536954175
43.3944437382
-14.7769454061
-0.485044947546
2.70154066822
-6.68863946349
12.2179865824
-10.1529652588
17.5006574197
1.78296440862
7.82451844112
-10.4240165436
2.05143056288
7.6032332281
-9.45782328985
16.1491971625
-10.1485062926
17.9020525784
-6.5708615033
-3.40387130666
6.745333476
-6.52362055593
10.5659309546
-8.50572041293
11.0341026078
-3.10251862874
2.8005965819
-1.64564826304
-2.66510297517
9.0049544577
-8.86659450254
10.4566789048
-6.18837619362
6.20951345138
-1.17191853035
-3.7231871796
6.40451755161
-5.71204242057
7.33088657049
105.154891248
-16.0474783414
11.5016355431
-7.0133339225
0.216539059681
8.8096521242
-14.4527366588
15.1556870348
15.7237884264
13.1014572188
-13.0329211353
-0.00559636019024
1.50432383301
1.38234037265
14.8852094548
-6.27562116904
32.1511424447
-8.32359780987
5.23324953638
-3.45818316865
-2.2897121384
9.26605734932
-6.23511823799
13.2802840745
-1.49425285181
8.21582213814
-6.01927633768
-0.242926315215
4.19556177159
-3.15575533923
11.363427384
-5.26378899448
11.8926589138
-5.13520923601
2.26648205706
-0.153811708931
-1.84638935981
6.30734485559
-4.05532773656
8.26288201678
-3.69423805516
3.93885969439
-2.23977628232
-0.45201525538
3.61202260284
-2.7968177404
6.45039787497
-3.51432936672
5.01804292944
-2.72318631287
1.09919056519
0.728832825108
-1.18778290673
3.69016492531
100.967963358
-9.25925336615
13.4919146363
-10.9548565183
6.6150420243
10.9318029255
-15.256450973
13.3868938812
9.76757959202
16.0022355165
-4.36763966928
-2.6323188666
2.27143806697
-2.18006566078
12.9730619463
2.79949804332
28.3444474333
-10.2904703801
8.23885187723
-6.46362066421
2.58867659937
4.10830499161
-4.13051407994
13.8629917906
0.150875467457
7.70853385032
-4.12751317954
0.62097542476
1.25944782549
-1.60109435961
8.63705401436
0.42833240413
9.4251186755
-5.82383947514
4.37737283003
-2.50120248402
1.30226707448
1.75600826742
-0.251370462115
7.04997267161
-1.64400079183
3.47202257105
-2.5045449855
1.23224362927
0.357278177532
-0.17052625543
4.0166841691
-0.43073487003
3.49718388658
-2.39878457368
2.23773672588
-1.11973678607
0.722886488555
0.940481209854
105.054808527
-19.3641157159
13.5674332677
-15.7873118177
3.2580498784
8.18689930168
-8.75621765522
18.8402079203
7.61575638517
14.4909205275
-4.59739103779
5.66625792248
-0.0179479868445
-5.4904503348
6.00151083291
9.1136290284
25.8583781911
-6.12486308998
5.71975915252
-5.71490799916
2.15426891151
-0.551776519524
-0.182418169332
11.4237743643
4.25161126322
6.32071963978
-1.74329312687
2.77737322977
-1.57205104769
-1.9204881973
2.89201269332
4.13137131548
7.69072046184
0.0640725244459
2.90628281345
-1.36943348306
-0.0666654443146
-1.17397651686
0.956977623981
4.3899833695
2.35472628085
2.81352615467
0.212406852368
0.996840615507
-1.05576530468
-0.779143077594
0.721055012186
1.66903834653
2.71682829602
1.20871689828
1.48421727448
-0.152256861339
-0.381583869823
-0.728641762921
94.1365923677
-23.4687144597
15.8094348839
-15.5880800057
2.74866991147
8.33516327493
-1.71420658166
21.4997471763
6.79594306261
13.7863632579
-6.18409635248
10.1454525369
-4.32156302351
-3.87847489678
4.68505285238
3.86332920813
22.0532518875
0.402401050741
5.57252259372
-3.75094747572
-1.79694474458
0.450267719574
1.6600520839
8.22776706166
4.35243662739
7.80506652916
-1.8456180937
2.78013096545
-1.5176243354
-2.72743426156
3.23946530525
1.33221749572
7.26513446695
2.52328217823
1.75967745525
-0.190307099063
-1.1897959541
-0.645945471255
0.531853247978
3.61066128669
1.53610396643
3.72335205496
0.247217455756
0.201856794981
0.141866928474
-1.70907527053
1.55516971841
0.728890114471
2.20808141462
1.69640202819
0.778532142075
0.111666308295
-0.43609190243
-0.0501386677858
85.1403507351
-15.4191117338
19.9668455018
-6.76340455483
4.91374300726
6.66840579878
-3.94581887611
16.6215858044
8.44046754092
11.5839469222
-5.83163990238
8.398025787
-5.94661380758
-1.0155802865
13.9357596942
-3.27665033821
20.844333637
-0.920527078283
7.87276103116
0.228653466978
-2.5086554468
3.81946586111
0.427687550136
7.40777158116
-0.183613261971
7.15731433695
-3.20570095371
3.10008349451
1.97952413754
-1.85993074774
7.08736179221
-1.86000602465
6.907965263
0.24612122772
2.13808122762
0.76408576751
-0.0801165569822
1.99388532695
-0.742473183461
3.29220822495
-1.62243990674
3.39987314195
-0.063854535625
0.873179123138
1.70092492078
-1.04623130487
2.98212650032
-0.546992017132
2.19187616077
0.00238198693921
1.04791278979
0.419353917108
0.000868467874066
0.829520499555
86.909303509
-13.8017395824
20.1147102059
-2.4867132322
9.11273426262
10.7349416703
-10.1418985905
9.6429802875
2.10445697888
10.2277992107
-8.57577558931
1.37400077357
-2.32684346962
5.08056235336
17.4762155087
3.75385600737
14.0817807096
-5.97035557103
12.0660392846
1.34294400889
3.257418732
0.374794282857
-0.334006982562
6.28139731776
-3.2799662377
1.75658182484
-3.65585696576
4.67147333286
3.7934673281
3.06652741506
3.92036880569
-0.0187705601337
4.65988641299
1.34919985471
4.29333985433
-0.605348230563
1.21986604902
0.729304930908
0.437799999418
0.557885460145
-1.52881523958
2.01506142482
0.898686867096
2.07985322932
0.285236693321
0.619343725333
1.53135619644
1.20882298971
1.92106931278
0.392422734889
0.992290651317
0.0457802373885
0.649662156433
0.0755171718676
114.646652139
-46.0476145926
30.2861565448
4.39423825677
2.15053340634
10.3831859335
-12.7635997492
19.7602242347
-6.65712448886
12.5789244516
-5.11122189956
2.09804881715
-8.23053649174
2.08200833287
13.882264102
8.75940324382
14.477624251
-0.912706080854
8.44140722184
8.80158424243
-0.630897641415
-5.18064939435
3.88061012997
4.93130799486
2.28919130346
1.10318895885
3.08927359336
1.1413792888
-3.14286921434
2.49255254515
1.37130127887
2.34014847338
3.35420494394
5.368210773
4.21546040606
0.597464246387
-0.0238876469277
-1.4745720717
1.48310167428
0.859388024065
1.41379111383
2.43335817004
1.9730405811
1.0130949042
-1.28807776445
-0.0674189625422
0.143051413445
0.407702939273
1.86460570581
2.28483640472
1.6795106721
0.453637052171
0.132587829898
-0.198101865231
397.80367005
-423.634096951
179.446080262
138.536504432
-169.982815656
7.68598723004
44.7045696894
99.9695892273
-92.0370339561
45.5185046254
25.1586209354
-9.4575864184
28.0485076073
-63.1477143092
51.7651976412
26.5691907594
-4.81955023998
13.002592038
-9.51953384481
33.6567759836
6.31360191497
-27.4166517552
-6.21928997691
42.7290277661
12.7452809371
-40.5854359833
26.8651353394
29.2062338383
-17.7412069513
-5.90229081933
5.29953002794
13.6201820517
6.05802893615
-9.20966892319
-0.232001325707
18.1956807562
3.71637084621
-14.4201046724
4.32271472789
11.4064819244
3.41855255639
-3.04072339448
-3.61155616673
10.4959501728
7.82918431804
-9.42127433291
-3.65543431124
11.6025933406
3.56662085495
-6.94268970225
0.392616271759
6.30549831965
3.54363779614
-2.82873711123
986.17101052
-994.934152492
501.43272621
355.736948527
-331.396871653
-69.3940501853
124.047845548
66.8004896755
-211.974345016
131.372536574
-144.392863382
103.008404005
191.64393325
-202.713436139
184.575947852
170.662059008
-47.6538636038
71.0932310546
11.3970943021
-19.5219947507
36.6840460887
-33.2008734827
-166.057286569
97.3788360234
29.2261306738
-149.265840518
95.3738368404
64.1762106537
-0.609423403529
78.4580216767
32.8919957867
15.3614851041
90.7510740646
-16.0169022271
-72.7118217885
56.4260452157
-35.5592739386
-83.0128391018
14.3671601812
-29.5887115663
-9.03680969894
42.6406395268
-7.10602641775
27.8426810055
85.1478416037
5.73230427552
3.84894775757
55.8550394088
-15.8992971643
-20.4972599864
-1.11650228683
-45.1402212201
-16.9481871076
-2.65744676868
1626.14939286
-1007.53167093
678.47208585
777.755305517
-349.026464202
57.9687656437
-87.8560313053
-165.870919673
-291.757030639
221.637779461
-603.343310027
218.973695612
525.542150219
-333.161951264
426.686778418
402.007245848
54.5807205316
186.725841775
126.161655353
-163.108111359
60.8752336126
-78.2651234499
-386.962871819
73.5009055462
-21.5164345874
-164.720102014
108.937498726
183.366260943
55.8332713608
239.927759014
118.361501132
41.304405924
193.701410283
-73.0453058501
-96.029628408
-26.2197742108
-83.4110987676
-163.5998594
-21.0296467171
-24.9416507424
-7.20678183814
122.956199752
35.5358144762
119.181287656
134.38043203
56.1306290356
13.8062365766
44.4424094543
-42.5605571653
-78.0243027803
-42.3202868669
-90.0343219499
-31.4158527602
-22.0547719056
4679.81743957
-3539.32830323
1048.41856681
3102.23569151
-2247.60315319
856.797060361
-1322.20838729
645.859192869
-761.167298588
681.102495106
-1462.85767008
282.57626084
2457.73966321
-1888.59573741
1173.00148559
782.253337546
509.895945196
-231.004932146
34.0773938704
-88.369605168
12.2791182452
-279.986376585
-972.0092008
422.751051805
52.1518958643
77.4136355601
-433.31122868
1097.79266429
194.462513935
290.264607515
34.4568324894
85.4221392632
636.826534315
-867.64257868
136.060882274
-565.632908116
342.952751622
-436.674180653
-282.193534898
404.636636282
77.1825616578
480.492989819
-312.190032009
679.889416191
96.3031359544
93.3569054051
-207.571611855
-79.8326078229
71.4154175896
-372.999808423
-150.797747641
-228.846659293
296.949748421
-162.381219825
9703.65510383
-8423.1528902
2551.61662044
6204.51499469
-5335.72495469
2139.44851303
-3362.76128664
2282.94506955
-2046.64428835
1709.18108933
-3152.86888783
772.064756381
5249.5975429
-4495.69791633
2508.69118826
1312.46500418
1218.33403425
-998.850582174
105.713674274
-263.971739647
155.322275817
-428.788031134
-2186.49492581
948.319425111
501.01837563
10.147071636
-1122.17906875
2424.32919224
177.448013812
642.569339488
-229.041117245
96.0089759631
1214.49471547
-1479.02623385
-45.3358868178
-1151.68874497
1132.26756405
-1064.22618757
-409.640341486
652.774165505
357.043810806
844.194224847
-642.837930255
1080.31510206
192.411692004
334.959243704
-750.908752651
-83.577810654
158.703893829
-529.029427337
-408.958739098
-344.070547227
614.733941356
-177.008918504
9548.81164082
-7607.01317581
1839.2783842
6450.05224545
-4725.76861563
1018.22137311
-2707.19908086
1909.28656672
-2059.12239237
1357.90375973
-2591.46294019
201.566792591
5249.75821203
-3509.93978814
1395.86031379
2210.84691037
849.147999421
-760.364348704
-69.0251261859
-360.876820269
125.104492267
-429.49604506
-2040.56048144
458.4301453
1057.03479287
-231.997886869
-725.302466969
2079.42616289
493.138078695
582.278368506
-8.72521891697
-253.322794012
1073.27145191
-934.892003209
-822.089107115
-609.381489312
549.765198819
-533.713703811
-553.494697197
688.877046584
442.801316513
796.42091834
-52.4262517281
330.119918405
770.241850537
40.3434624766
-594.873520086
-273.610545979
40.9957163003
-397.273742785
-542.99796939
-177.180805493
266.537127954
295.294105817
8696.67285813
-5804.85691843
-130.276591423
7311.31534383
-4238.43857951
-2.54208113974
-1636.54133734
702.170092307
-929.438028157
229.778285893
-1596.45362169
-661.97947166
5439.99321349
-2820.02407188
231.41390962
3360.08993807
127.125290091
-213.014813596
-423.030996863
-132.930522944
-57.6265312257
-489.640999217
-1925.9577328
-6.10792488983
1437.8717568
-616.009630759
-525.824791237
1910.54832364
818.445882244
285.221605416
197.379942006
-132.195527666
817.782827905
-712.37972472
-1102.51987001
-406.492458073
288.900617557
-455.70686205
-734.738136564
750.223997019
548.595791894
515.515361032
137.162748337
339.819837494
758.02630669
-84.7676392921
-512.872933401
-299.841214533
5.72113800535
-439.430563289
-604.420355836
-64.0999358766
254.121383952
193.816418296
8665.06025159
-5472.76647794
-792.569621153
7783.96620081
-4488.35687414
-109.993952481
-820.18759135
-406.729330737
376.563738488
-456.017193237
-1337.73096982
-159.366030247
4838.94605331
-1867.83240934
-696.926786668
4090.74460964
-319.491716115
-510.154985898
-168.668494747
-464.69657689
86.7895715223
-791.291072986
-1236.00933808
-377.664044569
1771.95810635
-187.658171063
-863.605372978
2306.46579024
833.819578002
-69.4824571136
184.84840621
31.6056710407
271.704823471
-663.86235299
-838.56086712
-659.041704543
493.210165129
-87.750627237
-825.503608875
1011.48923511
875.844281103
241.790546958
290.038327194
376.934872512
469.868183972
-182.458376375
-466.909655793
-518.842763861
-31.9211488674
-172.926048333
-753.68062911
152.693619284
480.705935149
188.732453721
221.413694168
369.121371494
553.809407628
193.054133729
-74.4623094496
-191.131666864
-58.1908852922
-117.111200713
-568.161596391
-227.427750549
88.9360901652
6.06714636113
28.4061254121
168.355641436
402.318844807
294.659681988
131.263304074
54.3127356325
76.2337372349
35.2691226891
-282.744139155
-247.41038149
-80.5657688944
-108.738250327
-120.19226507
-41.4794185387
8767.76780417
-5037.8514638
-2690.11227913
8939.38267359
-4171.0665199
-1310.12662503
451.763892492
-1213.92997977
1353.64601554
-443.515124313
-1498.52883427
-355.330395982
4863.56959502
-1116.00805727
-2178.41250611
4591.75982355
-260.32857893
-775.305493807
234.152570962
-952.18096424
371.608974175
-408.110776008
-1233.79525151
-565.852357574
1785.34753079
90.7241296808
-979.690240487
1998.57043581
812.536955877
-68.4425965806
356.965826441
-196.490937584
142.102823958
-276.190700748
-913.035757324
-594.806787204
367.345188355
-64.652957289
-538.152641331
730.956102248
744.835709733
295.41593434
417.04901239
244.332918768
289.064648182
22.9189221832
-470.363810303
-451.454748936
-112.070281148
-254.6339652
-459.482004854
57.9106496334
317.305598556
232.242352216
9064.17991227
-4264.06649939
-3816.2587203
10000.0
-4104.52399246
-3027.25525882
1363.52688502
-1906.18365713
972.079966242
-324.068506798
-1720.76770301
-168.622535595
4991.06931078
-610.125403551
-2565.91948132
5183.88256126
-27.5078760676
-1477.77120343
618.3844861
-1306.65913342
73.5081540614
-564.046613421
-1493.23143549
-530.060105409
1752.36618497
303.861002614
-1184.49409792
2341.36298947
1135.66726101
-412.090243886
506.493105871
-213.636784129
40.2571031687
-501.887919555
-1097.21351502
-652.72927607
259.901889636
40.7682348463
-785.194528891
867.739565478
1031.15428298
100.807300324
455.560217459
295.007653191
317.862585989
-112.997096808
-590.03320129
-450.306043051
-198.263416911
-196.879880218
-614.167151791
68.0560164436
504.798072222
133.347715826
8916.87152197
-4136.51291119
-3667.57246203
9580.76087172
-4224.07508597
-2701.94964608
1329.65048414
-2343.00321405
1325.76297574
-64.641277191
-1951.94960013
174.3920022
4595.04916458
-417.429536583
-2226.42612129
4481.24049564
122.75792212
-1549.33093689
538.738187955
-1142.49646739
-139.351465826
-388.828091367
-1123.01931501
-333.347985468
1462.59321053
652.974679329
-942.202062831
1816.88563329
1397.83207096
-655.856945531
257.960991777
76.6656458453
-353.714041034
-450.419489072
-765.067240906
-584.462199244
230.469160838
317.000548266
-430.617973882
594.741665229
1190.95228378
122.649518465
180.436025698
433.258611385
7.98658180011
-212.775340647
-407.35586814
-531.085702902
-218.20504114
-45.7657021993
-328.59990185
9.39962456025
587.344684865
334.238715411
9253.52388295
-4726.29002111
-3514.05691886
9600.2703544
-4812.5201411
-2244.92430029
1081.92177258
-2496.65630355
1597.77445975
347.833948848
-2187.62744177
337.866153571
4819.63228326
-411.012283842
-2186.70954714
4116.46765355
294.330955714
-1714.16935991
613.935561642
-1509.95073182
-208.088622964
116.468307048
-1598.02300158
-257.607814408
1614.44273497
716.609322529
-795.295929397
1507.12942728
1503.65489649
-487.419654527
142.182143693
-221.171440541
-393.964505511
-136.762363866
-1054.53350799
-716.759550468
368.331056909
294.929901341
-262.683866923
386.898377133
1141.06639844
394.876929754
127.661282829
238.993480064
-19.7956411896
-43.7171814663
-512.345594846
-675.911927124
-169.525073943
-49.909107788
-264.316701839
-52.2945449932
484.943897692
457.803858442
8314.70502696
-3745.06212223
-3338.78912433
8102.08569718
-3246.8689097
-2658.36084528
879.631349463
-2015.33968726
867.861099193
1181.64480404
-1951.69055236
-137.026733544
4435.75108873
506.619660328
-2226.05898657
3126.63663609
976.051391269
-1735.30138893
545.388118861
-1352.50012269
-547.598561544
522.350493429
-1365.14535864
-332.33843432
1438.84493299
987.369633723
-332.90522995
921.182424796
1514.86425961
-170.687722928
-88.3588843711
-216.349576459
-511.414054221
-72.7580747973
-840.299165874
-700.751576722
304.270784457
410.093899258
105.772798472
262.852601754
984.391237812
632.031322765
75.6973624742
146.780874357
-107.278254429
-141.533077765
-388.343590548
-667.12231367
-244.118965626
27.6393147499
-25.7841266333
34.678689342
434.886255112
581.842073405
7794.74314736
-2352.42427226
-4644.34352166
7605.42507785
-1946.35573324
-3769.76196837
1166.80028303
-2398.6969269
821.173938395
1503.13224344
-1963.79974508
-224.957268909
4071.85831134
1290.6449213
-2403.96172197
2399.96677064
1313.99122539
-1888.23946116
260.40893755
-1315.46743681
-883.529392926
686.802454199
-1120.7456441
-489.952027354
1382.8142612
1216.66409567
-168.786262144
570.448900331
1453.98873166
-159.98454725
-326.755089928
-268.382159764
-718.310949609
-143.621957009
-606.944594536
-725.717128639
264.754853167
581.705213462
230.0532616
228.853001654
835.460107038
560.806540253
-30.1931500111
-23.5383463364
-239.435424062
-269.396185332
-345.096473294
-573.720611789
-234.461797649
117.387708959
103.887740577
111.546713514
378.457361465
485.486175073
7519.92274213
-2508.69058545
-4849.67425719
7595.38758337
-2229.10471311
-3292.56253802
1174.06549615
-2646.08375462
1396.48287624
1412.5171384
-1838.48327649
-263.409604788
3844.5205263
1454.80742445
-2470.36274414
1907.31210127
1231.32248011
-1618.90310248
67.2051460527
-1107.38768723
-937.206598552
949.209923422
-483.576398362
-926.200205148
1452.30117218
1449.34221486
-281.530499107
363.527037368
1096.3940308
-69.962958228
-362.920041282
-224.942653475
-886.923429235
-126.405884449
72.4989483196
-850.819082945
147.112172079
950.439555246
280.361924167
194.197625017
671.073454999
406.206767714
12.2596926235
14.6115653983
-469.115158357
-422.993142315
3.16042421944
-454.374358344
-420.252221552
287.842914632
310.281311507
133.416480945
389.245792808
381.131356529
7345.76050639
-2361.63433588
-4770.81464742
7057.78562374
-2418.07879965
-2465.51041802
807.194009071
-2767.09830681
1760.7775378
1377.85568066
-1335.64309658
-655.592679595
3791.46741107
1781.81129329
-2563.61144641
1537.37799806
813.285029709
-1137.0324776
-55.9220247643
-1441.41278759
-946.67976743
1157.06696309
83.4164925616
-1322.7669653
1261.8271671
1900.02214893
-190.849944857
149.840661558
595.954970559
-32.1979051284
-121.791682037
-499.544339792
-1197.99147861
-101.716873483
530.852239845
-727.163294949
-148.414483601
1043.06509174
588.503595878
219.276049837
316.365716512
159.080814305
97.2882242965
3.49698153463
-687.032124606
-608.539619541
151.067555769
-144.260307057
-404.733634604
185.645278031
472.777723625
339.781563011
284.621232774
160.256105388
6461.6235045
-1350.97450386
-4548.04777019
5481.16122968
-1580.78311487
-1952.84902892
740.280905347
-2650.02130562
1484.28306947
1852.75706307
-885.729399968
-996.029048638
3158.34301276
2250.85528403
-2211.11195774
872.394548096
761.188263812
-827.69683048
209.181492115
-1296.76594105
-1165.71011413
1226.40552141
667.77108862
-1365.2726883
764.176267648
2046.50592805
-2.9811022238
155.215218233
453.999595464
-168.760743812
195.884375675
-201.348388068
-1257.7320213
-298.711475865
776.310139781
-510.022153819
-390.572073471
939.833978795
522.618714488
299.423624862
455.558723962
-10.0955446319
71.1407046125
305.76966049
-517.979970654
-744.384709988
150.237900849
-53.3214996045
-447.462097286
148.744265179
308.519794061
231.645860236
451.277811556
216.304380539
5628.26670882
-1100.93997886
-3675.83171451
4394.78417245
-1254.95600071
-1439.22682944
10.8610901113
-2263.38683603
1174.1574315
1411.85290564
-713.669449009
-944.056037618
2552.75964491
1968.46586109
-1368.00047879
503.214414567
418.697136981
-463.701409302
122.496213789
-1184.59643843
-1228.95477586
792.573200596
502.780642788
-892.139424011
458.943794389
1361.70211234
396.532108842
295.918176659
266.875579812
-200.321537867
112.176989668
-107.404440321
-1044.72161461
-428.796201971
304.911017996
-242.71794852
-128.57339932
469.969015235
443.771848903
442.44506188
439.936149731
39.863582177
6.36054739185
147.054427742
-322.425681154
-526.609720234
-166.857808426
-139.969917731
-179.927331746
73.7167878824
175.08294601
249.389378234
394.453105348
250.77132829
5212.13468777
-1286.31127404
-3142.44332893
4015.73216655
-1108.64952283
-1158.84501758
-437.899537744
-1859.38161343
1032.85419318
1272.77673852
-495.902043301
-1213.5243949
2522.37980171
1959.42476796
-1179.50690977
504.917714786
137.000315729
-154.747408352
291.119744218
-1294.03692623
-1228.15603781
606.848715062
605.092894935
-753.298315419
191.684224324
1167.14252148
549.103584052
556.802974286
141.660630976
-284.399596366
289.293058269
-2.70474289935
-928.29561623
-616.214434796
102.775504968
-113.169068782
-126.007152611
263.256032496
278.950789807
556.532293239
600.25578453
51.8450342026
20.8289311249
185.251019856
-152.465469314
-453.911338674
-338.420614086
-256.433436034
-200.040586537
38.5185452711
34.7940065297
125.627525126
428.94992146
345.452269143
4853.23473085
-1170.34484609
-2612.39772807
3520.60181425
-765.911571826
-1230.76978562
-567.108098327
-1543.80503263
644.303924214
1150.69442232
-415.943013858
-1036.34739805
2190.00560757
1713.88844114
-696.027508281
510.271864701
-136.908108061
35.5629407492
233.351382219
-1293.24479048
-844.083851357
104.245877618
336.549667953
-166.523356316
58.7333540856
776.283992668
620.244729916
660.298992977
121.447541009
-149.555770441
128.646033102
-237.895434776
-442.179638078
-548.572605584
-287.471305406
18.1084869611
8.73223211173
236.329123798
280.385080734
419.489863988
478.367702093
208.782821579
64.0892345844
-79.6554177334
-154.985941235
-268.937682099
-323.203402141
-243.41539593
-167.111293991
53.6816728999
148.191724532
182.711113378
284.673779296
264.678636707
4594.45596556
-541.167354207
-2981.45366197
3038.87687673
-81.9418587187
-1505.79407895
-433.621475901
-1350.92167318
482.910332577
1372.88083988
-141.392019762
-1046.12235495
1829.94843192
1854.09150675
-461.483112892
257.984392374
-229.400494884
89.9661359344
264.612685846
-1045.05586735
-879.463282077
-83.2381931679
632.720041601
12.6976920798
-70.7850161361
633.410192623
660.541832577
778.58302803
92.4542705289
-259.237973923
1.42815640359
-2.56093490816
-292.020634841
-732.240314685
-290.725728264
70.5696796194
141.824262556
198.297194959
76.0339303586
419.794889441
572.097912653
293.777343831
-62.9471986586
-122.051345479
7.88063870431
-179.900347814
-310.880785158
-367.727540672
-177.340674242
135.417271295
106.226397758
71.287464849
178.489390703
344.097719192
4758.3086214
-1117.5968304
-2649.35041019
3276.13804656
-518.329465955
-1105.15466254
-611.775819877
-1423.16407559
510.89640933
1346.64793303
-456.594646329
-1401.54857549
2247.5295872
1441.1004362
-491.307354872
481.577261531
-471.198667809
353.951314233
319.096467644
-938.080693667
-1099.21186479
-76.286992908
834.237225589
-409.22728863
-23.7484290341
469.540940414
480.294614637
940.737399496
28.5951838079
-256.410380639
-37.624135379
267.740532187
-235.176459735
-817.746493387
-134.893351262
-95.0777345879
175.349892831
190.055797773
-120.820576852
339.552270355
518.609320753
354.13911808
-141.651950111
-84.4651752256
73.8596362814
-176.267707607
-135.50192218
-376.999328925
-208.54538921
151.349713496
92.6041859954
45.9205147226
63.3496922159
298.35598372
5913.56687388
-2914.74017427
-2119.98938136
4114.90790296
-1460.94233585
-511.285336066
-828.349453537
-1422.9951771
673.873647941
1950.68674067
-1095.4448482
-1924.93203618
3494.94282069
881.106575987
-706.715609423
813.240997108
-904.276255673
807.861420708
485.907852904
-1226.13453424
-1404.25837179
451.360469791
1132.83266428
-1025.0989249
206.296187229
386.243571558
591.246315902
1218.31037462
-394.840068975
-344.652651112
175.163224252
571.123052906
-511.377698697
-1056.62610763
93.9027213194
-68.9243288694
315.292339864
-31.1803858945
-326.732978209
602.583122183
681.274082508
305.242342702
-402.684411704
46.6599586463
313.425860758
-202.257578155
-224.470353248
-584.267612701
-90.1244506164
309.107004324
-34.4602251048
-149.251305327
46.1784695189
542.179138066
5583.41617803
-3090.93688079
-1506.23076653
3383.69374844
-859.159484736
-515.314765193
-1144.39627847
-1074.52316795
425.675515541
2061.86425318
-1337.55869043
-1703.00183332
2978.22846655
1010.54261617
-395.071464672
378.841901407
-708.997671101
728.799632621
768.810754836
-1305.29592497
-1431.27532807
514.992431944
773.261306512
-590.564372719
6.06616965621
18.281617626
712.631764049
1244.67894309
-313.253343036
-466.25894022
348.523492776
420.692763822
-308.726007609
-664.553880342
-420.259594141
8.9501321133
463.682832605
-145.438035616
-342.732412086
421.989423883
587.203918061
308.126483655
-73.3199011301
-166.208156835
108.115503997
185.85432027
-228.729027952
-527.001787202
-138.560874008
134.811368598
64.4248526107
-35.711923782
-67.1455128422
219.346115635
5074.70417502
-1967.86181996
-1724.72549495
2888.66300672
-411.196784187
-512.70271589
-630.958422128
-1142.40008587
-51.5576100845
2055.64437975
-837.813565316
-1578.01171645
2172.19117761
1181.66295585
-124.647530037
581.333219273
-583.695546326
128.668119577
1268.22556182
-979.683191212
-1493.99603816
356.401348873
493.676396971
-295.441380848
59.3998276711
-147.385169214
344.068665808
1409.94769727
57.1234582968
-657.051122153
409.185560447
422.016433476
-214.3505266
-388.755777485
-601.536405793
-201.752902221
517.398571547
-45.8861824692
-515.585149232
299.812642913
652.326776161
288.570968071
91.9476781959
-128.765970321
28.9860098924
352.882387954
-116.138339496
-591.482323382
-196.804526747
155.115481037
9.38075729416
-94.239165092
-90.7500144724
134.731624422
5094.32602217
-2034.43600703
-1537.07022322
2877.37716349
-689.644601381
21.3096462342
-695.867538528
-1449.62659658
-217.40756078
2136.9551233
-854.468713964
-1809.44965387
2135.92453368
867.284790012
294.826429683
570.386439548
-869.527231582
249.808544395
1310.29084491
-745.189862186
-1616.19499759
182.451770977
411.806156136
-99.5310022569
69.9713137003
-454.471567554
367.232981007
1424.24815971
190.964673487
-570.733318132
166.88639363
399.409987298
57.1529490833
-347.03124845
-763.117747542
-280.055574351
519.038265965
59.6543924598
-436.855407977
67.5462343581
501.994308007
528.167341012
181.935124822
-250.655350624
-61.6945627298
336.272304231
38.4023281299
-479.075833091
-379.465614869
-20.3156259861
165.142116025
47.7301710982
-190.568999306
1.38262122165
5618.06009633
-2339.17588631
-1324.89493259
3230.78622443
-1406.23665362
775.617273705
-705.274201254
-1819.43878115
-398.213134581
2402.1912752
-872.19049285
-2133.16011682
2557.81680161
265.018279307
859.943988958
993.180048515
-1304.70470312
432.437746281
1593.28335118
-563.952138775
-1841.18906401
234.393996133
84.699610649
-132.580062032
352.436701711
-1002.12506632
194.65375288
1740.33247733
263.082918646
-551.768532873
290.398559889
487.132318628
240.919953471
-42.6584438757
-953.377366539
-550.011559204
708.594478595
-50.3266755324
-738.877122819
-62.4848013531
385.902666403
590.49583783
340.75727582
-261.267785288
-48.9821699196
699.88085077
274.661953982
-546.095616687
-359.589465005
-29.9453617196
123.768377387
-43.5350196556
-464.031095708
-215.211725804
4356.36532616
-1275.20578045
-1023.79481833
2269.593639
-623.04783993
1043.96002162
-347.592324642
-1559.60828634
-568.094948592
1975.9168072
-437.563980366
-2019.17286358
1409.00681326
120.630736739
742.252144444
958.464611467
-1091.34834311
197.701343006
1516.77539381
83.048558675
-1154.47465567
14.2475168736
93.707128279
-67.4481072802
351.886202922
-868.383082739
-315.892810792
1108.65370877
160.93322121
-266.007864272
151.143731586
236.81878406
379.062544059
215.917796652
-362.48856539
-333.184683236
428.967307704
1.49212984316
-406.617631233
-28.3104499506
-82.8961992714
220.599413432
179.50299006
-202.676430307
40.4064659832
292.703931514
161.985709918
-100.933385033
-15.1131336579
12.2137749717
43.0118538008
74.9230756644
-239.797128058
-62.5595271143
2750.69964637
-574.456928671
-860.539605611
1460.80835022
-189.35860546
554.24514407
18.5701670922
-945.009777004
-388.018490819
1359.41071429
105.989112553
-1381.8199421
855.666519262
150.418438265
183.490489392
914.526305477
-686.414674017
-104.715796275
832.377373887
211.164912466
-479.841730688
-18.3360441396
121.791354881
-278.460844192
491.989711426
-200.850116644
-445.119212116
538.572839919
16.8165990539
22.8571295822
161.516385551
-18.4303641257
27.4615440902
160.826741535
169.906530906
-249.678060465
110.932675812
41.9575451086
-160.861076421
222.131420466
-103.544218074
-70.9360496175
101.113751343
42.6815162433
60.5093760263
-4.34999150292
74.5676204129
-54.9141628426
92.2238139452
96.8851515973
-131.685760365
60.6811767233
-9.88357370483
-6.81945841701
51.3703119443
-39.7524592649
-7.04315329607
-4.94446689312
79.1927360493
-11.7194548273
-17.2883418106
56.9004236685
-37.0639129977
54.5612611753
21.5962354294
-39.556203403
13.6323837643
5.77473260436
15.9099680095
-17.0582148293
12.0506557244
-7.17816843293
-11.9504319039
48.8432184713
-20.8368019279
-3.27530800966
22.7255536612
-7.47731871788
13.7694717822
5.68108627069
-1.51054966094
-9.21708417138
15.0726805224
7.94657362909
-17.6139053997
16.1301588308
-4.61370055003
-4.73227718279
17.9832005959
-5.80301192439
-3.21178804786
7.23040859155
4.8418763352
-3.11737011544
4.27843937233
4.33893702612
-8.64082495197
9.01013657741
3.02731819038
-7.99202258023
6.37901140169
0.565303558422
-2.58917973706
3.98155098979
1.65923131397
-3.13822058287
2.13934105431
4.40920032254
-3.64955309391
1.96137872971
2.99519655738
-3.43922593058
2.75416679687
2.23484863827
-2.302756189
1.41784628557
1.99378897262
-1.06159035011
0.544348275694
2.09588458461
-1.27100888394
0.302564034504
1.97950999425
-1.20065784354
0.290721077009
1.42698214145
-0.788154743608
0.288963347871
1.03811458151
-0.530120172098
-0.0147533863611
0.875801805649
-0.305978996499
-0.147516082559
0.781130191584
-0.258524434665
-0.118938156942
0.538924631053
-0.109631749534
-0.106370725941
0.446699404053
-0.0758475046737
-0.0892266463448
0.355134746976
-0.0279756778011
-0.0564186045023
0.13645514472
-0.00795665298013
-0.0567391684027
0.114848725286
0.00406010985006
-0.0627687225443
0.107088259781
0.101733846792
0.0966471544527
0.0918147967301
0.0872240568936
0.0828628540489
0.0787197113465
0.0747837257791
0.0710445394902
0.0674923125157
0.0641176968899
0.0609118120454
0.0578662214431
0.054972910371
0.0522242648524
0.0496130516098
0.0471323990293
0.0447757790778
0.042536990124
0.0404101406178
0.0383896335869
0.0364701519075
0.0346466443121
0.0329143120965
0.0312685964917
0.0297051666671
0.0282199083338
0.0268089129171
0.0254684672712
0.0241950439077
0.0229852917123
0.0218360271267
0.0207442257703
0.0197070144818
0.0187216637577
0.0177855805698
0.0168963015414
0.0160514864643
0.0152489121411
0.014486466534
0.0137621432073
0.0130740360469
0.0124203342446
0.0117993175324
0.0112093516558
0.010648884073
0.0101164398693
0.00961061787585
0.00913008698206
0.00867358263296
0.00823990350131
0.00782790832624
0.00743651290993
0.00706468726443
0.00671145290121
0.00637588025615
0.00605708624334
0.00575423193118
0.00546652033462
0.00519319431789
0.00493353460199
0.00468685787189
0.0044525149783
0.00422988922938
0.00401839476791
0.00381747502952
0.00362660127804
0.00344527121414
0.00327300765343
0.00310935727076
0.00295388940722
0.00280619493686
0.00266588519002
0.00253259093052
0.00240596138399
0.00228566331479
0.00217138014905
0.0020628111416
0.00195967058452
0.00186168705529
0.00176860270253
0.0016801725674
0.00159616393903
0.00151635574208
0.00144053795498
0.00136851105723
0.00130008550437
0.00123508122915
0.00117332716769
0.00111466080931
0.00105892776884
0.0010059813804
0.000955682311379
0.00090789819581
0.00086250328602
0.000819378121719
0.000778409215633
0.000739488754851
0.000702514317109
0.000667388601253
0.000634019171191
0.000602318212631
0.000572202302
0.0005435921869
0.000516412577555
0.000490591948677
0.000466062351243
0.000442759233681
0.000420621271997
0.000399590208397
0.000379610697977
0.000360630163078
0.000342598654924
0.000325468722178
0.000309195286069
0.000293735521766
0.000279048745677
0.000265096308394
0.000251841492974
0.000239249418325
0.000227286947409
0.000215922600039
0.000205126470037
0.000194870146535
0.000185126639208
0.000175870307248
0.000167076791885
0.000158722952291
0.000150786804676
0.000143247464443
0.00013608509122
0.000129280836659
0.000122816794826
0.000116675955085
0.000110842157331
0.000105300049464
0.000100035046991
9.50332946416e-05
9.02816299095e-05
8.5767548414e-05
8.14791709933e-05
7.74052124437e-05
7.35349518215e-05
6.98582042304e-05
6.63652940189e-05
6.30470293179e-05
5.9894677852e-05
5.68999439594e-05
5.40549467615e-05
5.13521994234e-05
4.87845894522e-05
4.63453599796e-05
4.40280919806e-05
4.18266873816e-05
3.97353530125e-05
3.77485853619e-05
3.58611560938e-05
3.40680982891e-05
3.23646933747e-05
3.07464587059e-05
2.92091357706e-05
2.77486789821e-05
2.6361245033e-05
2.50431827813e-05
2.37910236423e-05
2.26014724602e-05
2.14713988372e-05
2.03978288953e-05
1.93779374505e-05
1.8409040578e-05
1.74885885491e-05
1.66141591216e-05
1.57834511656e-05
1.49942786073e-05
1.42445646769e-05
1.35323364431e-05
1.28557196209e-05
1.22129336399e-05
1.16022869579e-05
1.102217261e-05
1.04710639795e-05
9.94751078051e-06
9.45013524149e-06
8.97762847941e-06
8.52874705544e-06
8.10230970267e-06
7.69719421754e-06
7.31233450666e-06
6.94671778133e-06
6.59938189226e-06
6.26941279765e-06
5.95594215777e-06
5.65814504988e-06
5.37523779738e-06
5.10647590751e-06
4.85115211214e-06
4.60859450653e-06
4.37816478121e-06
4.15925654215e-06
3.95129371504e-06
3.75372902929e-06
3.56604257782e-06
3.38774044893e-06
3.21835342648e-06
3.05743575516e-06
2.9045639674e-06
2.75933576903e-06
2.62136898058e-06
2.49030053155e-06
2.36578550497e-06
2.24749622972e-06
2.13512141824e-06
2.02836534733e-06
1.92694707996e-06
1.83059972596e-06
1.73906973966e-06
1.65211625268e-06
1.56951044005e-06
1.49103491804e-06
1.41648317214e-06
1.34565901354e-06
1.27837606286e-06
1.21445725972e-06
1.15373439673e-06
1.09604767689e-06
1.04124529305e-06
9.89183028396e-07
9.39723876976e-07
8.92737683128e-07
8.48100798971e-07
8.05695759023e-07
7.65410971072e-07
7.27140422518e-07
6.90783401392e-07
6.56244231322e-07
6.23432019756e-07
5.92260418769e-07
5.6264739783e-07
5.34515027939e-07
5.07789276542e-07
4.82399812715e-07
4.58279822079e-07
4.35365830975e-07
4.13597539426e-07
3.92917662455e-07
3.73271779332e-07
3.54608190366e-07
3.36877780847e-07
3.20033891805e-07
3.04032197215e-07
2.88830587354e-07
2.74389057986e-07
2.60669605087e-07
2.47636124833e-07
2.35254318591e-07
2.23491602661e-07
2.12317022528e-07
2.01701171402e-07
1.91616112832e-07
1.8203530719e-07
1.72933541831e-07
1.64286864739e-07
1.56072521502e-07
1.48268895427e-07
1.40855450656e-07
1.33812678123e-07
1.27122044217e-07
1.20765942006e-07
1.14727644906e-07
1.0899126266e-07
1.03541699527e-07
9.8364614551e-08
9.34463838234e-08
8.87740646323e-08
8.43353614007e-08
8.01185933306e-08
7.61126636641e-08
7.23070304809e-08
6.86916789568e-08
6.5257095009e-08
6.19942402586e-08
5.88945282456e-08
5.59498018333e-08
5.31523117417e-08
5.04946961546e-08
4.79699613469e-08
4.55714632795e-08
4.32928901155e-08
4.11282456098e-08
3.90718333293e-08
3.71182416628e-08
3.52623295797e-08
3.34992131007e-08
3.18242524457e-08
3.02330398234e-08
2.87213878322e-08
2.72853184406e-08
2.59210525186e-08
2.46249998926e-08
2.3393749898e-08
2.22240624031e-08
2.11128592829e-08
2.00572163188e-08
1.90543555029e-08
1.81016377277e-08
1.71965558413e-08
1.63367280493e-08
1.55198916468e-08
1.47438970645e-08
1.40067022112e-08
1.33063671007e-08
1.26410487456e-08
1.20089963084e-08
1.14085464929e-08
1.08381191683e-08
1.02962132099e-08
9.78140254939e-09
9.29233242192e-09
8.82771580082e-09
8.38633001078e-09
7.96701351024e-09
7.56866283473e-09
7.19022969299e-09
6.83071820834e-09
6.48918229793e-09
6.16472318303e-09
5.85648702388e-09
5.56366267268e-09
5.28547953905e-09
5.0212055621e-09
4.77014528399e-09
4.53163801979e-09
4.3050561188e-09
4.08980331286e-09
3.88531314722e-09
3.69104748986e-09
3.50649511537e-09
3.3311703596e-09
3.16461184162e-09
3.00638124954e-09
2.85606218706e-09
2.71325907771e-09
2.57759612382e-09
2.44871631763e-09
2.32628050175e-09
2.20996647666e-09
2.09946815283e-09
1.99449474519e-09
1.89477000793e-09
1.80003150753e-09
1.71002993215e-09
1.62452843555e-09
1.54330201377e-09
1.46613691308e-09
1.39283006743e-09
1.32318856406e-09
1.25702913585e-09
1.19417767906e-09
1.13446879511e-09
1.07774535535e-09
1.02385808758e-09
9.72665183205e-10
9.24031924045e-10
8.77830327843e-10
8.33938811451e-10
7.92241870878e-10
7.52629777334e-10
7.14998288467e-10
6.79248374044e-10
6.45285955342e-10
6.13021657575e-10
5.82370574696e-10
5.53252045961e-10
5.25589443663e-10
4.9930997148e-10
4.74344472906e-10
4.50627249261e-10
4.28095886798e-10
4.06691092458e-10
3.86356537835e-10
3.67038710943e-10
3.48686775396e-10
3.31252436626e-10
3.14689814795e-10
2.98955324055e-10
2.84007557852e-10
2.6980717996e-10
2.56316820962e-10
2.43500979914e-10
2.31325930918e-10
2.19759634372e-10
2.08771652654e-10
1.98333070021e-10
1.8841641652e-10
1.78995595694e-10
1.70045815909e-10
1.61543525114e-10
1.53466348858e-10
1.45793031415e-10
1.38503379844e-10
1.31578210852e-10
1.24999300309e-10
1.18749335294e-10
1.12811868529e-10
1.07171275103e-10
1.01812711348e-10
9.67220757803e-11
9.18859719913e-11
8.72916733917e-11
8.29270897222e-11
7.87807352361e-11
7.48416984742e-11
7.10996135505e-11
6.7544632873e-11
6.41674012294e-11
6.09590311679e-11
5.79110796095e-11
5.5015525629e-11
5.22647493476e-11
4.96515118802e-11
4.71689362862e-11
4.48104894719e-11
4.25699649983e-11
4.04414667484e-11
3.84193934109e-11
3.64984237404e-11
3.46735025534e-11
3.29398274257e-11
3.12928360544e-11
2.97281942517e-11
2.82417845391e-11
2.68296953122e-11
2.54882105466e-11
2.42138000192e-11
2.30031100183e-11
2.18529545174e-11
2.07603067915e-11
1.97222914519e-11
1.87361768793e-11
1.77993680353e-11
1.69093996336e-11
1.60639296519e-11
1.52607331693e-11
1.44976965108e-11
1.37728116853e-11
1.3084171101e-11
1.2429962546e-11
1.18084644187e-11
1.12180411977e-11
1.06571391379e-11
1.0124282181e-11
9.61806807192e-12
9.13716466832e-12
8.68030643491e-12
8.24629111316e-12
7.8339765575e-12
7.44227772963e-12
7.07016384315e-12
6.71665565099e-12
6.38082286844e-12
6.06178172502e-12
5.75869263877e-12
5.47075800683e-12
5.19722010649e-12
4.93735910116e-12
4.69049114611e-12
4.4559665888e-12
4.23316825936e-12
4.02150984639e-12
3.82043435407e-12
3.62941263637e-12
3.44794200455e-12
3.27554490432e-12
3.11176765911e-12
2.95617927615e-12
2.80837031234e-12
2.66795179673e-12
2.53455420689e-12
2.40782649655e-12
2.28743517172e-12
2.17306341313e-12
2.06441024248e-12
1.96118973035e-12
1.86313024383e-12
1.76997373164e-12
1.68147504506e-12
1.59740129281e-12
1.51753122817e-12
1.44165466676e-12
1.36957193342e-12
1.30109333675e-12
1.23603866991e-12
1.17423673642e-12
1.1155248996e-12
1.05974865462e-12
1.00676122189e-12
9.56423160791e-13
9.08602002752e-13
8.63171902614e-13
8.20013307483e-13
7.79012642109e-13
7.40062010004e-13
7.03058909504e-13
6.67905964028e-13
6.34510665827e-13
6.02785132536e-13
5.72645875909e-13
5.44013582113e-13
5.16812903008e-13
4.90972257857e-13
4.66423644964e-13
4.43102462716e-13
4.2094733958e-13
3.99899972601e-13
3.79904973971e-13
3.60909725273e-13
3.42864239009e-13
3.25721027059e-13
3.09434975706e-13
2.9396322692e-13
2.79265065574e-13
2.65301812296e-13
2.52036721681e-13
2.39434885597e-13
2.27463141317e-13
2.16089984251e-13
2.05285485039e-13
1.95021210787e-13
1.85270150247e-13
1.76006642735e-13
1.67206310598e-13
1.58845995068e-13
1.50903695315e-13
1.43358510549e-13
1.36190585022e-13
1.29381055771e-13
1.22912002982e-13
1.16766402833e-13
1.10928082691e-13
1.05381678557e-13
1.00112594629e-13
9.51069648975e-14
9.03516166526e-14
8.583403582e-14
8.1542334029e-14
7.74652173275e-14
7.35919564612e-14
6.99123586381e-14
6.64167407062e-14
6.30959036709e-14
5.99411084873e-14
5.6944053063e-14
5.40968504098e-14
5.13920078893e-14
4.88224074949e-14
4.63812871201e-14
4.40622227641e-14
4.18591116259e-14
3.97661560446e-14
3.77778482424e-14
3.58889558303e-14
3.40945080387e-14
3.23897826368e-14
3.0770293505e-14
2.92317788297e-14
2.77701898882e-14
2.63816803938e-14
2.50625963741e-14
2.38094665554e-14
2.26189932277e-14
2.14880435663e-14
2.0413641388e-14
1.93929593186e-14
1.84233113526e-14
1.7502145785e-14
1.66270384958e-14
1.5795686571e-14
1.50059022424e-14
1.42556071303e-14
1.35428267738e-14
1.28656854351e-14
1.22224011633e-14
1.16112811052e-14
1.10307170499e-14
1.04791811974e-14
9.95522213754e-15
9.45746103067e-15
8.98458797913e-15
8.53535858018e-15
8.10859065117e-15
7.70316111861e-15
7.31800306268e-15
6.95210290955e-15
6.60449776407e-15
6.27427287587e-15
5.96055923207e-15
5.66253127047e-15
5.37940470694e-15
5.1104344716e-15
4.85491274802e-15
4.61216711062e-15
4.38155875509e-15
4.16248081733e-15
3.95435677647e-15
3.75663893764e-15
3.56880699076e-15
3.39036664122e-15
3.22084830916e-15
3.0598058937e-15
2.90681559902e-15
2.76147481907e-15
2.62340107811e-15
2.49223102421e-15
2.367619473e-15
2.24923849935e-15
2.13677657438e-15
2.02993774566e-15
1.92844085838e-15
1.83201881546e-15
1.74041787469e-15
1.65339698095e-15
1.5707271319e-15
1.49219077531e-15
1.41758123654e-15
1.34670217472e-15
1.27936706598e-15
1.21539871268e-15
1.15462877705e-15
1.0968973382e-15
1.04205247129e-15
9.89949847721e-16
9.40452355335e-16
8.93429737568e-16
8.4875825069e-16
8.06320338155e-16
7.66004321248e-16
7.27704105185e-16
6.91318899926e-16
6.5675295493e-16
6.23915307183e-16
5.92719541824e-16
5.63083564733e-16
5.34929386496e-16
5.08182917171e-16
4.82773771313e-16
4.58635082747e-16
4.3570332861e-16
4.13918162179e-16
3.9322225407e-16
3.73561141367e-16
3.54883084298e-16
3.37138930084e-16
3.20281983579e-16
3.042678844e-16
2.8905449018e-16
2.74601765671e-16
2.60871677388e-16
2.47828093518e-16
2.35436688842e-16
2.236648544e-16
2.1248161168e-16
2.01857531096e-16
1.91764654542e-16
1.82176421814e-16
1.73067600724e-16
1.64414220688e-16
1.56193509653e-16
1.4838383417e-16
1.40964642462e-16
1.33916410339e-16
1.27220589822e-16
1.20859560331e-16
1.14816582314e-16
1.09075753199e-16
1.03621965539e-16
9.84408672617e-17
9.35188238986e-17
8.88428827037e-17
8.44007385685e-17
8.01807016401e-17
7.61716665581e-17
7.23630832302e-17
6.87449290687e-17
6.53076826152e-17
6.20422984845e-17
5.89401835603e-17
5.59931743822e-17
5.31935156631e-17
5.053383988e-17
4.8007147886e-17
4.56067904917e-17
4.33264509671e-17
4.11601284187e-17
3.91021219978e-17
3.71470158979e-17
3.5289665103e-17
3.35251818479e-17
3.18489227555e-17
3.02564766177e-17
2.87436527868e-17
2.73064701475e-17
2.59411466401e-17
2.46440893081e-17
2.34118848427e-17
2.22412906006e-17
2.11292260705e-17
2.0072764767e-17
1.90691265286e-17
1.81156702022e-17
1.72098866921e-17
1.63493923575e-17
1.55319227396e-17
1.47553266026e-17
1.40175602725e-17
1.33166822589e-17
1.26508481459e-17
1.20183057386e-17
1.14173904517e-17
1.08465209291e-17
1.03041948827e-17
9.78898513854e-18
9.29953588161e-18
8.83455908753e-18
8.39283113315e-18
7.9731895765e-18
7.57453009767e-18
7.19580359279e-18
6.83601341315e-18
6.49421274249e-18
6.16950210537e-18
5.8610270001e-18
5.56797565009e-18
5.28957686759e-18
5.02509802421e-18
4.773843123e-18
4.53515096685e-18
4.30839341851e-18
4.09297374758e-18
3.8883250602e-18
3.69390880719e-18
3.50921336683e-18
3.33375269849e-18
3.16706506357e-18
3.00871181039e-18
2.85827621987e-18
2.71536240887e-18
2.57959428843e-18
2.45061457401e-18
2.32808384531e-18
2.21167965304e-18
2.10109567039e-18
1.99604088687e-18
1.89623884253e-18
1.8014269004e-18
1.71135555538e-18
1.62578777761e-18
1.54449838873e-18
1.4672734693e-18
1.39390979583e-18
1.32421430604e-18
1.25800359074e-18
1.1951034112e-18
1.13534824064e-18
1.07858082861e-18
1.02465178718e-18
9.73419197819e-19
9.24748237928e-19
8.78510826032e-19
8.3458528473e-19
7.92856020494e-19
7.53213219469e-19
7.15552558495e-19
6.79774930571e-19
6.45786184042e-19
6.1349687484e-19
5.82822031098e-19
5.53680929543e-19
5.25996883066e-19
4.99697038913e-19
4.74712186967e-19
4.50976577619e-19
4.28427748738e-19
4.07006361301e-19
3.86656043236e-19
3.67323241074e-19
3.4895707902e-19
3.31509225069e-19
3.14933763816e-19
2.99187075625e-19
2.84227721844e-19
2.70016335752e-19
2.56515518964e-19
2.43689743016e-19
2.31505255865e-19
2.19929993072e-19
2.08933493418e-19
1.98486818747e-19
1.8856247781e-19
1.79134353919e-19
1.70177636223e-19
1.61668754412e-19
1.53585316692e-19
1.45906050857e-19
1.38610748314e-19
1.31680210899e-19
1.25096200354e-19
1.18841390336e-19
1.12899320819e-19
1.07254354778e-19
1.01891637039e-19
9.67970551873e-20
9.19572024279e-20
8.73593423065e-20
8.29913751912e-20
7.88418064316e-20
7.48997161101e-20
7.11547303046e-20
6.75969937893e-20
6.42171440999e-20
6.10062868949e-20
5.79559725501e-20
5.50581739226e-20
5.23052652265e-20
4.96900019652e-20
4.72055018669e-20
4.48452267736e-20
4.26029654349e-20
4.04728171631e-20
3.8449176305e-20
3.65267174897e-20
3.47003816152e-20
3.29653625345e-20
3.13170944078e-20
2.97512396874e-20
2.8263677703e-20
2.68504938179e-20
2.5507969127e-20
2.42325706706e-20
2.30209421371e-20
2.18698950302e-20
2.07764002787e-20
1.97375802648e-20
1.87507012515e-20
1.7813166189e-20
1.69225078795e-20
1.60763824855e-20
1.52725633613e-20
1.45089351932e-20
1.37834884335e-20
1.30943140119e-20
1.24395983113e-20
1.18176183957e-20
1.12267374759e-20
1.06654006021e-20
1.0132130572e-20
9.62552404342e-21
9.14424784125e-21
8.68703544918e-21
8.25268367673e-21
7.84004949289e-21
7.44804701824e-21
7.07564466733e-21
6.72186243397e-21
6.38576931227e-21
6.06648084665e-21
5.76315680432e-21
5.47499896411e-21
5.2012490159e-21
4.9411865651e-21
4.69412723685e-21
4.45942087501e-21
4.23644983126e-21
4.02462733969e-21
3.82339597271e-21
3.63222617407e-21
3.45061486537e-21
3.2780841221e-21
3.114179916e-21
2.9584709202e-21
2.81054737419e-21
2.67002000548e-21
2.5365190052e-21
2.40969305494e-21
2.2892084022e-21
2.17474798209e-21
2.06601058298e-21
1.96271005383e-21
1.86457455114e-21
1.77134582358e-21
1.68277853241e-21
1.59863960578e-21
1.5187076255e-21
1.44277224422e-21
1.37063363201e-21
1.30210195041e-21
1.23699685289e-21
1.17514701024e-21
1.11638965973e-21
1.06057017675e-21
1.00754166791e-21
9.57164584513e-22
9.09306355287e-22
8.63841037523e-22
8.20648985647e-22
7.79616536364e-22
7.40635709546e-22
7.03603924069e-22
6.68423727865e-22
6.35002541472e-22
6.03252414399e-22
5.73089793679e-22
5.44435303995e-22
5.17213538795e-22
4.91352861855e-22
4.66785218762e-22
4.43445957824e-22
4.21273659933e-22
4.00209976936e-22
3.8019947809e-22
3.61189504185e-22
3.43130028976e-22
3.25973527527e-22
3.09674851151e-22
2.94191108593e-22
2.79481553164e-22
2.65507475505e-22
2.5223210173e-22
2.39620496644e-22
2.27639471811e-22
2.16257498221e-22
2.0544462331e-22
1.95172392144e-22
1.85413772537e-22
1.7614308391e-22
1.67335929715e-22
1.58969133229e-22
1.51020676568e-22
1.43469642739e-22
1.36296160602e-22
1.29481352572e-22
1.23007284943e-22
1.16856920696e-22
1.11014074661e-22
1.05463370928e-22
1.00190202382e-22
9.51806922629e-23
9.04216576498e-23
8.59005747673e-23
8.16055460289e-23
7.75252687275e-23
7.36490052911e-23
6.99665550265e-23
6.64682272752e-23
6.31448159114e-23
5.99875751159e-23
5.69881963601e-23
5.41387865421e-23
5.1431847215e-23
4.88602548542e-23
4.64172421115e-23
4.40963800059e-23
4.18915610056e-23
3.97969829554e-23
3.78071338076e-23
3.59167771172e-23
3.41209382614e-23
3.24148913483e-23
3.07941467809e-23
2.92544394418e-23
2.77917174697e-23
2.64021315962e-23
2.50820250164e-23
2.38279237656e-23
2.26365275773e-23
2.15047011985e-23
2.04294661385e-23
1.94079928316e-23
1.843759319e-23
1.75157135305e-23
1.6639927854e-23
1.58079314613e-23
1.50175348882e-23
1.42666581438e-23
1.35533252366e-23
1.28756589748e-23
1.22318760261e-23
1.16202822248e-23
1.10392681135e-23
1.04873047078e-23
9.96293947246e-24
9.46479249883e-24
8.99155287389e-24
8.5419752302e-24
8.11487646869e-24
7.70913264525e-24
7.32367601299e-24
6.95749221234e-24
6.60961760172e-24
6.27913672164e-24
5.96517988556e-24
5.66692089128e-24
5.38357484671e-24
5.11439610438e-24
4.85867629916e-24
4.6157424842e-24
4.38495535999e-24
4.16570759199e-24
3.95742221239e-24
3.75955110177e-24
3.57157354668e-24
3.39299486935e-24
3.22334512588e-24
3.06217786959e-24
2.90906897611e-24
2.7636155273e-24
2.62543475094e-24
2.49416301339e-24
2.36945486272e-24
2.25098211959e-24
2.13843301361e-24
2.03151136293e-24
1.92993579478e-24
1.83343900504e-24
1.74176705479e-24
1.65467870205e-24
1.57194476695e-24
1.4933475286e-24
1.41868015217e-24
1.34774614456e-24
1.28035883733e-24
1.21634089547e-24
1.15552385069e-24
1.09774765816e-24
1.04286027525e-24
9.90717261488e-25
9.41181398413e-25
8.94122328493e-25
8.49416212068e-25
8.06945401465e-25
7.66598131391e-25
7.28268224822e-25
6.91854813581e-25
6.57262072902e-25
6.24398969257e-25
5.93179020794e-25
5.63520069754e-25
5.35344066266e-25
5.08576862953e-25
4.83148019805e-25
4.58990618815e-25
4.36041087874e-25
4.14239033481e-25
3.93527081807e-25
3.73850727716e-25
3.55158191331e-25
3.37400281764e-25
3.20530267676e-25
3.04503754292e-25
2.89278566577e-25
2.74814638249e-25
2.61073906336e-25
2.48020211019e-25
2.35619200468e-25
2.23838240445e-25
2.12646328423e-25
2.02014012002e-25
1.91913311401e-25
1.82317645831e-25
1.7320176354e-25
1.64541675363e-25
1.56314591595e-25
1.48498862015e-25
1.41073918914e-25
1.34020222968e-25
1.2731921182e-25
1.20953251229e-25
1.14905588668e-25
1.09160309234e-25
1.03702293773e-25
9.85171790839e-26
9.35913201297e-26
8.89117541232e-26
8.44661664171e-26
8.02428580962e-26
7.62307151914e-26
7.24191794318e-26
6.87982204602e-26
6.53583094372e-26
6.20903939654e-26
5.89858742671e-26
5.60365805537e-26
5.3234751526e-26
5.05730139497e-26
4.80443632523e-26
4.56421450896e-26
4.33600378352e-26
4.11920359434e-26
3.91324341462e-26
3.71758124389e-26
3.5317021817e-26
3.35511707261e-26
3.18736121898e-26
3.02799315803e-26
2.87659350013e-26
2.73276382512e-26
2.59612563387e-26
2.46631935218e-26
2.34300338457e-26
2.22585321534e-26
2.11456055457e-26
2.00883252684e-26
1.9083909005e-26
1.81297135548e-26
1.7223227877e-26
1.63620664832e-26
1.5543963159e-26
1.47667650011e-26
1.4028426751e-26
1.33270054135e-26
1.26606551428e-26
1.20276223856e-26
1.14262412664e-26
1.0854929203e-26
1.03121827429e-26
9.79657360575e-27
9.30674492546e-27
8.84140767919e-27
8.39933729523e-27
7.97937043046e-27
7.58040190894e-27
7.20138181349e-27
6.84131272282e-27
6.49924708668e-27
6.17428473234e-27
5.86557049573e-27
5.57229197094e-27
5.29367737239e-27
5.02899350377e-27
4.77754382859e-27
4.53866663716e-27
4.3117333053e-27
4.09614664003e-27
3.89133930803e-27
3.69677234263e-27
3.5119337255e-27
3.33633703922e-27
3.16952018726e-27
3.0110441779e-27
2.860491969e-27
2.71746737055e-27
2.58159400203e-27
2.45251430193e-27
2.32988858683e-27
2.21339415749e-27
2.10272444961e-27
1.99758822713e-27
1.89770881578e-27
1.80282337499e-27
1.71268220624e-27
1.62704809593e-27
1.54569569113e-27
1.46841090657e-27
1.39499036124e-27
1.32524084318e-27
1.25897880102e-27
1.19602986097e-27
1.13622836792e-27
1.07941694953e-27
1.02544610205e-27
9.74173796948e-28
9.25465107101e-28
8.79191851746e-28
8.35232259159e-28
7.93470646201e-28
7.53797113891e-28
7.16107258196e-28
6.80301895286e-28
6.46286800522e-28
6.13972460496e-28
5.83273837471e-28
5.54110145598e-28
5.26404638318e-28
5.00084406402e-28
4.75080186082e-28
4.51326176778e-28
4.28759867939e-28
4.07321874542e-28
3.86955780815e-28
3.67607991774e-28
3.49227592185e-28
3.31766212576e-28
3.15177901947e-28
2.9941900685e-28
2.84448056507e-28
2.70225653682e-28
2.56714370998e-28
2.43878652448e-28
2.31684719826e-28
2.20100483834e-28
2.09095459643e-28
1.9864068666e-28
1.88708652327e-28
1.79273219711e-28
1.70309558726e-28
1.61794080789e-28
1.5370437675e-28
1.46019157912e-28
1.38718200017e-28
1.31782290016e-28
1.25193175515e-28
1.18933516739e-28
1.12986840902e-28
1.07337498857e-28
1.01970623914e-28
9.68720927186e-29
9.20284880827e-29
8.74270636786e-29
8.30557104946e-29
7.89029249699e-29
7.49577787214e-29
7.12098897853e-29
6.76493952961e-29
6.42669255313e-29
6.10535792547e-29
5.8000900292e-29
5.51008552774e-29
5.23458125135e-29
4.97285218878e-29
4.72420957934e-29
4.48799910038e-29
4.26359914536e-29
4.05041918809e-29
3.84789822869e-29
3.65550331725e-29
3.47272815139e-29
3.29909174382e-29
3.13413715663e-29
2.9774302988e-29
2.82855878386e-29
2.68713084466e-29
2.55277430243e-29
2.42513558731e-29
2.30387880794e-29
2.18868486755e-29
2.07925062417e-29
1.97528809296e-29
1.87652368831e-29
1.7826975039e-29
1.6935626287e-29
1.60888449727e-29
1.5284402724e-29
1.45201825878e-29
1.37941734584e-29
1.31044647855e-29
1.24492415462e-29
1.18267794689e-29
1.12354404955e-29
1.06736684707e-29
1.01399850472e-29
9.63298579482e-30
9.15133650508e-30
8.69376967982e-30
8.25908119583e-30
7.84612713604e-30
7.45382077924e-30
7.08112974028e-30
6.72707325326e-30
6.3907195906e-30
6.07118361107e-30
5.76762443052e-30
5.47924320899e-30
5.20528104854e-30
4.94501699611e-30
4.69776614631e-30
4.46287783899e-30
4.23973394704e-30
4.02774724969e-30
3.82635988721e-30
3.63504189285e-30
3.4532897982e-30
3.28062530829e-30
3.11659404288e-30
2.96076434073e-30
2.8127261237e-30
2.67208981751e-30
2.53848532664e-30
2.41156106031e-30
2.29098300729e-30
2.17643385693e-30
2.06761216408e-30
1.96423155588e-30
1.86601997808e-30
1.77271897918e-30
1.68408303022e-30
1.59987887871e-30
1.51988493477e-30
1.44389068803e-30
1.37169615363e-30
1.30311134595e-30
1.23795577865e-30
1.17605798972e-30
1.11725509023e-30
1.06139233572e-30
1.00832271894e-30
9.5790658299e-31
9.1001125384e-31
8.64510691148e-31
8.21285156591e-31
7.80220898761e-31
7.41209853823e-31
7.04149361132e-31
6.68941893075e-31
6.35494798422e-31
6.03720058501e-31
5.73534055576e-31
5.44857352797e-31
5.17614485157e-31
4.91733760899e-31
4.67147072854e-31
4.43789719211e-31
4.21600233251e-31
4.00520221588e-31
3.80494210509e-31
3.61469499983e-31
3.43396024984e-31
3.26226223735e-31
3.09914912548e-31
2.94419166921e-31
2.79698208575e-31
2.65713298146e-31
2.52427633239e-31
2.39806251577e-31
2.27815938998e-31
2.16425142048e-31
2.05603884946e-31
1.95323690698e-31
1.85557506164e-31
1.76279630855e-31
1.67465649313e-31
1.59092366847e-31
1.51137748505e-31
1.43580861079e-31
1.36401818025e-31
1.29581727124e-31
1.23102640768e-31
1.1694750873e-31
1.11100133293e-31
1.05545126628e-31
1.00267870297e-31
9.52544767821e-32
9.0491752943e-32
8.59671652959e-32
8.16688070311e-32
7.75853666795e-32
7.37060983455e-32
7.00207934283e-32
6.65197537569e-32
6.3193766069e-32
6.00340777656e-32
5.70323738773e-32
5.41807551834e-32
5.14717174242e-32
4.8898131553e-32
4.64532249754e-32
4.41305637266e-32
4.19240355403e-32
3.98278337633e-32
3.78364420751e-32
3.59446199714e-32
3.41473889728e-32
3.24400195241e-32
3.08180185479e-32
2.92771176205e-32
2.78132617395e-32
2.64225986525e-32
2.51014687199e-32
2.38463952839e-32
2.26540755197e-32
2.15213717437e-32
2.04453031565e-32
1.94230379987e-32
1.84518860988e-32
1.75292917938e-32
1.66528272042e-32
1.58201858439e-32
1.50291765517e-32
1.42777177242e-32
1.3563831838e-32
1.28856402461e-32
1.22413582338e-32
1.16292903221e-32
1.1047825806e-32
1.04954345157e-32
9.97066278988e-33
9.47212965039e-33
8.99852316787e-33
8.54859700947e-33
8.121167159e-33
7.71510880105e-33
7.329353361e-33
6.96288569295e-33
6.6147414083e-33
6.28400433788e-33
5.96980412099e-33
5.67131391494e-33
5.38774821919e-33
5.11836080823e-33
4.86244276782e-33
4.61932062943e-33
4.38835459796e-33
4.16893686806e-33
3.96049002466e-33
3.76246552343e-33
3.57434224725e-33
3.39562513489e-33
3.22584387815e-33
3.06455168424e-33
2.91132410003e-33
2.76575789503e-33
2.62747000028e-33
2.49609650026e-33
2.37129167525e-33
2.25272709149e-33
2.14009073691e-33
2.03308620007e-33
1.93143189006e-33
1.83486029556e-33
1.74311728078e-33
1.65596141674e-33
1.57316334591e-33
1.49450517861e-33
1.41977991968e-33
1.3487909237e-33
1.28135137751e-33
1.21728380864e-33
1.1564196182e-33
1.09859863729e-33
1.04366870543e-33
9.91485270157e-34
9.41911006649e-34
8.94815456317e-34
8.50074683501e-34
8.07570949326e-34
7.6719240186e-34
7.28832781767e-34
6.92391142678e-34
6.57771585544e-34
6.24883006267e-34
5.93638855954e-34
5.63956913156e-34
5.35759067498e-34
5.08971114123e-34
4.83522558417e-34
4.59346430496e-34
4.36379108972e-34
4.14560153523e-34
3.93832145847e-34
3.74140538555e-34
3.55433511627e-34
3.37661836045e-34
3.20778744243e-34
3.04739807031e-34
2.89502816679e-34
2.75027675846e-34
2.61276292053e-34
2.48212477451e-34
2.35801853578e-34
2.24011760899e-34
2.12811172854e-34
2.02170614211e-34
1.92062083501e-34
1.82458979326e-34
1.7333603036e-34
1.64669228842e-34
1.564357674e-34
1.4861397903e-34
1.41183280078e-34
1.34124116074e-34
1.2741791027e-34
1.21047014757e-34
1.14994664019e-34
1.09244930818e-34
1.03782684277e-34
9.85935500634e-35
9.36638725602e-35
8.89806789322e-35
8.45316449856e-35
8.03050627363e-35
7.62898095995e-35
7.24753191195e-35
6.88515531635e-35
6.54089755054e-35
6.21385267301e-35
5.90316003936e-35
5.60800203739e-35
5.32760193552e-35
5.06122183874e-35
4.80816074681e-35
4.56775270947e-35
4.33936507399e-35
4.12239682029e-35
3.91627697928e-35
3.72046313032e-35
3.5344399738e-35
3.35771797511e-35
3.18983207635e-35
3.03034047254e-35
2.87882344891e-35
2.73488227646e-35
2.59813816264e-35
2.46823125451e-35
2.34481969178e-35
2.22757870719e-35
2.11619977183e-35
2.01038978324e-35
1.90987029408e-35
1.81437677938e-35
1.72365794041e-35
1.63747504339e-35
1.55560129122e-35
1.47782122666e-35
1.40393016532e-35
1.33373365706e-35
1.26704697421e-35
1.20369462549e-35
1.14350989422e-35
1.08633439951e-35
1.03201767953e-35
9.80416795557e-36
9.31395955779e-36
8.8482615799e-36
8.40584850091e-36
7.98555607586e-36
7.58627827207e-36
7.20696435846e-36
6.84661614054e-36
6.50428533351e-36
6.17907106684e-36
5.8701175135e-36
5.57661163782e-36
5.29778105593e-36
5.03289200313e-36
4.78124740298e-36
4.54218503283e-36
4.31507578119e-36
4.09932199213e-36
3.89435589252e-36
3.6996380979e-36
3.514656193e-36
3.33892338335e-36
3.17197721418e-36
3.01337835347e-36
2.8627094358e-36
2.71957396401e-36
2.58359526581e-36
2.45441550252e-36
2.33169472739e-36
2.21510999102e-36
2.10435449147e-36
1.9991367669e-36
1.89917992855e-36
1.80422093213e-36
1.71400988552e-36
1.62830939124e-36
1.54689392168e-36
1.4695492256e-36
1.39607176432e-36
1.3262681761e-36
1.2599547673e-36
1.19695702893e-36
1.13710917749e-36
1.08025371861e-36
1.02624103268e-36
9.74928981046e-37
9.26182531994e-37
8.79873405394e-37
8.35879735125e-37
7.94085748368e-37
7.5438146095e-37
7.16662387903e-37
6.80829268507e-37
6.46787805082e-37
6.14448414828e-37
5.83725994087e-37
5.54539694382e-37
5.26812709663e-37
5.0047207418e-37
4.75448470471e-37
4.51676046947e-37
4.290922446e-37
4.0763763237e-37
3.87255750752e-37
3.67892963214e-37
3.49498315053e-37
3.32023399301e-37
3.15422229336e-37
2.99651117869e-37
2.84668561975e-37
2.70435133877e-37
2.56913377183e-37
2.44067708324e-37
2.31864322907e-37
2.20271106762e-37
2.09257551424e-37
1.98794673853e-37
1.8885494016e-37
1.79412193152e-37
1.70441583495e-37
1.6191950432e-37
1.53823529104e-37
1.46132352649e-37
1.38825735016e-37
1.31884448265e-37
1.25290225852e-37
1.19025714559e-37
1.13074428832e-37
1.0742070739e-37
1.0204967202e-37
9.69471884194e-38
9.20998289985e-38
8.74948375485e-38
8.31200956711e-38
7.89640908876e-38
7.50158863432e-38
7.1265092026e-38
6.77018374247e-38
6.43167455535e-38
6.11009082758e-38
5.8045862862e-38
5.51435697189e-38
5.2386391233e-38
4.97670716713e-38
4.72787180878e-38
4.49147821834e-38
4.26690430742e-38
4.05355909205e-38
3.85088113745e-38
3.65833708057e-38
3.47542022655e-38
3.30164921522e-38
3.13656675446e-38
2.97973841673e-38
2.8307514959e-38
2.6892139211e-38
2.55475322505e-38
2.4270155638e-38
2.30566478561e-38
2.19038154633e-38
2.08086246901e-38
1.97681934556e-38
1.87797837828e-38
1.78407945937e-38
1.6948754864e-38
1.61013171208e-38
1.52962512647e-38
1.45314387015e-38
1.38048667664e-38
1.31146234281e-38
1.24588922567e-38
1.18359476439e-38
1.12441502617e-38
1.06819427486e-38
1.01478456112e-38
9.6404533306e-39
9.15843066407e-39
8.70050913087e-39
8.26548367433e-39
7.85220949061e-39
7.45959901608e-39
7.08661906528e-39
6.73228811201e-39
6.39567370641e-39
6.07589002109e-39
5.77209552004e-39
5.48349074403e-39
5.20931620683e-39
4.94885039649e-39
4.70140787667e-39
4.46633748283e-39
4.24302060869e-39
4.03086957826e-39
3.82932609934e-39
3.63785979438e-39
3.45596680466e-39
3.28316846443e-39
3.1190100412e-39
2.96305953914e-39
2.81490656219e-39
2.67416123408e-39
2.54045317237e-39
2.41343051375e-39
2.29275898807e-39
2.17812103866e-39
2.06921498673e-39
1.96575423739e-39
1.86746652552e-39
1.77409319925e-39
1.68538853929e-39
1.60111911232e-39
1.52106315671e-39
1.44500999887e-39
1.37275949893e-39
1.30412152398e-39
1.23891544778e-39
1.17696967539e-39
1.11812119162e-39
1.06221513204e-39
1.00910437544e-39
9.58649156667e-40
9.10716698834e-40
8.65180863892e-40
8.21921820698e-40
7.80825729663e-40
7.4178444318e-40
7.04695221021e-40
6.6946045997e-40
6.35987436971e-40
6.04188065123e-40
5.73978661866e-40
5.45279728773e-40
5.18015742334e-40
4.92114955218e-40
4.67509207457e-40
4.44133747084e-40
4.2192705973e-40
4.00830706743e-40
3.80789171406e-40
3.61749712836e-40
3.43662227194e-40
3.26479115834e-40
3.10155160043e-40
2.94647402041e-40
2.79915031938e-40
2.65919280342e-40
2.52623316324e-40
2.39992150508e-40
2.27992542983e-40
2.16592915834e-40
2.05763270042e-40
1.9547510654e-40
1.85701351213e-40
1.76416283652e-40
1.6759546947e-40
1.59215695996e-40
1.51254911196e-40
1.43692165637e-40
1.36507557355e-40
1.29682179487e-40
1.23198070513e-40
1.17038166987e-40
1.11186258638e-40
1.05626945706e-40
1.0034559842e-40
9.53283184995e-41
9.05619025745e-41
8.60338074458e-41
8.17321170735e-41
7.76455112198e-41
7.37632356588e-41
7.00750738759e-41
6.65713201821e-41
6.3242754173e-41
6.00806164643e-41
5.70765856411e-41
5.42227563591e-41
5.15116185411e-41
4.8936037614e-41
4.64892357333e-41
4.41647739467e-41
4.19565352493e-41
3.98587084869e-41
3.78657730625e-41
3.59724844094e-41
3.41738601889e-41
3.24651671795e-41
3.08419088205e-41
2.92998133795e-41
2.78348227105e-41
2.6443081575e-41
2.51209274962e-41
2.38648811214e-41
2.26716370654e-41
2.15380552121e-41
2.04611524515e-41
1.94380948289e-41
1.84661900875e-41
1.75428805831e-41
1.66657365539e-41
1.58324497262e-41
1.50408272399e-41
1.42887858779e-41
1.3574346584e-41
1.28956292548e-41
1.22508477921e-41
1.16383054025e-41
1.10563901324e-41
1.05035706257e-41
9.97839209446e-42
9.47947248973e-42
9.00549886525e-42
8.55522392198e-42
8.12746272589e-42
7.72108958959e-42
7.33503511011e-42
6.96828335461e-42
6.61986918688e-42
6.28887572753e-42
5.97443194116e-42
5.6757103441e-42
5.39192482689e-42
5.12232858555e-42
4.86621215627e-42
4.62290154846e-42
4.39175647103e-42
4.17216864748e-42
3.96356021511e-42
3.76538220435e-42
3.57711309414e-42
3.39825743943e-42
3.22834456746e-42
3.06692733908e-42
2.91358097213e-42
2.76790192352e-42
2.62950682735e-42
2.49803148598e-42
2.37312991168e-42
2.2544734161e-42
2.14174974529e-42
2.03466225803e-42
1.93292914513e-42
1.83628268787e-42
1.74446855348e-42
1.6572451258e-42
1.57438286951e-42
1.49566372604e-42
1.42088053973e-42
1.34983651275e-42
1.28234468711e-42
1.21822745276e-42
1.15731608012e-42
1.09945027611e-42
1.04447776231e-42
9.92253874191e-43
9.42641180481e-43
8.95509121457e-43
8.50733665384e-43
8.08196982115e-43
7.67787133009e-43
7.29397776359e-43
6.92927887541e-43
6.58281493164e-43
6.25367418506e-43
5.9409904758e-43
5.64394095201e-43
5.36174390441e-43
5.09365670919e-43
4.83897387373e-43
4.59702518005e-43
4.36717392104e-43
4.14881522499e-43
3.94137446374e-43
3.74430574055e-43
3.55709045353e-43
3.37923593085e-43
3.21027413431e-43
3.04976042759e-43
2.89727240621e-43
2.7524087859e-43
2.61478834661e-43
2.48404892928e-43
2.35984648281e-43
2.24185415867e-43
2.12976145074e-43
2.0232733782e-43
1.92210970929e-43
1.82600422383e-43
1.73470401264e-43
1.647968812e-43
1.5655703714e-43
1.48729185283e-43
1.41292726019e-43
1.34228089718e-43
1.27516685232e-43
1.21140850971e-43
1.15083808422e-43
1.09329618001e-43
1.03863137101e-43
9.8669980246e-44
9.37364812337e-44
8.9049657172e-44
8.45971743134e-44
8.03673155977e-44
7.63489498178e-44
7.25315023269e-44
6.89049272106e-44
6.54596808501e-44
6.21866968076e-44
5.90773619672e-44
5.61234938688e-44
5.33173191754e-44
5.06514532166e-44
4.81188805558e-44
4.5712936528e-44
4.34272897016e-44
4.12559252165e-44
3.91931289557e-44
3.72334725079e-44
3.53717988825e-44
3.36032089384e-44
3.19230484915e-44
3.03268960669e-44
2.88105512635e-44
2.73700237004e-44
2.60015225153e-44
2.47014463896e-44
2.34663740701e-44
2.22930553666e-44
2.11784025983e-44
2.01194824684e-44
1.91135083449e-44
1.81578329277e-44
1.72499412813e-44
1.63874442172e-44
1.55680720064e-44
1.47896684061e-44
1.40501849858e-44
1.33476757365e-44
1.26802919496e-44
1.20462773522e-44
1.14439634846e-44
1.08717653103e-44
1.03281770448e-44
9.81176819257e-45
9.32117978294e-45
8.85512079379e-45
8.4123647541e-45
7.9917465164e-45
7.59215919058e-45
7.21255123105e-45
6.8519236695e-45
6.50932748602e-45
6.18386111172e-45
5.87466805614e-45
5.58093465333e-45
5.30188792066e-45
5.03679352463e-45
4.7849538484e-45
4.54570615598e-45
4.31842084818e-45
4.10249980577e-45
3.89737481548e-45
3.70250607471e-45
3.51738077097e-45
3.34151173242e-45
3.1744361458e-45
3.01571433851e-45
2.86492862159e-45
2.72168219051e-45
2.58559808098e-45
2.45631817693e-45
2.33350226809e-45
2.21682715468e-45
2.10598579695e-45
2.0006865071e-45
1.90065218175e-45
1.80561957266e-45
1.71533859403e-45
1.62957166432e-45
1.54809308111e-45
1.47068842705e-45
1.3971540057e-45
1.32729630541e-45
1.26093149014e-45
1.19788491564e-45
1.13799066985e-45
1.08109113636e-45
1.02703657954e-45
9.75684750567e-46
9.26900513039e-46
8.80555487387e-46
8.36527713017e-46
7.94701327366e-46
7.54966260998e-46
7.17217947948e-46
6.81357050551e-46
6.47289198023e-46
6.14924738122e-46
5.84178501216e-46
5.54969576155e-46
5.27221097347e-46
5.0086004248e-46
4.75817040356e-46
4.52026188338e-46
4.29424878921e-46
4.07953634975e-46
3.87555953227e-46
3.68178155565e-46
3.49769247787e-46
3.32280785398e-46
3.15666746128e-46
2.99883408821e-46
2.8488923838e-46
2.70644776461e-46
2.57112537638e-46
2.44256910756e-46
2.32044065218e-46
2.20441861958e-46
2.0941976886e-46
1.98948780417e-46
1.89001341396e-46
1.79551274326e-46
1.7057371061e-46
1.62045025079e-46
1.53942773825e-46
1.46245635134e-46
1.38933353377e-46
1.31986685708e-46
1.25387351423e-46
1.19117983852e-46
1.13162084659e-46
1.07503980426e-46
1.02128781405e-46
9.70223423348e-47
9.2171225218e-47
8.75626639571e-47
8.31845307593e-47
7.90253042213e-47
7.50740390102e-47
7.13203370597e-47
6.77543202067e-47
6.43666041964e-47
6.11482739866e-47
5.80908602873e-47
5.51863172729e-47
5.24270014092e-47
4.98056513388e-47
4.73153687718e-47
4.49496003333e-47
4.27021203166e-47
4.05670143008e-47
3.85386635857e-47
3.66117304064e-47
3.47811438861e-47
3.30420866918e-47
3.13899823572e-47
2.98204832394e-47
2.83294590774e-47
2.69129861235e-47
2.55673368173e-47
2.42889699765e-47
2.30745214777e-47
2.19207954038e-47
2.08247556336e-47
1.97835178519e-47
1.87943419593e-47
1.78546248613e-47
1.69618936183e-47
1.61137989374e-47
1.53081089905e-47
1.4542703541e-47
1.38155683639e-47
1.31247899457e-47
1.24685504484e-47
1.1845122926e-47
1.12528667797e-47
1.06902234407e-47
1.01557122687e-47
9.64792665526e-48
9.1655303225e-48
8.70725380637e-48
8.27189111605e-48
7.85829656025e-48
7.46538173224e-48
7.09211264563e-48
6.73750701334e-48
6.40063166268e-48
6.08060007954e-48
5.77657007557e-48
5.48774157179e-48
5.2133544932e-48
4.95268676854e-48
4.70505243011e-48
4.46979980861e-48
4.24630981818e-48
4.03399432727e-48
3.8322946109e-48
3.64067988036e-48
3.45864588634e-48
3.28571359202e-48
3.12142791242e-48
2.9653565168e-48
2.81708869096e-48
2.67623425641e-48
2.54242254359e-48
2.41530141641e-48
2.29453634559e-48
2.17980952831e-48
2.0708190519e-48
1.9672780993e-48
1.86891419434e-48
1.77546848462e-48
1.68669506039e-48
1.60236030737e-48
1.522242292e-48
1.4461301774e-48
1.37382366853e-48
1.3051324851e-48
1.23987586085e-48
1.17788206781e-48
1.11898796442e-48
1.0630385662e-48
1.00988663789e-48
9.59392305991e-49
9.11422690692e-49
8.65851556157e-49
8.22558978349e-49
7.81431029432e-49
7.4235947796e-49
7.05241504062e-49
6.69979428859e-49
6.36480457416e-49
6.04656434545e-49
5.74423612818e-49
5.45702432177e-49
5.18417310568e-49
4.9249644504e-49
4.67871622788e-49
4.44478041649e-49
4.22254139566e-49
4.01141432588e-49
3.81084360958e-49
3.62030142911e-49
3.43928635765e-49
3.26732203977e-49
3.10395593778e-49
2.94875814089e-49
2.80132023385e-49
2.66125422215e-49
2.52819151105e-49
2.40178193549e-49
2.28169283872e-49
2.16760819678e-49
2.05922778694e-49
1.9562663976e-49
1.85845307772e-49
1.76553042383e-49
1.67725390264e-49
1.59339120751e-49
1.51372164713e-49
1.43803556478e-49
1.36613378654e-49
1.29782709721e-49
1.23293574235e-49
1.17128895523e-49
1.11272450747e-49
1.0570882821e-49
1.00423386799e-49
9.54022174592e-50
9.06321065863e-50
8.6100501257e-50
8.17954761941e-50
7.77057023844e-50
7.38204172652e-50
7.01293964019e-50
6.66229265818e-50
6.32917802527e-50
6.01271912401e-50
5.71208316781e-50
5.42647900942e-50
5.15515505895e-50
4.897397306e-50
4.6525274407e-50
4.41990106867e-50
4.19890601523e-50
3.98896071447e-50
3.78951267875e-50
3.60003704481e-50
3.42003519257e-50
3.24903343294e-50
3.08658176129e-50
2.93225267323e-50
2.78564003957e-50
2.64635803759e-50
2.51404013571e-50
2.38833812892e-50
2.26892122248e-50
2.15547516135e-50
2.04770140329e-50
1.94531633312e-50
1.84805051647e-50
1.75564799064e-50
1.66786559111e-50
1.58447231156e-50
1.50524869598e-50
1.42998626118e-50
1.35848694812e-50
1.29056260071e-50
1.22603447068e-50
1.16473274714e-50
1.10649610979e-50
1.0511713043e-50
9.98612739083e-51
9.48682102128e-51
9.01247997022e-51
8.56185597171e-51
8.13376317312e-51
7.72707501447e-51
7.34072126374e-51
6.97368520056e-51
6.62500094053e-51
6.2937508935e-51
5.97906334883e-51
5.68011018139e-51
5.39610467232e-51
5.1262994387e-51
4.86998446677e-51
4.62648524343e-51
4.39516098126e-51
4.17540293219e-51
3.96663278558e-51
3.7683011463e-51
3.57988608899e-51
3.40089178454e-51
3.23084719531e-51
3.06930483555e-51
2.91583959377e-51
2.77004761408e-51
2.63154523338e-51
2.49996797171e-51
2.37496957312e-51
2.25622109447e-51
2.14341003974e-51
2.03623953776e-51
1.93442756087e-51
1.83770618283e-51
1.74582087368e-51
1.65852983e-51
1.5756033385e-51
1.49682317157e-51
1.421982013e-51
1.35088291235e-51
1.28333876673e-51
1.21917182839e-51
1.15821323697e-51
1.10030257512e-51
1.04528744637e-51
9.9302307405e-52
9.43371920347e-52
8.9620332433e-52
8.51393158113e-52
8.08823500208e-52
7.68382325197e-52
7.29963208937e-52
6.9346504849e-52
6.58791796066e-52
6.25852206263e-52
5.9455959595e-52
5.64831616152e-52
5.36590035344e-52
5.09760533577e-52
4.84272506898e-52
4.60058881553e-52
4.37055937476e-52
4.15203140602e-52
3.94442983572e-52
3.74720834393e-52
3.55984792674e-52
3.3818555304e-52
3.21276275388e-52
3.05212461619e-52
2.89951838538e-52
2.75454246611e-52
2.6168153428e-52
2.48597457566e-52
2.36167584688e-52
2.24359205453e-52
2.13141245181e-52
2.02484182922e-52
1.92359973776e-52
1.82741975087e-52
1.73604876333e-52
1.64924632516e-52
1.5667840089e-52
1.48844480846e-52
1.41402256803e-52
1.34332143963e-52
1.27615536765e-52
1.21234759927e-52
1.1517302193e-52
1.09414370834e-52
1.03943652292e-52
9.87464696776e-53
9.38091461937e-53
8.9118688884e-53
8.46627544398e-53
8.04296167178e-53
7.64081358819e-53
7.25877290879e-53
6.89583426335e-53
6.55104255018e-53
6.22349042267e-53
5.91231590154e-53
5.61670010646e-53
5.33586510114e-53
5.06907184608e-53
4.81561825378e-53
4.57483734109e-53
4.34609547403e-53
4.12879070033e-53
3.92235116531e-53
3.72623360705e-53
3.5399219267e-53
3.36292583036e-53
3.19477953884e-53
3.0350405619e-53
2.88328853381e-53
2.73912410712e-53
2.60216790176e-53
2.47205950667e-53
2.34845653134e-53
2.23103370477e-53
2.11948201953e-53
2.01350791856e-53
1.91283252263e-53
1.8171908965e-53
1.72633135167e-53
1.64001478409e-53
1.55801404488e-53
1.48011334264e-53
1.40610767551e-53
1.33580229173e-53
1.26901217715e-53
1.20556156829e-53
1.14528348987e-53
1.08801931538e-53
1.03361834961e-53
9.81937432131e-54
9.32840560524e-54
8.86198532498e-54
8.41888605873e-54
7.9979417558e-54
7.59804466801e-54
7.21814243461e-54
6.85723531288e-54
6.51437354723e-54
6.18865486987e-54
5.87922212638e-54
5.58526102006e-54
5.30599796905e-54
5.0406980706e-54
4.78866316707e-54
4.54923000872e-54
4.32176850828e-54
4.10568008287e-54
3.90039607872e-54
3.70537627479e-54
3.52010746105e-54
3.344102088e-54
3.1768969836e-54
3.01805213442e-54
2.8671495277e-54
2.72379205131e-54
2.58760244875e-54
2.45822232631e-54
2.33531120999e-54
2.21854564949e-54
2.10761836702e-54
2.00223744867e-54
1.90212557623e-54
1.80701929742e-54
1.71666833255e-54
1.63083491592e-54
1.54929317013e-54
1.47182851162e-54
1.39823708604e-54
1.32832523174e-54
1.26190897015e-54
1.19881352164e-54
1.13887284556e-54
1.08192920328e-54
1.02783274312e-54
9.76441105963e-55
9.27619050665e-55
8.81238098132e-55
8.37176193225e-55
7.95317383564e-55
7.55551514386e-55
7.17773938667e-55
6.81885241733e-55
6.47790979647e-55
6.15401430664e-55
5.84631359131e-55
5.55399791175e-55
5.27629801616e-55
5.01248311535e-55
4.76185895958e-55
4.5237660116e-55
4.29757771102e-55
4.08269882547e-55
3.8785638842e-55
3.68463568999e-55
3.50040390549e-55
3.32538371021e-55
3.1591145247e-55
3.00115879847e-55
2.85110085855e-55
2.70854581562e-55
2.57311852484e-55
2.4444625986e-55
2.32223946867e-55
2.20612749523e-55
2.09582112047e-55
1.99103006445e-55
1.89147856122e-55
1.79690463316e-55
1.70705940151e-55
1.62170643143e-55
1.54062110986e-55
1.46359005437e-55
1.39041055165e-55
1.32089002406e-55
1.25484552286e-55
1.19210324672e-55
1.13249808438e-55
1.07587318016e-55
1.02207952116e-55
9.70975545098e-56
9.22426767843e-56
8.76305429451e-56
8.32490157978e-56
7.90865650079e-56
7.51322367575e-56
7.13756249196e-56
6.78068436737e-56
6.441650149e-56
6.11956764155e-56
5.81358925947e-56
5.5229097965e-56
5.24676430667e-56
4.98442609134e-56
4.73520478677e-56
4.49844454743e-56
4.27352232006e-56
4.05984620406e-56
3.85685389386e-56
3.66401119916e-56
3.4808106392e-56
3.30677010724e-56
3.14143160188e-56
2.98436002179e-56
2.8351420207e-56
2.69338491966e-56
2.55871567368e-56
2.43077989e-56
2.3092408955e-56
2.19377885072e-56
2.08408990819e-56
1.97988541278e-56
1.88089114214e-56
1.78684658503e-56
1.69750425578e-56
1.61262904299e-56
1.53199759084e-56
1.4553977113e-56
1.38262782573e-56
1.31349643445e-56
1.24782161272e-56
1.18543053209e-56
1.12615900548e-56
1.06985105521e-56
1.01635850245e-56
9.65540577327e-57
9.17263548461e-57
8.71400371038e-57
8.27830352486e-57
7.86438834861e-57
7.47116893118e-57
7.09761048462e-57
6.74272996039e-57
6.40559346237e-57
6.08531378925e-57
5.78104809979e-57
5.4919956948e-57
5.21739591006e-57
4.95652611456e-57
4.70869980883e-57
4.47326481839e-57
4.24960157747e-57
4.0371214986e-57
3.83526542367e-57
3.64350215248e-57
3.46132704486e-57
3.28826069262e-57
3.12384765799e-57
2.96765527509e-57
2.81927251133e-57
2.67830888577e-57
2.54439344148e-57
2.4171737694e-57
2.29631508093e-57
2.18149932689e-57
2.07242436054e-57
1.96880314251e-57
1.87036298539e-57
1.77684483612e-57
1.68800259431e-57
1.6036024646e-57
1.52342234137e-57
1.4472512243e-57
1.37488866308e-57
1.30614422993e-57
1.24083701843e-57
1.17879516751e-57
1.11985540914e-57
1.06386263868e-57
1.01066950675e-57
9.60136031409e-58
9.12129229838e-58
8.66522768346e-58
8.23196629929e-58
7.82036798432e-58
7.42934958511e-58
7.05788210585e-58
6.70498800056e-58
6.36973860053e-58
6.05125167051e-58
5.74868908698e-58
5.46125463263e-58
5.188191901e-58
4.92878230595e-58
4.68234319065e-58
4.44822603112e-58
4.22581472956e-58
4.01452399309e-58
3.81379779343e-58
3.62310790376e-58
3.44195250857e-58
3.26985488314e-58
3.10636213899e-58
2.95104403204e-58
2.80349183043e-58
2.66331723891e-58
2.53015137697e-58
2.40364380812e-58
2.28346161771e-58
2.16928853683e-58
2.06082410999e-58
1.95778290449e-58
1.85989375926e-58
1.7668990713e-58
1.67855411773e-58
1.59462641185e-58
1.51489509126e-58
1.43915033669e-58
1.36719281986e-58
1.29883317886e-58
1.23389151992e-58
1.17219694393e-58
1.11358709673e-58
1.05790774189e-58
1.0050123548e-58
9.54761737058e-59
9.07023650205e-59
8.61672467695e-59
8.1858884431e-59
7.77659402095e-59
7.3877643199e-59
7.01837610391e-59
6.66745729871e-59
6.33408443378e-59
6.01738021209e-59
5.71651120148e-59
5.43068564141e-59
5.15915135934e-59
4.90119379137e-59
4.6561341018e-59
4.42332739671e-59
4.20216102688e-59
3.99205297553e-59
3.79245032676e-59
3.60282781042e-59
3.4226864199e-59
3.2515520989e-59
3.08897449396e-59
2.93452576926e-59
2.7877994808e-59
2.64840950676e-59
2.51598903142e-59
2.39018957985e-59
2.27068010086e-59
2.15714609581e-59
2.04928879102e-59
1.94682435147e-59
1.8494831339e-59
1.7570089772e-59
1.66915852834e-59
1.58570060193e-59
1.50641557183e-59
1.43109479324e-59
1.35954005358e-59
1.2915630509e-59
1.22698489835e-59
1.16563565343e-59
1.10735387076e-59
1.05198617722e-59
9.99386868363e-60
9.49417524945e-60
9.01946648698e-60
8.56849316263e-60
8.1400685045e-60
7.73306507927e-60
7.34641182531e-60
6.97909123404e-60
6.63013667234e-60
6.29862983873e-60
5.98369834679e-60
5.68451342945e-60
5.40028775798e-60
5.13027337008e-60
4.87375970157e-60
4.6300717165e-60
4.39856813067e-60
4.17863972414e-60
3.96970773793e-60
3.77122235103e-60
3.58266123348e-60
3.40352817181e-60
3.23335176322e-60
3.07168417506e-60
2.9180999663e-60
2.77219496799e-60
2.63358521959e-60
2.50190595861e-60
2.37681066068e-60
2.25797012765e-60
2.14507162126e-60
2.0378180402e-60
1.93592713819e-60
1.83913078128e-60
1.74717424222e-60
1.65981553011e-60
1.5768247536e-60
1.49798351592e-60
1.42308434012e-60
1.35193012312e-60
1.28433361696e-60
1.22011693611e-60
1.15911108931e-60
1.10115553484e-60
1.0460977581e-60
9.93792870196e-61
9.44103226686e-61
8.96898065352e-61
8.52053162084e-61
8.0945050398e-61
7.68977978781e-61
7.30529079842e-61
6.9400262585e-61
6.59302494557e-61
6.26337369829e-61
5.95020501338e-61
5.65269476271e-61
5.37006002457e-61
5.10155702335e-61
4.84647917218e-61
4.60415521357e-61
4.37394745289e-61
4.15525008025e-61
3.94748757623e-61
3.75011319742e-61
3.56260753755e-61
3.38447716067e-61
3.21525330264e-61
3.05449063751e-61
2.90176610563e-61
2.75667780035e-61
2.61884391033e-61
2.48790171482e-61
2.36350662908e-61
2.24533129762e-61
2.13306473274e-61
2.0264114961e-61
1.9250909213e-61
1.82883637523e-61
1.73739455647e-61
1.65052482865e-61
1.56799858722e-61
1.48959865786e-61
1.41511872496e-61
1.34436278871e-61
1.27714464928e-61
1.21328741681e-61
1.15262304597e-61
1.09499189368e-61
1.04024229899e-61
9.88230184042e-62
9.3881867484e-62
8.91877741098e-62
8.47283854043e-62
8.04919661341e-62
7.64673678274e-62
7.2643999436e-62
6.90117994642e-62
6.5561209491e-62
6.22831490165e-62
5.91689915656e-62
5.62105419874e-62
5.3400014888e-62
5.07300141436e-62
4.81935134364e-62
4.57838377646e-62
4.34946458764e-62
4.13199135825e-62
3.92539179034e-62
3.72912220082e-62
3.54266609078e-62
3.36553278624e-62
3.19725614693e-62
3.03739333958e-62
2.88552367261e-62
2.74124748898e-62
2.60418511453e-62
2.4739758588e-62
2.35027706586e-62
2.23276321257e-62
2.12112505194e-62
2.01506879934e-62
1.91431535937e-62
1.81859959141e-62
1.72766961184e-62
1.64128613124e-62
1.55922182468e-62
1.48126073345e-62
1.40719769678e-62
1.33683781194e-62
1.26999592134e-62
1.20649612527e-62
1.14617131901e-62
1.08886275306e-62
1.03441961541e-62
9.82698634635e-63
9.33563702904e-63
8.86885517758e-63
8.42541241871e-63
8.00414179777e-63
7.60393470788e-63
7.22373797249e-63
6.86255107386e-63
6.51942352017e-63
6.19345234416e-63
5.88377972695e-63
5.58959074061e-63
5.31011120358e-63
5.0446056434e-63
4.79237536123e-63
4.55275659317e-63
4.32511876351e-63
4.10886282533e-63
3.90341968407e-63
3.70824869986e-63
3.52283626487e-63
3.34669445163e-63
3.17935972904e-63
3.02039174259e-63
2.86937215546e-63
2.72590354769e-63
2.5896083703e-63
2.46012795179e-63
2.3371215542e-63
2.22026547649e-63
2.10925220267e-63
2.00378959253e-63
1.90360011291e-63
1.80842010726e-63
1.7179991019e-63
1.6320991468e-63
1.55049418946e-63
1.47296947999e-63
1.39932100599e-63
1.32935495569e-63
1.26288720791e-63
1.19974284751e-63
1.13975570514e-63
1.08276791988e-63
1.02862952388e-63
9.7719804769e-64
9.28338145306e-64
8.8192123804e-64
8.37825176138e-64
7.95933917331e-64
7.56137221465e-64
7.18330360392e-64
6.82413842372e-64
6.48293150253e-64
6.15878492741e-64
5.85084568104e-64
5.55830339699e-64
5.28038822714e-64
5.01636881578e-64
4.76555037499e-64
4.52727285624e-64
4.30090921343e-64
4.08586375276e-64
3.88157056512e-64
3.68749203686e-64
3.50311743502e-64
3.32796156327e-64
3.16156348511e-64
3.00348531085e-64
2.85331104531e-64
2.71064549304e-64
2.57511321839e-64
2.44635755747e-64
2.3240396796e-64
2.20783769562e-64
2.09744581084e-64
1.99257352029e-64
1.89294484428e-64
1.79829760207e-64
1.70838272196e-64
1.62296358586e-64
1.54181540657e-64
1.46472463624e-64
1.39148840443e-64
1.32191398421e-64
1.255818285e-64
1.19302737075e-64
1.13337600221e-64
1.0767072021e-64
1.022871842e-64
9.71728249896e-65
9.23141837401e-65
8.76984745531e-65
8.33135508255e-65
7.91478732842e-65
7.519047962e-65
7.1430955639e-65
6.7859407857e-65
6.44664374642e-65
6.1243115591e-65
5.81809598114e-65
5.52719118208e-65
5.25083162298e-65
4.98829004183e-65
4.73887553974e-65
4.50193176275e-65
4.27683517462e-65
4.06299341588e-65
3.85984374509e-65
3.66685155784e-65
3.48350897994e-65
3.30933353095e-65
3.1438668544e-65
2.98667351168e-65
2.8373398361e-65
2.69547284429e-65
2.56069920208e-65
2.43266424197e-65
2.31103102987e-65
2.19547947838e-65
2.08570550446e-65
1.98142022924e-65
1.88234921778e-65
1.78823175689e-65
1.69882016904e-65
1.61387916059e-65
1.53318520256e-65
1.45652594243e-65
1.38369964531e-65
1.31451466305e-65
1.24878892989e-65
1.1863494834e-65
1.12703200923e-65
1.07068040877e-65
1.01714638833e-65
9.66289068913e-66
9.17974615467e-66
8.72075884694e-66
8.28472090459e-66
7.87048485936e-66
7.47696061639e-66
7.10311258557e-66
6.74795695629e-66
6.41055910848e-66
6.09003115306e-66
5.7855295954e-66
5.49625311563e-66
5.22144045985e-66
4.96036843686e-66
4.71235001502e-66
4.47673251426e-66
4.25289588855e-66
4.04025109412e-66
3.83823853942e-66
3.64632661245e-66
3.46401028182e-66
3.29080976773e-66
3.12626927935e-66
2.96995581538e-66
2.82145802461e-66
2.68038512338e-66
2.54636586721e-66
2.41904757385e-66
2.29809519516e-66
2.1831904354e-66
2.07403091363e-66
1.97032936795e-66
1.87181289955e-66
1.77822225457e-66
1.68931114184e-66
1.60484558475e-66
1.52460330551e-66
1.44837314024e-66
1.37595448323e-66
1.30715675907e-66
1.24179892111e-66
1.17970897506e-66
1.1207235263e-66
1.06468734999e-66
1.01145298249e-66
9.60880333365e-67
9.12836316697e-67
8.67194500862e-67
8.23834775819e-67
7.82643037028e-67
7.43510885176e-67
7.06335340918e-67
6.71018573872e-67
6.37467645178e-67
6.05594262919e-67
5.75314549773e-67
5.46548822285e-67
5.1922138117e-67
4.93260312112e-67
4.68597296506e-67
4.45167431681e-67
4.22909060097e-67
4.01763607092e-67
3.81675426737e-67
3.62591655401e-67
3.44462072631e-67
3.27238968999e-67
3.10877020549e-67
2.95333169522e-67
2.80566511046e-67
2.66538185493e-67
2.53211276219e-67
2.40550712408e-67
2.28523176787e-67
2.17097017948e-67
2.06242167051e-67
1.95930058698e-67
1.86133555763e-67
1.76826877975e-67
1.67985534076e-67
1.59586257372e-67
1.51606944504e-67
1.44026597279e-67
1.36825267415e-67
1.29984004044e-67
1.23484803842e-67
1.1731056365e-67
1.11445035467e-67
1.05872783694e-67
1.00579144509e-67
9.55501872837e-68
9.07726779195e-68
8.62340440235e-68
8.19223418223e-68
7.78262247312e-68
7.39349134946e-68
7.02381678199e-68
6.67262594289e-68
6.33899464575e-68
6.02204491346e-68
5.72094266779e-68
5.4348955344e-68
5.16315075768e-68
4.90499321979e-68
4.6597435588e-68
4.42675638086e-68
4.20541856182e-68
3.99514763373e-68
3.79539025204e-68
3.60562073944e-68
3.42533970247e-68
3.25407271735e-68
3.09136908148e-68
2.9368006274e-68
2.78996059603e-68
2.65046256623e-68
2.51793943792e-68
2.39204246602e-68
2.27244034272e-68
2.15881832559e-68
2.05087740931e-68
1.94833353884e-68
1.8509168619e-68
1.75837101881e-68
1.67045246787e-68
1.58692984447e-68
1.50758335225e-68
1.43220418464e-68
1.3605939754e-68
1.29256427663e-68
1.2279360628e-68
1.16653925966e-68
1.10821229668e-68
1.05280168185e-68
1.00016159775e-68
9.50153517865e-69
9.02645841972e-69
8.57513549873e-69
8.1463787238e-69
7.73905978761e-69
7.35210679823e-69
6.98450145831e-69
6.6352763854e-69
6.30351256613e-69
5.98833693782e-69
5.68892009093e-69
5.40447408638e-69
5.13425038207e-69
4.87753786296e-69
4.63366096981e-69
4.40197792132e-69
4.18187902526e-69
3.97278507399e-69
3.77414582029e-69
3.58543852928e-69
3.40616660282e-69
3.23585827268e-69
3.07406535904e-69
2.92036209109e-69
2.77434398653e-69
2.63562678721e-69
2.50384544785e-69
2.37865317546e-69
2.25972051668e-69
2.14673449085e-69
2.03939776631e-69
1.93742787799e-69
1.84055648409e-69
1.74852865989e-69
1.66110222689e-69
1.57804711555e-69
1.49914475977e-69
1.42418752178e-69
1.35297814569e-69
1.28532923841e-69
1.22106277649e-69
1.16000963766e-69
1.10200915578e-69
1.04690869799e-69
9.94563263092e-70
9.44835099937e-70
8.9759334494e-70
8.52713677693e-70
8.10077993808e-70
7.69574094118e-70
7.31095389412e-70
6.94540619942e-70
6.59813588944e-70
6.26822909497e-70
5.95481764022e-70
5.65707675821e-70
5.3742229203e-70
5.10551177429e-70
4.85023618557e-70
4.60772437629e-70
4.37733815748e-70
4.15847124961e-70
3.95054768712e-70
3.75302030277e-70
3.56536928763e-70
3.38710082325e-70
3.21774578209e-70
3.05685849298e-70
2.90401556833e-70
2.75881478992e-70
2.62087405042e-70
2.4898303479e-70
2.3653388305e-70
2.24707188898e-70
2.13471829453e-70
2.0279823798e-70
1.92658326081e-70
1.83025409777e-70
1.73874139288e-70
1.65180432324e-70
1.56921410708e-70
1.49075340172e-70
1.41621573164e-70
1.34540494506e-70
1.2781346978e-70
1.21422796291e-70
1.15351656477e-70
1.09584073653e-70
1.0410486997e-70
9.88996264717e-71
9.39546451482e-71
8.92569128908e-71
8.47940672462e-71
8.05543638839e-71
7.65266456897e-71
7.27003134052e-71
6.9065297735e-71
6.56120328482e-71
6.23314312058e-71
5.92148596455e-71
5.62541166632e-71
5.34414108301e-71
5.07693402886e-71
4.82308732741e-71
4.58193296104e-71
4.35283631299e-71
4.13519449734e-71
3.92843477247e-71
3.73201303385e-71
3.54541238216e-71
3.36814176305e-71
3.1997346749e-71
3.03974794115e-71
2.8877605441e-71
2.74337251689e-71
2.60620389105e-71
2.47589369649e-71
2.35209901167e-71
2.23449406109e-71
2.12276935803e-71
2.01663089013e-71
1.91579934562e-71
1.82000937834e-71
1.72900890943e-71
1.64255846395e-71
1.56043054076e-71
1.48240901372e-71
1.40828856303e-71
1.33787413488e-71
1.27098042814e-71
1.20743140673e-71
1.14705983639e-71
1.08970684457e-71
1.03522150235e-71
9.83460427228e-72
9.34287405866e-72
8.87573035573e-72
8.43194383794e-72
8.01034664605e-72
7.60982931374e-72
7.22933784806e-72
6.86787095565e-72
6.52447740787e-72
6.19825353748e-72
5.8883408606e-72
5.59392381757e-72
5.3142276267e-72
5.04851624536e-72
4.79609043309e-72
