1.30263213573
-0.284193927937
0.0967488144155
-0.218386498332
0.288307997697
0.0474456884849
-0.0863717497948
0.403853894416
-0.496922776012
0.439029515897
-0.103850079173
0.397157866146
-0.330235928868
-0.0535072700529
0.00953906331526
0.0369150609673
0.758966807569
-0.291363893457
0.109599581673
-0.44921346728
0.50455372895
-0.0763883286049
0.101358685337
0.0177140504751
-0.381288790294
0.357730163466
-0.0145860754361
0.527785627423
-0.588557327693
0.0260534367641
-0.175564778376
0.288562524177
0.381604645571
-0.186890431948
-0.0187779261684
-0.423333097326
0.547785921746
-0.0826484570228
0.197334536875
-0.312198626464
-0.129401994505
0.170693988569
0.152292926725
0.330977829306
-0.476819848564
31.2130804532
-7.134757316
3.09276037644
-6.75546334492
7.59310316064
-2.41982777185
0.234634996023
9.56771605591
-11.2174563203
7.83772081675
-4.91636614652
8.28593068704
-7.54326107998
0.627613337853
-0.827158414689
1.68042752195
12.8054470901
-5.36580709589
3.67093388665
-7.06798574028
6.93203457002
-2.76611648567
4.24849881695
1.27792442568
-4.83581681412
3.90790923003
-2.0994037409
5.96769093508
-6.37747332505
2.46056842499
-2.34942411888
2.99401366083
3.32043278522
-1.82082032134
1.45261787033
-4.0578969735
4.41622659825
-1.80762837183
3.48623358784
-1.87571376322
-0.703078405557
1.06397095303
-0.161233400886
2.4886094377
-3.02289133492
119.145954742
-19.3176897545
21.2271247956
-17.5398148365
29.015167467
-8.10231264986
7.51190486097
33.4619558212
-22.6856703484
23.4060982386
-18.3686281927
21.0127240783
-12.2227281615
6.72773316836
-0.988820815669
4.53323349313
31.9094205601
-15.7242974417
14.6483710868
-11.786844297
16.8800876614
-6.60386072317
10.4407093461
7.72391278122
-6.88204183507
11.1403863866
-8.51782756394
14.0736263345
-7.72181682322
7.72879187196
-2.62237801178
4.7945316236
8.00128726313
-5.87130771915
7.92175972922
-5.92343701324
8.80105886604
-4.120825592
5.64969010666
0.609404035763
-1.06818766943
4.21237347792
-3.75855586796
6.57227933438
-3.88047798228
188.709994551
-17.7700926308
48.6669591995
-2.87018017053
44.1050958868
13.1641983256
21.8659388584
59.9361500666
-5.15585271113
39.032086894
-17.8468203671
24.1938636324
3.98915320692
-0.442207015744
5.61352103709
-4.29256416135
47.7430001864
-27.2829392219
19.4998434019
-11.42840915
12.0743694621
0.71282058225
3.77426552463
23.6656505787
-5.29729109174
20.3383662367
-7.43086945896
17.7922426243
6.51667001361
2.53302927236
13.1827049786
-0.282134708664
24.0144728601
-10.1720970188
14.5521505826
-3.13663232235
5.33906391085
2.90513467826
-1.9254456451
11.8590049074
-6.65809340525
8.04212973264
-5.5733764326
4.67917012591
2.11225155774
222.925407195
18.4655919041
68.9877324145
56.4545924087
62.3735769921
48.0776001481
52.9159572942
91.5812388004
19.9194040875
44.857672716
25.8343432721
7.54785701654
7.17355415311
-22.9296766169
13.7198377961
-25.2412766119
53.9193920544
-19.0334546561
8.35790215763
2.73752450937
6.71422602311
18.5439752165
10.2898584941
43.3376648515
12.073882769
29.7557735366
27.2386544687
4.72871043977
24.6033574471
-5.14344843435
25.7688340114
-8.67859242855
26.9786224523
-6.35622831407
-3.6569205841
4.95428409549
-7.13460376568
4.79181138463
-4.13905596606
14.7019071049
2.84624800291
3.60050744345
17.6792477374
-6.02763835088
17.1592166547
279.299345629
85.8027270825
117.152699739
142.261702824
124.767969815
58.7400879441
111.980918423
140.240413035
25.9036700469
64.8248175159
83.739673543
1.93306769032
-15.9206265021
-16.0228547633
11.4679163581
-47.6765251578
66.4940458678
-3.22502669975
12.4495827965
15.7394743702
30.4827730012
21.4934445468
30.8619873221
64.8472825063
26.8881562116
53.3201405876
58.7096851443
12.4739216981
29.9553780241
10.5713660142
29.3472408817
-12.398584086
40.4918623479
-4.11961807742
-1.78524255178
5.68869906417
2.4232728368
-5.80663862566
0.150314839671
19.1743426041
1.52502667146
9.95753253801
24.6775605061
-1.06176793318
14.6497387906
318.01744303
93.2882240533
169.433076277
179.94561923
159.382755477
80.9419714703
149.105967198
169.671945658
47.6826985631
108.130976438
114.775919701
25.3548093016
9.11635474402
20.6946938638
17.9669776604
-39.0236989589
81.3091919314
-10.0473124043
29.3979172914
11.4294999271
40.2862192282
2.18874046119
37.0497868916
53.894197149
18.7214489684
56.8972220126
51.8189081538
28.8328014067
29.0982696483
36.2156757192
30.3669270151
6.20216290517
52.9161391968
5.37847384229
24.7354791765
9.87282874162
25.9232548407
-5.58245711839
16.789471263
16.0549918328
1.94938887664
14.958131211
12.8072198867
8.36051934153
3.74411016584
296.207454162
22.2034338959
184.670133476
103.414953509
131.674202224
63.266414786
119.985848653
123.826311129
57.1870482127
115.319997129
77.3008905188
38.5561327062
30.7355859504
36.8011545237
29.3928694107
-9.08923995706
85.6200454987
-20.2629494605
54.9308554812
-2.93638799539
40.1288147113
-6.93854381129
36.7392317102
29.8788975022
13.2557018972
39.3793663349
25.6357837939
21.78956702
19.4648112993
25.859370116
24.7520640531
9.40700407086
42.2349990947
0.605557694693
32.1275810673
2.47358086821
27.7711562646
-1.19349616258
22.3116837747
9.54248664655
9.78295132748
11.3443227642
9.82672098227
6.76551677728
7.45640438338
281.882257363
5.22394704658
136.472441533
85.853933193
85.8889370518
31.674057089
59.7076383302
87.4184648675
29.6522974537
57.1252084252
40.3174018183
5.40107955279
22.4758698273
8.87107183727
31.6704019745
3.95967331535
72.8005310763
0.70796702647
43.1133878656
29.7280933428
31.862000904
14.4617349149
35.4747554289
33.7523624941
17.1905329114
16.7790377984
26.7065671364
-0.00995073237293
13.9031999598
5.35403936016
13.3153883259
2.49618736356
17.8515624659
3.95364506895
11.9926294973
10.5074987065
15.3152319573
5.89936765921
20.0634291893
11.097589814
13.9650257454
7.66623351339
15.4186545098
3.71215759661
8.18099101134
433.977744388
25.4156525024
104.800165502
214.271926549
109.727389894
18.949805882
59.5289986937
150.244249261
-34.235621082
30.3059045012
32.3396663603
-41.3594093148
9.94644653901
-14.246430061
3.157422423
-17.9922912148
86.3369877657
-5.61330206143
18.3014192206
89.2155863712
41.2740992574
21.8825438457
62.2370404231
70.92480868
9.41588135526
31.6236074306
48.1698860504
-5.51483655993
13.7291462888
14.3621947403
-4.55775490231
-6.38074871909
17.1775412692
-8.49124232919
-7.12094438117
22.232659106
6.17613124265
-4.39217269921
26.1559428556
19.0204771994
3.45700518804
18.1469507134
25.0021046213
3.56207355738
11.681223035
644.412731563
51.4652795986
149.254357862
358.587800989
210.940261181
43.6651243601
126.132721668
250.719990519
-69.5744735895
95.3104425768
50.5758603405
-24.3544072127
9.22973790061
23.3776248892
-45.9233724724
-34.6000191733
119.363672898
-42.6340555925
5.73405071448
109.141831409
62.0391388669
-5.95678041445
98.210111742
100.358158789
-3.16459181168
73.6412426554
70.7127273984
14.681143413
28.5833133465
61.5599712156
-10.8221182077
7.88080724845
50.6500139661
-16.0869064086
-8.30733620615
38.3329624866
8.68861282223
-25.4640963715
39.1786366951
21.5508238616
-15.2517423701
27.1331774464
30.4402893893
-4.18239171895
14.9935481083
637.461932222
101.106614681
164.857451391
356.814071469
278.156418672
61.0921690855
171.120151473
257.045338816
-23.4429095639
135.890632629
76.5887442944
-1.05084521626
7.17417879224
64.2711493527
-65.4549260439
-32.4333422568
133.434026739
-33.2655375012
-4.9021974898
112.303131964
81.278714624
-18.9825274728
112.309454368
112.662509968
1.70395529185
84.1905571782
88.4015653407
11.7601667511
28.1566957665
78.6220438488
-17.4755549284
0.149919313079
62.5845748505
-13.5408644501
-20.9238911982
48.6911800289
16.5879075195
-30.9532378245
47.4304762406
37.0804308741
-15.4474057696
34.8576166823
48.1332693621
-5.27684132748
18.0985384842
609.040451685
173.7282282
150.669680133
361.372786308
328.044146208
54.6238357405
178.978427008
262.09493457
16.8447884964
117.456610866
94.4654429326
-21.6089530378
-12.8208667431
78.3608530625
-70.6654006331
-35.5629085852
142.775350698
-4.36136737669
-21.4508028038
136.291246298
100.710840121
-18.1676313728
122.074269191
133.424156307
7.29794107152
82.0574892203
110.016350243
0.305288066354
28.0886749903
85.7903184559
-21.1022555734
-9.33155883678
70.9118727106
-11.8573894668
-34.9065033225
60.2289580163
17.6734206553
-36.1329314332
50.6058848187
44.3770613129
-21.2241951506
37.3144954142
56.4637064607
-11.7129544151
22.2224254209
623.565056786
192.030744071
153.063059368
387.717386917
360.285857149
53.9484765093
171.743226806
298.268586699
28.4598557626
112.623676215
107.559784613
-35.9797472005
10.0432158753
71.9114322651
-63.1423268144
-38.0315117145
160.78695715
2.20037355252
-35.4170829554
161.403812942
95.9428878007
-3.8566786395
113.77357281
141.582666435
15.4158167729
79.3167443106
114.617540303
-11.2615324717
48.4504601871
73.0797744028
-21.3723178463
-2.36392500765
70.1731545869
-8.92911830446
-38.3875128902
72.3172077603
11.6812914663
-25.4339678905
52.4553194441
40.0839307896
-6.82896152935
36.0189168194
56.3342693908
-11.1536552553
31.9762361173
682.89478886
244.649773864
147.672736248
426.75357107
409.53918006
45.1680029029
134.45820278
350.716760038
28.9210607503
93.9909434887
119.153490865
-46.8741406299
18.0096918897
55.9925597237
-56.7487945153
-59.6093768125
189.669362142
11.8328665007
-50.0799289046
184.853527581
109.889092814
-0.312289781452
107.71794244
167.925545804
15.7659904416
80.5985665098
127.489299609
-13.0489669215
54.9805424895
79.0112280122
-21.8681505817
-7.59286198317
85.0917133894
-9.56034888647
-45.6792247148
83.2078527672
14.5510593826
-33.3994275555
55.8938086662
46.9887534807
-17.0226602635
39.8902354982
60.8111046282
-18.5004399217
34.7861225546
736.888650405
278.500640442
137.71798757
475.276368765
435.406932502
33.8884131868
155.549978018
368.832955289
35.5212754949
128.126017491
153.181473775
-48.720381646
16.5669776897
77.896886836
-79.0349240737
-62.757206831
197.568407061
10.5258026364
-47.6394417927
185.925211687
109.291976938
-23.9618751106
120.924597346
164.737711626
9.9148893003
102.577609119
144.510788381
-5.85450465361
49.2314965392
96.4168657402
-25.9339257648
-11.5733461312
94.5370843093
-6.79801539276
-38.0503590402
79.1482073677
18.8767123127
-41.1777608818
53.8312356271
49.3582563363
-20.2350853927
47.1927559347
68.5862128264
-9.95996653038
28.6851878974
774.140149321
288.69481833
95.4000474904
493.574646917
424.164170031
-5.79032430416
160.305904641
321.98389751
11.6112751378
139.247033518
180.450852496
-79.5553858958
-16.188045217
78.5226561023
-78.4983795943
-79.3259991483
187.89830034
36.5406986808
-16.7466374398
194.145457765
120.086747074
-32.6859775326
127.334736677
169.76385398
3.59374949535
91.6741486016
159.202677987
-4.20831413711
19.9852358181
88.0883854223
-27.1860554035
-38.6188291174
80.2998050368
2.36168667811
-39.9581230626
69.1125979596
32.7082773848
-39.4113486437
48.0388282941
58.0496394518
-14.9131881036
42.0831799586
78.1493818584
-2.24746975822
18.516222843
1136.3622623
126.641150821
130.590129069
535.493848109
321.871680567
113.245841538
112.145284521
142.819864857
-126.210434868
321.283644341
75.8024266863
-176.690757783
-20.5143358662
148.177454968
-8.61592611319
-15.4073499571
204.376000948
-14.5594247795
196.870410238
253.305393698
14.9561173178
-46.4777359039
234.873561635
84.8081762797
-63.221990502
64.0988619416
20.5568422155
15.3124904845
78.1706596884
8.24132977478
-102.42674228
122.639688932
126.689934492
-30.5653604626
22.2534068959
105.578292172
44.6730939289
41.9528597185
52.20540542
-66.3120407282
30.1569949311
88.5061161065
-35.3591130224
-71.9099114649
53.5956957977
2401.76527236
-475.556780788
321.808947587
666.85936902
192.317203281
566.724274374
-62.0101879014
-324.497098716
-483.211012101
980.409060483
-364.973449476
-486.466617386
-63.0159991841
452.761059893
145.532819559
92.8888181158
276.263114597
-143.076799283
840.875180778
346.71148685
-229.050626075
-177.486719628
578.647792379
-28.1262348347
-302.264495758
-31.969694779
-244.650260005
168.673916569
129.183461555
-127.501032501
-313.070850536
509.769893694
313.36530463
-117.139241771
69.8657215737
178.152960195
183.185352842
81.0307254566
21.4851938503
-328.988913707
123.139283446
177.775385639
-200.788026838
-229.124611564
84.9314335325
4154.99621072
-1136.49743522
23.2132529065
1319.28814809
524.884096021
414.0286434
-209.483419582
-549.03392744
-698.818693866
1566.05723176
-911.814602463
-794.454739435
105.330546623
922.876895712
204.210505756
63.8308654827
518.206833823
-56.4065687333
1158.00635661
274.118692222
-392.78783606
-358.492269646
723.027226378
-87.9235686401
-572.804879888
-51.6788598289
-210.20555026
349.600838764
188.230393442
-37.1981810417
-209.672605042
691.309778421
418.936451827
-154.864992628
12.776780601
89.557264561
155.029324634
-71.0930429326
-102.769986825
-347.092461955
112.882926457
196.499154047
-99.6698812392
-85.067768854
159.59709226
6033.43628126
-1389.32262673
-1710.73286655
3051.47558354
873.765515528
-1260.72855753
-366.289472812
-653.387963293
-680.046676704
1676.97182359
-1303.17398689
-1051.57373841
1152.19785024
1634.23865504
72.8694820068
140.975466081
1175.77531807
254.746867626
648.14966993
36.9291294317
-924.616465481
-504.495279532
553.048295783
-616.682286661
-832.981466075
319.823269134
232.569963747
443.56390783
570.630394655
312.945435156
304.836158915
860.619673871
252.224048802
-444.132373145
-108.003988278
-85.4008952474
-420.351109299
-413.190076731
-247.352195033
-224.272560127
238.321155456
333.161251151
109.640440448
382.392242636
582.527838607
7394.59438371
-1083.95471979
-3562.95664146
4401.74571623
933.907096492
-2692.13230708
-823.982806213
-994.274025975
-412.416075257
1669.71912781
-1317.74071572
-1168.87229069
2239.6439033
2403.83324563
63.7541763308
68.9211845347
1585.36852155
436.937119807
89.0122849348
-411.25353277
-1584.45864888
-335.101693794
437.403156407
-1039.64248286
-719.553255958
845.270369744
689.26074792
656.216874586
773.457665142
421.412265083
628.034017204
695.296419416
-181.089416514
-765.032902459
-214.563088414
-251.33540829
-681.778447449
-393.270174602
-115.12112294
126.486788324
500.205627019
467.816582266
276.311001586
586.614535761
546.002111448
7587.79012177
-389.939191021
-5418.25365987
4219.77756504
1775.7128734
-3262.52648451
-1523.75176207
-401.329490397
202.590770611
1788.10523583
-693.839150496
-1115.72677906
2277.13170194
2721.09159831
323.519954418
-870.294931573
1222.54112183
607.763620939
-422.635439651
-790.2807215
-1627.34298438
74.5928152954
654.651180401
-685.053842301
-285.346749909
1150.58523775
917.832550808
785.323369894
456.237783145
84.6106832955
546.178557767
114.984077318
-518.479042336
-829.858712975
-299.716370549
-90.0703049075
-372.477250943
-78.5890241242
236.847579026
513.373878084
640.359480528
449.206434608
193.900550358
367.623873781
153.119290301
8214.01481046
-282.747279026
-7368.19943151
4313.56929335
2927.48778946
-3896.34734766
-1829.33497317
112.682597137
747.328999588
2246.58557122
-569.960097634
-1308.84521706
2030.76867791
3172.31693665
339.796534934
-1937.11902595
790.945046107
1100.25785719
-591.468675946
-1163.64381825
-1564.99065289
224.663568535
1270.33333968
-236.817261667
-520.918155096
995.142704857
1481.3084877
922.2379375
-207.314404949
-357.373471773
441.560553035
155.560466179
-638.064358626
-1127.82554001
-415.970970927
449.412527781
162.68190329
-177.417124703
199.310433227
814.876306153
898.225396696
296.022546088
-220.225088399
18.3183745666
179.804761586
8658.68158772
-792.740484505
-7703.29884828
4345.06547834
3548.7077144
-3972.24551716
-2005.65353877
-139.749558338
1236.0507078
2656.40078778
-712.397758245
-1759.29342782
1516.7273268
3816.80727138
563.263323897
-2634.12599646
-67.5311162258
1758.51818909
118.583815254
-1751.00411998
-1836.48806313
435.687845013
1621.73600504
247.379176329
-665.622621453
176.074758724
1818.30004156
1585.574301
-633.36594441
-1032.03258262
370.773805823
622.139036069
-548.077836773
-1389.81907248
-591.486653022
625.145905096
632.63662805
-55.3673409619
-169.269906351
701.430204765
1247.23315156
413.641282796
-504.069703789
-312.803954442
229.403101058
9558.90362339
-158.941948945
-8988.01045357
3928.04953321
4702.58876707
-3973.41283942
-2641.56239427
-549.465379032
1488.75782919
3286.7435461
-209.418019272
-2283.22521533
758.820894608
4725.25970063
1464.66212399
-3446.31197812
-824.726842627
2094.04926176
723.298813781
-1808.85387664
-2436.19359484
340.141856652
2062.33133674
700.371425331
-574.894270914
-346.804374744
1870.43598867
2281.80391024
-677.487691863
-1531.36282371
139.443135887
798.88696276
-342.931583073
-1563.77731154
-799.747313865
686.545124458
946.593231175
233.346396558
-337.724759938
560.738830566
1472.55619751
471.854557947
-649.214376956
-546.57794673
69.5111725324
9762.59070964
434.005743142
-9710.46578519
3578.75065348
5166.74978067
-3355.88891083
-2706.88384325
-930.526830971
1260.62518663
3794.60166612
345.745860618
-2662.19596998
43.8400373813
4758.8054085
2020.0037783
-3452.54151409
-1241.98086087
1681.45472195
1226.11519096
-1271.21602455
-2675.17990999
271.132702236
2082.61502759
706.743717348
-247.093422155
-471.746266245
1244.86372204
2234.05352123
-456.928231694
-1645.37045547
-43.4510470431
787.541470488
-247.630289167
-1356.34744365
-505.204656351
700.84215299
762.847774756
274.033973514
-174.760838874
445.39875069
1088.77247847
273.909167623
-568.191510797
-479.867992114
56.7039057396
9925.23816003
813.373983164
-9867.73948325
3444.79825367
5117.67100078
-2929.59871188
-2764.09302284
-1455.0313761
981.953421634
3867.7743292
655.548951108
-2721.50879828
-291.896295069
4565.42637701
2654.47111957
-3167.24590754
-1889.86945507
1559.08747628
1577.4867756
-1394.47344414
-2857.83470347
187.702291298
1822.1883265
850.089281104
-115.157228207
-696.816660245
1130.2963854
2441.69879272
-227.136563517
-1821.61634595
-171.008438422
901.303857217
-158.130037659
-1414.31592484
-734.294377079
620.204847659
927.939098526
328.651693346
-280.044323906
340.903519779
1192.83883954
561.52293459
-601.336964266
-698.32019755
55.5424628561
9929.72663865
873.82827832
-9705.56297848
3195.13863891
4718.14527905
-2319.64505818
-2715.10938066
-1930.59305849
1208.08173392
3653.17511085
817.450257527
-2717.12099495
-416.74626963
4500.00452182
2387.08978145
-2739.48525853
-2000.82945223
1352.04265657
1657.8923914
-1370.3479752
-2279.46112387
-92.2888490163
1329.87076998
1424.21554889
-76.037670687
-846.366171039
1140.33617736
2097.89569269
-12.9096984679
-1432.50893201
-295.841539416
484.588056913
-149.084157228
-812.125537814
-731.841595121
182.210095201
851.991714646
516.466834574
-15.9208165006
206.256977687
831.812854065
545.636105712
-324.498762038
-485.260751361
-170.584228875
9014.78135981
973.087683705
-8407.81199106
3237.67232316
3697.0399336
-2142.00677849
-2196.39473126
-1902.51943132
1094.41932624
2841.56739274
1063.94371969
-2132.34731305
-366.362105634
4277.9822836
1887.53324984
-1972.42673661
-1481.01508072
979.782210199
1331.76055857
-1546.65207433
-1687.42643047
-78.5588423079
576.457004395
1442.84644754
213.429593511
-579.312528206
1246.47888928
1837.64810409
146.003329346
-1058.01740371
-216.11159922
277.356752284
-496.386625471
-785.547975395
-640.324972345
-22.4937210634
650.77082188
474.940056563
171.445585268
385.350913083
902.039370453
643.442986246
-283.761624265
-395.798183958
-84.9059098272
8531.66310957
722.040425514
-7759.26869283
3051.86219508
3341.3347048
-1695.01832553
-2123.22245065
-1715.67342674
1564.0177065
2577.34824747
930.037962906
-1509.93752289
-333.491481803
3784.50416556
1914.61156045
-1866.31539538
-1664.78421992
982.706579996
1506.73513196
-1603.23122416
-1652.18695251
309.102288006
783.534963061
1195.11777311
101.640046124
-379.294046113
1122.85680787
1496.25787298
156.732135972
-1081.53190104
-356.941809354
535.993554207
-262.7618771
-905.395074408
-511.820803339
359.045028089
657.365973409
236.611119397
168.547691176
397.659862746
673.588679905
477.758640107
-270.907310202
-412.02822077
-68.4232590497
8470.74646502
207.954495834
-7334.46147266
3036.32493192
3082.55010684
-1100.57871604
-2642.2133979
-1538.22099853
1986.80360541
1534.83877202
544.145198882
-802.872654487
-454.136361379
2970.09917132
2253.27489626
-1284.48327508
-1916.40561607
939.27216475
1725.50060431
-1760.82826365
-1789.6158342
453.657848587
509.525674336
633.099027307
218.36022055
-6.27299791024
747.497265173
1198.49404075
728.792938477
-773.887231782
-623.937104621
562.240152731
-89.7979356609
-1032.94333389
-626.352969141
288.151499368
364.825774686
110.663460616
387.999487614
427.222630041
463.364309432
631.356016039
126.524828668
-385.7812065
-230.824222646
8691.52302162
-62.10343129
-7506.6907625
3093.11201075
2836.9259798
-1122.81898789
-2807.87524345
-1269.97344213
2179.10388923
1124.69282865
573.162837619
-350.807735242
-611.508211147
2638.23817714
2347.37755121
-1322.59798147
-1895.08188585
840.701355733
1439.69089837
-1532.9271491
-1597.17317879
448.670558517
498.739728804
619.622173647
518.022197026
-9.6206612646
506.296953831
1149.2341195
688.207182047
-706.370632318
-685.024505495
397.750603246
-39.2168401409
-824.917630972
-458.103596475
159.31746741
306.612068982
327.476351348
367.80916462
274.386551961
365.146163378
539.752481009
128.829190092
-374.471485581
-223.367791337
8646.09536211
-430.257358762
-7065.13042206
3210.19348952
2962.69339078
-1705.48909009
-2521.91723997
-814.311757137
1997.47479144
1109.01327101
-55.4739377691
54.5367913766
-533.033618308
2420.85568303
2230.12099453
-1376.38026584
-1258.65194136
856.581683563
961.896282676
-1144.88877641
-1444.60470549
328.861405083
412.338357336
261.686370734
723.061610181
-73.0953888161
327.435577366
1136.67210477
606.819149562
-318.029155398
-555.760314098
191.526725529
140.408697362
-698.072848513
-448.082851503
-4.64386605184
58.3237329642
374.117996327
281.028776276
175.461716381
328.00909232
467.351195226
332.72664287
-199.958173065
-253.434635143
9211.95744475
-907.019091535
-7070.15668377
3391.41072354
3188.57375439
-2251.0783542
-2527.75702162
-693.313373536
2314.73807043
832.887577862
-578.168434728
738.676794501
-605.977843573
2339.80359053
2407.73199206
-1497.48051196
-1057.26802161
890.289371962
966.507042788
-956.51720457
-1963.61891844
405.41784185
736.178581869
-128.764606316
557.363358796
-133.581434483
439.991405468
1360.57790901
453.549017093
-296.561083844
-490.905483438
314.094254671
472.833905306
-994.147228813
-734.376944388
211.71625804
149.336978186
216.136859285
-60.7064609746
118.561440664
645.166089007
483.683835937
243.830025276
-192.125012339
-173.973502175
7649.66271196
-503.530715083
-5268.84617547
2364.71764665
2643.82111891
-1190.01021644
-2327.40576549
-1236.05844984
2247.30801122
396.341217303
-608.318105921
690.864530642
-583.995516523
2017.6530046
2188.57155171
-1135.34158944
-672.526318034
631.949099211
1077.95246362
-431.954485
-2125.25763328
209.418259572
847.388318381
-312.853408683
94.9212353982
-242.388793349
528.085236097
1237.62975018
234.158011201
-15.7189694484
-177.253947237
314.923790024
650.711483776
-808.709007928
-724.209795822
198.525830579
44.8219565741
15.2528823169
-308.63149459
1.76634672212
647.378487345
259.024322728
196.161385716
102.892969531
-23.6620409243
5666.85177537
476.739114734
-3252.76914729
1257.26254993
1843.7487862
-106.011844038
-2096.837625
-1903.91604882
1875.76529229
70.7159585097
-791.291576151
527.185233186
-420.768047898
1605.11371705
1799.9981633
-642.778465594
31.1802131145
367.295635318
908.505150362
23.3725534883
-1948.87859468
43.245839067
579.690957547
-679.744815224
-86.2841413541
-283.060735811
468.845454073
954.616926187
6.59792261404
452.517535658
210.538239776
206.78380736
686.047691709
-577.382098082
-464.544754174
151.539317146
-295.61636465
-137.422702024
-409.199983316
-85.2817441753
505.218185229
-60.9422622755
200.327853681
349.321453433
79.4102394372
4447.53412597
321.230791239
-1961.40382275
1290.78515162
1189.36354205
69.1306942848
-1454.32537824
-1801.53057914
1591.58744735
-107.705862825
-756.163499183
444.151112917
-324.428787642
1426.87762829
1271.81315613
-536.130008294
509.518222258
374.579676709
633.44151721
162.654950952
-1383.09504519
190.337493458
337.453836051
-579.419674797
-21.9552272495
-334.353940816
365.240118258
692.053243295
-144.581246016
381.879383429
235.22375974
221.730897555
526.625257992
-385.052597713
-135.083517696
180.058987974
-211.02798196
-10.4142084653
-290.909115434
-82.6802826264
320.229078186
-90.9258738066
110.214019096
162.338213734
42.6151303626
2938.77437813
-280.072818729
-834.952111555
907.17257117
637.456821814
6.22297318465
-582.904707514
-932.262468727
1031.37153018
-8.01495216771
-285.092197106
233.559960607
-198.846690328
957.888760952
482.475628014
-295.10068139
322.139181444
166.87485036
248.926424857
221.105959427
-590.80129128
141.898175457
201.461836531
-65.3199444303
148.891851349
-238.465073059
203.158049057
361.917944735
-29.2894710447
79.6605362827
13.1740045483
57.1386443663
282.453431224
-158.867316271
-41.2418995471
110.868898815
-8.17314915613
144.85259968
-50.6974345498
-9.06237490031
136.372698925
30.9056670729
59.6592234092
29.5274261008
-64.7397538364
1767.46795506
-462.401174919
-369.739726652
290.961482411
471.104505417
-183.499660081
-241.224292564
-255.304447894
530.479325721
53.581327488
-91.3824323175
179.967927617
-69.2312980501
527.986468319
4.10920914903
-23.4825893341
35.4702572567
55.1683853233
1.20513288192
118.65909935
-221.431611932
71.5003474281
139.994342579
47.9637422012
112.697613899
-94.1558043814
186.1529393
79.2093034841
10.7028625694
-26.7661000622
28.2029197374
-9.12103239976
90.912942204
-89.5438767374
23.4250263532
86.9155783656
14.6303381571
55.8156145128
-14.9365786234
79.7580029969
38.3763133164
-12.0136556865
-11.2490933614
46.0091695768
-11.1182331558
27.5850523151
-31.8201646519
24.603586276
49.8784150989
-0.789863618447
18.8005167513
-1.44861235285
30.9257908841
32.9114417852
-7.09722480026
-20.4088508561
24.336755654
11.4326825696
21.5619034097
-25.0922616397
1.23477181704
39.0664936329
10.7611756038
-1.8196117634
-6.23371410973
10.9905277304
28.3152826775
-1.61775685916
-16.8484259419
8.57205084455
10.1051191658
17.5359667366
-9.79319637127
-10.2902599183
19.2921329406
12.6617953513
-1.2290009751
-5.92115089356
-1.04583517473
18.2087968585
3.80793025519
-10.709043564
2.14470623556
5.49268934699
10.0594783726
-0.58714479981
-8.72416305422
7.064516308
8.38907407973
0.570553926923
-2.09193855278
-3.98455323665
8.39216189405
5.59627158819
-5.236482684
-0.679717088068
2.66112074818
5.00555406136
2.03768188556
13.2909651025
-9.98394645003
18.0601882698
8.49457921724
4.42569390996
-3.28408343869
23.6323692569
-13.54924845
27.7941945431
-11.5413007468
-10.77734166
26.7607377848
13.7727551397
-27.2482681873
-5.45826770653
-4.88502628641
10.0149866792
-13.873446321
-6.06117549957
4.74669807181
-13.0308422921
34.3328077092
-20.9910386527
-6.86683403736
15.827329369
33.4342676863
-25.4264377874
17.0237736128
-34.6170798492
40.3594322275
-8.00373199639
-14.8034078879
-19.7902262784
1.88250557701
9.38678305012
15.6245929958
-16.5949294173
-7.50745312601
13.6481592055
-7.04017442609
7.30157170834
-25.3473368488
28.2734101001
11.5290397269
-17.8571093692
-25.7643282867
-4.20676397854
18.2014277728
-14.4421273775
9.78363880339
2.48012639123
19.3070602852
1.91899479158
18.2148373006
-10.5418884169
12.7581118836
-15.6493086426
17.629487029
-20.6091724321
-11.7424580773
19.6869179853
7.91232573793
-0.354478422312
-7.03802554644
2.91592904292
10.9347880115
2.84953605232
8.73220978656
2.06293712012
-13.3903090657
28.2646440647
3.39349821294
-10.3943830616
7.5320185836
16.160051607
-12.9068567229
8.63801963626
-10.3830892606
17.8383426805
6.18144325686
7.18848734645
4.40427573434
4.97735591967
3.80383947321
8.70319329249
-1.58436486655
1.7136264196
-0.836578827351
1.98014440545
-8.21373555823
-7.68007255419
7.58428981813
15.3987610779
-12.6786691025
2.30935714109
25.7403128612
-10.8483268075
-19.468650636
9.57936247759
17.4958374751
-26.7348358463
-15.3745696248
0.647445428222
-4.14487579242
10.2796347933
-2.27212905425
0.162075227919
-7.13493189713
8.52800162247
7.85772950025
1.72250283363
-16.1328006038
-1.19872118205
11.9406337774
-8.2787096419
-2.90672600756
10.685658943
3.53814047229
12.7166389369
0.0275061971013
6.51780018676
-5.22582632656
11.8296251139
-7.42330254375
7.1643952671
-8.36047828998
3.0649712107
-13.4816800501
15.8114804613
12.3973914481
-6.78880790132
8.70758870882
10.4095717762
7.39377727498
-7.26343323523
2.20374765804
6.75114204494
0.40647140327
2.91086087331
4.1227258762
6.97963820589
-3.69326871519
6.87171577758
-6.4720790375
0.81331973675
7.02280506401
1.73636540574
-14.1592956351
-1.99253996808
20.9586534623
8.73289601686
-8.47755204789
-2.09820216754
14.079584299
7.568981326
-22.5127689817
4.19043136604
15.3707965508
0.668412157033
0.930823921649
5.50594938284
6.22378062004
-5.89244304273
13.4564298963
2.01187365981
-12.0702559527
3.48751218833
18.9197785476
-1.51404174329
-9.18750642346
-0.767361718442
20.6499967665
-11.2854510094
6.87885973178
-2.74318323122
9.39089639783
8.39206882608
1.82470641805
5.66705102117
4.00622944575
8.58976833204
1.89011945075
2.20556120601
-5.31091553894
-1.71971896447
4.88606188095
-3.83500531842
-11.3263291154
9.06666363633
6.59496755465
-7.00187970611
-1.80129864002
15.3800890887
8.11918761787
-11.9688214014
10.2336743559
12.252595236
-15.6798496931
-13.8433710175
10.6850127172
11.0124984914
-17.9467938935
-6.76214165854
20.4744664867
12.3248436582
-19.8664232832
12.3731168258
16.4602532475
11.7624433111
-22.2577923474
-6.83654299917
-2.71264226835
5.01792702147
-18.8718944927
8.35752212063
-6.77968430919
-2.80702096174
-6.78702792463
16.9380235084
-0.832884744402
-8.57883888877
12.6268159042
-2.76369837323
-13.6609335063
2.36483264342
-4.71068909413
-9.04359545608
-21.2810485385
20.5317731039
3.88821800435
-11.9422227127
-6.26638070631
7.56263532429
0.0256953117234
-6.86246020903
-9.31513265695
15.6883026694
-8.64815458759
-12.3534854466
-10.0213285234
8.16857550914
-17.0285820867
4.12769682898
-7.7208509049
-1.58775985628
8.19365839265
8.23405067503
-1.0120711517
5.15262933607
12.3371573722
4.02776613432
-15.946617769
5.020067539
7.61467524002
4.94368084327
-4.9938218388
-3.08171674381
2.54440966692
-1.83553523603
-6.64759490981
9.01707521774
12.2601308762
0.146518942057
-8.15425536236
-1.10410807016
8.42772794517
-12.0425411429
-7.82893951738
14.7739431679
-6.43836107225
5.71339380599
3.71775547663
-6.69670603379
-1.79233093618
-8.34940951673
-3.7624620993
-13.5944459977
-9.77132761439
8.7593829178
-4.42258033938
9.97016758694
7.7740636822
-9.15927700339
9.48047121904
-7.42615956244
12.6064044008
-14.2094765943
-6.02990012109
3.12272137381
-11.9491603756
-0.681863908412
0.504388107198
7.59936474986
-1.59053755943
15.3398256135
-3.60037731586
3.63807020901
-10.9683829527
11.2201480571
-10.3242929094
-17.4370099256
-0.971656289955
5.30554535918
-2.10450409158
-15.4447719393
-5.77243385622
20.9560103472
1.40294050595
-16.7922553925
-12.407154154
12.5072868625
-11.4120097924
-9.30612198845
-4.82995726142
-14.2802934426
25.8836680169
-37.2345733533
-0.357646285534
10.3107773537
6.26099364077
-17.0178275241
-12.3183978437
24.2086676996
-15.0566169351
-15.0773840315
14.4798974456
0.755440069243
0.350410338285
-3.46540644569
13.3886084512
-0.523513006117
13.0248704473
-5.80730202319
-10.5030339541
4.40516725656
-7.55232662037
-17.1731846958
-8.07380231533
8.95854998776
24.2543649554
-27.1461221535
-21.611425558
55.4939850178
-36.873368674
-24.3574937396
27.9167125034
5.07272977311
-39.3788615416
-8.52826429193
45.4536468439
-9.75888198808
-8.2147061707
-2.0845207701
45.985148662
-50.6897843651
12.4428334977
10.971786031
11.5843466199
-50.0253494416
3.43327290759
17.9217528649
-30.3347413249
33.1967461955
-37.5135502309
20.0635562054
-17.5652918603
7.67863353667
-14.1441262972
-43.718333169
11.8046266157
-3.81864209809
10.168889968
11.1368610785
-35.9597117918
46.0007197979
0.833137817347
-19.2845068994
-22.6276957495
-8.57922013687
32.2840358091
-61.5619095373
51.6617706264
-24.3233892443
9.03009533564
-16.5252035628
50.6077346199
-38.4297447549
-17.1720318377
-13.8503214533
0.380648451808
10.9547805885
-5.8766027429
-1.53492084184
5.31882049563
3.43546011994
-12.9470119141
-13.084379028
12.4849666389
19.5120319136
-65.5372974526
10.2002520671
-17.0549472018
-6.55262234213
26.97879691
-24.3760875365
55.9367383215
-28.0137942615
41.3188249113
-50.6947813327
12.6106344297
25.7637468259
15.2537920545
20.2271922835
-93.9113451757
61.9017832223
20.5517116178
-17.8059515608
-54.4400117121
9.61620404114
85.6635765403
-3.2461469707
-19.0715460574
0.828881608964
58.4224820082
-80.0882903154
-19.4840977872
21.8933313194
-6.41630337031
-29.4017735904
-25.9270727257
56.2469976854
36.0237709688
23.9137873248
6.6728809459
7.53492003781
-33.0476218571
50.8327713157
-24.5578364217
-6.83904993415
-10.9587083213
48.1014119721
2.3354879756
23.4538309475
-12.0058503331
-27.3613789612
-32.6957663874
9.8711791453
70.3601842831
-10.6503453477
31.2024526637
0.571246176139
8.70113481935
52.6452630089
-11.6013240867
-59.0068289109
52.6632777256
11.9943977746
-47.2221232313
-27.7369546037
-1.43106326601
-58.8472242133
-51.4607700085
102.160798079
88.9222518277
37.0641702564
11.2199113758
3.20393567943
-71.0759840017
-75.785256287
93.827010552
-14.3506130602
-11.8481969164
-26.5249608767
-20.6059987611
15.3982796918
20.1515917711
-23.2685734407
70.2802447582
100.014829799
-81.8302915757
-53.5545662108
-26.6099698274
-0.622557211544
49.6888435128
-47.2288993433
-53.1140045707
113.640900778
7.39906527253
-144.495346253
29.7095650106
91.7151041466
24.2848789142
-30.0852499134
-17.1925706809
72.6817266676
0.40867250273
-89.6683490926
-89.8858965182
52.4983790433
75.4255047742
-22.3000623646
-37.5511651993
-49.8832039905
108.45573703
76.1210294824
-7.22830425043
-103.112198616
138.614874223
101.942804714
-99.2704584155
-65.5010019774
-12.8151797231
46.5432583254
16.2089885095
-120.042519667
-7.85217246394
27.7048273965
27.1092426953
-6.05651909328
74.9858909973
-32.321968975
-22.5256065585
50.7501339166
-64.0360533759
-41.5285120848
-25.7617885315
77.712134671
-83.3766577011
-23.2219731316
25.1029114251
-22.185771632
63.1551692272
-59.085212027
52.2003853779
46.8114657525
44.7235683394
-93.7537039128
38.7682689401
-19.7870100807
-95.1327183568
80.4535433134
14.3326853372
-38.5524205285
24.1538147603
23.8787631584
-51.3613543707
26.947920124
25.8466373597
46.4394840267
18.7291555726
-67.6155124374
-18.0194414939
121.344255828
-140.220569049
70.9247716526
-23.6932025581
84.7485263086
-121.836972605
130.105026885
-54.8222961684
32.2952389211
-53.6101764593
148.285166944
-7.29516688667
-21.912094926
71.7783631737
-107.333239881
148.754470438
-3.82282490039
-74.4634804506
34.38097555
74.2164054815
32.7950764828
-196.981288676
113.263177592
-1.18904624757
-6.79046379912
42.9104129239
-90.9344243184
150.213160952
-31.3295204013
54.9624283404
-178.175181319
247.849732488
-130.171231396
7.49169200533
22.9226219548
-78.9501915891
84.0933624725
-100.596456958
157.020526483
-145.771044864
131.878689268
-13.5619455483
5.34915157226
-81.4932440116
89.1583401565
-3.46679879227
-62.8262930209
98.1652129769
-62.8496997834
-33.1933824539
66.2532430232
-12.8298170109
12.5692910736
22.0624368875
65.8047581434
-13.7571071848
-62.1168622463
65.3209003038
-70.662420945
123.22524519
-135.074803416
130.750821276
-88.8080455604
64.2921247661
-115.239461835
196.046518541
-158.328082077
87.6643799715
-32.6084542864
141.079477905
-104.329339165
-64.0009503125
194.68058061
-42.1557383134
-29.8419371623
-47.6449661417
167.949623601
-33.9100480684
-106.518833393
132.963914591
-143.654728254
205.987957053
-165.495853918
9.15315385453
4.31014562039
11.9000191966
15.2029779687
58.2900235467
-106.102430984
101.258855389
76.1498884504
-184.315755517
153.410415863
-163.892920209
244.883281659
-213.605388064
139.552848825
-185.317429329
119.119892737
-26.0726843304
-8.4152327098
-49.0915690771
146.886369604
-25.5443687287
-82.4224366174
-10.0295052661
166.662933612
-91.3741951782
-127.369039217
189.469269228
-145.794535587
-20.4876030801
117.717503909
-109.290598266
93.2434805769
-46.1750229291
-33.4722141204
62.7713471229
-132.581212494
102.939124754
-57.9368539116
-23.7032773611
-53.8142631682
113.424264187
-130.421691716
86.0853601528
26.6162142
-130.158255826
193.029470875
-138.471382567
-29.0207406647
-11.6519501152
65.4141176608
-11.2588775809
18.8761280727
-79.2272208752
83.634640261
-87.4717564426
122.722332723
-64.9415380735
-149.809854509
124.931704835
87.0198952949
-144.910106466
-55.0652242699
151.862186503
-16.2728937615
-122.997809938
61.1661266822
72.9674193805
-181.938863312
179.269383993
-151.364567466
159.291618022
-251.912078906
287.123643422
-101.535035544
-53.5619416048
-1.45436294206
105.293809948
-152.576596492
28.959269502
-13.8159280086
-13.5984750505
31.9284074115
-11.1851592945
-41.5636117382
-21.219412018
6.48182702207
-13.6171615041
-3.46239573977
-68.3108099473
7.94325722003
118.83771972
-52.1579115401
-150.598631875
191.176506949
-103.483644678
100.151822719
-78.766151339
83.5987901584
-174.99533286
184.107491015
-61.8454959714
45.2549126558
-186.129745832
261.270344091
-143.378071164
144.123390118
-120.793608243
88.0888058186
-138.331463904
264.002825796
-241.529390148
67.2126568795
-63.5360045179
173.287839245
-139.689942817
63.2579448147
-50.6697448929
33.625969471
110.027977687
-27.8414276204
-30.9406118179
-39.5774697973
61.0977808689
62.0765757531
-70.9952207695
43.9370416328
1.54385826339
2.01472380502
1.48572617003
22.7719316016
-20.3171394255
-38.8200887967
93.1994091202
10.9518155238
6.5864741029
-42.8988357691
11.3051318335
95.8846974276
29.5516511977
-36.4549404015
-139.751467691
120.983741103
39.9947905271
-42.8979673646
-44.3423564134
78.9575790912
-35.5262259043
123.526701112
-93.9429947109
39.3398750038
33.0363871971
107.15456195
-79.7881609013
-41.6228918084
59.9034033596
54.2613624349
-53.703287321
-40.4063399342
-37.9117009873
69.5055391572
59.8965868129
-2.05572253076
-102.352985943
43.8794136099
23.1468649463
55.2564971614
-121.317955566
85.442675393
-87.0707764216
110.417004064
-74.7752077652
-22.2418773323
5.45574666575
-39.6620623547
72.4326860973
-40.98734705
10.1298223275
-116.508610325
186.721323599
-25.4381380385
-102.490786812
85.1515279388
-107.491805795
175.471746617
-114.40197146
11.3523453849
-7.45411070605
39.4165842731
-31.9143929694
6.91605845867
-86.8774858232
115.03095094
-94.00233085
104.082206469
-179.9418542
77.2316920242
-67.1609969178
134.435942754
-188.905251015
69.9812024092
-14.6729029106
151.393473018
-162.650992524
101.676732493
-94.4777231723
96.4100598258
-110.285681277
-20.027283699
78.9768676589
0.678620573265
-15.6671658052
1.69915455148
91.5169059286
-30.985312643
42.127074048
-68.5776376026
87.149274454
-41.3713954746
-35.1199083176
78.6324522875
24.8457178315
-51.3100817641
43.8172718332
-35.7104641631
-47.2939084791
152.19513532
-76.2973160212
83.9876542495
-153.309155452
275.677447217
-132.361022077
-4.16530013094
-105.096443583
221.850402504
-196.130619167
16.6282801887
161.085528256
-207.030190365
71.5868287646
7.33786164179
162.937999305
-213.282552812
182.017905486
42.057080268
-77.7605229637
-18.0331759048
-9.06260082438
34.4927444423
-44.2095046941
-5.14822313488
-43.9979792636
-21.9975865855
132.335588894
-160.112127026
35.6448376488
-82.9141452289
118.420878557
-138.059350689
199.147982219
-245.047061906
255.875439606
-79.0968130479
-15.0921220751
-52.493255624
71.5719621029
-131.006705998
80.1680356531
-74.3050295991
47.454735514
15.9321127493
19.6213827865
-116.749198674
184.388675671
-224.033430709
201.54737639
-107.480825013
101.586554376
-86.27945574
119.512169931
-137.726056228
146.408104875
-154.827023694
45.1037222313
30.1245341941
60.8939364556
-104.375695942
115.465260301
17.2542668066
11.8633638636
-70.2186998549
143.815620298
-73.2744061785
-82.4783192933
87.2286942428
-40.085095552
30.0660379396
-70.8829224282
76.9080649444
-73.8950019797
-14.3504117689
-26.9591935246
70.9674248561
-1.13147500416
-96.7710498135
78.9199349923
-46.3938440759
62.242847315
-164.199603976
206.717026496
-222.769235585
76.7405796415
-109.396244586
156.295610428
-245.244320391
111.289367234
35.4835293538
-35.7959725974
-17.1917530689
-55.4590635172
78.9755417885
-146.935215995
63.5494075713
-134.558065735
164.066893278
-78.398036052
102.144308967
-205.413732702
140.911046331
-58.9090054794
28.075459395
-64.8057082746
-23.3459746944
-36.2483035173
63.1013981282
51.8730083589
-105.014565601
7.77682256462
110.25996288
-19.561898697
-80.1878361119
0.204599760513
-36.3709596861
154.298837844
-54.227110631
-13.9071621739
-85.0744609424
84.2096674664
-91.7194243842
143.274192094
-153.365616416
181.395142231
-134.543486923
166.37413514
-123.927942065
77.8632569052
-3.07780514657
27.9614720595
13.4714506885
-64.3302290727
142.462020193
-222.410751585
181.575507307
-79.0059584309
158.73395534
-161.610390227
193.775733446
-34.3435601625
-5.03014661165
-77.1453902329
29.3882078935
77.0563490873
-81.2060378844
147.197476693
-76.5753624531
119.829530829
-169.467415823
152.265273305
-90.6222250624
-24.9681994242
4432.85779578
-4889.90856729
2619.44001005
-1911.92501838
3017.66269065
-3909.26897228
3424.31451252
-2174.00332258
1593.86097561
190.437045554
161.916932369
-1482.08828984
977.071379208
1144.04547865
-1366.11055202
297.250787466
186.373302909
115.757878362
253.035149237
101.606790635
-616.280815501
-53.8752389309
1538.05540245
-1086.31465751
-102.179276661
-10.7643542709
829.032271194
-692.133027595
583.713443391
-608.322634208
121.823204585
550.768816417
142.829529752
-818.401192944
195.475640201
636.359949996
-265.737143285
-142.581828884
29.8146397905
-39.7599034745
211.239083382
262.918974947
-425.813442383
-197.56580183
569.929858887
4260.92444436
-5475.16437857
2706.69874718
-1508.9369276
2315.93710169
-2731.82993151
2209.48709281
-1532.68412964
595.005752063
1614.72395415
-1094.96543462
-828.175499869
568.013552928
1407.93542847
-1448.65908392
295.692188621
-148.098917332
99.8764362683
517.855495552
154.087244956
-796.247700918
-28.5281424004
1253.93237548
-555.360056729
-256.305416463
-172.452222894
496.052730354
-129.846022455
343.270562727
-521.164435599
-148.218800636
546.252696627
217.47685081
-413.182448817
-204.640971928
333.935323503
57.773701376
69.6058287828
-188.559752655
-194.940439727
169.980855708
329.805844409
-173.343265232
-294.854976925
137.718702257
4169.78557805
-4950.48547423
2898.40659073
-1950.42558918
2100.65459441
-1869.36928199
1725.73146041
-1232.00160314
-67.3841645144
1883.70395691
-971.735457302
-89.2888362486
-73.2895898538
1178.93298267
-672.665039239
275.059708726
-403.789664249
-23.4769313155
652.115881425
71.4354029223
-322.303555617
-270.566775698
753.288961111
-57.7231606654
139.007451386
-467.809233461
194.671085112
218.638122375
250.767331147
-347.399433171
-189.967444246
294.913049804
213.15176967
47.1495599721
-298.315563581
8.7741519123
211.68878949
245.923745971
-193.773746182
-214.582445144
119.456137792
234.193919212
43.8056471025
-208.850669647
-60.9452276159
3492.99658968
-3973.85678288
2506.14042294
-1867.51960809
1964.9907261
-1708.74012779
1684.73589699
-1544.66655979
652.180033001
799.446494601
-334.15785578
-442.045307304
165.359823986
648.839417577
-373.766397898
305.36313721
-450.043146585
45.9492280235
521.727378048
36.6836466261
-399.850743504
-162.293892205
612.553794334
-168.010009812
205.703580225
-375.234911704
185.374622135
61.9961883676
389.507156597
-466.977343486
-75.0929205986
213.824619432
215.811586755
-110.833552248
-99.9923301712
0.607408035768
89.4893926395
220.847240751
-144.557931525
-198.131248106
106.052484701
224.633112111
-49.9335500305
-133.504055072
22.8666050261
2688.94749357
-3132.61623594
2000.44550964
-1550.74807705
1749.7871302
-1664.57434564
1750.61781967
-1624.11066268
1340.28843374
-33.6388452504
202.722684676
-792.144653065
510.315834225
207.937939206
-193.151750083
211.749337487
-51.8506283118
-70.7763803142
481.07793588
-79.979425478
-211.00937775
-224.283249751
673.823332756
-459.149924808
393.665576913
-300.411667654
330.66130404
-217.929919403
433.25469373
-417.939916269
77.6616238769
87.4370457813
155.73033939
-140.750057238
80.168496382
15.6320602964
19.4435752586
32.7608383506
47.9203780064
-192.772111869
186.499559309
-17.2888192387
86.419920732
-161.973597368
196.155524718
2123.42226413
-2710.63073871
2076.47586044
-1641.01085858
1651.7731409
-1655.1585485
1620.94097064
-1475.97766151
1426.35548783
-426.540503543
200.738933211
-334.173115205
33.5207318903
437.981322943
-452.238055958
343.964440484
-83.9740085548
69.3470395801
244.913330362
-209.609039016
167.415482297
-467.548456982
838.507256247
-813.980119367
768.308460772
-622.702962437
597.323938632
-408.861316903
319.885809652
-218.452660258
4.05086803123
208.028978328
-209.611851927
276.086508173
-312.798534406
352.412094717
-260.373221756
165.548858312
-57.6300225071
-68.293574972
190.906754262
-217.051002713
300.854858169
-356.863820599
396.535015739
1702.53435824
-2317.35406507
2252.68641365
-1905.55327742
1793.8010597
-1442.87162237
1255.49856332
-1037.67069785
1099.96210974
-323.912752532
28.8500495625
303.56466083
-630.469184457
1055.37645341
-865.461817951
757.407807644
-487.716126218
409.912118015
-10.5337305914
-85.6537575483
278.249117207
-478.14554951
794.443531126
-766.713699321
825.732993346
-723.823997195
650.943009914
-371.561546207
243.968581718
-34.7871013059
-117.420491291
337.405018127
-353.756905054
460.541170627
-451.738869861
449.195932536
-306.322867608
244.331244125
-94.042977756
-13.5075716926
168.547965088
-209.866834521
308.486147856
-325.065160284
343.16755919
1355.93936022
-1694.9817604
1730.47445043
-1509.96444057
1344.97950889
-938.683783377
766.906562121
-580.523318649
515.035748632
-19.0777546383
-101.08014527
317.854843292
-520.032568103
808.080463165
-654.829455108
526.325403957
-336.906114962
182.524166378
94.0225877999
-126.486120098
240.646343746
-326.006321402
483.574541423
-416.276457712
397.699498964
-340.958664409
275.654069595
-127.18033769
51.306820916
58.5053781205
-143.622592668
222.243704047
-185.982829249
193.490821461
-171.450702604
157.03652406
-84.4879379406
47.9666873163
19.7516220967
-60.9299297914
108.988306667
-100.699510931
126.53148676
-119.405039875
115.042273902
959.202334647
-1008.77207656
928.558111701
-740.506287497
674.031110172
-471.261221858
430.784376695
-290.331916743
259.86662855
104.291864037
-67.5523916034
96.9086006318
-83.2336620999
280.319525383
-190.125255198
135.006528867
22.2031672801
-19.338873638
117.871446819
-62.836891314
72.1054228931
-48.2927500628
128.430224725
-55.9911127666
26.5859757569
49.9068875249
-9.40541141065
39.8816307673
-22.7245208066
80.4274863149
-42.8997561241
72.5496877528
-6.65003589049
18.3947864571
16.0661750647
9.59833802268
5.18868524151
-8.53510851366
45.0289034692
-19.8648924727
22.2746282852
-4.59567412412
26.2281275239
-14.1275223272
26.0792509
655.978633912
-562.382736387
470.143748444
-347.406427054
354.854305002
-314.459204486
235.805492588
-168.817405732
133.679112392
57.6934738102
-60.430926415
-24.4770528089
24.3488760426
99.2132699047
-57.0557131479
49.6675879862
84.9038161111
-15.1766668496
35.7956370946
-13.197604799
-0.570095431391
13.7380333855
31.4718243719
-7.50611047872
-22.6561174287
50.6604211522
-24.470650562
-4.12788309811
-3.51816452851
40.7752910082
-7.77516253156
33.8799637498
0.487242337761
8.59671293344
2.5108363749
16.0342529939
-12.0633031767
7.05250738212
17.9730876431
-9.69870655226
4.24031019971
-12.439583185
17.8062314325
-20.4841196771
27.2788860063
519.957851638
-389.006082222
334.779833295
-239.432723075
269.712185324
-237.146511471
198.899807311
-124.368146378
119.603837596
-5.11155032362
-53.1352758135
-3.98129648849
-20.6184793729
117.32259344
-72.6592337882
120.453816451
26.0967314696
4.04168090028
21.4153197897
-22.9656888548
56.5158677304
-47.1422140568
104.589246827
-81.2618415748
77.7774519737
-72.9026115743
37.8504924662
-38.9145544426
31.6956183643
24.3572148356
-13.4928082748
58.9602942153
-40.9908891376
44.2408442254
-41.4303870952
51.8585213932
-20.0887122944
25.2227743278
6.47955087755
-15.6789630336
22.1799163829
-40.3796946968
38.385766969
-34.4181793653
48.034213201
539.593243083
-412.632361162
356.707581362
-271.860974125
299.178501023
-244.483265751
240.975142378
-118.785851336
145.136747966
-26.2209523204
-85.2779851137
82.1450588111
-100.657069336
167.415613802
-121.653147766
162.39125427
-16.7080948802
9.33637749173
0.893991174224
-28.1338357062
91.4911917296
-80.3110040088
134.642051028
-102.877281938
111.655195614
-86.8367972622
38.6534210052
-18.8497577349
14.3477845944
39.6122611377
-33.3742160403
66.021691462
-55.5687721255
55.6115897819
-52.1271433403
46.420033301
-8.2548600597
10.4402010747
19.4088064765
-21.4025418161
30.7362473682
-36.2692743128
36.5645473014
-27.9099693878
34.3933579266
1075.91364569
-1176.14775697
1168.96775232
-719.605942491
577.109414622
-497.92102502
672.575249351
-611.201511208
701.265783759
-301.824404652
70.9874732631
27.4845401335
-2.18139703264
171.071875246
-29.922316597
-39.2680927755
336.966788418
-174.182015547
30.4626727349
66.7670955848
28.4754663394
-171.087081381
412.945826382
-327.056783205
185.854100455
22.0656993535
-12.4034776954
-25.9489413429
63.8568335817
-25.6497034061
120.772565973
-44.1033925978
20.9477559216
86.2795342692
-115.12013739
78.1316081209
63.5872548345
-145.383350092
149.561087939
19.1244092449
-76.6665747366
57.4101806649
21.7227900458
-66.7442429409
92.9033535279
3022.87332383
-4234.13137518
4303.60114172
-2598.9337193
1658.96635609
-1836.40887447
2505.49538573
-2841.4902272
2853.20957651
-1714.74375275
795.511038213
-604.746688112
423.847969528
102.79913967
161.767403635
-497.06300762
1279.30012176
-700.219479568
136.307471157
241.890600045
-123.205427132
-507.247438377
1294.04980161
-1208.5092313
670.880364532
-169.093194756
131.904625578
-281.093171242
319.590513768
-335.707925541
560.829373619
-289.232224614
179.946086938
119.985397085
-289.593413139
261.040819457
73.6942762928
-355.337457218
359.446764444
-14.8511916037
-148.910850888
118.454495999
-9.78092877301
-181.18950918
316.926743022
5505.75853879
-8094.3109221
8444.07476172
-5509.71922671
4163.69922069
-4625.19578628
5739.58820673
-6363.21071759
6089.25487541
-4014.92075986
2283.75810773
-2043.22073187
1539.77380301
-319.457588275
395.356741633
-690.717212574
1810.35288893
-1173.17229615
888.172905116
-494.695502071
599.386751029
-1468.20326178
2782.01876073
-2924.73581332
2355.27791436
-1877.24653105
1846.09739044
-1798.40226153
1688.28305974
-1528.30349165
1541.73072881
-955.894990043
842.180946126
-558.291603391
280.526412036
-59.4244617293
334.000453548
-632.253746634
740.923893986
-608.327386161
650.816646128
-666.712004263
749.132037942
-937.310587052
1143.51919226
6177.8566843
-8953.04783595
10000.0
-7846.77635669
7688.32867181
-8234.4806295
8958.15377576
-9581.98423091
8902.13313178
-6478.62073942
4619.9733197
-4153.15441558
3302.48715514
-1163.83339826
1094.75469725
-810.829348509
1398.30338685
-908.235085908
1343.52077406
-1369.97161167
1278.2788173
-2171.89483289
3273.20394532
-3470.14901404
3110.08801133
-3077.79565557
3162.80706457
-2555.29391261
2431.07001728
-2014.89884169
1709.3326591
-891.459699939
802.823163938
-637.649945352
125.497086445
31.6640141082
74.0522925949
-227.128024618
168.612938812
-331.820823362
604.971663614
-475.491775011
644.967833971
-754.873955106
919.240057133
-662.612804657
694.157770121
-698.468126105
487.877834125
-370.692589761
296.460329942
-258.826080644
48.6513144986
-27.8430221964
102.679911319
27.237118511
-10.4806668406
-4.51816790857
122.589254646
-25.068685501
104.613600698
-179.420150073
139.187448415
-131.460388663
150.026248524
-190.490871579
89.6614199184
-85.2448593983
121.64250217
-48.28518013
28.877957533
-12.9165258805
53.7352455913
27.4142772667
-7.6242866305
-27.9841940144
6.18545569122
3.15970839855
10.5588641888
-51.8721364824
3.4261437242
-16.338482189
44.8565726694
-26.0668287154
12.3807782642
-12.8776800251
40.1106880154
2.72238752862
-3.22900385342
-16.9566999335
2.8549323338
6.76860248215
-7.30806770199
-18.2761314986
-10.3625278795
3.97372895025
5.24748252321
-7.54045105603
-6.16729584
-0.606472089813
13.1264690713
0.257741009156
-3.40957895891
-8.53393667009
2.47529192208
0.923683242806
-5.05838292526
-10.0909434343
-5.144817824
1.74259969341
-0.228769582465
-3.94667852232
-5.00752045699
1.32921590197
2.95542861556
0.193629093795
-3.53691404901
-2.31440318026
0.97321158321
0.156044222195
-2.68229390047
-4.16977737901
-1.52251524493
0.0747600589528
-0.559116332207
-2.38826176408
-1.718518074
0.176517242931
0.729896285244
-0.519525080404
-1.45873157502
-0.683766655475
0.178325130946
-0.12679175382
-1.19863293983
-1.26731894574
-0.543662032827
-0.0951130700311
-0.469522462794
-0.910164868849
-0.631359225732
-0.0765839573239
-0.00602300604053
-0.41630277142
-0.5765204483
-0.391652246308
-0.15888519091
-0.243213881093
-0.481951411215
-0.498676358609
-0.282933185828
-0.158651764418
-0.150719176197
-0.143183217387
-0.136024056518
-0.129222853692
-0.122761711007
-0.116623625457
-0.110792444184
-0.105252821975
-0.0999901808762
-0.0949906718324
-0.0902411382407
-0.0857290813287
-0.0814426272623
-0.0773704958992
-0.0735019711042
-0.069826872549
-0.0663355289215
-0.0630187524755
-0.0598678148517
-0.0568744241091
-0.0540307029037
-0.0513291677585
-0.0487627093705
-0.046324573902
-0.0440083452069
-0.0418079279466
-0.0397175315492
-0.0377316549718
-0.0358450722232
-0.034052818612
-0.0323501776814
-0.0307326687974
-0.0291960353575
-0.0277362335896
-0.0263494219101
-0.0250319508146
-0.0237803532739
-0.0225913356102
-0.0214617688297
-0.0203886803882
-0.0193692463688
-0.0184007840504
-0.0174807448478
-0.0166067076054
-0.0157763722252
-0.0149875536139
-0.0142381759332
-0.0135262671366
-0.0128499537797
-0.0122074560907
-0.0115970832862
-0.0110172291219
-0.0104663676658
-0.00994304928251
-0.00944589681839
-0.00897360197747
-0.00852492187859
-0.00809867578466
-0.00769374199543
-0.00730905489566
-0.00694360215088
-0.00659642204333
-0.00626660094117
-0.00595327089411
-0.0056556073494
-0.00537282698193
-0.00510418563284
-0.00484897635119
-0.00460652753363
-0.00437620115695
-0.00415739109911
-0.00394952154415
-0.00375204546694
-0.0035644431936
-0.00338622103392
-0.00321690998222
-0.00305606448311
-0.00290326125895
-0.00275809819601
-0.00262019328621
-0.0024891836219
-0.0023647244408
-0.00224648821876
-0.00213416380782
-0.00202745561743
-0.00192608283656
-0.00182977869473
-0.00173828976
-0.001651375272
-0.0015688065084
-0.00149036618298
-0.00141584787383
-0.00134505548014
-0.00127780270613
-0.00121391257082
-0.00115321694228
-0.00109555609517
-0.00104077829041
-0.000988739375888
-0.000939302407094
-0.000892337286739
-0.000847720422402
-0.000805334401282
-0.000765067681218
-0.000726814297157
-0.000690473582299
-0.000655949903184
-0.000623152408025
-0.000591994787624
-0.000562395048243
-0.000534275295831
-0.000507561531039
-0.000482183454487
-0.000458074281763
-0.000435170567675
-0.000413412039291
-0.000392741437326
-0.00037310436546
-0.000354449147187
-0.000336726689828
-0.000319890355336
-0.000303895837569
-0.000288701045691
-0.000274265993406
-0.000260552693736
-0.000247525059049
-0.000235148806097
-0.000223391365792
-0.000212221797502
-0.000201610707627
-0.000191530172246
-0.000181953663634
-0.000172855980452
-0.000164213181429
-0.000156002522358
-0.00014820239624
-0.000140792276428
-0.000133752662607
-0.000127065029476
-0.000120711778002
-0.000114676189102
-0.000108942379647
-0.000103495260665
-9.83204976316e-05
-9.340447275e-05
-8.87342491125e-05
-8.42975366569e-05
-8.0082659824e-05
-7.60785268328e-05
-7.22746004912e-05
-6.86608704666e-05
-6.52278269433e-05
-6.19664355961e-05
-5.88681138163e-05
-5.59247081255e-05
-5.31284727192e-05
-5.04720490833e-05
-4.79484466291e-05
-4.55510242977e-05
-4.32734730828e-05
-4.11097994286e-05
-3.90543094572e-05
-3.71015939843e-05
-3.52465142851e-05
-3.34841885709e-05
-3.18099791423e-05
-3.02194801852e-05
-2.8708506176e-05
-2.72730808672e-05
-2.59094268238e-05
-2.46139554826e-05
-2.33832577085e-05
-2.22140948231e-05
-2.11033900819e-05
-2.00482205778e-05
-1.90458095489e-05
-1.80935190715e-05
-1.71888431179e-05
-1.6329400962e-05
-1.55129309139e-05
-1.47372843682e-05
-1.40004201498e-05
-1.33003991423e-05
-1.26353791852e-05
-1.20036102259e-05
-1.14034297146e-05
-1.08332582289e-05
-1.02915953175e-05
-9.77701555158e-06
-9.28816477401e-06
-8.82375653531e-06
-8.38256870854e-06
-7.96344027311e-06
-7.56526825946e-06
-7.18700484648e-06
-6.82765460416e-06
-6.48627187395e-06
-6.16195828025e-06
-5.85386036624e-06
-5.56116734793e-06
-5.28310898053e-06
-5.01895353151e-06
-4.76800585493e-06
-4.52960556218e-06
-4.30312528408e-06
-4.08796901987e-06
-3.88357056888e-06
-3.68939204043e-06
-3.50492243841e-06
-3.32967631649e-06
-3.16319250067e-06
-3.00503287563e-06
-2.85478123185e-06
-2.71204217026e-06
-2.57644006175e-06
-2.44761805866e-06
-2.32523715573e-06
-2.20897529794e-06
-2.09852653304e-06
-1.99360020639e-06
-1.89392019607e-06
-1.79922418627e-06
-1.70926297695e-06
-1.62379982811e-06
-1.5426098367e-06
-1.46547934487e-06
-1.39220537762e-06
-1.32259510874e-06
-1.2564653533e-06
-1.19364208564e-06
-1.13395998136e-06
-1.07726198229e-06
-1.02339888318e-06
-9.72228939016e-07
-9.23617492066e-07
-8.77436617462e-07
-8.33564786589e-07
-7.9188654726e-07
-7.52292219897e-07
-7.14677608902e-07
-6.78943728457e-07
-6.44996542034e-07
-6.12746714932e-07
-5.82109379186e-07
-5.53003910226e-07
-5.25353714715e-07
-4.99086028979e-07
-4.7413172753e-07
-4.50425141154e-07
-4.27903884096e-07
-4.06508689891e-07
-3.86183255397e-07
-3.66874092627e-07
-3.48530387996e-07
-3.31103868596e-07
-3.14548675166e-07
-2.98821241408e-07
-2.83880179337e-07
-2.6968617037e-07
-2.56201861852e-07
-2.43391768759e-07
-2.31222180321e-07
-2.19661071305e-07
-2.0867801774e-07
-1.98244116853e-07
-1.8833191101e-07
-1.7891531546e-07
-1.69969549687e-07
-1.61471072203e-07
-1.53397518592e-07
-1.45727642663e-07
-1.3844126053e-07
-1.31519197503e-07
-1.24943237628e-07
-1.18696075747e-07
-1.12761271959e-07
-1.07123208361e-07
-1.01767047943e-07
-9.66786955461e-08
-9.18447607688e-08
-8.72525227303e-08
-8.28898965938e-08
-7.87454017641e-08
-7.48081316759e-08
-7.10677250921e-08
-6.75143388375e-08
-6.41386218956e-08
-6.09316908009e-08
-5.78851062608e-08
-5.49908509478e-08
-5.22413084004e-08
-4.96292429804e-08
-4.71477808314e-08
-4.47903917898e-08
-4.25508722003e-08
-4.04233285903e-08
-3.84021621608e-08
-3.64820540527e-08
-3.46579513501e-08
-3.29250537826e-08
-3.12788010935e-08
-2.97148610388e-08
-2.82291179868e-08
-2.68176620875e-08
-2.54767789831e-08
-2.4202940034e-08
-2.29927930323e-08
-2.18431533807e-08
-2.07509957116e-08
-1.9713445926e-08
-1.87277736297e-08
-1.77913849483e-08
-1.69018157008e-08
-1.60567249158e-08
-1.525388867e-08
-1.44911942365e-08
-1.37666345247e-08
-1.30783027985e-08
-1.24243876585e-08
-1.18031682756e-08
-1.12130098618e-08
-1.06523593687e-08
-1.01197414003e-08
-9.61375433028e-09
-9.13306661377e-09
-8.67641328308e-09
-8.24259261892e-09
-7.83046298798e-09
-7.43893983858e-09
-7.06699284665e-09
-6.71364320432e-09
-6.3779610441e-09
-6.0590629919e-09
-5.7561098423e-09
-5.46830435019e-09
-5.19488913268e-09
-4.93514467604e-09
-4.68838744224e-09
-4.45396807013e-09
-4.23126966662e-09
-4.01970618329e-09
-3.81872087413e-09
-3.62778483042e-09
-3.4463955889e-09
-3.27407580945e-09
-3.11037201898e-09
-2.95485341803e-09
-2.80711074713e-09
-2.66675520977e-09
-2.53341744929e-09
-2.40674657682e-09
-2.28640924798e-09
-2.17208878558e-09
-2.0634843463e-09
-1.96031012899e-09
-1.86229462254e-09
-1.76917989141e-09
-1.68072089684e-09
-1.596684852e-09
-1.5168506094e-09
-1.44100807893e-09
-1.36895767498e-09
-1.30050979123e-09
-1.23548430167e-09
-1.17371008659e-09
-1.11502458226e-09
-1.05927335315e-09
-1.00630968549e-09
-9.55994201214e-10
-9.08194491153e-10
-8.62784766595e-10
-8.19645528266e-10
-7.78663251852e-10
-7.3973008926e-10
-7.02743584797e-10
-6.67606405557e-10
-6.34226085279e-10
-6.02514781015e-10
-5.72389041964e-10
-5.43769589866e-10
-5.16581110373e-10
-4.90752054854e-10
-4.66214452111e-10
-4.42903729506e-10
-4.20758543031e-10
-3.99720615879e-10
-3.79734585085e-10
-3.60747855831e-10
-3.42710463039e-10
-3.25574939887e-10
-3.09296192893e-10
-2.93831383248e-10
-2.79139814086e-10
-2.65182823382e-10
-2.51923682213e-10
-2.39327498102e-10
-2.27361123197e-10
-2.15993067037e-10
-2.05193413685e-10
-1.94933743001e-10
-1.85187055851e-10
-1.75927703058e-10
-1.67131317905e-10
-1.5877475201e-10
-1.5083601441e-10
-1.43294213689e-10
-1.36129503005e-10
-1.29323027854e-10
-1.22856876462e-10
-1.16714032639e-10
-1.10878331007e-10
-1.05334414456e-10
-1.00067693734e-10
-9.50643090469e-11
-9.03110935945e-11
-8.57955389148e-11
-8.15057619691e-11
-7.74304738706e-11
-7.35589501771e-11
-6.98810026682e-11
-6.63869525348e-11
-6.30676049081e-11
-5.99142246627e-11
-5.69185134295e-11
-5.40725877581e-11
-5.13689583702e-11
-4.88005104516e-11
-4.63604849291e-11
-4.40424606826e-11
-4.18403376485e-11
-3.97483207661e-11
-3.77609047278e-11
-3.58728594914e-11
-3.40792165168e-11
-3.2375255691e-11
-3.07564929064e-11
-2.92186682611e-11
-2.7757734848e-11
-2.63698481056e-11
-2.50513557003e-11
-2.37987879153e-11
-2.26088485196e-11
-2.14784060936e-11
-2.04044857889e-11
-1.93842614995e-11
-1.84150484245e-11
-1.74942960033e-11
-1.66195812031e-11
-1.57886021429e-11
-1.49991720358e-11
-1.4249213434e-11
-1.35367527623e-11
-1.28599151242e-11
-1.2216919368e-11
-1.16060733996e-11
-1.10257697296e-11
-1.04744812431e-11
-9.95075718097e-12
-9.45321932192e-12
-8.98055835582e-12
-8.53153043803e-12
-8.10495391613e-12
-7.69970622032e-12
-7.31472090931e-12
-6.94898486384e-12
-6.60153562065e-12
-6.27145883962e-12
-5.95788589764e-12
-5.65999160276e-12
-5.37699202262e-12
-5.10814242149e-12
-4.85273530041e-12
-4.61009853539e-12
-4.37959360862e-12
-4.16061392819e-12
-3.95258323178e-12
-3.75495407019e-12
-3.56720636668e-12
-3.38884604835e-12
-3.21940374593e-12
-3.05843355863e-12
-2.9055118807e-12
-2.76023628667e-12
-2.62222447233e-12
-2.49111324872e-12
-2.36655758628e-12
-2.24822970697e-12
-2.13581822162e-12
-2.02902731054e-12
-1.92757594501e-12
-1.83119714776e-12
-1.73963729037e-12
-1.65265542585e-12
-1.57002265456e-12
-1.49152152183e-12
-1.41694544574e-12
-1.34609817345e-12
-1.27879326478e-12
-1.21485360154e-12
-1.15411092147e-12
-1.09640537539e-12
-1.04158510662e-12
-9.89505851292e-13
-9.40030558727e-13
-8.93029030791e-13
-8.48377579251e-13
-8.05958700289e-13
-7.65660765274e-13
-7.27377727011e-13
-6.9100884066e-13
-6.56458398627e-13
-6.23635478696e-13
-5.92453704761e-13
-5.62831019523e-13
-5.34689468547e-13
-5.07954995119e-13
-4.82557245363e-13
-4.58429383095e-13
-4.3550791394e-13
-4.13732518243e-13
-3.93045892331e-13
-3.73393597715e-13
-3.54723917829e-13
-3.36987721938e-13
-3.20138335841e-13
-3.04131419049e-13
-2.88924848096e-13
-2.74478605691e-13
-2.60754675407e-13
-2.47716941636e-13
-2.35331094555e-13
-2.23564539827e-13
-2.12386312836e-13
-2.01766997194e-13
-1.91678647334e-13
-1.82094714967e-13
-1.72989979219e-13
-1.64340480258e-13
-1.56123456245e-13
-1.48317283433e-13
-1.40901419261e-13
-1.33856348298e-13
-1.27163530883e-13
-1.20805354339e-13
-1.14765086622e-13
-1.09026832291e-13
-1.03575490677e-13
-9.83967161427e-14
-9.34768803355e-14
-8.88030363188e-14
-8.43628845028e-14
-8.01447402777e-14
-7.61375032638e-14
-7.23306281006e-14
-6.87140966956e-14
-6.52783918608e-14
-6.20144722678e-14
-5.89137486544e-14
-5.59680612217e-14
-5.31696581606e-14
-5.05111752525e-14
-4.79856164899e-14
-4.55863356654e-14
-4.33070188821e-14
-4.1141667938e-14
-3.90845845411e-14
-3.71303553141e-14
-3.52738375484e-14
-3.3510145671e-14
-3.18346383874e-14
-3.0242906468e-14
-2.87307611446e-14
-2.72942230874e-14
-2.5929511933e-14
-2.46330363364e-14
-2.34013845196e-14
-2.22313152936e-14
-2.11197495289e-14
-2.00637620525e-14
-1.90605739498e-14
-1.81075452523e-14
-1.72021679897e-14
-1.63420595902e-14
-1.55249566107e-14
-1.47487087802e-14
-1.40112733412e-14
-1.33107096741e-14
-1.26451741904e-14
-1.20129154809e-14
-1.14122697069e-14
-1.08416562215e-14
-1.02995734104e-14
-9.78459473991e-15
-9.29536500292e-15
-8.83059675277e-15
-8.38906691513e-15
-7.96961356938e-15
-7.57113289091e-15
-7.19257624636e-15
-6.83294743404e-15
-6.49130006234e-15
-6.16673505923e-15
-5.85839830626e-15
-5.56547839095e-15
-5.2872044714e-15
-5.02284424783e-15
-4.77170203544e-15
-4.53311693367e-15
-4.30646108699e-15
-4.09113803264e-15
-3.886581131e-15
-3.69225207445e-15
-3.50763947073e-15
-3.3322574972e-15
-3.16564462234e-15
-3.00736239122e-15
-2.85699427166e-15
-2.71414455807e-15
-2.57843733017e-15
-2.44951546366e-15
-2.32703969048e-15
-2.21068770596e-15
-2.10015332066e-15
-1.99514565462e-15
-1.89538837189e-15
-1.8006189533e-15
-1.71058800563e-15
-1.62505860535e-15
-1.54380567508e-15
-1.46661539133e-15
-1.39328462176e-15
-1.32362039068e-15
-1.25743937114e-15
-1.19456740258e-15
-1.13483903246e-15
-1.07809708083e-15
-1.02419222679e-15
-9.72982615452e-16
-9.24333484679e-16
-8.78116810445e-16
-8.34210969923e-16
-7.92500421427e-16
-7.52875400355e-16
-7.15231630338e-16
-6.79470048821e-16
-6.4549654638e-16
-6.13221719061e-16
-5.82560633108e-16
-5.53432601452e-16
-5.2576097138e-16
-4.99472922811e-16
-4.7449927667e-16
-4.50774312837e-16
-4.28235597195e-16
-4.06823817335e-16
-3.86482626468e-16
-3.67158495145e-16
-3.48800570388e-16
-3.31360541868e-16
-3.14792514775e-16
-2.99052889036e-16
-2.84100244584e-16
-2.69895232355e-16
-2.56400470737e-16
-2.435804472e-16
-2.3140142484e-16
-2.19831353598e-16
-2.08839785918e-16
-1.98397796623e-16
-1.88477906791e-16
-1.79054011452e-16
-1.70101310879e-16
-1.61596245335e-16
-1.53516433069e-16
-1.45840611415e-16
-1.38548580844e-16
-1.31621151802e-16
-1.25040094212e-16
-1.18788089501e-16
-1.12848685026e-16
-1.07206250775e-16
-1.01845938236e-16
-9.67536413245e-17
-9.19159592583e-17
-8.73201612953e-17
-8.29541532306e-17
-7.8806445569e-17
-7.48661232906e-17
-7.11228171261e-17
-6.75666762698e-17
-6.41883424563e-17
-6.09789253335e-17
-5.79299790668e-17
-5.50334801134e-17
-5.22818061078e-17
-4.96677158024e-17
-4.71843300123e-17
-4.48251135117e-17
-4.25838578361e-17
-4.04546649443e-17
-3.84319316971e-17
-3.65103351122e-17
-3.46848183566e-17
-3.29505774388e-17
-3.13030485668e-17
-2.97378961385e-17
-2.82510013316e-17
-2.6838451265e-17
-2.54965287017e-17
-2.42217022666e-17
-2.30106171533e-17
-2.18600862956e-17
-2.07670819809e-17
-1.97287278818e-17
-1.87422914877e-17
-1.78051769133e-17
-1.69149180677e-17
-1.60691721643e-17
-1.52657135561e-17
-1.45024278783e-17
-1.37773064844e-17
-1.30884411601e-17
-1.24340191021e-17
-1.1812318147e-17
-1.12217022397e-17
-1.06606171277e-17
-1.01275862713e-17
-9.62120695774e-18
-9.14014660986e-18
-8.68313927936e-18
-8.24898231539e-18
-7.83653319963e-18
-7.44470653964e-18
-7.07247121266e-18
-6.71884765203e-18
-6.38290526943e-18
-6.06376000596e-18
-5.76057200566e-18
-5.47254340538e-18
-5.19891623511e-18
-4.93897042335e-18
-4.69202190218e-18
-4.45742080707e-18
-4.23454976672e-18
-4.02282227838e-18
-3.82168116447e-18
-3.63059710624e-18
-3.44906725093e-18
-3.27661388838e-18
-3.11278319396e-18
-2.95714403427e-18
-2.80928683255e-18
-2.66882249093e-18
-2.53538136638e-18
-2.40861229806e-18
-2.28818168316e-18
-2.173772599e-18
-2.06508396905e-18
-1.9618297706e-18
-1.86373828207e-18
-1.77055136796e-18
-1.68202379957e-18
-1.59792260959e-18
-1.51802647911e-18
-1.44212515515e-18
-1.37001889739e-18
-1.30151795252e-18
-1.2364420549e-18
-1.17461995215e-18
-1.11588895455e-18
-1.06009450682e-18
-1.00708978148e-18
-9.56735292404e-19
-9.08898527784e-19
-8.63453601395e-19
-8.20280921325e-19
-7.79266875259e-19
-7.40303531496e-19
-7.03288354921e-19
-6.68123937175e-19
-6.34717740316e-19
-6.029818533e-19
-5.72832760635e-19
-5.44191122604e-19
-5.16981566473e-19
-4.9113248815e-19
-4.66575863742e-19
-4.43247070555e-19
-4.21084717027e-19
-4.00030481176e-19
-3.80028957117e-19
-3.61027509261e-19
-3.42976133798e-19
-3.25827327108e-19
-3.09535960753e-19
-2.94059162715e-19
-2.7935620458e-19
-2.65388394351e-19
-2.52118974633e-19
-2.39513025901e-19
-2.27537374606e-19
-2.16160505876e-19
-2.05352480582e-19
-1.95084856553e-19
-1.85330613725e-19
-1.76064083039e-19
-1.67260878887e-19
-1.58897834943e-19
-1.50952943196e-19
-1.43405296036e-19
-1.36235031234e-19
-1.29423279672e-19
-1.22952115689e-19
-1.16804509904e-19
-1.10964284409e-19
-1.05416070189e-19
-1.00145266679e-19
-9.51380033453e-20
-9.0381103178e-20
-8.58620480191e-20
-8.15689456182e-20
-7.74904983372e-20
-7.36159734204e-20
-6.99351747494e-20
-6.64384160119e-20
-6.31164952113e-20
-5.99606704507e-20
-5.69626369282e-20
-5.41145050818e-20
-5.14087798277e-20
-4.88383408363e-20
-4.63964237945e-20
-4.40766026048e-20
-4.18727724745e-20
-3.97791338508e-20
-3.77901771583e-20
-3.59006683004e-20
-3.41056348853e-20
-3.24003531411e-20
-3.0780335484e-20
-2.92413187098e-20
-2.77792527743e-20
-2.63902901356e-20
-2.50707756288e-20
-2.38172368474e-20
-2.2626375005e-20
-2.14950562548e-20
-2.0420303442e-20
-1.93992882699e-20
-1.84293238564e-20
-1.75078576636e-20
-1.66324647804e-20
-1.58008415414e-20
-1.50107994643e-20
-1.42602594911e-20
-1.35472465166e-20
-1.28698841907e-20
-1.22263899812e-20
-1.16150704821e-20
-1.1034316958e-20
-1.04826011101e-20
-9.95847105462e-21
-9.46054750189e-21
-8.9875201268e-21
-8.53814412046e-21
-8.11123691444e-21
-7.70567506871e-21
-7.32039131528e-21
-6.95437174951e-21
-6.60665316204e-21
-6.27632050394e-21
-5.96250447874e-21
-5.6643792548e-21
-5.38116029206e-21
-5.11210227746e-21
-4.85649716359e-21
-4.61367230541e-21
-4.38298869014e-21
-4.16383925563e-21
-3.95564729285e-21
-3.75786492821e-21
-3.5699716818e-21
-3.39147309771e-21
-3.22189944282e-21
-3.06080447068e-21
-2.90776424715e-21
-2.76237603479e-21
-2.62425723305e-21
-2.4930443714e-21
-2.36839215283e-21
-2.24997254519e-21
-2.13747391793e-21
-2.03060022203e-21
-1.92907021093e-21
-1.83261670038e-21
-1.74098586536e-21
-1.65393657209e-21
-1.57123974349e-21
-1.49267775632e-21
-1.4180438685e-21
-1.34714167507e-21
-1.27978459132e-21
-1.21579536175e-21
-1.15500559367e-21
-1.09725531398e-21
-1.04239254828e-21
-9.9027292087e-22
-9.40759274827e-22
-8.93721311085e-22
-8.49035245531e-22
-8.06583483255e-22
-7.66254309092e-22
-7.27941593637e-22
-6.91544513955e-22
-6.56967288258e-22
-6.24118923845e-22
-5.92912977653e-22
-5.6326732877e-22
-5.35103962331e-22
-5.08348764215e-22
-4.82931326004e-22
-4.58784759704e-22
-4.35845521719e-22
-4.14053245633e-22
-3.93350583351e-22
-3.73683054184e-22
-3.54998901474e-22
-3.37248956401e-22
-3.20386508581e-22
-3.04367183152e-22
-2.89148823994e-22
-2.74691382794e-22
-2.60956813655e-22
-2.47908972972e-22
-2.35513524323e-22
-2.23737848107e-22
-2.12550955702e-22
-2.01923407917e-22
-1.91827237521e-22
-1.82235875645e-22
-1.73124081863e-22
-1.64467877769e-22
-1.56244483881e-22
-1.48432259687e-22
-1.41010646703e-22
-1.33960114367e-22
-1.27262108649e-22
-1.20899003217e-22
-1.14854053056e-22
-1.09111350403e-22
-1.03655782883e-22
-9.84729937387e-23
-9.35493440518e-23
-8.88718768492e-23
-8.44282830067e-23
-8.02068688564e-23
-7.61965254136e-23
-7.23866991429e-23
-6.87673641857e-23
-6.53289959765e-23
-6.20625461776e-23
-5.89594188688e-23
-5.60114479253e-23
-5.3210875529e-23
-5.05503317526e-23
-4.8022815165e-23
-4.56216744067e-23
-4.33405906864e-23
-4.11735611521e-23
-3.91148830945e-23
-3.71591389397e-23
-3.53011819927e-23
-3.35361228931e-23
-3.18593167485e-23
-3.0266350911e-23
-2.87530333655e-23
-2.73153816972e-23
-2.59496126123e-23
-2.46521319817e-23
-2.34195253826e-23
-2.22485491135e-23
-2.11361216578e-23
-2.00793155749e-23
-1.90753497962e-23
-1.81215823064e-23
-1.72155031911e-23
-1.63547280315e-23
-1.55369916299e-23
-1.47601420484e-23
-1.4022134946e-23
-1.33210281987e-23
-1.26549767888e-23
-1.20222279493e-23
-1.14211165519e-23
-1.08500607243e-23
-1.03075576881e-23
-9.79217980366e-24
-9.30257081348e-24
-8.83744227281e-24
-8.39557015917e-24
-7.97579165121e-24
-7.57700206865e-24
-7.19815196522e-24
-6.83824436696e-24
-6.49633214861e-24
-6.17151554118e-24
-5.86293976412e-24
-5.56979277591e-24
-5.29130313712e-24
-5.02673798026e-24
-4.77540108125e-24
-4.53663102719e-24
-4.30979947583e-24
-4.09430950203e-24
-3.88959402693e-24
-3.69511432559e-24
-3.51035860931e-24
-3.33484067884e-24
-3.1680986449e-24
-3.00969371265e-24
-2.85920902702e-24
-2.71624857567e-24
-2.58043614689e-24
-2.45141433954e-24
-2.32884362257e-24
-2.21240144144e-24
-2.10178136937e-24
-1.9966923009e-24
-1.89685768585e-24
-1.80201480156e-24
-1.71191406148e-24
-1.62631835841e-24
-1.54500244049e-24
-1.46775231846e-24
-1.39436470254e-24
-1.32464646741e-24
-1.25841414404e-24
-1.19549343684e-24
-1.135718765e-24
-1.07893282675e-24
-1.02498618541e-24
-9.7373687614e-25
-9.25050032333e-25
-8.78797530717e-25
-8.34857654181e-25
-7.93114771472e-25
-7.53459032898e-25
-7.15786081253e-25
-6.79996777191e-25
-6.45996938331e-25
-6.13697091414e-25
-5.83012236844e-25
-5.53861625002e-25
-5.26168543751e-25
-4.99860116564e-25
-4.74867110736e-25
-4.51123755199e-25
-4.28567567439e-25
-4.07139189067e-25
-3.86782229614e-25
-3.67443118133e-25
-3.49070962226e-25
-3.31617414115e-25
-3.15036543409e-25
-2.99284716239e-25
-2.84320480427e-25
-2.70104456406e-25
-2.56599233585e-25
-2.43769271906e-25
-2.31580808311e-25
-2.20001767895e-25
-2.090016795e-25
-1.98551595525e-25
-1.88624015749e-25
-1.79192814962e-25
-1.70233174214e-25
-1.61721515503e-25
-1.53635439728e-25
-1.45953667741e-25
-1.38655984354e-25
-1.31723185137e-25
-1.2513702588e-25
-1.18880174586e-25
-1.12936165856e-25
-1.07289357564e-25
-1.01924889685e-25
-9.68286452012e-26
-9.19872129411e-26
-8.73878522941e-26
-8.30184596794e-26
-7.88675366954e-26
-7.49241598606e-26
-7.11779518676e-26
-6.76190542742e-26
-6.42381015605e-26
-6.10261964825e-26
-5.79748866584e-26
-5.50761423254e-26
-5.23223352092e-26
-4.97062184487e-26
-4.72209075263e-26
-4.485986215e-26
-4.26168690425e-26
-4.04860255903e-26
-3.84617243108e-26
-3.65386380953e-26
-3.47117061905e-26
-3.2976120881e-26
-3.13273148369e-26
-2.97609490951e-26
-2.82729016403e-26
-2.68592565583e-26
-2.55162937304e-26
-2.42404790439e-26
-2.30284550917e-26
-2.18770323371e-26
-2.07831807203e-26
-1.97440216842e-26
-1.87568206e-26
-1.781897957e-26
-1.69280305915e-26
-1.60816290619e-26
-1.52775476089e-26
-1.45136702284e-26
-1.3787986717e-26
-1.30985873811e-26
-1.24436580121e-26
-1.18214751115e-26
-1.12304013559e-26
-1.06688812881e-26
-1.01354372237e-26
-9.62866536252e-27
-9.14723209439e-27
-8.68987048967e-27
-8.25537696519e-27
-7.84260811693e-27
-7.45047771108e-27
-7.07795382553e-27
-6.72405613425e-27
-6.38785332754e-27
-6.06846066116e-27
-5.76503762811e-27
-5.4767857467e-27
-5.20294645936e-27
-4.9427991364e-27
-4.69565917958e-27
-4.4608762206e-27
-4.23783240957e-27
-4.02594078909e-27
-3.82464374964e-27
-3.63341156215e-27
-3.45174098405e-27
-3.27915393484e-27
-3.1151962381e-27
-2.9594364262e-27
-2.81146460489e-27
-2.67089137464e-27
-2.53734680591e-27
-2.41047946561e-27
-2.28995549233e-27
-2.17545771772e-27
-2.06668483183e-27
-1.96335059024e-27
-1.86518306073e-27
-1.77192390769e-27
-1.68332771231e-27
-1.59916132669e-27
-1.51920326036e-27
-1.44324309734e-27
-1.37108094247e-27
-1.30252689535e-27
-1.23740055058e-27
-1.17553052305e-27
-1.1167539969e-27
-1.06091629705e-27
-1.0078704822e-27
-9.57476958092e-28
-9.09603110187e-28
-8.64122954678e-28
-8.20916806944e-28
-7.79870966597e-28
-7.40877418267e-28
-7.03833547353e-28
-6.68641869986e-28
-6.35209776486e-28
-6.03449287662e-28
-5.73276823279e-28
-5.44612982115e-28
-5.17382333009e-28
-4.91513216359e-28
-4.66937555541e-28
-4.43590677764e-28
-4.21411143876e-28
-4.00340586682e-28
-3.80323557348e-28
-3.6130737948e-28
-3.43242010506e-28
-3.26079909981e-28
-3.09775914482e-28
-2.94287118758e-28
-2.7957276282e-28
-2.65594124679e-28
-2.52314418445e-28
-2.39698697523e-28
-2.27713762647e-28
-2.16328074514e-28
-2.05511670789e-28
-1.95236087249e-28
-1.85474282887e-28
-1.76200568742e-28
-1.67390540305e-28
-1.5902101329e-28
-1.51069962626e-28
-1.43516464494e-28
-1.3634064127e-28
-1.29523609206e-28
-1.23047428746e-28
-1.16895057308e-28
-1.11050304443e-28
-1.05497789221e-28
-1.0022289976e-28
-9.52117547718e-29
-9.04511670333e-29
-8.59286086816e-29
-8.16321782475e-29
-7.75505693351e-29
-7.36730408684e-29
-6.9989388825e-29
-6.64899193837e-29
-6.31654234145e-29
-6.00071522438e-29
-5.70067946316e-29
-5.41564549e-29
-5.1448632155e-29
-4.88762005473e-29
-4.64323905199e-29
-4.41107709939e-29
-4.19052324442e-29
-3.9809970822e-29
-3.78194722809e-29
-3.59284986669e-29
-3.41320737335e-29
-3.24254700468e-29
-3.08041965445e-29
-2.92639867173e-29
-2.78007873814e-29
-2.64107480123e-29
-2.50902106117e-29
-2.38357000811e-29
-2.26439150771e-29
-2.15117193232e-29
-2.04361333571e-29
-1.94143266892e-29
-1.84436103548e-29
-1.7521429837e-29
-1.66453583452e-29
-1.58130904279e-29
-1.50224359065e-29
-1.42713141112e-29
-1.35577484056e-29
-1.28798609853e-29
-1.22358679361e-29
-1.16240745393e-29
-1.10428708123e-29
-1.04907272717e-29
-9.96619090811e-30
-9.4678813627e-30
-8.99448729457e-30
-8.54476292984e-30
-8.11752478335e-30
-7.71164854418e-30
-7.32606611697e-30
-6.95976281112e-30
-6.61177467057e-30
-6.28118593704e-30
-5.96712664019e-30
-5.66877030818e-30
-5.38533179277e-30
-5.11606520313e-30
-4.86026194297e-30
-4.61724884583e-30
-4.38638640353e-30
-4.16706708336e-30
-3.95871372919e-30
-3.76077804273e-30
-3.57273914059e-30
-3.39410218356e-30
-3.22439707439e-30
-3.06317722067e-30
-2.91001835963e-30
-2.76451744165e-30
-2.62629156957e-30
-2.49497699109e-30
-2.37022814154e-30
-2.25171673446e-30
-2.13913089774e-30
-2.03217435285e-30
-1.93056563521e-30
-1.83403735345e-30
-1.74233548577e-30
-1.65521871149e-30
-1.57245777591e-30
-1.49383488712e-30
-1.41914314276e-30
-1.34818598562e-30
-1.28077668634e-30
-1.21673785202e-30
-1.15590095942e-30
-1.09810591145e-30
-1.04320061588e-30
-9.91040585085e-31
-9.41488555831e-31
-8.94414128039e-31
-8.49693421637e-31
-8.07208750555e-31
-7.66848313028e-31
-7.28505897376e-31
-6.92080602507e-31
-6.57476572382e-31
-6.24602743763e-31
