0.801682664994
-0.0527464905376
0.146202597303
-0.0103584835854
0.110306012982
-0.120021942998
-0.179240165089
0.124906464467
0.0660612670961
0.0975681943561
-0.106222982595
0.141119328659
0.0431031761174
0.0061981062262
0.317764265334
-0.153464633212
0.369521601001
-0.171288636699
0.147896652875
-0.242795798622
-0.0381707805686
0.0715582913207
-0.100915380781
0.157395294514
-0.138900093189
0.311869670779
-0.154211666225
0.0868753201499
0.112199892593
-0.0946356841954
0.316584755564
-0.314548846655
0.323827250968
-0.325960622526
0.162193391128
-0.137952160183
-0.0265021028249
0.139802439555
-0.163108646279
0.323327768095
-0.277242898626
0.277098148389
-0.129180121544
0.0526993404863
0.0975795176974
-0.201393255742
0.30398390975
-0.345484754983
0.292076738863
-0.272057247671
0.159898355735
-0.0427776741336
-0.0556573380668
0.199765169908
-0.232818184765
0.299721632832
-0.256506017622
0.203255110876
-0.103758024946
-0.00396783079181
0.11544176463
37.400797826
-3.15310552513
7.96625475669
-1.93856296641
5.290094739
-3.12666226121
-8.25352424056
6.37391099225
-0.639878888725
7.58753568767
-1.85984882324
3.25507107427
-3.36508897291
1.92707833219
11.4351531666
-6.10677081122
8.84934058918
-2.79296595532
7.77671708266
-5.55899372043
-0.661046840461
2.565045417
-2.84448261534
6.35779407301
-2.66759256654
5.05700745752
-4.037414763
4.29631045881
1.44506953558
-2.79818972133
4.16481342675
-2.36986958235
5.4465518482
-4.51445343987
3.60427394494
-1.5074189806
-0.124080941568
2.64920983169
-1.72410873222
2.95319203355
-2.97422559007
4.37663392992
-1.83993962141
0.429369564055
0.892683249217
-0.675940755602
2.12263098743
-2.23863796502
2.99179313095
-2.30309477316
1.58006364978
0.155103955966
-0.148568463934
0.716628757992
-1.03533684811
2.34609219962
-1.84339323602
1.38222954844
-0.446869286823
0.373774658544
0.259941380026
100.52853134
-4.97825073156
23.968489854
-1.16569960578
15.3340289797
4.16848342655
-11.4157522233
17.2317120073
-5.05618542222
13.8435825474
8.56146529878
7.00676015591
-9.1468672488
7.65435434975
16.101571821
-3.30727025664
11.7960598815
2.23466166799
12.9365487824
-2.51637527404
5.31335300687
4.81117574578
-3.89670973188
8.69945368101
2.64395852322
3.91895459801
-1.7746107964
6.10805458774
3.42810460455
-0.532302974436
3.64394761905
1.82095074867
3.55864623174
-0.101948267455
4.76840008051
0.261211114067
0.870185906935
2.96779335331
1.07353494117
1.40869775467
0.105021503473
3.25545381031
0.313031852128
0.86923790815
1.63734572178
0.944333915531
0.891751849325
0.763351468763
1.76728770685
0.0695159774315
0.963962091337
1.08111899014
0.753872276231
0.416214095241
0.656067341318
1.02561208695
0.170638589656
0.739429500017
0.606314751613
0.482556250245
0.393292974506
96.6935052867
-4.12480529847
20.0712587084
2.30016524444
13.654238116
-0.355763511156
-0.15297242194
8.70571075433
3.78067759225
3.46834998015
1.24312638209
9.25428432735
1.04844270054
9.74421125504
4.55929772633
4.28707014128
14.0208563233
0.737127401786
6.88114890438
-0.392398644979
7.78435811248
0.0158840374181
2.21234096658
3.00630851167
4.49170524516
2.18341101237
-0.170998590823
4.39651085017
2.37943716725
3.46023909158
1.98470188819
2.54513636076
3.64868370759
-0.0348814034665
2.92993664267
-0.015237643685
3.64762099154
-0.0612483874672
2.28346847277
0.771774804034
1.76212520309
1.17940418212
0.461291823273
1.94143890822
0.785813906635
1.619133405
0.584234530507
1.09365628156
1.15394869354
0.244764697625
1.27680183163
0.0959377534818
1.57542121777
-0.046088463418
1.15619489303
0.229957226102
0.813132797845
0.496660087298
0.38676691754
0.788773523472
0.277683955465
105.197159376
-17.7225636098
21.6435788783
-3.55244051661
17.300516496
-4.22567395037
2.71432267248
15.3751958167
8.31003051512
9.29567846057
-11.858610118
9.65143539259
4.52793336082
3.47409491505
11.2475139427
0.814603340921
19.0644330738
-8.18655769679
11.2602880503
-2.64164032939
9.57347344608
0.601133580112
2.6251786046
7.44341539432
-0.385222751904
5.7198490781
-1.73894353708
5.03972665098
1.79851336687
1.43874422193
4.38091412267
-0.171404309933
5.32576139192
-1.98749944527
4.74882688377
-0.559609357362
3.52805274395
1.13375622848
1.07648923165
2.86207134743
-0.349673070344
2.88160135636
-0.0522859876941
2.05813490241
0.911793590186
0.426851125903
1.69216139414
-0.150255893892
1.8975097033
-0.126100031455
1.61572553183
0.178969175083
1.00125014321
0.659662496229
0.469848934731
1.13267510354
0.112980638632
1.14372964458
0.120531829427
0.756027341307
0.464634441569
104.982728261
-15.6099373759
41.5087121849
-13.5271481467
11.6641158574
1.74615058758
-4.53309959698
28.4512899497
0.742079216034
4.41505935408
-8.18288257309
0.408584721762
-4.22071615659
11.1207137891
2.48210550483
11.2433262171
13.4625995268
2.05500562836
16.1774979407
-1.95504554354
9.36456136321
2.4874472234
-0.73547473843
7.50220587817
-0.97338419323
1.22398173915
1.0299954721
-4.08362140212
1.17627995325
0.837013047968
1.82678516372
6.49625001659
2.75655713872
4.28186114889
4.52775373464
0.607344251528
4.55976699574
1.78519168766
0.925432335421
3.01767009532
-1.62341033579
0.859242888951
-0.645242080298
-1.49983092225
1.29836836447
-0.611827632793
1.29915711905
1.97938814243
0.823633325468
2.40317172103
1.48329040032
1.05543230367
2.17276999098
0.511161304509
1.2008367912
0.772032565347
-0.434648068887
0.465622302008
-0.633140166776
-0.242844444824
0.319577736232
106.334196463
-3.17772505438
47.3642576001
-26.5929843429
14.1100579224
3.14447583876
-8.9402419229
27.7503873563
4.16065653414
12.0643129093
-19.5300639285
3.90580786599
-15.4677982785
14.0339792878
0.720220150484
15.525913675
18.0180163431
3.59752890433
12.2869266621
-5.72589670376
4.19399234167
2.9418036142
4.95317202178
8.74379568816
4.03607946857
1.71463294446
-2.59683377874
-4.66185138279
-0.851220737779
1.74452591189
5.57766820562
5.22310087401
6.35246729627
1.50373398737
0.99539196125
-1.40368286593
0.273742266189
3.60050231939
2.34384792197
5.68109849367
1.14773599907
1.06601458938
-2.27940758207
-2.10275225724
0.222417278803
1.15796010587
3.56111383779
2.41554450648
2.32671853942
-0.198598502892
-0.798575307854
-0.978179734096
0.206245975291
1.9109104151
2.01037283766
2.43294059988
0.713363975498
-0.265008711668
-1.20723007286
-1.08535478378
0.347396714047
109.952780746
-17.3175459104
25.9057150086
-30.8140660942
21.9612003899
0.61644314432
7.65033951795
31.0354277398
7.14824869419
10.803242208
-17.4964013124
14.7875613448
-13.1081654105
12.3527866047
-0.624570105555
13.7836072165
19.463850433
1.98737869268
3.09988033415
-12.2831924581
5.37194480677
1.4850986129
11.2982401419
10.0044624064
6.68864838224
-1.92202785242
-3.90154661556
-0.283302944598
0.937974965727
4.47168031435
3.65627766812
6.48694990282
3.08264654418
1.26182479883
-1.31933675822
-2.68993558749
1.35309965779
2.99409426306
5.32818523681
3.98642717905
1.50389176682
-1.50324818813
-1.73238830065
-0.362654139155
2.17313489464
2.42829435074
2.37891278084
1.70388496442
0.141433155094
-0.0817266660911
-0.56297611761
0.067396203164
1.0370078968
1.59020123243
1.97087054434
0.994543605581
0.107380052413
-0.549619351025
-0.411563595824
0.374834841026
1.14521270551
122.398394175
-33.1908821973
29.094903869
-34.1565400238
26.9554548547
-3.59392151299
10.6486151816
33.9097032653
-1.19330759218
-4.44293335196
-13.9372185969
8.95569313006
-10.693986484
6.93466256442
1.89002710793
11.0657892518
16.9228822613
-2.77659482924
6.51831607588
-10.195445538
8.71408413116
4.88402367023
10.5230048156
12.903502625
2.40758439514
-1.94606242633
-5.3436577221
0.69917259011
1.82225982199
2.64637219258
4.16887191413
2.61412621664
1.10591018501
-2.8041984604
0.0977803577479
-1.2561916281
2.80143695782
3.39828976397
4.60860663872
3.73494971968
0.398299699316
-0.00916502845875
-0.932188314232
1.23740827275
2.27435173708
2.58396800869
2.08174979963
0.66645564897
-0.458963944413
-1.07047958168
-0.399015685969
0.457637697818
1.24504016888
1.32933403728
1.22116212505
0.48823293641
-0.11399690617
-0.196480144946
0.258274685562
0.84433833388
1.26897398968
128.918429083
-28.837208048
39.0310280336
-32.0720464976
30.0138119632
2.17992565157
6.67672657462
33.3320278829
-6.40106280099
4.80575317433
-21.0211935844
11.9277685444
-11.8552399834
9.32124488671
3.86449437929
2.67246897914
16.2870964717
-1.90392536816
9.72200230238
-4.21546239391
6.72358659106
7.04895827308
3.71505617005
10.4271631627
1.04621997155
3.78196147957
-4.47799677387
3.40603225646
0.45446012156
2.05676242952
3.96528111529
-0.183603405028
4.69149841643
-3.25969043662
3.92587883557
-1.20452026917
2.4690947026
2.07789289009
1.21941966288
3.43778593889
-0.771306799408
2.93400325132
-1.43415117335
2.55835709621
0.101399802563
1.70968429545
1.40154178121
-0.0827972027644
2.06058326611
-1.34793267644
2.00275025861
-0.705125818619
1.42243516656
0.354824154882
0.345053260609
1.21214641826
-0.607879324219
1.47135310136
-0.704043835096
1.37610782069
-0.191064956196
117.436499702
-17.2436211014
28.9585615961
-20.5731665563
18.9426856842
7.43315999305
-6.32006637049
30.9109105046
-8.48292558559
16.5591953776
-21.3750001325
20.4791517239
-6.54521270512
3.63510752576
7.90117484962
-1.14511170309
24.6867374156
-9.27057423666
18.3944158472
-6.40064844416
7.0043059272
0.956437197873
-1.17130698648
12.5814508283
-4.37974963839
12.0467358284
-5.7322665633
8.11850158863
-2.8878924996
0.199988369052
4.63329194523
-1.95951572931
10.1614060388
-3.77562937714
7.92614597773
-2.71695036349
1.70240174572
0.725042062944
-1.33230607401
5.92464549937
-1.98565794855
6.43771543677
-1.7657546209
3.07210861998
-0.909139313552
-0.758028540093
2.33598587976
-1.19657361635
4.63054758982
-0.992226401809
3.26042072942
-0.854317003354
0.0551848038876
0.38011110787
-0.986420398002
2.55339793629
-0.519825462813
2.82603220756
-0.201479636674
0.906094774778
-0.187737887742
123.338125378
-24.1554444473
27.5609920445
-10.2287810993
20.7223305311
-2.04041045985
-3.28765381013
37.9560097483
-10.0621614632
28.2007118408
-22.4826188547
19.4381030984
-10.9376346946
-6.52676867261
4.63745189711
2.58673923634
36.3404457465
-9.50395570023
16.2387141458
-7.0274361708
1.99856807254
-0.247257054199
-0.00568207863305
20.8398716261
-2.13145630853
15.7580041569
-6.72881975406
3.86375757549
-3.69757541704
-5.49975470747
5.10493428981
0.646815718209
16.9649924997
-3.25217098404
6.07279474629
-3.74179333842
-3.23881582976
0.0413591182204
-0.868073229833
11.2519284143
0.500531410903
8.18528688154
-2.87818641184
-0.377419401888
-2.00654350286
-3.52447925819
3.60004377452
1.18872009484
8.43407101637
-0.669742298767
2.0623426924
-2.25142767002
-3.01064934073
-0.118513163106
-0.324687874489
5.6526181257
1.19135237643
3.82093702145
-1.32546183944
-1.21849718348
-1.36133507112
119.330289582
-23.8964252674
32.7342826179
3.89996578743
3.29550257554
7.41832099976
-8.84871772409
36.1484307453
-12.1588588972
20.3994895285
-15.3492651603
2.46136523895
-1.98974021243
-3.12960934978
2.82968185071
1.11536411205
33.1226758336
-8.07894349731
15.4843249358
-1.42708454117
4.64620018774
1.47529610484
0.985421823993
15.2735898225
-3.05297949438
11.7181776729
-6.67104112445
2.7456643329
-2.17352432336
0.00137282598535
1.27195939883
1.01300155372
9.26536626167
-2.48824492473
5.34067598554
-1.4268301857
2.58081719559
-0.219447396181
2.22644682748
4.35536242035
0.789026747013
4.39110899402
-1.42900125377
1.7295370352
-0.842483060038
1.03852949838
0.331705363682
1.19330893075
2.2838545424
-0.202485014967
1.37230555422
-0.452530431805
0.900384912677
-0.0982479537206
1.13719470662
1.03076092598
0.836815170362
1.19081750403
0.0589903706645
0.685020894791
0.0398728458571
155.100586661
14.6717086792
52.6311753654
68.1292747155
53.4581183725
24.3465940849
20.5603071321
56.8151409304
5.40775340194
34.4162345283
-4.98138605592
6.2986163459
-8.98601135229
7.90864456132
-17.5287721205
-0.53228200133
25.1383607243
-11.9031964525
14.160375542
11.1633507205
18.9046169501
-1.2873307984
27.91449536
15.0885069539
12.3266256584
22.259190167
11.333245865
10.7059352845
8.56039056736
15.0206204148
-6.46563604241
13.3407250803
4.18442344104
-1.73071927653
1.28358921416
6.07369242658
-2.4348785537
-2.90891364193
9.45708885006
-4.04125474721
3.96575836154
4.18902390953
3.92309309463
-0.725678359783
8.76993573386
2.61300883757
0.191897416036
8.90829051262
2.41255400127
1.78454162429
3.75822781167
6.19509629456
-2.57837399289
4.75585242034
3.15219538092
-0.880573919616
2.16408584188
2.68955505653
-0.384994610104
-0.311528285404
4.14618467223
230.189433755
50.5358762116
64.9556762213
149.501289245
122.640909513
48.5855799532
63.438492729
113.871210146
17.5498503732
82.9358625879
20.2117418424
10.7874923035
6.53152403029
13.417472608
-39.7767208903
-14.630220241
32.595445458
-41.9658464623
9.3624809066
18.6303276985
18.8700760165
-0.841223738306
47.453270349
28.2070875695
22.2533162197
55.3070626956
24.8798529176
34.5687862331
33.3462750123
35.2070955373
2.6388431535
28.5694357236
11.5769826139
-7.9702269816
6.5261303596
-2.21977740452
-7.91843277535
-10.4450597722
6.03122947698
-13.8212505557
2.03928803343
4.2474600118
0.0239351869537
6.99967828422
12.3585486226
11.6613430567
8.20349512982
21.8430590146
9.49141361356
12.8377833289
13.0489231707
9.66431962234
4.51192942871
6.04117712491
4.00252755834
-3.40415245431
2.24291670476
-3.40070058357
-3.17698316238
-3.21127240189
-1.05252394465
365.085001762
40.2204997597
100.390093599
232.86192567
184.693116715
42.6381732747
84.9100942027
162.10656644
-50.9493691895
132.765324893
19.9731185114
-5.34323659571
-2.71383170881
39.3671903198
-72.5525448329
-46.8859592053
52.4825201675
-78.0788318209
16.2796345589
29.8143207383
36.7262766604
-9.19017399676
94.1878691531
32.2359393536
15.9661802059
84.8977778548
32.1346872538
29.9637301046
38.1975868636
61.3791695109
-22.9723592527
41.5359505848
14.9842749096
-18.9316752139
1.03033867953
9.27294547259
-15.8930407397
-19.2523942012
30.2940714029
-24.955771764
5.08650154368
15.4700140882
7.49335716284
-5.48454352373
27.7664962258
15.2277557734
-5.37890701521
32.2994889901
9.58268320899
5.03818629456
10.5546266907
20.7659229029
-10.5160842929
9.19926713177
11.9727359026
-9.95188516933
2.98151649015
6.74915888531
-2.42150269974
-7.64261665948
14.1374798911
388.000296719
48.0762433594
134.730755486
239.108374207
208.758721154
50.9487127844
115.558483608
182.337070327
-45.3367931937
137.467217204
31.4055020015
-2.66249010487
-18.4964226426
76.2387285616
-55.4891265348
-21.9885059455
77.4630078826
-41.0696834176
32.0174655666
52.1275024807
55.4747877788
-12.5449508325
118.623077716
31.6143304382
16.1074375039
78.5135943201
38.6606538723
5.78518821334
30.7714912307
57.5916671865
-43.8939278626
41.2560263553
13.9976230387
-14.3336997494
-0.964515311526
35.3058428233
-14.8703976023
-3.28598432744
48.7825227982
-14.836939661
15.7593872049
28.2069531143
18.9481845035
-10.7707631265
43.4706254404
6.89358948869
-5.80516806415
27.9476494191
7.20659332965
-6.06498645776
8.85936184906
20.0721106662
-22.0108694561
16.9691257409
7.4483179464
-6.50700988132
2.68639988908
16.9987860416
-5.87031850237
0.318734430863
21.0389511565
452.092019836
63.5457322984
151.681239129
258.421241042
230.660585415
53.810034404
144.348092749
236.144800622
-48.6701314328
159.942761685
35.2728128299
13.9670007464
-26.5677379627
89.9773458621
-64.2615354847
-9.90184810256
94.6516625635
-46.3016060463
36.1547779264
54.8674183712
64.4058202052
-29.6074114581
134.712594095
25.1170476714
26.7920534399
81.8221682197
49.7713219094
12.2857975677
40.2998831526
70.026366947
-44.3006595042
60.9587966552
14.3681299313
-3.16934743127
-0.163974334986
45.1143690867
-18.3250505358
-2.0430764933
49.4125675656
-19.7520652435
16.9358664858
22.2698640972
21.2766649079
-14.3974392665
46.3399023845
5.10056836448
-1.57855651378
30.5176588091
9.99477551193
-0.640961079845
11.2372140057
24.9630410236
-18.7308174663
19.7257818151
8.76024274004
-3.46539413601
3.05179968827
15.6169715367
-3.37253853753
-0.90274704879
19.1794974582
428.057089691
106.011758609
125.603151382
238.454796409
199.121365448
25.0148228367
141.267929535
177.458757129
2.99059483128
118.322396875
36.9043202269
-15.2896767223
17.8387781314
30.4003083033
-67.3583346792
4.48017128263
91.1012982913
-41.1748485946
19.2030186811
80.5263282216
41.9966219636
-5.06295713487
99.766642414
49.9139427411
28.6484942451
73.0804961777
47.3280139264
6.26412440808
52.0884879459
33.0619785827
-23.8119574603
31.3199926244
30.9601981794
-26.7927623896
4.16716943067
33.7879311662
-12.5929148827
-7.27716312586
38.0732042106
-1.93548924605
6.11228576211
31.3457813486
13.8730319242
-0.945383957566
37.0785491366
13.030706702
-4.03317169417
27.1734518383
17.7348243714
-10.7968635275
14.1646207191
17.539746781
-10.2479647307
2.76530703953
16.6690446254
-8.73404268617
1.65401877119
13.9708246851
-2.78732217105
-2.15596953315
17.1716735655
398.422907244
160.881016518
87.1449685236
238.552310835
200.188894625
20.1075952035
112.856718287
172.663989178
27.9848084548
88.0427687195
70.5446884808
-51.0370831313
28.8167118012
25.8980873043
-41.6028183249
-10.6087931837
99.262133318
-17.2760880267
6.04733682738
86.7467697446
25.3783655081
11.861262777
85.3917505281
52.3572729804
17.4415191301
75.2776929673
41.1352081187
-6.91970589961
54.0704214454
25.1371988223
-16.260931444
27.1540513754
33.3324698673
-25.0164262692
13.5816371544
29.2948616088
-13.1065957234
8.35774320617
33.6366488403
-1.58520320925
11.7323051278
33.2249186198
3.57088069898
6.93591402735
31.8990582422
4.76429973123
1.91897452075
24.5283439721
5.76280858099
-3.77298871247
16.6247429944
4.23141233697
-4.73119066589
11.6614750988
5.94382112919
-4.83036873468
10.8317547441
6.65341584206
-2.55098109111
9.00343042759
8.64014216945
451.154853293
185.205791151
63.4149550646
244.322863064
243.692094187
25.9657172018
59.154976543
232.449035729
-15.1079211243
88.8262372474
80.0235924315
-55.5513437321
-35.0242162858
58.1743818821
-28.2689663945
-56.7611820001
112.434615881
-5.25518968908
10.8450763067
79.972415309
40.198522402
6.33616336086
106.872963137
65.334684638
-6.44071617363
102.016161368
47.5622957325
-11.970210129
41.4369865719
50.2052210638
-35.4578468668
23.8021047106
42.6176749885
-39.5196352797
11.1026516475
36.6917053627
-19.361316552
-6.15246399744
52.2819916434
-8.08608619249
-1.91701677284
49.6948406579
4.54327439508
-4.11228447319
40.4047726146
15.7043301899
-14.8556750474
34.7070842748
14.8763973544
-16.5809181255
20.1113779744
17.1539460676
-17.0660697267
9.13894706319
20.8818874569
-16.1367669279
4.63710258287
20.5280928006
-9.02502286908
-1.37780372691
21.2752060502
446.340947457
165.568252103
79.2202928647
219.455466365
251.199690125
63.3634987978
78.7071756868
178.848442069
-0.115597168236
103.957543049
85.8802147972
-35.4537494545
-22.5873876032
39.5702728106
-19.4696420103
-32.4174257611
88.4859237016
-16.0511233599
4.37128453862
93.7919271438
54.3474136753
2.02777489876
75.1864234758
71.0854365184
16.9406121781
78.8990565023
59.3569487976
-8.0387463577
39.111711502
50.5220421489
-9.93736782713
3.07499629937
29.9552959507
-16.9523804637
1.6014944994
36.0041864362
-10.4169060658
-12.7265061817
35.2815173888
13.3217496128
0.551330202109
28.7597187686
18.945011427
-0.0136175420511
33.611329333
24.4809964367
-4.789117065
15.4691455846
20.5068097065
-0.598952134754
7.51850716416
13.6773808498
-7.82417605398
0.323160482732
16.4060401477
-3.27346510086
-3.88483913873
9.52963425777
3.25799052468
-0.0109578414206
11.8372451809
951.1331821
-192.352536362
-83.0492877418
487.438863798
334.211277823
-141.810038528
132.734258826
-90.1498241442
53.5723890225
301.805962635
-65.4531670095
-258.827227059
159.268004184
322.423712486
-198.794748736
53.0149423532
59.452492065
112.359825473
38.4688982537
91.4943706272
-187.802946223
129.340462895
98.4034318697
-32.3135105514
-99.2045582626
103.754584686
138.875122769
-7.6017341767
53.2191290239
1.75204101958
140.520055875
31.4937855323
34.025882467
-118.759111197
89.8731915432
-5.35785351541
-5.60364408338
-119.515385184
37.5086141077
34.9845274487
27.0805174478
-6.71674164769
15.7554404951
84.5767068238
52.1549035622
42.729759776
-49.3269362369
60.5378218793
-4.21398895576
15.0938793404
-85.9045411716
15.9645395735
-18.8018136662
23.1061221766
-29.210178584
12.2983091703
28.4192356172
47.1246945139
22.1133751112
-5.49761825223
36.2251978491
3874.25152559
-1870.78280518
-1601.7548486
2677.36255998
949.974496605
-1653.56907129
164.490541914
-975.275068899
134.503842172
1714.2019295
-1032.35355053
-1743.8840906
1299.16338341
2426.26654846
-1231.77661634
-233.241046048
619.575351591
605.29352307
400.245775455
-99.3115318448
-1743.26946186
524.377852765
1062.71965834
-875.191540726
-1044.791936
492.482395365
928.627921162
54.2779676678
105.277531256
-234.116357173
625.681994633
749.833898188
-119.623282475
-1088.21247785
323.60579945
334.290962703
-375.021817381
-629.715808229
-92.4769533124
299.496484748
389.245281503
36.8835052269
-269.001798302
484.613301691
614.270945436
31.5078541272
-496.514834245
101.911239278
70.7495285153
-65.3723676086
-404.096715409
-305.581575684
29.359853814
322.094510942
-22.4190869274
-167.795060059
266.654969789
400.011413597
152.490919102
-134.982728676
-14.200928326
5876.1815057
-2238.75088047
-3575.33819423
3750.19231934
1494.09965357
-2518.02655822
10.7775786783
-1270.32662214
372.857625212
2595.96597955
-1106.97140937
-2058.54797363
1496.91381081
3334.7111921
-1088.96660365
-1120.84428758
664.266861534
538.822512386
276.2299462
-243.761731235
-1995.40768238
494.722073357
1503.48113171
-480.834508077
-748.643149793
318.808515618
1188.55741026
398.448412453
-225.863260785
-393.222017991
170.313626637
463.574836568
-55.5487371149
-991.239163206
26.2435461614
454.657731645
144.954071009
-81.5711407806
-115.897764826
351.500604181
462.586918128
43.5539464024
-263.52196346
-79.7975297661
127.90126339
74.9882776206
-318.765884935
-114.702079121
51.6694196876
207.9383862
118.523733182
-64.5974025979
62.6984844326
196.24140915
66.1578688707
-73.6485218443
-126.372115871
-59.7202494488
42.9952991148
-48.2675942727
-52.2963210466
7911.24203309
-1777.38038754
-6842.27163003
5647.85493117
1974.71858527
-3905.42571524
116.065156118
-1596.5959309
917.407669181
2803.99608319
-1306.0571537
-1636.94295727
1334.84319452
3951.11755454
-252.076691473
-2780.89422483
895.189929616
956.103562771
-348.605852194
-575.099593298
-1688.86333123
136.033137853
1879.57441013
513.102300673
-1088.93664536
13.0836353648
2020.15104861
703.3466578
-924.397108096
-572.33750021
-136.913837129
381.595947609
62.2065848002
-1111.10400431
-583.81126289
1007.50424974
1021.89557719
-302.336926609
-329.651267348
677.854811919
675.768301179
14.2544229995
-614.590177244
-656.166410799
165.655092202
365.593756989
-459.99939831
-596.98770096
325.858973414
790.486080359
249.031801209
-186.586431526
5.73025398992
335.280933973
292.366217896
-278.303126098
-617.859684343
-133.240467236
288.544088402
-23.7922535711
-325.567266833
8474.38442874
384.061662147
-9068.19970075
4718.74287053
3835.8287377
-3731.53668555
-538.486571217
-1362.89260226
787.41889212
2595.21145258
-249.137380307
-1175.34077199
-137.296727733
3317.75468349
1850.6246203
-2795.5951667
-1035.49942247
1274.60959693
524.419149569
-584.49701461
-1271.64593722
88.235977032
1313.43241389
773.528554425
92.639317462
-461.618604459
203.769345107
1163.29099262
21.2796968057
-1118.3959314
-477.128645035
414.058074363
372.105243718
-309.653420174
-202.053318836
469.621801313
404.155176673
295.915709821
147.295130033
-350.72411532
-112.713124118
291.111263831
-87.7170712398
-411.62799071
-89.7727328477
323.745663341
186.682198523
15.2483474699
197.653649328
79.7741578855
-22.3917217194
147.912093052
-50.8105917461
-273.075032636
-87.2716631897
96.2381638505
47.2739827382
-35.3756492506
85.8906897578
167.537972172
73.0132205666
10000.0
1450.60691585
-13151.2882803
3205.9602069
6991.87199071
-4273.10779548
-2140.6387137
-913.88741737
1326.55924262
3622.38177509
629.12651866
-1063.74234772
-1654.29226104
2469.9737922
4115.94420763
-3343.39474013
-4059.88215276
1527.21442599
1789.30684393
-344.198657725
-1361.51514796
143.215876888
1542.61241094
1139.40018943
1098.61644246
-1159.86403878
-1661.76443149
1634.31701351
803.335219203
-1840.11075529
-1101.95003411
580.796850241
1176.68985806
209.740693881
-251.116866784
283.715594175
246.922557956
666.358401918
238.244790932
-1197.63380213
-556.889924474
629.230676006
212.522949021
-509.433252195
-300.661263317
565.784990746
603.888798934
78.739197222
-16.4796858956
-175.795830357
-17.7245613234
288.23171737
-194.17687926
-532.752258559
-81.9557029917
365.159204414
210.559811875
-158.763688203
2.09815495692
276.32242646
160.828776366
8981.93200736
1818.56015586
-11953.7836521
340.050250052
6619.8255642
-2162.53379906
-1967.85693549
-995.166611093
591.564049708
3747.94840915
1531.67132068
-1301.70723455
-2623.21083359
395.795036823
4024.99505368
-881.504829579
-4134.33622517
45.1047418495
2083.04474537
658.835295775
-102.672406721
213.403809973
-260.49251411
-40.8450066043
1703.00683869
-21.0854665287
-2353.29824331
-184.058986757
1244.97598088
135.134169071
-222.737325377
-35.7585602181
118.270303846
169.348369602
530.7422573
467.671780543
-972.089544176
-842.833945177
832.72361659
453.285099972
-580.559626129
-186.796719031
244.187447848
221.839475817
312.329525721
221.031534249
-410.529096493
-521.526854373
366.032593805
455.732873946
-399.309748098
-397.383089389
222.75407781
334.235341318
114.033473676
-3.25459412376
-103.693518676
-178.663376087
117.252058849
284.416825182
-206.025337491
8863.34452896
2879.69269251
-12141.3960262
-1375.18186685
7291.26137364
-1000.10930078
-1642.5315208
-821.451932605
-134.489668213
3814.63742335
2102.12110266
-1068.38592019
-2757.70574115
-935.490456883
3979.67086897
830.333894208
-4085.7798334
-802.451662384
2161.51408018
1096.95391935
284.776554626
209.94869573
-574.393427485
-497.690753983
1555.69478205
670.292247239
-2150.76484329
-805.645338338
1300.66918743
675.22737141
-161.344983931
-183.732113773
200.668058298
196.596452145
268.352576545
502.349523304
-619.452866091
-911.141953264
614.727853039
605.839304195
-445.947806469
-212.115865162
351.494762162
268.3765746
52.1326357337
93.8783444437
-68.7991695682
-322.671491556
82.6077480667
315.860026768
-182.293889739
-250.016347227
215.495618076
266.905190074
-35.1939737767
-53.4014179765
99.4613338575
-14.9684992431
-66.7905973147
86.5542957876
-21.1986780781
8574.80186899
3016.35900689
-11920.8337615
-2249.63458898
6884.27542955
77.8432983612
-501.259150714
-642.754987094
-1375.4927789
3362.58872386
2890.91259666
-621.316670112
-2558.48272644
-1950.11336458
3077.35029855
2134.64785647
-3230.47206649
-1298.57924459
1571.99068526
534.816424861
1090.29061027
1498.47258423
-1046.22426189
-1874.80988495
937.436334035
1503.3231704
-1146.71789363
-1238.08006331
409.504667226
551.580172369
713.693508803
793.274785072
-211.522829866
-927.076426258
-15.9307541119
1283.47382001
95.7728427752
-1589.52518041
-293.764382172
880.563440652
219.762226323
294.935024453
256.417103744
-532.762956141
-80.4308941238
795.339315992
200.645642873
-853.933689913
-560.989195299
422.650781214
411.745499871
-36.1604217726
37.7620701928
-28.0344518631
-104.190759749
353.684699248
374.918661385
-385.385095446
-555.299540121
149.139754875
361.307045913
8962.9345909
3018.34670918
-12126.6904338
-2810.6563998
6508.76884145
401.249538438
-182.591559565
-703.805540118
-1926.6435474
3160.61623945
3460.82780071
-613.425825609
-2830.52322012
-2155.81748997
2578.79616347
2581.23574231
-2347.54090962
-1676.42843528
812.233223867
532.337231254
1603.53887138
1569.34434099
-1508.93154484
-1869.12209189
1086.69779553
1459.60886311
-680.116624261
-1093.68323045
-200.664716571
467.578776845
1036.76731914
689.539299548
-487.286949252
-953.335560021
73.1213084274
1148.3578288
194.435014978
-1059.3946729
-368.243507996
410.242797418
378.137394117
476.451510565
-2.73690365791
-612.838683353
-29.2158363308
612.335445505
208.770021068
-405.053491566
-387.89067877
67.0768290404
321.38420757
218.057719934
3.28064640233
-209.663915095
-142.065950314
244.370584725
281.905161479
-140.707002735
-274.66361286
-16.5082500201
131.293504695
8746.38580018
3326.62563975
-10893.5867044
-4227.86402403
5223.79748438
1549.12644959
811.380057774
-89.3770098752
-2365.32902323
1499.37171892
4043.34895599
324.784046702
-3104.49999368
-2552.5521826
1570.32121674
3000.1083388
-553.589089228
-1767.39063082
-164.87656593
-17.3299390937
1906.79466381
2962.02019468
-1463.19364547
-3232.00185823
571.769541521
1756.83163752
166.799519246
-462.935092651
-938.610873502
-301.892931172
1568.76541515
1624.98536787
-368.669474344
-1831.7568733
-705.459799568
1486.67369914
1060.11316539
-814.096357797
-875.962269694
-178.233150253
476.088041391
1337.15994709
454.973855862
-1339.80959659
-776.571497842
861.604695729
806.385939956
-196.568272228
-717.937650787
-459.396560004
363.715739102
877.786119425
403.066681788
-578.980518911
-765.56386899
238.547976779
836.831524913
87.4468601638
-598.695551705
-374.562699985
105.367507247
8673.35829125
4420.71067927
-10079.5199804
-5589.26551142
4383.90027399
2141.87231235
1353.18585686
400.911942377
-2861.33981989
768.083476273
4266.8172169
1049.82427527
-2875.70467297
-2852.44134878
914.112966141
2989.07228271
344.196053159
-1376.46803629
-790.097509951
-491.941584387
1641.2735229
2646.61363459
-544.636822718
-2349.4144606
-341.991519861
1061.18060776
677.399748994
-148.241812117
-679.01228573
-352.346084583
627.804745431
1369.88673823
403.545393583
-1188.98189424
-831.062235165
578.664877863
690.954582285
55.1394580848
-341.600223959
-447.138127229
13.1975617426
623.404386944
528.561915632
-230.579030896
-482.044823339
53.6914783379
342.416267509
77.8507169982
-117.307054448
-164.893826573
-86.0861079875
201.336380787
291.67141463
65.4866279782
-177.296754851
-128.344856784
83.943772279
95.0556403964
-2.10648293637
4.47006560715
-33.106251559
8082.67179546
4629.38976293
-9967.54201497
-6243.99749158
4204.64909214
2067.46382404
1813.40114692
2160.848379
-3431.37059769
-356.127078602
4334.69098994
969.302661896
-2800.078787
-2328.16871118
621.078092215
2580.51870082
749.580607905
-807.294571336
-710.504467756
-1308.98404198
1001.8464593
2979.28053267
630.42834133
-1902.9443854
-1282.86509873
197.520560852
655.233246294
606.238651787
233.230217154
-718.323932294
-554.98081034
1599.71693788
1319.09392261
-1080.1498747
-1306.92447605
-97.6106027544
539.438428007
871.662347574
381.059143601
-743.154445984
-776.405163656
339.631874933
1161.85272325
334.152589982
-747.09091786
-456.612196473
140.519665331
287.655136266
367.602452805
-55.357166134
-619.121441748
-122.359692665
661.927113682
519.213896287
-210.690289159
-476.422994612
-170.361446714
152.210761247
324.835364249
207.59961539
-256.407798211
6939.05801323
3968.66831825
-8473.53147235
-5019.29888757
2852.9855716
1094.53647741
2217.18217189
2550.80333641
-2697.75334805
-899.455130522
2901.92388775
818.865538864
-1617.14896634
-1553.55583964
-90.3639141229
1418.83863876
1030.16979031
240.142891366
-430.774829794
-1532.721003
366.798115393
2546.66556538
581.178359317
-1391.7795174
-763.284841093
-433.929057712
187.680187695
1408.26743442
495.223691283
-1002.36102031
-387.258613118
752.212327734
602.157002443
-41.0336169431
-510.549691059
-553.63330372
37.9123645794
749.56810774
670.810732958
-275.933720705
-725.28640673
-38.9682796096
538.729935294
359.512542019
43.0111451285
-356.520514685
-517.071139763
130.370812349
624.992982516
205.614894509
-253.271654191
-238.879852851
-42.0661281968
231.641783752
293.354278345
-60.7950506656
-350.109560638
-160.542441947
227.479352454
314.26447493
46.5177990985
7993.8718039
4282.75622264
-10028.1196557
-5402.51118375
3022.76463993
612.059364383
3179.88401074
3699.79703627
-3030.92270717
-2083.38165144
2569.75949293
1108.59163001
-1352.64340802
-1408.65115563
-541.813160986
850.409286783
1607.45138995
1265.89763341
-662.080546863
-2516.71470986
25.8925560786
3125.93105447
910.339548782
-1501.84603286
-961.853353855
-1049.98389586
41.9429555429
2338.06594
934.073516391
-1573.22918583
-707.53316001
761.11292322
674.17277542
209.156534531
-478.663851744
-972.954617738
-240.111227635
1066.72043656
1122.66398176
-325.598174689
-1116.25362725
-215.280312461
604.29687865
534.413504727
229.159288475
-443.936765932
-814.353940412
112.042787357
901.903130895
303.048740228
-420.256789669
-374.947343467
-41.8343282917
312.16338233
418.098938837
-44.1700721891
-512.345999702
-259.093828437
342.539513767
437.160970139
21.1677235489
6924.01333437
3335.25947537
-8138.65103137
-3994.5808372
2021.14482037
142.007336234
3215.06621301
3066.48065095
-2674.55480362
-1124.23017193
2165.60969788
794.663028644
-1074.20484994
-1236.82839245
-320.014851955
706.642284518
1284.05545949
1126.18284163
-859.976748213
-1920.95939275
425.180696258
2250.04174909
1001.56747854
-734.203235552
-1161.87231756
-1012.55359682
115.027733472
1708.3362029
931.093106896
-1002.17685596
-548.378051036
618.036107526
519.701258266
267.781236427
-322.700856464
-972.997446038
-264.654990058
927.025207106
910.486795469
-146.847033959
-784.44845127
-300.102046731
400.51324305
684.479300705
419.867567586
-458.421667705
-830.977801712
-71.1332325401
630.464833074
465.742590867
-77.0625214787
-356.759091022
-186.364407478
230.554213695
461.746527544
89.5685585254
-480.72292841
-372.523112537
186.333601114
424.14460169
253.088582784
7828.08232565
3146.83893451
-9222.68631826
-3898.2527875
1937.30459152
-107.670638478
4375.07042733
3260.50045106
-3586.76121613
-919.461934524
2366.15057794
803.08440515
-915.387439458
-1375.34043511
-375.136612469
404.524281232
1319.95567759
1704.50304003
-1121.9349326
-2164.66093797
722.402645628
2074.8685546
1093.48142286
-342.118445635
-1383.08329838
-1369.029818
-15.7520218821
1804.22682302
1150.24374953
-969.076642081
-577.777621018
478.97610071
329.432349525
466.403945669
-65.5455760591
-1054.13642723
-428.961768197
830.664679165
919.088018563
3.56408492514
-609.341676332
-349.769009933
101.727391863
527.478732263
551.643764932
-290.787784055
-734.706250778
-102.336158491
442.389048722
377.079472879
63.355224976
-223.020651582
-243.336278766
76.0204408836
378.846415531
153.191459593
-301.567747648
-266.33172231
60.3080533648
218.110487501
213.425162406
6610.49108156
2162.96501344
-7114.30670576
-2579.59550043
412.826971457
-440.899732711
4134.61001437
2356.27501192
-2296.40868812
-591.53474123
762.200810299
517.485940195
-380.81703727
-599.162458703
54.2512061037
-573.582392444
560.918542556
1679.19896523
-612.066795527
-1092.7481421
462.202189288
685.394014953
495.143366663
177.307511262
-508.273046787
-1265.92542804
-487.876000449
1251.66633776
748.504148937
-111.833919387
210.30930116
-334.470344521
-377.36741083
440.569815738
221.68715146
-334.368983174
-330.686039536
143.668635684
327.007787706
64.1260282858
190.576980347
-52.3416156845
-424.963185326
165.886724578
372.322758641
-77.429249887
-160.766531648
-141.242958219
-94.4813105063
116.550642949
324.143569516
206.632321793
-216.958288023
-179.002554998
72.3880722734
-13.9726244267
53.8720729789
81.8052676716
-136.218897323
-77.8925874361
124.444331846
7631.76855846
1546.10500883
-7417.63785086
-1981.22333251
-593.277854753
-395.436951701
5395.10134968
2080.88705838
-2226.08669316
-611.836931983
157.873035059
921.902800579
-110.548872388
-298.291104288
-216.904983708
-1263.08673602
1144.78727826
2094.20895868
-791.225217472
-855.091147614
181.226467748
320.527803511
916.229446246
502.825377347
-577.438782862
-1502.57804359
-322.260104026
1437.12420711
720.123966597
72.2327035932
-3.37650921843
-753.903506307
-133.3976144
787.098622532
202.821304112
-412.16978506
-406.848266652
130.903081387
427.019592406
329.374533071
170.021109685
-399.600202188
-427.939338262
333.477405614
412.878257904
15.048560012
-156.857138207
-268.548471592
-62.5706619696
290.446261961
338.631787
-0.800707684374
-293.754060382
-117.052115781
120.932848482
143.377565974
106.67338259
-77.5272824038
-188.545200354
20.9898489198
188.973658329
7313.18216546
450.239681684
-6140.41474981
-1523.61426332
-1717.91293644
885.649138711
5269.86559448
1283.51644882
-1620.74040407
-1085.57539436
-335.855199426
1476.80711579
-64.5030521413
-128.500056842
-678.383474797
-1534.38313167
1615.95776445
1939.78170149
-218.305653292
-584.640493782
-749.456702393
65.5545107583
1046.75813563
790.078297543
-108.564208136
-1746.77509076
-679.409424566
1139.00474284
922.298315352
955.314825372
-98.3389315542
-1310.30929394
-486.001018534
416.961939202
781.225997627
229.896570679
-626.011061455
-292.240675379
-20.5887645057
554.004788449
899.145056535
-240.069271596
-704.565379867
-328.517455095
73.3545317987
587.960231624
322.409405171
-215.98925459
-450.904510323
-272.954410875
507.816308394
561.574865741
6.319420404
-274.71435467
-511.943158937
-143.544747675
435.250469062
382.327646436
49.8050254394
-332.309852235
-271.117769207
8192.06515792
1273.59893522
-6429.16818669
-1802.40949055
-3319.9294809
550.810641116
6398.68944115
2169.77157344
-952.474105574
-2028.36509624
-1372.27255464
1711.76213923
481.765728591
695.528158784
-668.718529923
-2860.70147134
1154.22883471
2260.30124302
636.659682633
221.530959859
-1309.05525202
-830.157263676
580.431372271
1104.15583045
809.35858558
-1486.18934558
-1215.11690359
533.145956524
671.324900845
1469.02530595
528.049465954
-1297.60926971
-902.472010726
-44.933961153
795.78413848
707.042662911
-262.634221372
-423.330176485
-464.970687507
237.810398176
1000.97143771
152.317166395
-459.495965578
-455.443686038
-278.297422043
400.675370616
518.782528941
82.4410572512
-325.663514885
-409.337293125
151.290324469
416.987734571
209.583914649
-13.0357475653
-370.531113608
-274.559618806
184.314648286
297.642699107
157.075947803
-107.276784189
-222.090864607
6199.33566264
1435.88620686
-4225.39393219
-1867.20408988
-3278.91939774
-30.9060025334
4688.34147313
2519.45614747
508.192285881
-1561.82929577
-1651.19321985
666.707374474
206.51930787
1037.81784793
16.604453964
-1932.8190099
245.588283664
1085.76800987
814.670231489
589.520467624
-684.7017544
-525.036669615
-45.3187758659
623.852702306
837.107647244
-810.884212889
-956.482464993
-242.622190012
297.408475699
1393.91824423
918.355964681
-217.293044006
-858.504713948
-910.774560911
141.399132723
518.193795303
350.790407493
145.783267372
-508.200052936
-224.952718449
357.278197357
398.918898397
271.37576062
-273.974850621
-432.108878939
-177.515287935
61.0016676272
390.75215771
137.995168597
-203.760376493
-122.358439264
-12.3584940535
257.315178112
268.429752955
-40.2743783412
-248.427852519
-341.43277752
-49.8669187552
253.70490796
227.584494498
121.927906822
5744.32971651
1913.61130785
-4029.43432953
-2051.71890041
-3469.24814862
-767.785559758
4314.51135606
2808.56748916
1336.43797352
-1315.98262232
-2034.47393612
278.981161183
-70.627447622
1205.32436023
668.20246621
-1890.3025085
-513.805270449
476.19108362
843.980602639
1125.28471901
49.5064544354
-278.639876743
-680.647138908
5.37084931034
885.470564903
-243.218066067
-515.315560986
-406.62773861
-267.940272232
745.030853122
937.314874779
548.142553627
-356.369245698
-917.237859587
-234.66348132
65.6631944942
362.280628457
499.473112482
-189.793179215
-366.563323464
-100.547974419
245.386706376
425.154147521
124.949199312
-72.27669079
-297.322283411
-285.579714385
155.045328174
226.26426023
78.5148008228
-38.8591445756
-117.757512928
-11.2447808363
103.068603624
190.964790485
70.723958894
-170.583311085
-147.809787304
-37.9586528999
61.173629422
144.171068486
4626.83559824
2036.40979795
-2465.16192934
-1997.30115529
-3580.2586492
-1015.60008105
3131.92433708
2746.8887572
1791.02244451
-869.85152928
-1552.5082197
-279.119572874
-450.063196718
1245.55405247
926.002989556
-1012.84959839
-797.850872861
-365.599012378
440.39809871
810.915466835
933.06745047
535.595212371
-803.711974258
-235.888014273
204.329319548
-251.378430707
7.63332540101
-283.917578817
-237.391755758
39.2246284233
496.548512124
1047.21253479
137.662724878
-281.658292696
-257.605715772
-657.981374385
-81.0345820482
387.960567889
319.585679125
28.5563631746
-236.475577456
52.2463978846
42.9832568108
236.964801434
501.382263247
-50.8467726783
-354.319006926
-314.052080101
-158.794106828
95.1284440606
207.007190315
322.785273305
15.9538241884
-192.035296419
66.2262035064
52.4876281982
42.5476427289
58.2897939284
-99.6259461832
-183.692432286
-133.351195678
4498.1100406
2243.3064254
-1820.39822683
-1672.92769215
-3682.10020647
-1312.80519641
2527.42762358
2847.98632508
2229.67382222
-663.263548177
-1431.06813726
-575.451284681
-615.74766561
1433.66050775
1216.53924969
-728.754016398
-944.619156261
-683.072859898
278.450690066
819.283670311
1118.71269023
674.361085166
-727.184975625
-440.545095592
84.5108282219
-36.9148039527
127.402203312
-124.215822049
-230.398815339
-154.148811501
329.130257876
895.567271257
287.86959269
-161.291684111
-253.373764522
-496.041777265
-108.23784545
314.590905781
306.89982077
15.5583799364
-240.883234222
-58.6075882901
78.9741710004
212.763326096
370.025218031
60.9134234131
-257.297798217
-252.101169522
-117.586675269
48.1991525056
133.528834135
155.071696409
49.1191529247
-67.0962002333
23.2232843885
81.2286425792
24.0133124141
-6.82187385675
-53.9936918227
-84.8316739053
-39.7021308067
4479.47017772
1763.82330819
-1912.37608973
-1478.93342391
-3487.91923714
-1239.89405289
2004.33460557
2670.92194879
2449.71462058
-351.532123291
-1453.23826434
-683.498478636
-1044.78889488
1143.50178761
1522.06723892
-391.898487866
-734.436592941
-1155.48692715
-284.563904049
541.091102167
1142.47685798
1532.31915538
19.0117583369
-642.289303227
-470.093094797
-813.339227415
-184.098375097
255.065263959
315.783089746
323.437226963
-73.9114094938
357.348227204
197.029467149
-93.6008033461
305.392565557
-109.688466352
-306.342879495
-197.055334436
-232.280234245
13.3958986206
26.0633128336
244.207430128
408.90413079
56.725928351
132.644674995
33.9153256656
-244.138296944
-143.480348075
-161.050668477
-45.9100840089
8.43746027517
38.5445934706
214.309063344
84.2794007396
65.5574729068
132.517476622
-32.2311238648
-55.3422132322
-81.3576032322
-111.597571913
-64.1858508334
3995.42844936
1545.6306065
-1147.45488713
-933.978634333
-3265.23532164
-1433.7791099
1177.82972819
2125.08432548
2427.40612184
400.974662349
-909.23480789
-585.822520096
-1237.97934766
527.048632338
1346.46825013
113.657779254
-157.715123966
-799.304687877
-563.102878364
-148.642939604
680.339977782
1272.85771715
583.063920388
73.1654108282
-128.40751756
-650.166227765
-534.932045858
-181.191045377
45.9303736314
314.033193509
133.271890636
483.336686742
276.171093953
-84.1090012617
97.9840612886
-61.9135361181
-170.745798492
-12.9864675833
44.886031591
-37.2582232014
-83.3048761602
-116.446234728
66.129701211
60.1890418309
230.719736572
363.797920422
147.265730627
-45.6499007503
-203.381064705
-246.908875398
-247.605131527
-31.8639699825
163.086726974
210.325576335
125.605284453
91.2121789889
-11.9792643248
-93.6342902369
-4.6601349291
22.3183700948
43.7877388111
3783.33054444
1958.66571507
-479.729276749
-728.347774129
-3587.41747334
-2530.60873304
403.41558528
1961.24647363
3068.23698803
2005.52279313
-274.807171126
-647.085662024
-2061.19809986
-831.343590253
1160.01602665
712.529129928
807.992916609
-192.878959238
-971.411322897
-1199.52194588
-205.047360842
1187.81278795
1610.65620165
1134.83052706
519.986081188
-964.730029683
-1703.65110645
-1088.43765868
-462.945738183
956.288406356
957.130495613
1008.19851721
437.600156064
-714.810988522
-546.744832422
-215.860054693
42.659160569
523.625941682
431.463450277
-186.207260756
-411.435565134
-806.688779553
-107.667847067
308.040969166
622.143544554
948.152113603
245.556049372
-234.448752681
-677.645161209
-662.839382428
-286.763763849
159.532732408
456.47623646
547.703575523
62.3813096299
-123.519777252
-218.476825818
-277.251825097
166.720442722
163.35686763
273.893464059
3376.95837698
1700.2006122
-289.534193113
-605.146157816
-3077.25033728
-2168.56984055
-60.0615481367
1331.06402315
2537.68161116
1832.05519601
242.089798189
-200.663802072
-1601.14888357
-910.044716437
374.86790234
295.185315786
817.247178768
88.6659910129
-303.359857152
-740.303525848
-532.757747497
346.952980124
752.417460522
878.135361253
826.828833725
44.6483753453
-641.229398259
-760.64712898
-904.783112009
-124.074086592
83.422245354
587.229641769
765.221861164
271.399131795
182.845494033
-175.599900556
-306.227095081
-229.376833805
-61.0414062715
18.19749132
175.363861214
-21.9878553478
3.83613477074
-102.910668605
-179.211212972
97.1676102934
99.7593440364
333.482427161
263.656696331
151.611649307
-67.5396348631
-288.272645489
-353.224923489
-252.860201878
-42.9816244715
172.639275733
371.24573117
264.256407721
196.370260137
-71.850039629
-169.82707241
2859.83223169
1834.98124383
535.087012271
313.142329358
-2455.96924379
-2552.33970815
-1351.30289198
-58.0564186337
1898.51181886
2562.44558172
1674.2343607
1157.11872849
-981.709535604
-1406.11593679
-693.773527931
-630.747614236
765.262928545
707.90928723
447.212482121
-223.963114493
-798.084585178
-492.770618483
142.442121532
803.472858669
1494.49978611
1148.99126072
130.661282013
-512.95060324
-1567.38090511
-1119.81972843
-585.179819039
349.836466877
1249.95554996
1034.63178552
751.019263722
-1.41097188251
-576.52083984
-589.696898004
-183.430328242
109.959878937
573.749670683
260.240571994
-63.0737360024
-376.45788154
-674.40199483
-136.560670665
180.193238427
719.228904044
819.669111769
467.102466957
-48.504151732
-531.353310597
-746.005714628
-483.179354846
-40.2607917989
321.733720951
617.355525799
323.075432976
129.373861736
-219.605181295
-312.264588522
2593.93447889
1900.53829643
898.66883213
424.381476622
-2213.56969955
-2421.34134765
-1673.0091451
-322.316945801
1605.41421033
2318.33186324
1821.33771687
1282.96501636
-643.282215347
-1180.23448832
-744.851336494
-710.774034034
563.430803671
600.403383667
500.370674404
-39.4889922137
-651.442951568
-546.993987191
-151.984748363
489.215189718
1120.22159863
1239.51849909
549.736473719
0.852731416565
-948.638926285
-1096.77534004
-907.871518504
-321.87677275
538.987272579
786.054700978
955.506693874
528.551885342
107.674557264
-303.914016636
-360.191056217
-275.485508229
-20.4725081779
145.902153092
112.836537247
89.9614513736
-190.604216283
-121.910793821
-136.354194087
107.905123953
304.150194053
392.291089374
375.416727932
131.406942012
-70.0767520938
-336.676049026
-352.169276448
-338.703300253
-84.4102714539
99.2327681581
278.373974158
350.849603074
250.881322418
2831.04970192
1933.17598702
869.940355607
277.753383939
-2174.19974328
-2425.71210792
-1927.80941475
-536.291569462
1264.09370889
2124.52567769
1826.46246666
1645.11308592
-89.7169918827
-780.629669122
-626.74124241
-953.812089432
56.5964956962
92.3895547294
329.217170441
129.900849333
-280.81071155
-326.936582928
-149.271710312
101.765373761
647.672355299
1020.52355625
718.002674982
594.469683126
-363.063230882
-728.380418087
-1086.05269374
-988.702934172
-288.05458008
202.14550304
823.76090761
952.025142195
774.953330413
283.788849459
-86.6052955778
-525.206564782
-444.141086804
-375.953430336
-151.082858064
142.631032274
43.7129632013
155.683836225
-38.0975440047
-30.2413653915
17.8085575149
124.377790546
239.164019079
296.379789751
178.687477229
-4.29572265047
-183.355763464
-412.07178945
-320.469430095
-283.207677135
-4.62577598869
204.983609873
310.945766291
2369.48710601
1684.94347656
994.234123982
528.739432316
-1339.46192233
-1792.66310074
-1773.63506229
-950.313620679
374.7642201
1213.47310444
1442.65801049
1655.73739038
624.333089016
94.2394935402
-227.53977778
-805.778323693
-350.50402247
-359.500073294
18.4588728671
182.753231134
118.956126033
89.9281577389
-6.10463595147
-95.2547229068
69.9747085736
324.28689454
398.685618578
669.386185177
386.528304507
203.954749937
-220.581125727
-578.489060095
-615.011960286
-599.634032054
-206.316845713
149.780023983
532.269796374
651.687567463
644.397736567
353.88855517
63.1684837803
-231.172117706
-418.727793343
-351.115201872
-296.107235729
-25.3314263871
77.9372780251
189.451692182
161.912647391
82.0653664726
23.8290578436
-25.9953457117
39.4766196311
76.8179667559
175.369791931
129.708456874
91.8946083101
-69.3637101907
-197.394227434
-268.549795275
-270.363518889
1805.88153446
1535.69875315
1329.8848764
1187.14562237
-524.649485327
-1219.75901696
-1735.98420878
-1367.24175657
-455.603818016
485.249837753
1074.98652136
1751.71440583
1109.15928511
587.241038562
198.75120163
-709.824836052
-557.081839035
-582.52142679
-115.416323715
153.491811645
281.485355347
230.197023
40.7866625976
-228.01201491
-251.321694225
81.9198473543
183.9430825
693.441297689
674.98482081
587.565276568
153.398901631
-343.333893211
-640.924845235
-823.140812999
-570.521949261
-196.452088687
346.885662117
571.996780974
768.970754872
548.746446139
246.383151267
-81.6486481694
-336.640046465
-324.644414678
-295.926037323
-56.242941619
45.2657657043
135.939197766
54.7176846121
5.93264323782
-73.1089212651
-72.273547669
46.0771032687
139.544341032
274.048770389
235.724891513
177.247295124
-20.3619799509
-185.56219962
-300.751763386
-294.209003379
1353.44595008
1238.8246797
1335.66545183
1097.00260939
-182.270497432
-817.174296196
-1439.21847773
-1229.89053453
-652.929007018
76.9251482285
666.87216226
1435.67528728
947.43493984
736.183419801
406.867216575
-330.681679282
-355.983253803
-504.808929802
-201.059266169
-86.2675404265
86.3466194019
78.2058037313
130.895620989
-211.423028221
-147.41422683
24.5774898171
-40.4722097917
399.405364743
467.715795673
598.83155174
384.366651797
172.713057801
-171.769341603
-418.017385676
-646.712879494
-537.472639153
-260.01903456
-150.872803431
345.988689632
446.314707619
554.716644617
442.516435534
300.38598767
72.4774787576
-126.926026628
-250.181332799
-258.999154712
-169.668721584
-217.295923963
31.836039176
-9.79664262323
38.8595475827
51.1261229104
55.9283570082
81.3374087449
96.7646040812
172.242740706
187.874527065
207.398591099
63.4729916533
62.7225233543
1415.50861604
1092.21560928
1218.82986552
763.496436222
-224.960752918
-826.430015418
-1447.26975841
-1132.54539814
-674.31042346
56.0758839911
655.899760449
1477.70528841
1056.0798166
995.778091181
651.831808194
-108.477577941
-293.750527372
-636.743268381
-418.233063367
-352.942331275
-88.2739880653
82.6498476158
296.862092088
-8.63747660103
68.0702235148
83.8047826107
-120.664211904
245.73415948
270.296696767
524.659088825
458.540616649
354.322356435
112.714388906
-194.876618245
-552.937771711
-586.910593841
-501.102197975
-431.413101126
94.9260183853
279.243267656
573.268597052
600.277801703
494.947802561
307.544867713
3.49260301677
-216.46020908
-307.987518172
-309.031330212
-301.790312089
-47.0204842369
-28.7529400477
93.1867304838
109.065848265
65.3510327894
75.1748297447
13.7834932513
58.1777446462
95.6656489573
133.780115187
121.611009982
149.049330101
1249.55754618
985.494268523
1042.50429398
633.639171408
-67.1001032688
-682.46256737
-1127.72130987
-975.836739708
-724.696284971
-185.00862744
257.743296714
990.868354076
813.768418011
971.119427358
800.648165797
243.482225181
-13.9998536146
-347.48397738
-357.350882753
-404.960483693
-170.161374548
-43.993422824
146.069856433
-46.3238299649
42.148648251
-24.9322126385
-206.037450964
59.3994038018
113.032488361
344.546360067
443.870610896
552.89874481
430.077884029
228.490399849
-108.212067955
-316.608298689
-541.980206584
-668.052177384
-392.794502627
-279.011163089
76.0315698794
334.890635558
511.096272684
517.018523892
412.335531569
241.543821085
44.2705375225
-137.38407731
-243.352955696
-168.652691627
-231.793494273
-89.5235190767
-46.2549582087
-38.422037606
-33.3003646566
-55.8994946725
-33.5093073506
-18.2658691347
65.6886842991
160.241352437
265.646628237
1441.92696385
1299.29006649
1383.16610952
956.834877135
127.334525554
-700.446822249
-1322.08083726
-1343.67870894
-1148.11630306
-580.524429359
4.98863128521
903.288463936
910.768113726
1249.18274521
1104.66431465
559.99160443
239.026510688
-225.504177002
-340.68650367
-477.083564803
-288.958887957
-164.711787988
8.63136137325
-166.6177355
-59.232227845
-185.32917192
-293.220093863
3.0870630772
93.7332754761
455.584705949
596.677282905
742.504746892
615.898064991
349.629730966
-44.5169652909
-341.870443687
-651.844226182
-762.375755517
-532.433436094
-400.449397371
30.5680697084
273.390947166
495.305358862
529.383837066
428.869333059
287.094841985
96.9902271527
-53.5673850072
-130.978478007
-99.6220952131
-158.327132142
-57.0044121798
-103.396822264
-105.992722215
-127.977090984
-154.950481582
-90.9875306458
-41.6167127185
88.2513323111
193.80362749
284.288015578
1313.00115504
1117.19775287
1265.71032813
936.747883696
251.337770224
-435.220111192
-967.762158912
-1065.73721785
-1034.20653867
-601.339042237
-226.135527374
523.469775417
565.643609191
966.864004417
911.304300697
607.0918566
431.679254264
48.8637866509
-36.0494732048
-237.512613555
-106.497116807
-168.754725869
-17.4674622801
-198.700724395
-145.969298572
-249.949600004
-353.991978084
-151.679814763
-140.248500366
218.544637374
342.896134347
628.901726642
615.818437563
603.627559884
341.202618089
78.0624322782
-206.575220138
-520.687641782
-510.481814551
-620.735610771
-341.052128005
-210.318144731
95.4617968782
242.451709961
358.627696641
375.304302742
283.361934999
236.907738888
57.9209679049
91.6614840886
-50.6497820373
32.6005457402
-37.4642097292
-26.9771678377
-76.7380786136
-164.500452211
-184.95841725
-269.089570092
-180.71043981
-169.387846527
39.3871085675
1167.98574449
1157.09441381
1601.29749019
1431.56898188
874.837953444
78.3685583329
-633.577396786
-1036.26134726
-1264.27655451
-1055.91403808
-734.188701798
81.8358901724
252.945920876
861.037211698
954.462264978
809.920439319
653.715401585
289.159902923
154.338833529
-99.6879445096
-10.5287565794
-63.0313787494
90.9510620336
-115.316873945
-75.0187155989
-285.827843126
-478.654923604
-391.779627833
-416.989244955
-68.3856754657
133.814375862
544.435085611
686.491054804
797.967144375
627.016353472
410.55704883
48.954687057
-319.520307207
-442.543129531
-648.017922971
-474.51732139
-382.581130179
-98.9158304094
66.8187515781
225.083631207
293.148358921
271.133435794
239.994328088
145.336098409
161.296865686
52.6436042313
117.815227812
41.0291935106
29.2349869426
-43.0494158055
-131.443606584
-180.208649541
-253.548921705
-209.858015201
-176.819244962
-37.4864315699
49.15197653
197.417832539
236.02204933
262.108184152
227.483537675
126.785574036
51.9778986162
-68.849575117
-107.907557703
-159.246911355
-139.175126421
-120.523317659
-68.0279448663
-33.7869226041
5.37792788729
37.583782936
39.2829164671
67.2129178147
55.0968403572
71.6820465021
57.276558264
53.7297718243
35.4561224493
10.3881449253
-14.1912584084
-39.2032249616
-52.4206844524
-64.7237134387
-50.1580001165
-43.2639894904
-13.9048920431
5.97102116619
28.026707319
41.0880304991
41.8371936835
42.3151187135
30.736930498
20.7246120475
6.69420344577
-1.75727000514
-13.0817172766
-15.5343298275
-18.9303489333
-18.3605822861
-14.4448744095
-11.8346634181
-4.28107533322
-0.39770700164
5.82800746393
9.69436752689
11.5991131299
11.6691288226
11.016898663
7.81278443473
4.5733160037
1.47403865848
-2.3844718333
-3.80715022966
-5.4227773017
-5.61759557794
-5.2117711518
-4.59086442449
-3.05250472614
-1.52011114165
-0.262353722762
1.29609209618
2.19141474272
2.79212746453
3.08571414644
2.67784577435
2.12035197864
1.28784967704
0.293465085315
-0.286049412341
-0.954924241183
-1.29672107596
-1.2892608721
-1.2437838254
-0.92118266158
-0.53899227737
-0.209387684034
0.0889244617424
0.292363438473
0.407843480534
0.527938725803
0.486535801709
0.461502996048
0.377976016105
0.221636080688
0.160146683865
0.0688476046185
-0.0273720270566
-0.0876901912788
-0.147981499826
-0.169399590308
-0.145245255235
-0.115029814334
-0.109278323618
-0.103814407437
-0.0986236870649
-0.0936925027117
-0.0890078775761
-0.0845574836973
-0.0803296095124
-0.0763131290368
-0.0724974725849
-0.0688725989557
-0.0654289690079
-0.0621575205575
-0.0590496445296
-0.0560971623032
-0.053292304188
-0.0506276889786
-0.0480963045297
-0.0456914893032
-0.043406914838
-0.0412365690961
-0.0391747406413
-0.0372160036093
-0.0353552034288
-0.0335874432574
-0.0319080710945
-0.0303126675398
-0.0287970341628
-0.0273571824546
-0.0259893233319
-0.0246898571653
-0.023455364307
-0.0222825960917
-0.0211684662871
-0.0201100429728
-0.0191045408241
-0.0181493137829
-0.0172418480938
-0.0163797556891
-0.0155607679046
-0.0147827295094
-0.0140435930339
-0.0133414133822
-0.0126743427131
-0.0120406255775
-0.0114385942986
-0.0108666645837
-0.0103233313545
-0.00980716478675
-0.00931680654741
-0.00885096622004
-0.00840841790904
-0.00798799701359
-0.00758859716291
-0.00720916730476
-0.00684870893952
-0.00650627349255
-0.00618095981792
-0.00587191182702
-0.00557831623567
-0.00529940042389
-0.00503443040269
-0.00478270888256
-0.00454357343843
-0.00431639476651
-0.00410057502818
-0.00389554627678
-0.00370076896294
-0.00351573051479
-0.00333994398905
-0.0031729467896
-0.00301429945012
-0.00286358447761
-0.00272040525373
-0.00258438499105
-0.00245516574149
-0.00233240745442
-0.0022157870817
-0.00210499772761
-0.00199974784123
-0.00189976044917
-0.00180477242671
-0.00171453380538
-0.00162880711511
-0.00154736675935
-0.00146999842138
-0.00139649850032
-0.0013266735753
-0.00126033989653
-0.00119732290171
-0.00113745675662
-0.00108058391879
-0.00102655472285
-0.000975226986709
-0.000926465637374
-0.000880142355505
-0.00083613523773
-0.000794328475843
-0.000754612052051
-0.000716881449448
-0.000681037376976
-0.000646985508127
-0.000614636232721
-0.000583904421085
-0.000554709200031
-0.000526973740029
-0.000500625053028
-0.000475593800376
-0.000451814110357
-0.00042922340484
-0.000407762234598
-0.000387374122868
-0.000368005416724
-0.000349605145888
-0.000332124888594
-0.000315518644164
-0.000299742711956
-0.000284755576358
-0.00027051779754
-0.000256991907663
-0.00024414231228
-0.000231935196666
-0.000220338436833
-0.000209321514991
-0.000198855439241
-0.000188912667279
-0.000179467033915
-0.00017049368222
-0.000161968998109
-0.000153870548203
-0.000146177020793
-0.000138868169753
-0.000131924761266
-0.000125328523202
-0.000119062097042
-0.00011310899219
-0.000107453542581
-0.000102080865452
-9.69768221791e-05
-9.21279810701e-05
-8.75215820166e-05
-8.31455029158e-05
-7.898822777e-05
-7.50388163815e-05
-7.12868755624e-05
-6.77225317843e-05
-6.43364051951e-05
-6.11195849353e-05
-5.80636056886e-05
-5.51604254041e-05
-5.24024041339e-05
-4.97822839272e-05
-4.72931697309e-05
-4.49285112443e-05
-4.26820856821e-05
-4.0547981398e-05
-3.85205823281e-05
-3.65945532117e-05
-3.47648255511e-05
-3.30265842736e-05
-3.13752550599e-05
-2.98064923069e-05
-2.83161676915e-05
-2.6900359307e-05
-2.55553413416e-05
-2.42775742745e-05
-2.30636955608e-05
-2.19105107828e-05
-2.08149852436e-05
-1.97742359815e-05
-1.87855241824e-05
-1.78462479733e-05
-1.69539355746e-05
-1.61062387959e-05
-1.53009268561e-05
-1.45358805133e-05
-1.38090864876e-05
-1.31186321632e-05
-1.24627005551e-05
-1.18395655273e-05
-1.12475872509e-05
-1.06852078884e-05
-1.0150947494e-05
-9.64340011928e-06
-9.16123011332e-06
-8.70316860765e-06
-8.26801017727e-06
-7.8546096684e-06
-7.46187918498e-06
-7.08878522574e-06
-6.73434596445e-06
-6.39762866623e-06
-6.07774723291e-06
-5.77385987127e-06
-5.48516687771e-06
-5.21090853382e-06
-4.95036310713e-06
-4.70284495177e-06
-4.46770270418e-06
-4.24431756897e-06
-4.03210169053e-06
-3.830496606e-06
-3.6389717757e-06
-3.45702318691e-06
-3.28417202757e-06
-3.11996342619e-06
-2.96396525488e-06
-2.81576699214e-06
-2.67497864253e-06
-2.5412297104e-06
-2.41416822488e-06
-2.29345981364e-06
-2.17878682296e-06
-2.06984748181e-06
-1.96635510772e-06
-1.86803735233e-06
-1.77463548472e-06
-1.68590371048e-06
-1.60160852496e-06
-1.52152809871e-06
-1.44545169377e-06
-1.37317910908e-06
-1.30452015363e-06
-1.23929414595e-06
-1.17732943865e-06
-1.11846296672e-06
-1.06253981838e-06
-1.00941282746e-06
-9.58942186091e-07
-9.10995076786e-07
-8.65445322947e-07
-8.22173056799e-07
-7.81064403959e-07
-7.42011183761e-07
-7.04910624573e-07
-6.69665093345e-07
-6.36181838678e-07
-6.04372746744e-07
-5.74154109406e-07
-5.45446403936e-07
-5.18174083739e-07
-4.92265379552e-07
-4.67652110575e-07
-4.44269505046e-07
-4.22056029794e-07
-4.00953228304e-07
-3.80905566889e-07
-3.61860288544e-07
-3.43767274117e-07
-3.26578910411e-07
-3.10249964891e-07
-2.94737466646e-07
-2.80000593314e-07
-2.66000563648e-07
-2.52700535466e-07
-2.40065508692e-07
-2.28062233258e-07
-2.16659121595e-07
-2.05826165515e-07
-1.95534857239e-07
-1.85758114377e-07
-1.76470208659e-07
-1.67646698226e-07
-1.59264363314e-07
-1.51301145149e-07
-1.43736087891e-07
-1.36549283497e-07
-1.29721819322e-07
-1.23235728356e-07
-1.17073941938e-07
-1.11220244841e-07
-1.05659232599e-07
-1.00376270969e-07
-9.53574574206e-08
-9.05895845496e-08
-8.60601053221e-08
-8.1757100056e-08
-7.76692450532e-08
-7.37857828005e-08
-7.00964936605e-08
-6.65916689775e-08
-6.32620855286e-08
-6.00989812522e-08
-5.70940321896e-08
-5.42393305801e-08
-5.15273640511e-08
-4.89509958485e-08
-4.65034460561e-08
-4.41782737533e-08
-4.19693600656e-08
-3.98708920624e-08
-3.78773474592e-08
-3.59834800863e-08
-3.4184306082e-08
-3.24750907779e-08
-3.0851336239e-08
-2.9308769427e-08
-2.78433309557e-08
-2.64511644079e-08
-2.51286061875e-08
-2.38721758781e-08
-2.26785670842e-08
-2.154463873e-08
-2.04674067935e-08
-1.94440364538e-08
-1.84718346311e-08
-1.75482428996e-08
-1.66708307546e-08
-1.58372892169e-08
-1.5045424756e-08
-1.42931535182e-08
-1.35784958423e-08
-1.28995710502e-08
-1.22545924977e-08
-1.16418628728e-08
-1.10597697292e-08
-1.05067812427e-08
-9.98144218057e-09
-9.48237007154e-09
-9.00825156796e-09
-8.55783898957e-09
-8.12994704009e-09
-7.72344968808e-09
-7.33727720368e-09
-6.9704133435e-09
-6.62189267632e-09
-6.2907980425e-09
-5.97625814038e-09
-5.67744523336e-09
-5.39357297169e-09
-5.12389432311e-09
-4.86769960695e-09
-4.6243146266e-09
-4.39309889527e-09
-4.17344395051e-09
-3.96477175299e-09
-3.76653316534e-09
-3.57820650707e-09
-3.39929618172e-09
-3.22933137263e-09
-3.067864804e-09
-2.9144715638e-09
-2.76874798561e-09
-2.63031058633e-09
-2.49879505701e-09
-2.37385530416e-09
-2.25516253895e-09
-2.14240441201e-09
-2.03528419141e-09
-1.93351998183e-09
-1.83684398274e-09
-1.74500178361e-09
-1.65775169443e-09
-1.5748641097e-09
-1.49612090422e-09
-1.42131485901e-09
-1.35024911606e-09
-1.28273666025e-09
-1.21859982724e-09
-1.15766983588e-09
-1.09978634409e-09
-1.04479702688e-09
-9.92557175538e-10
-9.42929316761e-10
-8.95782850923e-10
-8.50993708377e-10
-8.08444022958e-10
-7.6802182181e-10
-7.29620730719e-10
-6.93139694183e-10
-6.58482709474e-10
-6.25558574001e-10
-5.94280645301e-10
-5.64566613036e-10
-5.36338282384e-10
-5.09521368265e-10
-4.84045299851e-10
-4.59843034859e-10
-4.36850883116e-10
-4.1500833896e-10
-3.94257922012e-10
-3.74545025911e-10
-3.55817774616e-10
-3.38026885885e-10
-3.21125541591e-10
-3.05069264511e-10
-2.89815801286e-10
-2.75325011221e-10
-2.6155876066e-10
-2.48480822627e-10
-2.36056781496e-10
-2.24253942421e-10
-2.130412453e-10
-2.02389183035e-10
-1.92269723883e-10
-1.82656237689e-10
-1.73523425805e-10
-1.64847254514e-10
-1.56604891789e-10
-1.48774647199e-10
-1.41335914839e-10
-1.34269119097e-10
-1.27555663143e-10
-1.21177879985e-10
-1.15118985986e-10
-1.09363036687e-10
-1.03894884852e-10
-9.87001406099e-11
-9.37651335794e-11
-8.90768769004e-11
-8.46230330554e-11
-8.03918814026e-11
-7.63722873325e-11
-7.25536729658e-11
-6.89259893176e-11
-6.54796898517e-11
-6.22057053591e-11
-5.90954200911e-11
-5.61406490866e-11
-5.33336166323e-11
-5.06669358006e-11
-4.81335890106e-11
-4.57269095601e-11
-4.34405640821e-11
-4.1268535878e-11
-3.92051090841e-11
-3.72448536299e-11
-3.53826109484e-11
-3.3613480401e-11
-3.19328063809e-11
-3.03361660619e-11
-2.88193577588e-11
-2.73783898708e-11
-2.60094703773e-11
-2.47089968584e-11
-2.34735470155e-11
-2.22998696647e-11
-2.11848761815e-11
-2.01256323724e-11
-1.91193507538e-11
-1.81633832161e-11
-1.72552140553e-11
-1.63924533525e-11
-1.55728306849e-11
-1.47941891507e-11
-1.40544796931e-11
-1.33517557085e-11
-1.26841679231e-11
-1.20499595269e-11
-1.14474615506e-11
-1.0875088473e-11
-1.03313340494e-11
-9.81476734691e-12
-9.32402897956e-12
-8.85782753058e-12
-8.41493615405e-12
-7.99418934635e-12
-7.59447987903e-12
-7.21475588508e-12
-6.85401809083e-12
-6.51131718629e-12
-6.18575132697e-12
-5.87646376062e-12
-5.58264057259e-12
-5.30350854396e-12
-5.03833311676e-12
-4.78641646093e-12
-4.54709563788e-12
-4.31974085599e-12
-4.10375381319e-12
-3.89856612253e-12
-3.7036378164e-12
-3.51845592558e-12
-3.3425331293e-12
-3.17540647284e-12
-3.01663614919e-12
-2.86580434174e-12
-2.72251412465e-12
-2.58638841842e-12
-2.4570689975e-12
-2.33421554762e-12
-2.21750477024e-12
-2.10662953173e-12
-2.00129805514e-12
-1.90123315238e-12
-1.80617149476e-12
-1.71586292003e-12
-1.63006977403e-12
-1.54856628532e-12
-1.47113797106e-12
-1.3975810725e-12
-1.32770201888e-12
-1.26131691794e-12
-1.19825107204e-12
-1.13833851844e-12
-1.08142159252e-12
-1.02735051289e-12
-9.75982987245e-13
-9.27183837883e-13
-8.80824645988e-13
-8.36783413689e-13
-7.94944243005e-13
-7.55197030854e-13
-7.17437179312e-13
-6.81565320346e-13
-6.47487054329e-13
-6.15112701612e-13
-5.84357066532e-13
-5.55139213205e-13
-5.27382252545e-13
-5.01013139918e-13
-4.75962482922e-13
-4.52164358776e-13
-4.29556140837e-13
-4.08078333795e-13
-3.87674417105e-13
-3.6829069625e-13
-3.49876161438e-13
-3.32382353366e-13
-3.15763235697e-13
-2.99975073912e-13
-2.84976320217e-13
-2.70727504206e-13
-2.57191128996e-13
-2.44331572546e-13
-2.32114993919e-13
-2.20509244223e-13
-2.09483782012e-13
-1.99009592911e-13
-1.89059113265e-13
-1.79606157602e-13
-1.70625849722e-13
-1.62094557236e-13
-1.53989829374e-13
-1.46290337905e-13
-1.3897582101e-13
-1.3202702996e-13
-1.25425678462e-13
-1.19154394539e-13
-1.13196674812e-13
-1.07536841071e-13
-1.02159999018e-13
-9.70519990667e-14
-9.21993991133e-14
-8.75894291577e-14
-8.32099576998e-14
-7.90494598148e-14
-7.5096986824e-14
-7.13421374828e-14
-6.77750306087e-14
-6.43862790783e-14
-6.11669651244e-14
-5.81086168681e-14
-5.52031860247e-14
-5.24430267235e-14
-4.98208753873e-14
-4.7329831618e-14
-4.49633400371e-14
-4.27151730352e-14
-4.05794143834e-14
-3.85504436643e-14
-3.66229214811e-14
-3.4791775407e-14
-3.30521866367e-14
-3.13995773048e-14
-2.98295984396e-14
-2.83381185176e-14
-2.69212125917e-14
-2.55751519621e-14
-2.4296394364e-14
-2.30815746458e-14
-2.19274959135e-14
-2.08311211179e-14
-1.9789565062e-14
-1.88000868089e-14
-1.78600824684e-14
-1.6967078345e-14
-1.61187244278e-14
-1.53127882064e-14
-1.4547148796e-14
-1.38197913562e-14
-1.31288017884e-14
-1.2472361699e-14
-1.18487436141e-14
-1.12563064334e-14
-1.06934911117e-14
-1.01588165561e-14
-9.6508757283e-15
-9.16833194188e-15
-8.70991534479e-15
-8.27441957755e-15
-7.86069859867e-15
-7.46766366874e-15
-7.0942804853e-15
-6.73956646104e-15
-6.40258813799e-15
-6.08245873109e-15
-5.77833579453e-15
-5.48941900481e-15
-5.21494805456e-15
-4.95420065184e-15
-4.70649061924e-15
-4.47116608828e-15
-4.24760778387e-15
-4.03522739468e-15
-3.83346602494e-15
-3.64179272369e-15
-3.45970308751e-15
-3.28671793313e-15
-3.12238203648e-15
-2.96626293465e-15
-2.81794978792e-15
-2.67705229852e-15
-2.5431996836e-15
-2.41603969942e-15
-2.29523771445e-15
-2.18047582873e-15
-2.07145203729e-15
-1.96787943542e-15
-1.86948546365e-15
-1.77601119047e-15
-1.68721063095e-15
-1.6028500994e-15
-1.52270759443e-15
-1.44657221471e-15
-1.37424360397e-15
-1.30553142377e-15
-1.24025485259e-15
-1.17824210996e-15
-1.11933000446e-15
-1.06336350424e-15
-1.01019532902e-15
-9.59685562573e-16
-9.11701284444e-16
-8.66116220222e-16
-8.22810409211e-16
-7.8166988875e-16
-7.42586394313e-16
-7.05457074597e-16
-6.70184220867e-16
-6.36675009824e-16
-6.04841259333e-16
-5.74599196366e-16
-5.45869236548e-16
-5.1857577472e-16
-4.92646985984e-16
-4.68014636685e-16
-4.44613904851e-16
-4.22383209608e-16
-4.01264049128e-16
-3.81200846671e-16
-3.62140804338e-16
-3.44033764121e-16
-3.26832075915e-16
-3.10490472119e-16
-2.94965948513e-16
-2.80217651088e-16
-2.66206768533e-16
-2.52896430107e-16
-2.40251608601e-16
-2.28239028171e-16
-2.16827076763e-16
-2.05985722924e-16
-1.95686436778e-16
-1.85902114939e-16
-1.76607009192e-16
-1.67776658733e-16
-1.59387825796e-16
-1.51418434506e-16
-1.43847512781e-16
-1.36655137142e-16
-1.29822380285e-16
-1.23331261271e-16
-1.17164698207e-16
-1.11306463297e-16
-1.05741140132e-16
-1.00454083125e-16
-9.5431378969e-17
-9.06598100206e-17
-8.61268195195e-17
-8.18204785436e-17
-7.77294546164e-17
-7.38429818856e-17
-7.01508327913e-17
-6.66432911517e-17
-6.33111265941e-17
-6.01455702644e-17
-5.71382917512e-17
-5.42813771636e-17
-5.15673083055e-17
-4.89889428902e-17
-4.65394957457e-17
-4.42125209584e-17
-4.20018949105e-17
-3.9901800165e-17
-3.79067101567e-17
-3.60113746489e-17
-3.42108059164e-17
-3.25002656206e-17
-3.08752523396e-17
-2.93314897226e-17
-2.78649152365e-17
-2.64716694746e-17
-2.51480860009e-17
-2.38906817009e-17
-2.26961476158e-17
-2.1561340235e-17
-2.04832732233e-17
-1.94591095621e-17
-1.8486154084e-17
-1.75618463798e-17
-1.66837540608e-17
-1.58495663578e-17
-1.50570880399e-17
-1.43042336379e-17
-1.3589021956e-17
-1.29095708582e-17
-1.22640923153e-17
-1.16508876995e-17
-1.10683433145e-17
-1.05149261488e-17
-9.98917984138e-18
-9.48972084931e-18
-9.01523480685e-18
-8.5644730665e-18
-8.13624941318e-18
-7.72943694252e-18
-7.34296509539e-18
-6.97581684062e-18
-6.62702599859e-18
-6.29567469866e-18
-5.98089096373e-18
-5.68184641554e-18
-5.39775409477e-18
-5.12786639003e-18
-4.87147307053e-18
-4.627899417e-18
-4.39650444615e-18
-4.17667922384e-18
-3.96784526265e-18
-3.76945299952e-18
-3.58098034954e-18
-3.40193133207e-18
-3.23183476546e-18
-3.07024302719e-18
-2.91673087583e-18
-2.77089433204e-18
-2.63234961544e-18
-2.50073213466e-18
-2.37569552793e-18
-2.25691075153e-18
-2.14406521396e-18
-2.03686195326e-18
-1.9350188556e-18
-1.83826791282e-18
-1.74635451718e-18
-1.65903679132e-18
-1.57608495175e-18
-1.49728070416e-18
-1.42241666896e-18
-1.35129583551e-18
-1.28373104373e-18
-1.21954449155e-18
-1.15856726697e-18
-1.10063890362e-18
-1.04560695844e-18
-9.93326610517e-19
-9.43660279991e-19
-8.96477265992e-19
-8.51653402692e-19
-8.09070732558e-19
-7.6861719593e-19
-7.30186336133e-19
-6.93677019327e-19
-6.5899316836e-19
-6.26043509942e-19
-5.94741334445e-19
-5.65004267723e-19
-5.36754054337e-19
-5.0991635162e-19
-4.84420534039e-19
-4.60199507337e-19
-4.3718953197e-19
-4.15330055372e-19
-3.94563552603e-19
-3.74835374973e-19
-3.56093606224e-19
-3.38288925913e-19
-3.21374479617e-19
-3.05305755636e-19
-2.90040467855e-19
-2.75538444462e-19
-2.61761522239e-19
-2.48673446127e-19
-2.36239773821e-19
-2.2442778513e-19
-2.13206395873e-19
-2.02546076079e-19
-1.92418772275e-19
-1.82797833662e-19
-1.73657941979e-19
-1.6497504488e-19
-1.56726292636e-19
-1.48889978004e-19
-1.41445479104e-19
-1.34373205148e-19
-1.27654544891e-19
-1.21271817647e-19
-1.15208226764e-19
-1.09447815426e-19
-1.03975424655e-19
-9.87766534219e-20
-9.38378207508e-20
-8.91459297133e-20
-8.46886332276e-20
-8.04542015663e-20
-7.64314914879e-20
-7.26099169135e-20
-6.89794210679e-20
-6.55304500145e-20
-6.22539275138e-20
-5.91412311381e-20
-5.61841695812e-20
-5.33749611021e-20
-5.0706213047e-20
-4.81709023946e-20
-4.57623572749e-20
-4.34742394112e-20
-4.13005274406e-20
-3.92355010686e-20
-3.72737260152e-20
-3.54100397144e-20
-3.36395377287e-20
-3.19575608422e-20
-3.03596828001e-20
-2.88416986601e-20
-2.73996137271e-20
-2.60296330408e-20
-2.47281513887e-20
-2.34917438193e-20
-2.23171566283e-20
-2.12012987969e-20
-2.01412338571e-20
-1.91341721642e-20
-1.8177463556e-20
-1.72685903782e-20
-1.64051608593e-20
-1.55849028163e-20
-1.48056576755e-20
-1.40653747917e-20
-1.33621060521e-20
-1.26940007495e-20
-1.20593007121e-20
-1.14563356765e-20
-1.08835188926e-20
-1.0339342948e-20
-9.8223758006e-21
-9.33125701057e-21
-8.86469416004e-21
-8.42145945204e-21
-8.00038647944e-21
-7.60036715547e-21
-7.22034879769e-21
-6.85933135781e-21
-6.51636478992e-21
-6.19054655042e-21
-5.8810192229e-21
-5.58696826176e-21
-5.30761984867e-21
-5.04223885624e-21
-4.79012691342e-21
-4.55062056775e-21
-4.32308953937e-21
-4.1069350624e-21
-3.90158830928e-21
-3.70650889381e-21
-3.52118344912e-21
-3.34512427667e-21
-3.17786806283e-21
-3.01897465969e-21
-2.86802592671e-21
-2.72462463037e-21
-2.58839339885e-21
-2.45897372891e-21
-2.33602504246e-21
-2.21922379034e-21
-2.10826260082e-21
-2.00284947078e-21
-1.90270699724e-21
-1.80757164738e-21
-1.71719306501e-21
-1.63133341176e-21
-1.54976674117e-21
-1.47227840412e-21
-1.39866448391e-21
-1.32873125971e-21
-1.26229469673e-21
-1.19917996189e-21
-1.1392209638e-21
-1.08225991561e-21
-1.02814691983e-21
-9.76739573836e-22
-9.27902595144e-22
-8.81507465387e-22
-8.37432092117e-22
-7.95560487512e-22
-7.55782463136e-22
-7.17993339979e-22
-6.8209367298e-22
-6.47988989331e-22
-6.15589539865e-22
-5.84810062871e-22
-5.55569559728e-22
-5.27791081741e-22
-5.01401527654e-22
-4.76331451272e-22
-4.52514878708e-22
-4.29889134773e-22
-4.08394678034e-22
-3.87974944132e-22
-3.68576196926e-22
-3.50147387079e-22
-3.32640017725e-22
-3.16008016839e-22
-3.00207615997e-22
-2.85197235197e-22
-2.70937373438e-22
-2.57390504766e-22
-2.44520979527e-22
-2.32294930551e-22
-2.20680184023e-22
-2.09646174822e-22
-1.99163866081e-22
-1.89205672777e-22
-1.79745389138e-22
-1.70758119681e-22
-1.62220213697e-22
-1.54109203012e-22
-1.46403742862e-22
-1.39083555719e-22
-1.32129377933e-22
-1.25522909036e-22
-1.19246763584e-22
-1.13284425405e-22
-1.07620204135e-22
-1.02239193928e-22
-9.71272342317e-23
-9.22708725201e-23
-8.76573288941e-23
-8.32744624494e-23
-7.91107393269e-23
-7.51552023606e-23
-7.13974422426e-23
-6.78275701304e-23
-6.44361916239e-23
-6.12143820427e-23
-5.81536629406e-23
-5.52459797935e-23
-5.24836808039e-23
-4.98594967637e-23
-4.73665219255e-23
-4.49981958292e-23
-4.27482860378e-23
-4.06108717359e-23
-3.85803281491e-23
-3.66513117416e-23
-3.48187461545e-23
-3.30778088468e-23
-3.14239184045e-23
-2.98527224842e-23
-2.836008636e-23
-2.6942082042e-23
-2.55949779399e-23
-2.43152290429e-23
-2.30994675908e-23
-2.19444942112e-23
-2.08472695007e-23
-1.98049060257e-23
-1.88146607244e-23
-1.78739276882e-23
-1.69802313037e-23
-1.61312197386e-23
-1.53246587516e-23
-1.4558425814e-23
-1.38305045233e-23
-1.31389792972e-23
-1.24820303323e-23
-1.18579288157e-23
-1.12650323749e-23
-1.07017807562e-23
-1.01666917184e-23
-9.65835713245e-24
-9.17543927582e-24
-8.71666731203e-24
-8.28083394643e-24
-7.86679224911e-24
-7.47345263665e-24
-7.09978000482e-24
-6.74479100458e-24
-6.40755145435e-24
-6.08717388163e-24
-5.78281518755e-24
-5.49367442817e-24
-5.21899070677e-24
-4.95804117143e-24
-4.71013911286e-24
-4.47463215721e-24
-4.25090054935e-24
-4.03835552188e-24
-3.83643774579e-24
-3.6446158585e-24
-3.46238506558e-24
-3.2892658123e-24
-3.12480252168e-24
-2.9685623956e-24
-2.82013427582e-24
-2.67912756203e-24
-2.54517118393e-24
-2.41791262473e-24
-2.29701699349e-24
-2.18216614382e-24
-2.07305783663e-24
-1.9694049448e-24
-1.87093469756e-24
-1.77738796268e-24
-1.68851856454e-24
-1.60409263632e-24
-1.5238880045e-24
-1.44769360428e-24
-1.37530892406e-24
-1.30654347786e-24
-1.24121630397e-24
-1.17915548877e-24
-1.12019771433e-24
-1.06418782861e-24
-1.01097843718e-24
-9.60429515323e-25
-9.12408039557e-25
-8.66787637579e-25
-8.234482557e-25
-7.82275842915e-25
-7.4316205077e-25
-7.06003948231e-25
-6.7070375082e-25
-6.37168563279e-25
-6.05310135115e-25
-5.75044628359e-25
-5.46292396941e-25
-5.18977777094e-25
-4.93028888239e-25
-4.68377443827e-25
-4.44958571636e-25
-4.22710643054e-25
-4.01575110901e-25
-3.81496355356e-25
-3.62421537589e-25
-3.44300460709e-25
-3.27085437674e-25
-3.1073116579e-25
-2.951946075e-25
-2.80434877125e-25
-2.66413133269e-25
-2.53092476606e-25
-2.40437852775e-25
-2.28415960137e-25
-2.1699516213e-25
-2.06145404023e-25
-1.95838133822e-25
-1.86046227131e-25
-1.76743915775e-25
-1.67906719986e-25
-1.59511383986e-25
-1.51535814787e-25
-1.43959024048e-25
-1.36761072845e-25
-1.29923019203e-25
-1.23426868243e-25
-1.17255524831e-25
-1.11392748589e-25
-1.0582311116e-25
-1.00531955602e-25
-9.55053578218e-26
-9.07300899307e-26
-8.61935854341e-26
-8.18839061624e-26
-7.77897108543e-26
-7.39002253116e-26
-7.0205214046e-26
-6.66949533437e-26
-6.33602056765e-26
-6.01921953927e-26
-5.71825856231e-26
-5.43234563419e-26
-5.16072835248e-26
-4.90269193486e-26
-4.65755733811e-26
-4.42467947121e-26
-4.20344549765e-26
-3.99327322277e-26
-3.79360956163e-26
-3.60392908355e-26
-3.42373262937e-26
-3.2525459979e-26
-3.08991869801e-26
-2.93542276311e-26
-2.78865162495e-26
-2.6492190437e-26
-2.51675809152e-26
-2.39092018694e-26
-2.27137417759e-26
-2.15780546871e-26
-2.04991519528e-26
-1.94741943551e-26
-1.85004846374e-26
-1.75754604055e-26
-1.66966873852e-26
-1.5861853016e-26
-1.50687603652e-26
-1.43153223469e-26
-1.35995562296e-26
-1.29195784181e-26
-1.22735994972e-26
-1.16599195223e-26
-1.10769235462e-26
-1.05230773689e-26
-9.99692350046e-27
-9.49707732544e-27
-9.02222345917e-27
-8.57111228621e-27
-8.1425566719e-27
-7.7354288383e-27
-7.34865739639e-27
-6.98122452657e-27
-6.63216330024e-27
-6.30055513523e-27
-5.98552737847e-27
-5.68625100954e-27
-5.40193845907e-27
-5.13184153611e-27
-4.87524945931e-27
-4.63148698634e-27
-4.39991263703e-27
-4.17991700517e-27
-3.97092115492e-27
-3.77237509717e-27
-3.58375634231e-27
-3.4045685252e-27
-3.23434009894e-27
-3.07262309399e-27
-2.91899193929e-27
-2.77304234232e-27
-2.63439022521e-27
-2.50267071395e-27
-2.37753717825e-27
-2.25866031934e-27
-2.14572730337e-27
-2.0384409382e-27
-1.93651889129e-27
-1.83969294673e-27
-1.74770829939e-27
-1.66032288442e-27
-1.5773067402e-27
-1.49844140319e-27
-1.42351933303e-27
-1.35234336638e-27
-1.28472619806e-27
-1.22048988816e-27
-1.15946539375e-27
-1.10149212406e-27
-1.04641751786e-27
-9.94096641966e-28
-9.44391809868e-28
-8.97172219375e-28
-8.52313608406e-28
-8.09697927986e-28
-7.69213031586e-28
-7.30752380007e-28
-6.94214761007e-28
-6.59504022956e-28
-6.26528821808e-28
-5.95202380718e-28
-5.65442261682e-28
-5.37170148598e-28
-5.10311641168e-28
-4.8479605911e-28
-4.60556256154e-28
-4.37528443347e-28
-4.15652021179e-28
-3.9486942012e-28
-3.75125949114e-28
-3.56369651659e-28
-3.38551169076e-28
-3.21623610622e-28
-3.05542430091e-28
-2.90265308586e-28
-2.75752043157e-28
-2.61964440999e-28
-2.48866218949e-28
-2.36422908002e-28
-2.24601762602e-28
-2.13371674471e-28
-2.02703090748e-28
-1.92567936211e-28
-1.829395394e-28
-1.7379256243e-28
-1.65102934308e-28
-1.56847787593e-28
-1.49005398213e-28
-1.41555128303e-28
-1.34477371888e-28
-1.27753503293e-28
-1.21365828129e-28
-1.15297536722e-28
-1.09532659886e-28
-1.04056026892e-28
-9.88532255471e-29
-9.39105642698e-29
-8.92150360563e-29
-8.47542842535e-29
-8.05165700408e-29
-7.64907415388e-29
-7.26662044618e-29
-6.90328942387e-29
-6.55812495268e-29
-6.23021870505e-29
-5.91870776979e-29
-5.6227723813e-29
-5.34163376224e-29
-5.07455207413e-29
-4.82082447042e-29
-4.5797832469e-29
-4.35079408455e-29
-4.13325438033e-29
-3.92659166131e-29
-3.73026207824e-29
-3.54374897433e-29
-3.36656152562e-29
-3.19823344933e-29
-3.03832177687e-29
-2.88640568802e-29
-2.74208540362e-29
-2.60498113344e-29
-2.47473207677e-29
-2.35099547293e-29
-2.23344569929e-29
-2.12177341432e-29
-2.0156847436e-29
-1.91490050642e-29
-1.8191554811e-29
-1.72819770705e-29
-1.6417878217e-29
-1.55969843061e-29
-1.48171350908e-29
-1.40762783363e-29
-1.33724644195e-29
-1.27038411985e-29
-1.20686491386e-29
-1.14652166816e-29
-1.08919558475e-29
-1.03473580552e-29
-9.82999015241e-30
-9.33849064479e-30
-8.87156611255e-30
-8.42798780692e-30
-8.00658841658e-30
-7.60625899575e-30
-7.22594604596e-30
-6.86464874366e-30
-6.52141630648e-30
-6.19534549116e-30
-5.8855782166e-30
-5.59129930577e-30
-5.31173434048e-30
-5.04614762346e-30
-4.79384024228e-30
-4.55414823017e-30
-4.32644081866e-30
-4.11011877773e-30
-3.90461283884e-30
-3.7093821969e-30
-3.52391308705e-30
-3.3477174327e-30
-3.18033156107e-30
-3.02131498301e-30
-2.87024923386e-30
-2.72673677217e-30
-2.59039993356e-30
-2.46087993688e-30
-2.33783594004e-30
-2.22094414304e-30
-2.10989693588e-30
-2.00440208909e-30
-1.90418198464e-30
-1.8089728854e-30
-1.71852424113e-30
-1.63259802908e-30
-1.55096812762e-30
-1.47341972124e-30
-1.39974873518e-30
-1.32976129842e-30
-1.2632732335e-30
-1.20010957182e-30
-1.14010409323e-30
-1.08309888857e-30
-1.02894394414e-30
-9.77496746936e-31
-9.28621909589e-31
-8.8219081411e-31
-8.38081273404e-31
-7.96177209734e-31
-7.56368349248e-31
-7.18549931785e-31
-6.82622435196e-31
-6.48491313436e-31
-6.16066747764e-31
-5.85263410376e-31
-5.56000239857e-31
-5.28200227864e-31
-5.01790216471e-31
-4.76700705648e-31
-4.52865670365e-31
-4.30222386847e-31
-4.08711267505e-31
-3.88275704129e-31
-3.68861918923e-31
-3.50418822977e-31
-3.32897881828e-31
-3.16252987737e-31
-3.0044033835e-31
-2.85418321432e-31
-2.71147405361e-31
-2.57590035093e-31
-2.44710533338e-31
-2.32475006671e-31
-2.20851256338e-31
-2.09808693521e-31
-1.99318258845e-31
-1.89352345902e-31
-1.79884728607e-31
-1.70890492177e-31
-1.62345967568e-31
-1.5422866919e-31
-1.4651723573e-31
-1.39191373944e-31
-1.32231805246e-31
-1.25620214984e-31
-1.19339204235e-31
-1.13372244023e-31
-1.07703631822e-31
-1.02318450231e-31
-9.72025277194e-32
-9.23424013334e-32
-8.77252812667e-32
-8.33390172034e-32
-7.91720663432e-32
-7.52134630261e-32
-7.14527898748e-32
-6.7880150381e-32
-6.4486142862e-32
-6.12618357189e-32
-5.81987439329e-32
-5.52888067363e-32
-5.25243663995e-32
-4.98981480795e-32
-4.74032406755e-32
-4.50330786418e-32
-4.27814247097e-32
-4.06423534742e-32
-3.86102358005e-32
-3.66797240104e-32
-3.48457378099e-32
-3.31034509194e-32
-3.14482783735e-32
-2.98758644548e-32
-2.8382071232e-32
-2.69629676704e-32
-2.56148192869e-32
-2.43340783226e-32
-2.31173744064e-32
-2.19615056861e-32
-2.08634304018e-32
-1.98202588817e-32
-1.88292459376e-32
-1.78877836408e-32
-1.69933944587e-32
-1.61437247358e-32
-1.5336538499e-32
-1.4569711574e-32
-1.38412259953e-32
-1.31491646956e-32
-1.24917064608e-32
-1.18671211378e-32
-1.12737650809e-32
-1.07100768268e-32
-1.01745729855e-32
-9.66584433621e-33
-9.1825521194e-33
-8.72342451343e-33
-8.28725328776e-33
-7.87289062337e-33
-7.4792460922e-33
-7.10528378759e-33
-6.75001959821e-33
-6.4125186183e-33
-6.09189268739e-33
-5.78729805302e-33
-5.49793315037e-33
-5.22303649285e-33
-4.96188466821e-33
-4.7137904348e-33
-4.47810091306e-33
-4.2541958674e-33
-4.04148607403e-33
-3.83941177033e-33
-3.64744118181e-33
-3.46506912272e-33
-3.29181566659e-33
-3.12722488326e-33
-2.9708636391e-33
-2.82232045714e-33
-2.68120443428e-33
-2.54714421257e-33
-2.41978700194e-33
-2.29879765184e-33
-2.18385776925e-33
-2.07466488079e-33
-1.97093163675e-33
-1.87238505491e-33
-1.77876580217e-33
-1.68982751206e-33
-1.60533613646e-33
-1.52506932963e-33
-1.44881586315e-33
-1.37637506999e-33
-1.30755631649e-33
-1.24217850067e-33
-1.18006957564e-33
-1.12106609685e-33
-1.06501279201e-33
-1.01176215241e-33
-9.6117404479e-34
-9.13115342551e-34
-8.67459575423e-34
-8.24086596652e-34
-7.82882266819e-34
-7.43738153478e-34
-7.06551245804e-34
-6.71223683514e-34
-6.37662499338e-34
-6.05779374372e-34
-5.75490405653e-34
-5.4671588537e-34
-5.19380091102e-34
-4.93411086547e-34
-4.68740532219e-34
-4.45303505608e-34
-4.23038330328e-34
-4.01886413812e-34
-3.81792093121e-34
-3.62702488465e-34
-3.44567364042e-34
-3.2733899584e-34
-3.10972046048e-34
-2.95423443745e-34
-2.80652271558e-34
-2.6661965798e-34
-2.53288675081e-34
-2.40624241327e-34
-2.28593029261e-34
-2.17163377798e-34
-2.06305208908e-34
-1.95989948462e-34
-1.86190451039e-34
-1.76880928487e-34
-1.68036882063e-34
-1.5963503796e-34
-1.51653286062e-34
-1.44070621759e-34
-1.36867090671e-34
-1.30023736137e-34
-1.2352254933e-34
-1.17346421864e-34
-1.11479100771e-34
-1.05905145732e-34
-1.00609888446e-34
-9.55793940232e-35
-9.08004243221e-35
-8.6260403106e-35
-8.19473829507e-35
-7.78500138031e-35
-7.3957513113e-35
-7.02596374573e-35
-6.67466555845e-35
-6.34093228052e-35
-6.0238856665e-35
-5.72269138317e-35
-5.43655681401e-35
-5.16472897331e-35
-4.90649252465e-35
-4.66116789842e-35
-4.4281095035e-35
-4.20670402832e-35
-3.9963688269e-35
-3.79655038556e-35
-3.60672286628e-35
-3.42638672297e-35
-3.25506738682e-35
-3.09231401748e-35
-2.9376983166e-35
-2.79081340077e-35
-2.65127273074e-35
-2.5187090942e-35
-2.39277363949e-35
-2.27313495751e-35
-2.15947820964e-35
-2.05150429916e-35
-1.9489290842e-35
-1.85148262999e-35
-1.75890849849e-35
-1.67096307356e-35
-1.58741491989e-35
-1.50804417389e-35
-1.4326419652e-35
-1.36100986694e-35
-1.29295937359e-35
-1.22831140491e-35
-1.16689583467e-35
-1.10855104293e-35
-1.05312349079e-35
-1.00046731625e-35
-9.50443950434e-36
-9.02921752912e-36
-8.57775665267e-36
-8.14886882004e-36
-7.74142537903e-36
-7.35435411008e-36
-6.98663640458e-36
-6.63730458435e-36
-6.30543935513e-36
-5.99016738737e-36
-5.69065901801e-36
-5.40612606711e-36
-5.13581976375e-36
-4.87902877556e-36
-4.63507733678e-36
-4.40332346995e-36
-4.18315729645e-36
-3.97399943163e-36
-3.77529946004e-36
-3.58653448704e-36
-3.40720776269e-36
-3.23684737456e-36
-3.07500500583e-36
-2.92125475554e-36
-2.77519201776e-36
-2.63643241687e-36
-2.50461079603e-36
-2.37938025623e-36
-2.26041124342e-36
-2.14739068124e-36
-2.04002114718e-36
-1.93802008982e-36
-1.84111908533e-36
-1.74906313107e-36
-1.66160997451e-36
-1.57852947579e-36
-1.499603002e-36
-1.4246228519e-36
-1.3533917093e-36
-1.28572212384e-36
-1.22143601765e-36
-1.16036421676e-36
-1.10234600593e-36
-1.04722870563e-36
-9.94867270347e-37
-9.4512390683e-37
-8.97867711489e-37
-8.52974325914e-37
-8.10325609618e-37
-7.69809329137e-37
-7.31318862681e-37
-6.94752919547e-37
-6.60015273569e-37
-6.27014509891e-37
-5.95663784396e-37
-5.65880595176e-37
-5.37586565418e-37
-5.10707237147e-37
-4.85171875289e-37
-4.60913281525e-37
-4.37867617449e-37
-4.15974236576e-37
-3.95175524747e-37
-3.7541674851e-37
-3.56645911085e-37
-3.3881361553e-37
-3.21872934754e-37
-3.05779288016e-37
-2.90490323615e-37
-2.75965807435e-37
-2.62167517063e-37
-2.4905914121e-37
-2.36606184149e-37
-2.24775874942e-37
-2.13537081195e-37
-2.02860227135e-37
-1.92717215778e-37
-1.83081354989e-37
-1.7392728724e-37
-1.65230922878e-37
-1.56969376734e-37
-1.49120907897e-37
-1.41664862502e-37
-1.34581619377e-37
-1.27852538408e-37
-1.21459911488e-37
-1.15386915914e-37
-1.09617570118e-37
-1.04136691612e-37
-9.89298570314e-38
-9.39833641798e-38
-8.92841959708e-38
-8.48199861723e-38
-8.05789868637e-38
-7.65500375205e-38
-7.27225356445e-38
-6.90864088622e-38
-6.56320884191e-38
-6.23504839982e-38
-5.92329597983e-38
-5.62713118084e-38
-5.34577462179e-38
-5.0784858907e-38
-4.82456159617e-38
-4.58333351636e-38
-4.35416684054e-38
-4.13645849852e-38
-3.92963557359e-38
-3.73315379491e-38
-3.54649610516e-38
-3.36917129991e-38
-3.20071273491e-38
-3.04067709817e-38
-2.88864324326e-38
-2.74421108109e-38
-2.60700052704e-38
-2.47665050069e-38
-2.35281797565e-38
-2.23517707687e-38
-2.12341822303e-38
-2.01724731188e-38
-1.91638494628e-38
-1.82056569897e-38
-1.72953741402e-38
-1.64306054332e-38
-1.56090751615e-38
-1.48286214034e-38
-1.40871903333e-38
-1.33828308166e-38
-1.27136892758e-38
-1.2078004812e-38
-1.14741045714e-38
-1.09003993428e-38
-1.03553793757e-38
-9.8376104069e-39
-9.34572988655e-39
-8.87844339223e-39
-8.43452122261e-39
-8.01279516148e-39
-7.61215540341e-39
-7.23154763324e-39
-6.86997025158e-39
-6.526471739e-39
-6.20014815205e-39
-5.89014074445e-39
-5.59563370722e-39
-5.31585202186e-39
-5.05005942077e-39
-4.79755644973e-39
-4.55767862724e-39
-4.32979469588e-39
-4.11330496109e-39
-3.90763971303e-39
-3.71225772738e-39
-3.52664484101e-39
-3.35031259896e-39
-3.18279696901e-39
-3.02365712056e-39
-2.87247426454e-39
-2.72885055131e-39
-2.59240802374e-39
-2.46278762256e-39
-2.33964824143e-39
-2.22266582936e-39
-2.11153253789e-39
-2.00595591099e-39
-1.90565811544e-39
-1.81037520967e-39
-1.71985644919e-39
-1.63386362673e-39
-1.55217044539e-39
-1.47456192312e-39
-1.40083382697e-39
-1.33079213562e-39
-1.26425252884e-39
-1.2010399024e-39
-1.14098790728e-39
-1.08393851191e-39
-1.02974158632e-39
-9.78254507001e-40
-9.29341781651e-40
-8.82874692568e-40
-8.3873095794e-40
-7.96794410043e-40
-7.56954689541e-40
-7.19106955064e-40
-6.8315160731e-40
-6.48994026945e-40
-6.16544325598e-40
-5.85717109318e-40
-5.56431253852e-40
-5.28609691159e-40
-5.02179206601e-40
-4.77070246271e-40
-4.53216733958e-40
-4.3055589726e-40
-4.09028102397e-40
-3.88576697277e-40
-3.69147862413e-40
-3.50690469292e-40
-3.33155945828e-40
-3.16498148536e-40
-3.0067324111e-40
-2.85639579054e-40
-2.71357600101e-40
-2.57789720096e-40
-2.44900234092e-40
-2.32655222387e-40
-2.21022461268e-40
-2.09971338204e-40
-1.99472771294e-40
-1.89499132729e-40
-1.80024176093e-40
-1.71022967288e-40
-1.62471818924e-40
-1.54348227978e-40
-1.46630816579e-40
-1.3929927575e-40
-1.32334311962e-40
-1.25717596364e-40
-1.19431716546e-40
-1.13460130719e-40
-1.07787124183e-40
-1.02397767974e-40
-9.72778795749e-41
-9.24139855962e-41
-8.77932863164e-41
-8.34036220006e-41
-7.92334409005e-41
-7.52717688555e-41
-7.15081804127e-41
-6.79327713921e-41
-6.45361328225e-41
-6.13093261814e-41
-5.82438598723e-41
-5.53316668787e-41
-5.25650835348e-41
-4.9936829358e-41
-4.74399878901e-41
-4.50679884956e-41
-4.28145890708e-41
-4.06738596173e-41
-3.86401666364e-41
-3.67081583046e-41
-3.48727503894e-41
-3.31291128699e-41
-3.14726572264e-41
-2.98990243651e-41
-2.84040731468e-41
-2.69838694895e-41
-2.5634676015e-41
-2.43529422143e-41
-2.31352951036e-41
-2.19785303484e-41
-2.0879603831e-41
-1.98356236394e-41
-1.88438424574e-41
-1.79016503346e-41
-1.70065678178e-41
-1.61562394269e-41
-1.53484274556e-41
-1.45810060828e-41
-1.38519557787e-41
-1.31593579897e-41
-1.25013900903e-41
-1.18763205857e-41
-1.12825045565e-41
-1.07183793286e-41
-1.01824603622e-41
-9.67333734409e-42
-9.18967047689e-42
-8.73018695304e-42
-8.29367760539e-42
-7.87899372512e-42
-7.48504403886e-42
-7.11079183692e-42
-6.75525224508e-42
-6.41748963282e-42
-6.09661515118e-42
-5.79178439362e-42
-5.50219517394e-42
-5.22708541524e-42
-4.96573114448e-42
-4.71744458726e-42
-4.48157235789e-42
-4.25749374e-42
-4.044619053e-42
-3.84238810035e-42
-3.65026869533e-42
-3.46775526057e-42
-3.29436749754e-42
-3.12964912266e-42
-2.97316666653e-42
-2.8245083332e-42
-2.68328291654e-42
-2.54911877071e-42
-2.42166283218e-42
-2.30057969057e-42
-2.18555070604e-42
-2.07627317074e-42
-1.9724595122e-42
-1.87383653659e-42
-1.78014470976e-42
-1.69113747427e-42
-1.60658060056e-42
-1.52625157053e-42
-1.44993899201e-42
-1.37744204241e-42
-1.30856994029e-42
-1.24314144327e-42
-1.18098437111e-42
-1.12193515255e-42
-1.06583839492e-42
-1.01254647518e-42
-9.61919151419e-43
-9.13823193848e-43
-8.68132034156e-43
-8.24725432448e-43
-7.83489160826e-43
-7.44314702784e-43
-7.07098967645e-43
-6.71744019263e-43
-6.381568183e-43
-6.06248977385e-43
-5.75936528516e-43
-5.4713970209e-43
-5.19782716985e-43
-4.93793581136e-43
-4.69103902079e-43
-4.45648706975e-43
-4.23366271627e-43
-4.02197958045e-43
-3.82088060143e-43
-3.62983657136e-43
-3.44834474279e-43
-3.27592750565e-43
-3.11213113037e-43
-2.95652457385e-43
-2.80869834516e-43
-2.6682634279e-43
-2.5348502565e-43
-2.40810774368e-43
-2.2877023565e-43
-2.17331723867e-43
-2.06465137674e-43
-1.9614188079e-43
-1.8633478675e-43
-1.77018047413e-43
-1.68167145042e-43
-1.5975878779e-43
