1.76088287756
-0.433706156116
0.424915651273
-0.303158640861
0.517777619425
-0.234817521069
-0.237632372752
0.632395784958
-0.00157883822973
0.535667178222
-0.322389102595
-0.00889861700386
-0.122639483805
-0.208701466812
0.373450381738
-0.185676662569
1.18907456993
-0.469452909878
0.492970435061
-0.591543821277
0.191698033719
-0.281995795029
-0.178556150187
0.8887291833
-0.155160346577
0.748669498197
-0.660356816222
0.109201768093
-0.406878283957
-0.315543118691
0.540333359254
-0.270773997212
1.26076495485
-0.639001973671
0.552941718145
-0.815254736263
-0.00701799935105
-0.148334612418
-0.173924949568
0.969209990733
-0.276753146503
0.803394762927
-0.757433805153
0.0973040822357
-0.472585628248
-0.246879972967
0.560168250418
-0.219110883364
1.05711793198
-0.614517619553
0.445815403506
-0.747141444983
-0.0643398996562
-0.0329151601688
61.7296167651
-21.0274617169
14.438674616
-11.388195705
19.1722940792
-6.38313590442
-11.054433847
19.9777480813
-4.0975420792
15.5495337359
-14.5865422869
2.39773389609
-11.0744234522
-3.61339759069
2.67855367176
2.84974375989
23.0365214595
-6.96956227089
6.62173510033
-7.05790580275
7.69245786332
-5.64493356196
-0.611576795394
11.94365659
5.17442386198
7.06766224985
-7.72673861381
-1.08387565933
-6.88888412209
-3.48986359898
2.11627353801
2.80626337071
8.98579515848
-2.45315171192
1.21167623635
-4.22383094548
-0.538144856612
-1.97747910247
0.685563174909
8.24077843933
3.72059908816
4.16811258511
-4.07400894997
-1.00364405761
-3.53082431769
-1.44918664502
1.85097057488
1.92528267915
4.59497963753
-1.48831546964
0.213208889051
-3.7129771996
-1.28273258784
-1.46108732014
188.969192368
-62.6423256994
40.8356698516
-27.7383467717
53.5245875246
0.119948295175
-28.9730359394
43.9843748168
-7.69898341774
42.1657604319
-33.2781341564
16.3222787
-31.9779641709
4.16642814185
-3.06446714141
16.7517935437
31.3033956684
3.46117799624
2.58181278075
-3.02616404893
13.4588731441
-3.40088099927
6.07762621253
4.52131738957
21.1590106953
3.44762582939
4.04274622094
-9.34773647744
-0.925447635334
-5.76488050341
5.01182870549
5.42947250379
6.07588157678
4.63048064993
-2.13940265548
2.97828765536
-3.66692234162
3.31082707519
-1.32324109683
8.7366293639
2.92587039424
6.1778878432
-1.47103916042
0.182775363379
-1.49018434076
-0.338897265286
2.31132372302
1.3294261597
3.94140942582
-0.587199967287
2.2696180953
-2.0527267507
1.2621135919
-1.55064317902
208.05033522
-62.1874600706
34.8821809585
-37.4913697243
45.8505128675
12.2471487745
-17.6131801981
24.1965402839
-6.8042536674
45.2627126901
-22.6679094483
29.8087712439
-38.0194665302
22.4588878195
1.60735249629
15.1258395197
11.2586449466
21.2485330946
-2.81392431938
1.40059322576
3.82256336604
2.39094550378
8.04160620703
-5.40370838488
17.6798776873
-0.723619442814
11.2890675763
-6.89096667197
11.5134321196
-9.21465976921
9.43055190858
2.84205072475
3.86857041289
3.74990386127
1.22715384124
5.43530285396
-3.60530670964
4.37736434815
-1.1286130377
6.08062530811
-2.72998803111
6.12826622681
0.664793531489
1.72811381166
-0.132514952093
2.69731036229
0.14351361208
0.936007935471
2.22506436225
0.923865861965
1.60217011812
-0.51812561997
2.78397537155
-0.713795670204
211.358017103
-56.8044702654
36.6707485877
-43.0046933337
34.6527080238
-15.4236662709
-5.26103666428
20.5892551536
-0.953737588746
35.5529098765
-5.81215872313
35.3182527162
-37.5081606378
4.04218358466
26.7033022314
-0.612290576073
12.3281881569
15.1415392252
15.414963372
-4.93052697055
-4.54775824724
5.19818947808
-1.73896066064
1.52692973766
6.59173176096
16.5160585506
1.46284589694
-3.14374789781
13.9725502474
-10.3920286294
5.67609300423
-3.35381519413
13.9791206721
-1.64565565452
4.78032568642
5.45881781546
-0.72963349028
0.618502462486
-4.19190369395
8.81613323498
-3.00635622533
3.93661739012
4.75148387065
1.15006653966
1.80680906915
-2.95263772149
5.1178191107
-3.06628920514
2.57929730203
1.65991533758
2.55272512129
1.36396912221
-1.20164277009
3.62319607407
225.621389311
-36.3345891932
23.7484729303
-31.9652210676
30.6176723522
-44.3854510949
2.74589762374
43.1936046394
29.3486373368
20.2630769545
-4.07914333921
22.1690194283
-8.15422199238
-13.1733370045
45.5341262291
0.16710089486
26.2877000464
-5.03492587231
20.5164970855
-13.1883728945
-2.28966267499
4.46724251155
1.14707685689
13.2730888246
5.61131638384
19.5662777828
6.2970399726
1.20446176359
9.78053441945
-5.408487479
7.90117181826
-4.91239497091
11.1163800496
-4.25970526575
2.88884006219
1.45192531521
1.82251161944
5.95461549979
2.21490548663
9.46248857478
3.2564368566
3.11282459672
3.16481483907
-0.320588420453
2.2780665672
-4.04548507504
2.66126878129
-2.29702507189
1.84892953966
1.1271964144
3.05117770378
3.90937998901
1.65232765756
3.93890548668
456.557556855
183.831210556
29.3366051908
-70.167922655
-165.001716085
-225.602602541
7.30148494986
134.576878295
117.9928171
0.508370506652
-47.2778026605
-23.797209321
-31.7311820829
169.884835186
222.388963972
80.3895101167
1.18975957893
-71.1147929223
-162.370491085
-78.7222886572
7.92572832056
48.8300475687
4.55138088024
-2.37271680409
28.4393645425
-7.33320967004
61.9272481062
134.555895484
73.691702754
4.92168820454
10.7493270671
-76.6874691265
-74.381780181
-44.7927166607
-6.48330360397
-14.428258247
-12.5260794001
31.661631567
26.7821545615
20.7099365843
78.5324698378
65.4144195696
7.18014737476
21.9756411504
-17.9518732148
-48.7936349289
-45.6372319807
-26.1798112339
-22.9404457333
-21.0686250567
6.90357261324
31.3285819395
11.947857366
38.6570811382
1204.47734726
661.678358512
124.545543185
21.4088879351
-599.632949814
-674.133911792
38.1590083776
235.193395458
279.597374081
-10.2637379911
-186.436837127
-90.9763592974
-180.513225509
525.111951293
717.820753655
248.645799261
137.839028026
-116.293873919
-513.029460177
-181.38319244
16.3251111934
77.9459487108
30.4278932451
-101.19810308
-30.5246612504
-101.099308634
95.1552481592
414.69978216
249.713088032
115.105583083
116.010159478
-168.294402622
-165.195862285
-49.3707973193
-31.6745924037
-32.1319702116
-80.4318074951
-44.5182504704
-34.8558018827
-20.2513069865
168.999222259
185.805923094
83.2215366694
115.119768745
13.2523395933
-61.8418866282
-28.8246230264
-27.391856711
-35.8319948118
-65.119867173
-64.5459270871
-32.8749173894
-43.7447289737
35.2470742772
3217.61452507
1619.67484579
-38.2855503475
1256.66091546
-1910.59449865
-1828.1647545
440.186818575
-17.6636455842
776.142991553
75.539209254
-660.598013607
-299.001221165
-840.491439345
962.352137593
2348.26971681
833.54881353
857.488521397
456.438377404
-1593.22338201
-748.235837319
25.7621782519
-269.026341695
270.629290622
-366.878698653
-478.939918143
-343.905002086
-470.435562226
1093.9615172
1323.72719951
567.718749152
1044.32559582
136.535581232
-789.791643753
-160.732427174
-278.530210695
-334.089608241
-147.258870848
-565.286734074
-375.201300937
-420.551455251
-211.53714795
862.859497161
684.267970239
595.055121528
936.31026
69.6707238898
-178.211303127
40.5280068885
-321.325836503
-229.018579751
-347.328008079
-555.429079827
-359.982834125
-508.818720509
6947.53134011
3600.12476002
-95.000600017
4104.64869535
-3657.40300884
-3650.72101136
1350.10780981
-159.952812042
1504.00009579
-116.385104581
-1628.88526762
-1033.50548612
-2443.30206912
1483.30432227
5023.15622068
1754.54197562
2105.87254069
1713.18045709
-3071.53652358
-1186.26074728
484.122345233
-369.718446778
957.039612203
-914.525403478
-1397.39826116
-1122.29340345
-1833.41822545
1851.02606111
2667.80847548
1106.30721239
2434.35433915
365.592016571
-1496.00807325
82.8500274092
-334.91650476
-75.0951558429
301.927169871
-1157.46004608
-848.160661854
-1241.54661552
-1039.24106627
1361.73973371
1090.12705698
1136.23678437
1794.0976357
-60.8578976843
-217.828271748
196.974417171
-444.196444995
198.141191938
-197.404279699
-848.281923117
-542.224552589
-1132.79476349
9298.87475511
4957.75834277
-1489.60114717
5894.52097641
-4187.28416394
-6274.36173516
3149.99213613
460.276244792
1204.7929458
490.290533831
-2470.80428224
-1335.18989261
-3249.49925855
1773.09708244
7428.47836801
1925.21066454
2066.62317128
2721.95976501
-4658.54952507
-2448.70478622
1607.71602388
-563.072228894
1064.71891086
-287.276747167
-2321.28618163
-1446.07735613
-2472.21727048
2040.97630231
4392.72681239
1116.4028919
3172.74680988
1124.9259747
-3187.98111826
-310.470632151
-23.3818001907
-689.193568565
782.62952279
-934.651421669
-1474.06264272
-1577.06109899
-1775.88947992
1704.27165914
2113.28582052
1253.87693114
2976.99284274
364.115975545
-1425.82217916
351.683627744
-576.282456658
-328.845293794
353.698400785
-1009.51857191
-982.321629847
-1583.74612457
10000.0
7042.10868157
-2173.75889195
7259.48483902
-2903.8699184
-8667.99872145
3622.6622981
1160.71975355
509.020148906
872.334666532
-2465.96893238
-2015.05233934
-4457.80629634
1179.97118215
8192.05968076
2590.34541757
2396.21529249
4201.70832057
-4335.17902112
-3665.94288974
2361.34719969
-166.643336497
547.730130601
366.927558733
-2461.8016289
-2459.31577532
-3437.48294462
1551.34364644
4614.04755684
1196.22993544
3782.49300236
2186.62786721
-3179.74623249
-326.37538338
812.942430452
-483.827470642
765.597663623
-385.644975423
-1735.13752117
-2418.62066928
-2248.34924629
1215.83320541
1723.4465999
1204.84049429
3227.73493178
730.004188672
-1225.47820448
768.502188168
62.8956651595
-97.171918671
618.96225079
-611.668460367
-1219.12690482
-1908.35639464
8004.62582124
6453.82609043
-894.732163996
5870.7606927
-1655.24398637
-7203.2384224
2049.7773426
1407.9545421
803.399646732
1264.80500225
-1434.62309896
-1790.18177348
-3762.69660154
299.616476037
6398.15187043
2989.57933622
2579.0272095
3912.98668551
-2735.21899685
-3484.04852189
1241.32706963
121.461036509
165.173822494
1040.68971144
-1126.06636502
-2427.07682175
-2517.63356402
563.821639142
3182.57587972
2035.89273501
3338.15856091
2713.02059228
-1768.34189658
-1224.69889158
400.838717644
-867.41200497
76.3120927388
688.34332668
-1103.48419715
-2083.93986274
-1635.91338061
25.9072622248
1149.75624864
1709.09913653
3031.20213495
1829.89237556
-543.868968427
-110.487204063
-165.664969733
-1002.36260125
77.4240498776
257.502756566
-1106.25261459
-1557.72372822
7046.83813612
5293.9905209
465.672799939
5444.10926248
-597.239836825
-5139.26139208
706.473992217
683.858418434
552.189445487
574.053934856
-664.056863417
-1237.53804198
-3586.31818314
-204.924893119
4644.71682087
2525.33258695
3054.31831942
4138.56678974
-1140.08298106
-2580.51712929
317.589980282
-275.539272551
-330.028000248
726.706328769
-335.646086649
-1991.38720633
-2468.0989147
-29.4388566154
1770.59633673
1440.78515427
3237.51021073
2855.92491171
-655.663079542
-594.291893302
126.547229939
-940.732430422
-246.684717297
475.706706497
-629.261068632
-1692.21479979
-1438.00638072
-275.088492846
246.148128474
1062.21967595
2457.44582123
1547.70131446
81.3862694038
383.25514258
-80.0273895199
-724.265009067
25.7065780795
86.6251474084
-762.433549811
-1075.92416973
5350.6108498
4331.48743836
1498.15024828
4054.72400416
-512.166355948
-3671.35042661
-741.544515147
-111.940493974
677.582455393
642.388542521
195.128922528
-711.144305865
-2644.25309416
-423.457744811
2779.14508512
2264.94649099
3139.98214805
3365.13145484
-368.653003551
-1765.0577587
-891.070414453
-1104.90475528
-408.248522618
324.756469627
31.1943926171
-919.919882312
-1655.82789339
-293.48246928
898.917640675
1256.33140808
2752.66022412
2425.06794119
332.761265527
-214.217505441
-681.150447686
-1272.55924476
-659.515410727
-228.920898871
-357.23503098
-753.147475463
-989.735500497
-394.887310333
82.1874315424
784.604413856
1945.56027018
1726.4147095
901.646953768
531.724834923
-350.312443265
-877.604184075
-591.336672116
-515.371192844
-484.122186185
-575.201036572
4706.30454678
4004.6641818
1919.15195209
3389.18697104
-357.220316623
-2699.49356894
-642.608222856
-45.2580602828
645.569314157
616.883625922
-163.376414091
-1023.35338012
-2214.16406888
-780.093067466
2302.58855417
2484.40654611
2838.81662421
3149.34107262
-12.9114308982
-1634.88889863
-838.620274951
-957.427456277
-247.293619421
526.55285541
21.4584165416
-836.516619539
-1580.82525163
-784.713772609
698.112603158
1314.56344998
2432.82171233
2570.38033868
590.137462623
-426.922743608
-648.128522095
-1229.98464684
-680.097411713
98.6661954396
-79.3106653521
-505.487393218
-831.543381204
-622.96223858
-58.8546118309
616.842103425
1644.4325919
1808.16799124
909.395610276
324.522310809
-295.597861446
-975.376254332
-739.386424695
-296.698790312
-295.752948336
-323.448615262
5838.97796633
4636.62849391
1265.24171352
3785.65577121
-943.938628437
-4418.83941285
-518.141642476
204.97994515
367.7078484
1190.36317333
38.6600182782
-1343.60325571
-2628.5582836
-788.491266769
3230.1454318
3181.55421073
3347.86964591
4127.24665506
-504.21376874
-3014.59677144
-1128.49500413
-1517.19824076
-742.267499352
1240.19964226
443.884547273
-995.169648785
-1813.3648662
-921.095467005
875.761110388
1563.95273962
3363.27248742
3748.78255049
548.109214252
-764.845284543
-918.481458833
-2308.69692509
-1296.42249851
409.396569006
53.7758010188
-454.642677241
-805.058639632
-798.649309747
-342.421379513
554.978365003
2451.75259253
2722.67976976
1297.65629288
835.12386919
-411.664186602
-1922.85844188
-1190.62022439
-440.321092804
-478.613589565
-191.798895845
6395.64344582
4955.15134345
741.404620428
4193.3983592
-297.975790052
-4464.80675412
295.505767451
1066.41461826
74.3933896462
952.293192084
2.59486454566
-1767.27062601
-2955.15642668
-756.628313859
3198.80443689
2804.76853345
3118.87716349
4398.77130117
-298.830840202
-2561.56936907
-256.817092146
-1104.70196079
-628.974397526
1358.198844
321.590688585
-1115.09565716
-1897.68183999
-1074.34789355
559.26480204
1002.34736388
2955.1806913
3551.88747631
539.437012668
-229.576406938
-327.194241697
-1923.24465996
-853.205119992
518.539476824
7.96030274172
-235.565010745
-736.58136218
-888.504134018
-509.207400958
23.788944125
1748.30272137
2168.06722389
1095.15713935
1019.63616893
-55.5432104878
-1394.87258669
-757.640495438
-393.45285611
-365.178818507
82.4245361852
6432.06858205
5532.69530409
926.953419892
3617.87696159
-334.47272528
-5675.08339987
-348.159266636
983.229631522
-527.559266637
2032.27109482
600.065437058
-1906.5360955
-2193.06880957
-1133.0861875
2710.91207094
3461.14094258
3376.96961505
4785.46493483
63.4152829112
-3227.809031
-1131.77749182
-2074.79341924
-1315.41389148
1752.07639598
820.182737917
-565.624740103
-1381.71960958
-1552.77351013
71.0967514625
980.282103921
3080.51146897
4337.6883579
1299.96397652
-182.192608205
-757.493644246
-2922.78910439
-1819.91431194
242.339785013
178.483631176
280.832186762
-285.590620633
-1032.74712134
-966.715865239
-409.841356042
1683.4569566
2752.25060154
1909.80410144
1671.2520592
142.748801237
-1948.29774942
-1574.12216949
-918.670357199
-587.548097191
240.571064805
6648.18365625
5321.97212332
450.429840206
3292.47077666
-563.900214117
-5305.62999005
326.972290862
1456.29782762
-126.589031987
2034.51423373
330.71707747
-2086.07750805
-2504.79641904
-1185.62995853
2383.3081336
2953.06301322
3128.41895448
4247.3567274
26.570856632
-2814.31163414
-811.68811714
-1387.93779825
-1010.73462701
1741.93243446
1018.32698164
-901.930482506
-1398.91453216
-1277.49555873
-438.561378426
779.507754846
2791.93612232
3416.14380304
1245.59763305
24.0464611467
-570.391612261
-2122.83197311
-1468.56916686
357.079529228
282.859875472
-77.3087889155
-87.4745707501
-795.014759224
-1156.58607836
-174.308547603
1284.17921372
1826.80265092
1700.50807022
1426.58047719
198.928402748
-1181.66931706
-1134.5880487
-695.780347563
-583.589268215
-37.7385506049
6838.34272122
5291.72991365
315.145255816
4581.62932392
-1093.12601161
-6165.26508229
233.71706285
272.288191114
-381.776756824
2506.88366459
1124.55601837
-1552.54412041
-2842.16704766
-1155.92338632
1852.4642291
2274.37936461
4130.80414295
5380.36241525
204.83841189
-2346.43610795
-890.588902317
-3049.38996786
-1838.33510138
2106.88315159
1016.03424417
-345.790485496
-528.171814592
-1542.02981809
-1448.83590968
247.49475267
3028.72388819
3795.93310621
2238.96018667
1594.02491496
-417.145015727
-3105.74974349
-1885.47974287
-397.986791105
-521.230978474
747.180144349
719.890457273
-1074.3284356
-1358.11058214
-683.544715642
392.783875542
1748.61362933
2690.10545649
2699.51426871
927.780430445
-769.867014344
-1230.75599726
-1837.73399369
-1295.81293264
236.229799306
7366.46253714
5538.18683874
390.632432578
4767.14237662
-2257.1764474
-6636.41430138
1386.25780155
757.632607743
436.757075192
3691.43834102
987.266771975
-2392.72366248
-3184.84283518
-1171.76640864
1606.98651472
2356.25034365
4660.51059492
4907.0326564
-819.521248951
-2143.15085796
-762.137993881
-3269.35687838
-494.419773842
3172.94799525
652.88523463
8.86598560412
-343.277425244
-2321.99474993
-1462.69229292
579.013653263
2698.90563849
3351.06052075
1965.21509565
1262.88655482
-875.026258375
-2915.14672387
-1072.98906584
-88.8568600036
-200.742853616
1438.36622121
679.570498504
-1238.9676366
-900.388414122
-698.513868456
0.245062266033
1628.69913878
2167.28878868
1952.54326383
692.416728065
-723.263906005
-1046.96011515
-1448.98512296
-906.189516162
468.885183636
8352.50338995
5575.80738182
244.728628844
5699.95521291
-3095.64178191
-7007.35408517
1944.68264981
-362.883239743
138.485278996
3817.06566067
428.602622887
-2036.56883303
-3097.15701831
-1149.85213125
2123.33442317
2081.64388993
5005.28270121
5890.09906796
-849.949488392
-1739.48092028
-519.144924159
-4303.28497058
-1092.08833792
2660.87947206
279.621005678
454.002169083
-339.68763915
-2135.40960462
-1455.50680547
-507.764778318
2699.91096835
3900.31790425
2061.62170044
2557.55459006
97.8791330591
-3397.25198977
-1492.47079966
-819.494577266
-1085.86090656
1256.05749152
849.470140425
-805.166117857
-1091.98083648
-1467.82443292
-271.90714621
957.549086489
1900.97419441
3252.56100514
1595.02046362
-266.483162184
-343.094835974
-1877.18915571
-1836.14987932
90.8790259454
7816.46025112
4471.40710719
526.049882612
5696.92442709
-4057.9158455
-6617.20068776
1524.25528787
-852.145762864
1084.51622084
4179.33882189
1196.38271847
-1019.1288695
-3358.32116755
-1489.00453816
1452.03056061
885.12862462
4563.61247128
5509.01216736
-920.228800395
-1342.56912823
-947.079414797
-4217.07762682
-997.041088297
1975.92614096
1139.47113142
1157.90758889
-252.309521677
-1026.03840979
-1583.997843
-1309.863868
2265.03380827
2769.31270919
1628.88255313
2556.8428057
75.8781034849
-2656.74993648
-1549.19077718
-1240.7163563
-812.856208764
731.083866054
913.210008928
382.306853145
-737.717848844
-941.842699319
-15.0702061747
-38.7779987086
1142.83678499
2403.21299729
1153.86290651
309.38855009
-122.849234895
-1418.84905768
-1554.76702744
-781.731459173
7409.8989233
3956.50347283
529.712666204
7085.43202923
-3765.94426429
-5979.13722862
1541.7853988
-2613.41865358
406.496939194
3714.45630967
1036.6246684
247.412773794
-2645.16982543
-1539.09017671
1141.47536808
-475.820491743
4058.63333509
5924.78695105
-321.434220762
583.673466302
-203.840035484
-4761.64870819
-1515.80339469
260.48323971
300.318912354
1595.2993878
311.076897715
221.096357177
-1252.52344821
-2054.71927656
1601.07698867
1633.50757957
1488.38746998
3925.35085113
1151.25883358
-1452.01176109
-906.985005327
-2276.77103969
-1870.79903108
-84.3773546864
502.762462379
1099.57254356
8.59139740832
-426.556061438
-29.5730612049
-1016.60844099
535.857994129
2300.87757335
1368.20023408
1623.13898291
1096.26769601
-1104.06144859
-1498.36086334
-1414.52971023
6017.13999111
3040.01088453
1263.3677386
6842.02189842
-3391.08587803
-4923.72171121
623.297925407
-2936.85641921
289.28910909
3941.20137684
1756.13579849
850.265309664
-1433.72767716
-1421.32838862
245.08597405
-653.685226142
3531.43031633
4739.37224419
93.2897574439
1068.25291464
-575.080772491
-4259.74738624
-1341.54599131
48.7065781324
201.675164415
1802.29432316
1094.32172474
297.617357429
-815.47803758
-1177.97921143
848.345499097
968.36355958
1469.09027204
2891.86183587
653.603146515
-928.367880542
-750.194120774
-2051.56219833
-1566.90190934
61.5607085503
419.654601679
781.202917361
544.40287068
106.948112499
-102.07404904
-380.903345736
546.300938794
1225.74791145
896.824238794
1127.83372648
481.709287285
-852.084325352
-975.134869343
-1016.06578378
6058.56626711
3198.83990389
1413.87259409
6552.08510086
-3213.96372492
-4391.47621956
787.485150919
-3161.21825041
-50.1915230846
3491.72795168
874.835685609
237.596339011
-1083.84860784
-1234.78055151
221.532867426
-174.327011801
3797.09022828
4433.61197413
181.057306748
1976.80118118
-377.324259731
-4309.70357724
-782.165353382
-540.230475978
-1031.24984281
1587.48757503
871.760183795
-158.813794724
-538.929116014
-765.412019474
656.799828256
573.146239725
1785.09569501
3423.46709143
700.736231838
90.2030924041
251.595495654
-2651.8630342
-1823.124754
-141.409410497
-818.00775486
385.084773829
841.604089032
-29.9382183252
-167.760278208
-372.671892031
425.08452374
874.896225196
960.966892499
2124.90990655
1076.51733978
-384.372971448
-63.759114296
-1363.12556033
4903.37197945
2753.13508852
812.717792538
6145.28586512
-2582.29990996
-3976.97711463
813.023909814
-3370.82201344
-650.606465778
3422.75460744
825.452153963
926.434264744
207.8243885
-1053.07829555
182.296152625
-603.228146656
2325.07005263
3601.22891294
185.247232097
1964.87874042
340.242981583
-3579.98703061
-976.634994399
-771.547185928
-1399.95823727
1200.93624011
1169.19480202
440.538199543
109.837994949
-449.014226806
206.072798282
-53.3502894296
736.1787597
2384.47410197
915.892429786
350.181552931
603.912480866
-1515.21018681
-1678.84785748
-608.346199991
-731.055778338
-1.19906655356
601.624400495
542.248491806
204.181416303
-264.310060768
141.055461702
270.118765906
212.487937158
1104.85609652
1061.1590486
204.482771566
141.599540324
-374.9424356
5126.76087305
2482.58590086
322.897750098
5713.37527548
-2396.39286765
-3911.02175509
1343.77448309
-2813.57250805
-1035.17467086
2649.64284584
507.215653546
65.4374415136
-89.8122363004
-435.9286803
391.254070249
-246.476969316
2423.9338051
3635.29257967
50.0220670283
1900.88218571
993.312457739
-3191.48108913
-887.363305871
-521.442669656
-1647.17373738
270.159521636
818.435166532
216.90571267
-279.752625199
-267.780846092
429.432365869
-109.413091935
592.614439488
2602.13291146
1116.21560011
539.474699909
1376.52005978
-1061.82963408
-1648.70847438
-572.966444833
-1116.44346213
-617.103152389
201.697617468
275.517983576
77.100775395
-363.408382955
110.41637127
274.451911298
-27.266370365
1257.69790728
1455.6773795
412.657903891
833.865445294
112.315435863
4204.5321185
2203.18147401
287.401746855
4614.10550558
-1847.35978425
-3232.95792396
806.36442124
-2574.52645385
-1413.08216734
1917.90785565
510.468435905
252.992392606
781.321465501
151.772349326
583.601637331
105.80067306
1731.50223039
2713.71129921
136.653556425
1745.14099016
967.989056598
-2531.6553659
-658.05555292
-916.412683687
-2226.09016091
169.853749009
524.822933653
80.80860955
927.671106027
513.615720104
489.269173351
421.9153468
335.750069833
1423.01045275
688.523237675
420.36521262
1104.15078346
-748.52930579
-1148.99872781
-486.798821642
-1573.63622181
-860.461623123
217.165237364
-43.2599092469
630.526877236
807.083075768
446.460733433
591.656749577
235.15957862
371.382842166
535.691915151
71.6127480874
375.871233991
82.751342759
4364.46174909
2419.87173185
559.137174353
4391.76268293
-1546.00587853
-3024.00791994
574.669230971
-2203.41164348
-1165.36548405
1785.3825778
728.493229574
295.384746911
377.589775436
-84.0571962421
68.6172584022
-311.901210828
1534.56505961
2620.83220933
603.991400052
2051.98548887
1330.19829451
-2084.70752581
-780.366618496
-998.726436781
-2267.33956371
-86.0452509648
558.543527788
217.725601763
762.22451194
415.629662691
231.446482668
-60.42316318
73.6563104603
1333.13420843
924.437409551
838.9536986
1608.63260838
-135.140607822
-1047.52860267
-573.48807219
-1589.34978279
-1343.38972157
-81.3227983584
64.8115240798
404.11527962
676.856121883
500.370298695
275.808756307
-38.8707276914
382.960900715
673.160047705
388.750526377
869.154587648
696.121941442
4075.9677165
1889.39849729
712.011215177
3391.77776044
-1975.57524249
-2315.17414197
153.781656416
-2146.44371635
-686.440574241
1405.95589157
509.565657777
412.508130413
486.894967939
58.941597849
331.876131713
119.878960341
1425.72220712
2233.0876911
618.970292736
1523.33963731
849.484850035
-1752.95708808
-933.480813573
-1005.36130584
-1808.72181416
-221.19791499
552.197365459
349.383948911
784.227828619
623.86529005
325.559074369
185.922677997
109.933970077
931.782930389
805.87092585
543.851703673
1096.69247035
-7.06304700222
-874.542071692
-623.634129972
-1199.43110581
-1155.78001785
-186.572608968
151.911473167
442.655281998
796.811648502
619.586661308
436.80275157
134.031287482
91.4254774273
351.221797182
156.57897135
373.886155632
502.395016358
4147.9595963
2038.84544384
1064.50177516
3712.3205826
-1905.14852708
-2326.1068592
-7.90959705303
-2177.62758001
-684.541719233
1459.22097578
800.481567836
394.882552193
333.164777974
-298.891366392
-97.91021344
-456.552781911
1110.90717077
2495.61241328
769.137391785
2195.15938718
1575.4542372
-1486.24328849
-713.423405349
-1154.34775308
-2089.00178969
-521.017161889
315.950670861
378.184439536
757.701041559
395.779270882
224.249350381
-243.220679174
-526.330011499
906.976160603
749.093625801
802.575881272
1994.38019816
574.171126393
-344.932890777
-273.858301086
-1431.67155937
-1470.31354148
-660.289712008
-319.136622108
308.126844478
534.034506017
499.83173132
436.656434179
-307.026622873
-79.3417975338
344.267346906
29.9791725883
853.442425598
1110.77503013
4061.2462064
2440.43901671
1569.42591151
3290.289518
-1451.63543711
-2118.99787756
-453.445178035
-2182.31185437
-1066.54914164
1100.1644262
576.596097078
328.936683046
450.127628195
-189.444495285
-47.2292837196
-238.539963662
1221.21863985
2212.65600166
1088.50395703
2172.25861946
1373.1003066
-1046.05413834
-673.204756935
-1156.64577756
-1924.71121113
-602.803536926
58.9309304335
192.26974619
622.725259111
370.42925441
302.113557509
-93.7377483672
-180.981831649
777.595437207
598.717702428
768.195461965
1449.37131136
414.657189101
-198.215155632
-247.930122852
-1092.96297488
-1084.02996629
-554.397775774
-324.894288512
165.151333285
347.094283638
409.7943565
371.510900982
-65.8415757289
101.080424469
231.973639475
42.7228391311
494.164944438
553.125653902
3305.6083147
2293.98850063
1780.3706582
3416.42273967
-336.511534639
-1466.92167206
-373.85732411
-2029.82365281
-1431.16717654
563.720322418
379.967775993
439.803083339
485.604604874
70.2049841896
-42.2294072565
-656.189784901
779.175734788
1566.08405617
773.931848237
2283.02069202
1791.92553407
-211.125956011
105.240867698
-717.108021359
-1778.07299723
-901.322841563
-497.130446184
-153.163175966
294.778077391
335.195833564
581.839768555
-166.096424028
-247.944667461
605.173653469
35.6226582962
570.163667741
1584.68919206
711.916044035
585.319598742
550.876204541
-590.897230427
-859.894826154
-840.268526359
-800.87426228
-394.09561811
-204.181253473
368.186456337
388.867009752
-83.3404310716
368.253583905
134.439397118
-233.893978578
547.177715413
542.873571793
3153.20697473
2583.29326196
2280.46083964
3351.73880046
-47.0917063755
-1110.15942687
-697.415570075
-2280.90203698
-1528.5140953
89.6627684458
-50.428753266
481.665083472
562.05577276
109.689172697
136.448827735
-413.891805838
571.228236046
1223.7601334
810.95059174
2122.07106365
1761.66852362
301.167472521
517.651753511
-526.239839411
-1579.17917349
-952.335702411
-930.31551797
-625.195134396
93.280508619
221.815709683
503.804154708
221.666214643
87.1081900392
487.231247682
80.2205779951
407.373268525
1070.7917863
555.539421065
649.512280976
698.526784301
-193.246014961
-388.293809317
-490.933379798
-825.066552549
-582.481867039
-360.920627721
-98.1482256771
155.508280934
151.889612207
375.751801602
296.572203416
84.9269236044
358.809096895
267.546477672
2465.28343047
2008.40928325
1950.01082692
2872.52648949
412.103026484
-393.334708471
-435.473548592
-1650.08032425
-1328.54127716
-493.80854725
-363.530851107
76.1253576406
273.367998314
252.917782435
248.912523578
-207.21821277
383.297909973
687.472977363
411.593344633
1531.42276517
1487.41365137
702.964368692
988.017507807
144.132977728
-849.228476788
-746.938644566
-1000.28844072
-994.016191741
-449.723449874
-130.120681049
185.740201953
169.062153878
210.67257529
357.679332579
-31.9522184202
245.954429212
700.200596877
431.193107135
799.778133718
974.41395098
320.153457035
152.465161403
-134.172203073
-730.463167835
-767.763675894
-670.602420692
-519.773715203
-243.220482879
-4.95226012645
269.69973512
193.271016014
125.84832352
319.214707294
127.827104251
2322.24974398
2037.46653706
2010.28249623
3137.99465095
933.698677584
-74.3786317389
-171.455584919
-1500.26565705
-1550.4932283
-772.158901741
-657.33247966
-193.260473203
81.0203928888
168.252220713
314.604426143
-231.237934329
391.830082673
739.921377078
387.141418406
1516.71579915
1589.39723888
849.919597348
1126.98196598
330.489714289
-706.792873405
-711.887154181
-1094.8370745
-1065.43048617
-596.718798797
-356.201600642
164.876037764
151.465723304
180.220750335
482.328299186
70.8186991077
249.200990413
689.837177117
388.589429214
677.196489538
825.593058703
269.580628324
182.285524983
-142.807271271
-596.952664305
-583.305547576
-676.5716337
-480.884119242
-190.759191688
-114.453054414
237.101598773
270.114657705
145.680285643
355.66230708
199.286006917
2441.4079911
1998.05443538
1842.18452694
3175.41853491
793.684330212
-322.427176197
-2.07823697039
-1389.92272699
-1528.75768369
-450.115595683
-576.422230223
-152.678731586
43.129677984
103.812660351
351.976715434
-395.255796999
428.58309951
776.239984473
187.81648953
1462.68129002
1589.16832336
707.083977215
1183.07978328
494.620069235
-615.719332796
-533.484963896
-983.832305414
-945.991965106
-605.713380397
-446.198356861
218.519439902
-6.78582359457
7.44958234273
499.145326413
-146.68805966
39.3986738165
698.436674337
271.580321171
672.304022712
1035.5824366
459.350790858
415.177484319
64.118503484
-433.348827463
-541.73529658
-811.007416696
-526.203182576
-315.791199769
-365.591824176
224.411195313
179.886949145
-90.9676097253
325.360102723
82.2079511858
2221.26889232
1935.73624571
1992.79637099
3249.6383703
1164.2113698
225.770804898
334.843417755
-1219.58102034
-1441.53181763
-590.689285528
-934.427030344
-305.131134501
-38.9916837132
-49.4733026425
276.892139719
-365.103713735
210.102119276
559.680646692
191.69031701
1317.00275742
1611.97332884
964.685524869
1393.70661005
769.010793209
-308.851231977
-354.946294759
-904.417652816
-1016.15278984
-708.687111611
-547.350548877
-16.081661993
2.07711808771
29.9834949404
370.027994541
-18.2222468971
35.7244202631
536.393688586
318.410121963
613.122874615
936.702405324
576.110136663
464.779940457
183.606257889
-279.857847336
-482.74737398
-665.298293421
-571.629245605
-367.267390319
-297.480832041
71.0799088221
174.440031787
59.6166230703
247.119168272
162.893316974
2038.35291753
1669.19367004
1806.06551135
2842.48485062
1080.78443315
328.66969086
312.07483057
-999.146539446
-1290.68554129
-593.859383363
-877.779123669
-279.369281803
-114.537849184
33.2748947848
242.595773755
-329.785040859
234.513861509
412.243012931
228.131298309
1061.43962457
1455.30784681
931.516300916
1245.92544117
800.348121829
-50.054262022
-311.047451224
-738.490689352
-801.245555928
-837.346804031
-512.21841815
-106.25922931
-88.2698879051
-20.5010942737
308.60194103
-41.0364781086
-25.8854265708
369.682388714
265.9992043
532.904512648
784.85387493
788.725778201
578.420866353
365.605815381
41.3334567314
-299.563814534
-634.69384473
-540.222482631
-481.885026829
-495.421648471
-69.2454436975
12.7415527792
-7.02897148626
94.4861005411
110.551808644
1723.11758409
1376.55205779
1679.81072276
2600.72739088
1218.19031656
680.926631731
620.553062676
-588.582016817
-895.718771662
-488.987828771
-866.132974105
-342.033671533
-391.409671152
-125.638547882
14.4488855674
-448.163874534
92.4311285424
219.881974737
85.5134092991
815.320112419
1196.32550941
834.497493942
1259.1384394
855.923818229
326.041523634
20.9767914361
-409.871778466
-509.555843332
-699.737165146
-551.557047968
-252.037151306
-246.217565669
-225.745710543
160.905473155
-142.260599328
-45.8723622684
228.463466501
182.533747428
396.793562829
577.670928065
639.568198395
531.95512055
402.013709449
167.46890648
-19.0162489662
-376.065994971
-322.056689493
-354.63726271
-419.450584854
-170.732890675
-98.2445915051
-78.4389781658
2.790771673
81.1825025562
1555.98040422
1168.64214537
1474.89519114
2196.93964568
992.216716089
545.608080697
510.708997788
-470.680775093
-702.076925821
-377.518349511
-692.763939954
-233.431489754
-438.364400498
-69.1846386453
-42.2879637324
-484.267953662
73.3648915649
164.787419298
-44.0449448119
737.979384253
1035.64765728
690.653074251
1241.14026168
822.337939341
426.598485716
135.372556072
-264.316954287
-430.103122098
-652.695431759
-596.801068554
-272.366732711
-385.907721392
-281.872860814
162.06845543
-285.019134315
-70.3300513966
150.448932411
-11.1343734944
253.540394315
538.037944601
534.501107858
659.437832076
593.613721146
422.359244291
242.382123629
-194.204242252
-170.031673527
-411.081496815
-546.957721076
-266.765567777
-271.541801267
-280.846837823
18.5980497218
-69.7717800145
1532.8642108
1078.39283964
1375.73418723
2195.62811661
1008.76141128
624.611210481
806.219092244
-206.420014749
-405.257206121
15.3755282903
-560.901714017
-97.3721858257
-374.850935481
-176.243451732
-179.049391486
-612.932496156
-109.575318864
-17.9916369848
-267.642718532
615.081851397
867.797878628
485.317768902
1267.56371244
806.536987079
413.390787328
381.928139629
-56.9877432784
-268.553795641
-335.869922485
-359.795913441
-131.200206837
-244.415257979
-182.75436343
165.909919712
-355.863494281
-114.491947349
83.7551058943
-217.999381191
136.575348902
421.824204956
284.999535067
505.231146216
516.656935346
270.30782583
199.552519299
-96.3553933888
-97.4261509468
-266.4300343
-327.010022021
-57.1118981354
-123.157693184
-108.686086169
159.444428603
-2.61365061085
1820.67545937
1139.23422143
1450.66253928
2308.87909903
817.56666188
315.752099256
493.677450452
-598.481311819
-746.970185289
-162.470946446
-611.249845617
-0.12060042541
-265.574475249
159.688509381
48.3267297624
-441.672243577
206.164646697
86.5944215639
-188.432195929
816.654058959
925.77555273
529.810565872
1389.66302317
716.927658011
344.463579553
130.60485381
-333.721336878
-531.128044796
-707.615615992
-489.834585177
-159.383588454
-291.566168692
63.5552809996
420.251701566
-260.906037722
189.857589519
147.56395197
-188.786430742
225.082627742
402.87821346
383.895866329
601.027050191
572.257226165
425.206772653
150.323541281
-235.343125809
-154.258969974
-638.347000953
-527.889975177
-170.966063978
-308.884884974
-31.1449683758
288.665313902
69.8021018152
1924.1216107
1100.11867219
1472.13065958
2172.99325785
719.351072383
530.481731265
585.774565542
-398.255431589
-386.412169597
-129.358835542
-569.648223701
33.6443918888
-451.233899571
51.2020600111
-56.6964895584
-522.783913088
193.306506491
18.5874295907
-104.229118654
768.077636992
710.950636609
532.56991165
1165.14973141
507.456149514
417.273093056
154.521807791
-239.798779476
-231.853591799
-505.98811316
-312.819898295
-48.7212649559
-243.247545311
76.0097576974
259.178775427
-217.639796846
159.327288803
40.5641665684
-135.264475685
198.503705935
194.602274929
278.638370049
402.58830016
308.278161028
294.3111264
82.3562607369
-146.582626483
-66.0606637364
-353.893275118
-258.823827951
-35.3121401597
-133.855208142
76.9352366933
197.398340304
67.9297927495
1505.67863817
996.414017079
1353.65213772
1748.18840563
818.522380112
462.69211387
437.504188865
-357.744408711
-506.375043299
-332.018639063
-528.777691003
-123.681250491
-184.870059677
223.360129007
132.508641234
-98.9056882192
207.694058315
78.3376107497
-91.2717999711
499.455142535
530.373624912
456.257201031
922.375661659
635.672990592
361.73678416
219.711377253
-129.018234756
-424.893577305
-508.872240027
-437.838769551
-282.087432077
-205.66437481
115.38179229
265.580279108
78.1728454668
213.072447202
146.678102012
-119.482032883
27.0743440913
128.3522573
72.5186502432
306.174703277
421.950251994
317.656137659
249.973047387
129.854929125
-98.6737762238
-304.329029976
-334.102148116
-297.281223118
-287.11486453
-87.0150136936
124.362625708
113.511851736
1634.22922783
1153.16555716
1433.27015408
1784.91514647
883.959091624
229.697757876
419.96795503
-383.115445666
-535.335966537
-145.884859308
-303.449622121
-57.9463560677
-15.8211953785
228.422756847
-47.0098217953
-187.553062327
-91.8540906775
-88.5691029613
-309.816207251
425.598650832
558.726098508
531.702738761
1025.80018063
876.312640875
421.707042587
310.732981786
26.5704100492
-499.346874212
-451.525895899
-434.63063154
-304.546431025
-227.56150905
163.917760407
211.150112836
104.185127314
156.59072043
115.710318935
-185.847241258
-84.0072912712
97.1333947662
6.38950730703
286.104485205
465.823649915
424.19351394
307.331339016
298.2874879
-22.1608992086
-237.55554785
-337.144034112
-331.923962812
-381.05588125
-181.608674469
51.5987756026
85.7948119085
1960.67526507
1095.89215928
1722.31490919
1978.96019139
952.770435087
213.296728591
501.225695818
-619.657451731
-602.277674083
-291.106754314
-428.383726493
-40.1782763408
-105.85780447
391.85847053
-74.6237312347
-147.984081144
-96.291494584
-139.733544106
-526.999404879
505.678636079
377.825831155
624.451762968
1225.67676769
1020.75355348
740.328531324
542.378929989
147.627677712
-430.689629555
-551.721461171
-668.448857671
-429.292256675
-579.111285845
120.107697048
118.673592986
57.0986513065
294.70392173
150.116460131
-218.757210144
4.97588991431
-27.3088871944
-57.5231511483
349.48380595
428.072802994
631.006511878
492.719339782
506.941766416
215.333966512
-170.116822916
-333.001414799
-387.366200258
-668.382396474
-329.617967724
-140.565368979
-132.632805169
1976.1164464
948.362292363
1790.75409308
2036.90409309
1039.69692998
382.104271803
642.935760912
-593.819398136
-367.372778076
-329.395690949
-323.120882392
146.033330464
-120.524116702
504.117825594
21.7629735551
-243.421634045
-21.6945626736
-261.493355202
-640.520611848
474.774396965
94.4887552006
539.429288959
1124.38644199
778.703503177
761.611631769
576.272042797
50.8322520005
-164.778942098
-472.899091096
-516.199321994
-243.679159929
-464.207828903
200.232070012
176.453581754
47.0432670093
374.040619624
89.3469595901
-201.554760095
109.04185114
-187.619189432
-44.693848309
244.535382399
181.657229775
428.622626753
362.144037537
254.984666966
215.887562687
-134.122793714
-186.408921889
-195.323498418
-428.68088707
-107.438745141
-63.4364529812
-58.7005407668
1900.66985575
837.560103764
1709.07145911
2085.17948461
981.133925513
529.585952786
837.691398054
-650.001903367
-300.819780314
-429.353531685
-513.124752612
-132.146165096
-210.361406509
311.499276539
37.0253173853
-152.967699626
227.192318936
-135.512501654
-424.443101841
648.259520874
-3.85279898618
559.487017516
1036.22057985
693.085551012
697.658620401
737.319141319
52.3932695474
28.7040732445
-405.497641519
-406.159911197
-365.909746862
-554.949050644
47.2772581956
-86.7053022786
-119.747446354
297.683117892
-1.10445457195
-208.448261248
265.572640878
-197.113767501
90.2101691872
290.970023752
273.620089669
431.372967036
445.799937487
332.495345335
295.043206439
-87.1378065895
-30.9688496854
-200.831493514
-454.284080029
-77.1745323162
-227.035798247
-188.957544445
1606.73385585
665.824964349
1548.37034025
1921.62200201
964.036090281
677.836704183
801.04927385
-401.541335641
-115.331790586
-337.026189051
-255.657175163
-43.2870542843
-161.508851291
398.22052564
-25.921832067
-173.33504623
217.337266481
-273.206752184
-376.094613189
480.5403924
-74.2133441938
477.328570624
828.341458878
577.409000787
645.872445172
540.649878
162.709421051
22.3531870093
-325.024022194
-199.468125358
-293.916863883
-385.722524948
169.754250984
-71.3132510212
4.55862673205
327.412084415
-16.549257019
-42.1248599628
169.199121859
-127.358618582
58.4890914907
143.430938238
165.696766575
268.678805822
208.115955965
269.144072336
121.259131711
-70.2442316293
19.7166444795
-191.608645536
-261.410837164
-23.8271477892
-157.809299906
-40.8558820129
1291.9196077
775.287646251
1560.13541261
1835.37985077
1170.68959524
869.444035839
611.581410734
-238.725223096
-372.675353448
-532.089614786
-488.340428651
-293.388168507
-267.244536286
286.058552506
2.27394754014
57.7001475564
274.602459114
-128.611566934
-86.1123272431
286.360434224
63.5413907225
459.538929635
733.245343271
646.879369464
776.938432671
555.928334451
344.120690469
39.147053884
-296.871691822
-315.032009207
-492.151494913
-474.835345074
-125.010580607
-184.244110845
17.7216982538
231.079522579
42.6538696452
126.713816796
104.026085089
-18.5921679313
102.881633139
117.097076829
231.739937965
352.921666357
321.559284096
407.440516318
248.630329171
72.1439036684
22.7214115093
-238.043831603
-292.900485171
-242.049199371
-307.367887088
-139.499167122
859.053152884
553.982189092
1173.07810349
1287.82236624
820.375759619
707.44952408
377.461302458
-26.8350675905
-126.554871937
-183.614557349
-120.5470385
27.3691408174
-18.7455937127
281.143427568
1.05597844887
-55.413098157
9.2866567961
-308.440665494
-158.882837873
18.6360287236
20.3450315647
339.577686015
475.68251014
455.593111335
531.238233538
310.698684655
206.668480088
41.9181944937
-142.079209839
-69.6192826908
-141.337552895
-76.0704845833
89.4102598229
10.0571521937
70.1173599564
66.2145551415
-85.3719281191
-45.7347160891
-88.7434818188
-88.0112776177
40.0402008612
65.9558004521
169.857557415
218.610912421
169.018197129
182.671381015
73.9195629146
-3.1103263821
-9.27369268471
-83.3638055122
-45.7067894491
-1.87208188603
-11.0738129329
50.5880956651
607.662756827
360.597372638
565.667158842
482.296483797
197.947299533
145.202504379
-3.07624027692
-123.64031835
-82.1069031947
-69.2882601076
16.9805019115
110.517804618
60.7703254094
195.189772526
49.2517365506
8.15623975976
26.6480808302
-81.4672551281
0.838419065456
87.7917833445
84.2497711245
197.215229136
182.960957198
135.559080982
119.583748934
-9.05409765483
-32.4546880109
-70.3427235582
-88.825725634
-8.69053169697
12.2339301547
58.3479856438
117.928288477
66.061946352
67.3228140814
24.498220698
-35.4403443959
-20.5818194514
-36.9395355176
-7.41950707665
43.0556041021
49.584979572
81.5029771982
69.9909117615
30.7776297947
20.8512631781
-28.3399649451
-35.9851561665
-23.6302230328
-22.7115266251
19.9077012261
37.6007722553
42.7110763866
54.1404479049
468.035018671
205.991524707
341.290676146
230.442965471
21.9822080822
-10.6289860335
-143.342658683
-153.542439588
-73.8197716474
-60.7897812089
71.6007527179
168.428949062
115.431790878
202.212474404
68.9271463701
-0.469677040518
13.7134876771
-110.518705055
-20.664493081
16.94713673
24.6175755093
136.726040833
85.4588208316
81.3966368263
72.9772480057
-45.1306910025
-33.825782178
-49.4108804079
-74.1437246123
27.3738273124
20.9444997039
63.4114095429
114.319285456
32.0926671846
52.2121438733
-1.63540265335
-58.1159733347
-18.926160523
-52.843944076
-9.17291416358
47.0564874891
25.1495066702
71.2617796625
53.0178972235
2.38500476747
16.4748066477
-44.7994764504
-40.2030117029
-10.1416138203
-31.4960261312
30.1153422101
37.8883106227
28.8569397016
53.9540745773
400.089493143
106.894212584
304.232389793
150.120433098
35.2699051687
20.0951083041
-123.5999383
-85.4910119273
-17.9332459906
-32.5507293394
29.7465950373
126.098063381
53.8073712393
125.124466836
-0.873495940179
-11.065156695
9.17149202751
-77.3723127056
13.5298778149
44.9200037584
69.2298624515
128.915320488
75.6957395912
65.5402063734
53.3116634657
-48.4947963608
-40.6622727466
-43.284964458
-49.1696762333
12.3541946378
12.257512782
42.5315705408
75.9326091916
9.09069853378
23.8931006632
-10.7461683782
-26.2054803623
-10.4292774898
-11.6756220418
21.6816331394
53.5364191621
37.3442758709
44.5584856396
32.9941416136
-9.10979106045
-7.57448215069
-44.118610935
-24.8444761412
-12.263913653
-6.6030385235
18.246425883
29.3058504203
21.3136769824
20.0510292136
604.678524672
-18.4237632873
640.98112523
-53.6854158032
424.181445719
-209.821010949
103.16391378
-208.496900186
33.3432198505
-62.2433047066
-89.3898875442
249.423207352
-156.429748974
326.342215265
-253.650612075
270.000470403
-240.810569983
173.133511225
-130.191764358
204.145426355
33.4684288756
161.172350466
119.808826547
27.9947102824
98.1942534543
-125.55982424
47.0970281922
-154.162752933
67.5146158852
-97.8291904508
135.018368014
-46.1046155291
155.95627067
-56.9376173961
97.1096781169
-81.2950803619
43.6834875712
-58.9457069979
35.8121972849
14.1641176128
40.0364734715
74.9517472225
-9.97887756229
89.3231399708
-84.8571189307
75.6805909407
-125.425270202
80.7923166813
-98.9578531409
95.5626721729
-47.8875430434
84.5927702759
-12.3019482132
29.9372518141
1032.21033707
-236.727015439
1138.65153272
-453.680537616
929.159637795
-681.67367202
408.815559729
-478.45711072
212.251643268
-149.570129509
-30.7321209064
420.775034298
-293.938363062
615.251194028
-509.509258697
574.743058544
-530.585823474
460.598615571
-329.875130489
418.925248483
-93.8556661563
274.793346658
59.6757253996
9.31211370797
104.851691038
-189.803572311
133.777364234
-224.79048444
205.626685052
-163.929408665
267.611448948
-126.772319426
238.182775555
-128.622097998
141.661776507
-115.096121159
71.5860465475
-44.5623329938
51.1462325879
39.2212254925
14.7932123544
90.3053076497
-58.3456309179
98.3388418038
-114.85065905
102.262709062
-118.513053963
112.21173835
-81.8537064921
108.473959052
-44.9198358674
70.0537200741
-18.5600077814
13.4463438056
7.40715734739
-25.3761556342
39.2671780698
-39.2427700371
63.9759481587
-43.1181128884
66.1032558669
-45.994204879
51.2377803801
-40.3912684508
32.628145725
-22.6438658987
18.3209829104
-1.18543159726
6.04234459018
13.9201156403
-6.96229762128
20.6111990484
-16.9456839543
22.5124197096
-19.6883450828
21.7895032557
-15.9482821985
18.836922342
-10.4558484429
13.0200627011
-5.26544511673
6.11102947737
-0.129072041328
-0.15142717347
4.21723198631
-3.6460185754
7.04021555165
-5.35599403696
8.03442436781
-5.5422047949
7.55631204718
-3.82086984696
5.89658308464
-2.34019644637
3.70667510706
-0.738934101409
1.68422113549
0.812694470926
0.309913750243
2.3469171348
-0.360673235421
2.8660012402
-0.773260770215
2.65975724711
-0.98188342469
2.12241650027
-0.724495445336
1.1028326733
-0.172110625314
0.814613118418
0.309907466309
0.417404125045
0.476580204496
-0.0287985412419
0.505423695576
-0.161077388383
0.501371280045
-0.0859621871406
0.546151065301
0.041600177148
0.474417840277
0.0563448873017
0.289617364434
0.199636423443
0.152444914877
0.204993766076
0.141485253521
0.266733970286
0.163253609087
0.275684914754
0.131696688634
0.150189140396
0.0793599419788
0.0892324141449
0.0720576532432
0.0875472930743
0.103139285862
0.101393723596
0.114932136963
0.0821502985784
0.0816690278558
0.0522043962345
0.0555493105436
0.0462884957687
0.0570057737576
0.0594745940985
0.0639954186885
0.0644900754477
0.0534165743452
0.0503776293759
0.0403443099514
0.0406407767067
0.0371715124645
0.0408502217392
0.0406400915711
0.0386080869925
0.0366776826429
0.0348437985108
0.0331016085852
0.031446528156
0.0298742017482
0.0283804916608
0.0269614670777
0.0256133937238
0.0243327240376
0.0231160878358
0.021960283444
0.0208622692718
0.0198191558082
0.0188281980178
0.0178867881169
0.016992448711
0.0161428262755
0.0153356849617
0.0145689007136
0.0138404556779
0.013148432894
0.0124910112493
0.0118664606869
0.0112731376525
0.0107094807699
0.0101740067314
0.00966530639484
0.0091820410751
0.00872293902135
0.00828679207028
0.00787245246676
0.00747882984343
0.00710488835125
0.00674964393369
0.00641216173701
0.00609155365016
0.00578697596765
0.00549762716927
0.0052227458108
0.00496160852026
0.00471352809425
0.00447785168954
0.00425395910506
0.00404126114981
0.00383919809232
0.0036472381877
0.00346487627832
0.0032916324644
0.00312705084118
0.00297069829912
0.00282216338417
0.00268105521496
0.00254700245421
0.0024196523315
0.00229866971492
0.00218373622918
0.00207454941772
0.00197082194683
0.00187228084949
0.00177866680702
0.00168973346667
0.00160524679333
0.00152498445367
0.00144873523098
0.00137629846943
0.00130748354596
0.00124210936866
0.00118000390023
0.00112100370522
0.00106495351996
0.00101170584396
0.000961120551762
0.000913064524174
0.000867411297965
0.000824040733067
0.000782838696414
0.000743696761593
0.000706511923513
0.000671186327338
0.000637627010971
0.000605745660422
0.000575458377401
0.000546685458531
0.000519351185605
0.000493383626324
0.000468714445008
0.000445278722758
0.00042301478662
0.000401864047289
0.000381770844924
0.000362682302678
0.000344548187544
0.000327320778167
0.000310954739259
0.000295407002296
0.000280636652181
0.000266604819572
0.000253274578593
0.000240610849664
0.00022858030718
0.000217151291821
0.00020629372723
0.000195979040869
0.000186180088825
0.000176871084384
0.000168027530165
0.000159626153657
0.000151644845974
0.000144062603675
0.000136859473491
0.000130016499817
0.000123515674826
0.000117339891085
0.00011147289653
0.000105899251704
0.000100604289119
9.55740746628e-05
9.07953709297e-05
8.62556023832e-05
8.1942822264e-05
7.78456811508e-05
7.39533970933e-05
7.02557272386e-05
6.67429408767e-05
6.34057938329e-05
6.02355041412e-05
5.72237289341e-05
5.43625424874e-05
5.16444153631e-05
4.90621945949e-05
4.66090848652e-05
4.42786306219e-05
4.20646990908e-05
3.99614641363e-05
3.79633909295e-05
3.6065221383e-05
3.42619603138e-05
3.25488622981e-05
3.09214191832e-05
2.93753482241e-05
2.79065808129e-05
2.65112517722e-05
2.51856891836e-05
2.39264047244e-05
2.27300844882e-05
2.15935802638e-05
2.05139012506e-05
1.94882061881e-05
1.85137958787e-05
1.75881060847e-05
1.67087007805e-05
1.58732657415e-05
1.50796024544e-05
1.43256223317e-05
1.36093412151e-05
1.29288741543e-05
1.22824304466e-05
1.16683089243e-05
1.10848934781e-05
1.05306488042e-05
1.0004116364e-05
9.50391054577e-06
9.02871501848e-06
8.57727926756e-06
8.14841530418e-06
7.74099453897e-06
7.35394481202e-06
6.98624757142e-06
6.63693519285e-06
6.30508843321e-06
5.98983401155e-06
5.69034231097e-06
5.40582519542e-06
5.13553393565e-06
4.87875723887e-06
4.63481937693e-06
4.40307840808e-06
4.18292448768e-06
3.97377826329e-06
3.77508935013e-06
3.58633488262e-06
3.40701813849e-06
3.23666723157e-06
3.07483386999e-06
2.92109217649e-06
2.77503756766e-06
2.63628568928e-06
2.50447140482e-06
2.37924783458e-06
2.26028544285e-06
2.1472711707e-06
2.03990761217e-06
1.93791223156e-06
1.84101661998e-06
1.74896578898e-06
1.66151749953e-06
1.57844162456e-06
1.49951954333e-06
1.42454356616e-06
1.35331638785e-06
1.28565056846e-06
1.22136804004e-06
1.16029963804e-06
1.10228465614e-06
1.04717042333e-06
9.94811902162e-07
9.45071307054e-07
8.97817741701e-07
8.52926854616e-07
8.10280511885e-07
7.69766486291e-07
7.31278161977e-07
6.94714253878e-07
6.59978541184e-07
6.26979614125e-07
5.95630633418e-07
5.65849101748e-07
5.3755664666e-07
5.10678814327e-07
4.85144873611e-07
4.6088762993e-07
4.37843248434e-07
4.15951086012e-07
3.95153531711e-07
3.75395855126e-07
3.5662606237e-07
3.38794759251e-07
3.21855021289e-07
3.05762270224e-07
2.90474156713e-07
2.75950448877e-07
2.62152926433e-07
2.49045280112e-07
2.36593016106e-07
2.24763365301e-07
2.13525197036e-07
2.02848937184e-07
1.92706490325e-07
1.83071165809e-07
1.73917607518e-07
1.65221727142e-07
1.56960640785e-07
1.49112608746e-07
1.41656978309e-07
1.34574129393e-07
1.27845422923e-07
1.21453151777e-07
1.15380494188e-07
1.09611469479e-07
1.04130896005e-07
9.89243512048e-08
9.39781336446e-08
8.92792269623e-08
8.48152656142e-08
8.05745023335e-08
7.65457772168e-08
7.2718488356e-08
6.90825639382e-08
6.56284357413e-08
6.23470139542e-08
5.92296632565e-08
5.62681800937e-08
5.3454771089e-08
5.07820325346e-08
4.82429309078e-08
4.58307843624e-08
4.35392451443e-08
4.13622828871e-08
3.92941687427e-08
3.73294603056e-08
3.54629872903e-08
3.36898379258e-08
3.20053460295e-08
3.0405078728e-08
2.88848247916e-08
2.74405835521e-08
2.60685543745e-08
2.47651266557e-08
2.35268703229e-08
2.23505268068e-08
2.12330004665e-08
2.01713504431e-08
1.9162782921e-08
1.82046437749e-08
1.72944115862e-08
1.64296910069e-08
1.56082064565e-08
1.48277961337e-08
1.4086406327e-08
1.33820860107e-08
1.27129817101e-08
1.20773326246e-08
1.14734659934e-08
1.08997926937e-08
1.0354803059e-08
9.83706290609e-09
9.34520976078e-09
8.87794927274e-09
8.43405180911e-09
8.01234921865e-09
7.61173175772e-09
7.23114516983e-09
6.86958791134e-09
6.52610851577e-09
6.19980308999e-09
5.88981293549e-09
5.59532228871e-09
5.31555617428e-09
5.04977836556e-09
4.79728944728e-09
4.55742497492e-09
4.32955372617e-09
4.11307603987e-09
3.90742223787e-09
3.71205112598e-09
3.52644856968e-09
3.3501261412e-09
3.18261983414e-09
3.02348884243e-09
2.87231440031e-09
2.72869868029e-09
2.59226374628e-09
2.46265055896e-09
2.33951803102e-09
2.22254212946e-09
2.11141502299e-09
2.00584427184e-09
1.90555205825e-09
1.81027445534e-09
1.71976073257e-09
1.63377269594e-09
1.55208406115e-09
1.47447985809e-09
1.40075586518e-09
1.33071807192e-09
1.26418216833e-09
1.20097305991e-09
1.14092440692e-09
1.08387818657e-09
1.02968427724e-09
9.7820006338e-10
9.29290060211e-10
8.828255572e-10
8.3868427934e-10
7.96750065373e-10
7.56912562104e-10
7.19066933999e-10
6.83113587299e-10
6.48957907934e-10
6.16510012538e-10
5.85684511911e-10
5.56400286315e-10
5.28580271999e-10
5.02151258399e-10
4.77043695479e-10
4.53191510705e-10
4.3053193517e-10
4.09005338412e-10
3.88555071491e-10
3.69127317917e-10
3.50670952021e-10
3.3313740442e-10
3.16480534199e-10
3.00656507489e-10
2.85623682114e-10
2.71342498009e-10
2.57775373108e-10
2.44886604453e-10
2.3264227423e-10
2.21010160519e-10
2.09959652493e-10
1.99461669868e-10
1.89488586375e-10
1.80014157056e-10
1.71013449203e-10
1.62462776743e-10
1.54339637906e-10
1.46622656011e-10
1.3929152321e-10
1.3232694705e-10
1.25710599697e-10
1.19425069712e-10
1.13453816227e-10
1.07781125415e-10
1.02392069144e-10
9.72724656873e-11
9.24088424029e-11
8.77884002828e-11
8.33989802686e-11
7.92290312552e-11
7.52675796924e-11
7.15042007078e-11
6.79289906724e-11
6.45325411388e-11
6.13059140819e-11
5.82406183778e-11
5.53285874589e-11
5.25621580859e-11
4.99340501816e-11
4.74373476726e-11
4.50654802889e-11
4.28122062745e-11
4.06715959608e-11
3.86380161627e-11
3.67061153546e-11
3.48708095869e-11
3.31272691075e-11
3.14709056521e-11
2.98973603695e-11
2.8402492351e-11
2.69823677335e-11
2.56332493468e-11
2.43515868795e-11
2.31340075355e-11
2.19773071587e-11
2.08784418008e-11
1.98345197108e-11
1.88427937252e-11
1.7900654039e-11
1.7005621337e-11
1.61553402702e-11
1.53475732567e-11
1.45801945938e-11
1.38511848641e-11
1.31586256209e-11
1.25006943399e-11
1.18756596229e-11
1.12818766417e-11
1.07177828097e-11
1.01818936692e-11
9.67279898571e-12
9.18915903642e-12
8.7297010846e-12
8.29321603037e-12
7.87855522885e-12
7.48462746741e-12
7.11039609404e-12
6.75487628934e-12
6.41713247487e-12
6.09627585113e-12
5.79146205857e-12
5.50188895564e-12
5.22679450786e-12
4.96545478247e-12
4.71718204334e-12
4.48132294118e-12
4.25725679412e-12
4.04439395441e-12
3.84217425669e-12
3.65006554386e-12
3.46756226666e-12
3.29418415333e-12
3.12947494566e-12
2.97300119838e-12
2.82435113846e-12
2.68313358154e-12
2.54897690246e-12
2.42152805734e-12
2.30045165447e-12
2.18542907175e-12
2.07615761816e-12
1.97234973725e-12
1.87373225039e-12
1.78004563787e-12
1.69104335598e-12
1.60649118818e-12
1.52616662877e-12
1.44985829733e-12
1.37736538246e-12
1.30849711334e-12
1.24307225767e-12
1.18091864479e-12
1.12187271255e-12
1.06577907692e-12
1.01249012308e-12
9.61865616923e-13
9.13772336077e-13
8.68083719273e-13
8.2467953331e-13
7.83445556644e-13
7.44273278812e-13
7.07059614871e-13
6.71706634128e-13
6.38121302421e-13
6.062152373e-13
5.75904475435e-13
5.47109251664e-13
5.1975378908e-13
4.93766099626e-13
4.69077794645e-13
4.45623904913e-13
4.23342709667e-13
4.02175574184e-13
3.82066795475e-13
3.62963455701e-13
3.44815282916e-13
3.2757451877e-13
3.11195792832e-13
2.9563600319e-13
2.8085420303e-13
2.66811492879e-13
2.53470918235e-13
2.40797372323e-13
2.28757503707e-13
2.17319628522e-13
2.06453647096e-13
1.96130964741e-13
1.86324416504e-13
1.77008195679e-13
1.68157785895e-13
1.597498966e-13
1.5176240177e-13
1.44174281681e-13
1.36965567597e-13
1.30117289218e-13
1.23611424757e-13
1.17430853519e-13
1.11559310843e-13
1.05981345301e-13
1.00682278036e-13
9.56481641339e-14
9.08657559272e-14
8.63224681309e-14
8.20063447243e-14
7.79060274881e-14
7.40107261137e-14
7.0310189808e-14
6.67946803176e-14
6.34549463017e-14
6.02821989866e-14
5.72680890373e-14
5.44046845854e-14
5.16844503562e-14
4.91002278384e-14
4.66452164464e-14
4.43129556241e-14
4.20973078429e-14
3.99924424508e-14
3.79928203282e-14
3.60931793118e-14
3.42885203462e-14
3.25740943289e-14
3.09453896125e-14
2.93981201318e-14
2.79282141253e-14
2.6531803419e-14
2.5205213248e-14
2.39449525856e-14
2.27477049564e-14
2.16103197085e-14
2.05298037231e-14
1.9503313537e-14
1.85281478601e-14
1.76017404671e-14
1.67216534437e-14
1.58855707716e-14
1.5091292233e-14
1.43367276213e-14
1.36198912403e-14
1.29388966783e-14
1.22919518443e-14
1.16773542521e-14
1.10934865395e-14
1.05388122125e-14
1.00118716019e-14
9.51127802182e-15
9.03571412073e-15
8.58392841469e-15
8.15473199396e-15
7.74699539426e-15
7.35964562455e-15
6.99166334332e-15
6.64208017615e-15
6.30997616735e-15
5.99447735898e-15
5.69475349103e-15
5.41001581648e-15
5.13951502565e-15
4.88253927437e-15
4.63841231065e-15
4.40649169512e-15
4.18616711036e-15
3.97685875485e-15
3.7780158171e-15
3.58911502625e-15
3.40965927494e-15
3.23917631119e-15
3.07721749563e-15
2.92335662085e-15
2.77718878981e-15
2.63832935032e-15
2.5064128828e-15
2.38109223866e-15
2.26203762673e-15
2.14893574539e-15
2.04148895812e-15
1.93941451021e-15
1.8424437847e-15
1.75032159547e-15
1.6628055157e-15
1.57966523991e-15
1.50068197792e-15
1.42564787902e-15
1.35436548507e-15
1.28664721082e-15
1.22231485027e-15
1.16119910776e-15
1.10313915237e-15
1.04798219475e-15
9.95583085016e-16
9.45803930765e-16
8.98513734227e-16
8.53588047516e-16
8.1090864514e-16
7.70363212883e-16
7.31845052239e-16
6.95252799627e-16
6.60490159646e-16
6.27465651663e-16
5.9609236908e-16
5.66287750626e-16
5.37973363095e-16
5.1107469494e-16
4.85520960193e-16
4.61244912183e-16
4.38182666574e-16
4.16273533246e-16
3.95459856583e-16
3.75686863754e-16
3.56902520566e-16
3.39057394538e-16
3.22104524811e-16
3.05999298571e-16
2.90699333642e-16
2.7616436696e-16
2.62356148612e-16
2.49238341181e-16
2.36776424122e-16
2.24937602916e-16
2.1369072277e-16
2.03006186632e-16
1.928558773e-16
1.83213083435e-16
1.74052429263e-16
1.653498078e-16
1.5708231741e-16
1.4922820154e-16
1.41766791463e-16
1.3467845189e-16
1.27944529295e-16
1.2154730283e-16
1.15469937689e-16
1.09696440804e-16
1.04211618764e-16
9.9001037826e-17
9.40509859347e-17
8.9348436638e-17
8.48810148061e-17
8.06369640658e-17
7.66051158625e-17
7.27748600694e-17
6.91361170659e-17
6.56793112126e-17
6.2395345652e-17
5.92755783694e-17
5.63117994509e-17
5.34962094784e-17
5.08213990044e-17
4.82803290542e-17
4.58663126015e-17
4.35729969714e-17
4.13943471229e-17
3.93246297667e-17
3.73583982784e-17
3.54904783645e-17
3.37159544462e-17
3.20301567239e-17
3.04286488877e-17
2.89072164433e-17
2.74618556212e-17
2.60887628401e-17
2.47843246981e-17
2.35451084632e-17
2.236785304e-17
2.1249460388e-17
2.01869873686e-17
1.91776380002e-17
1.82187561002e-17
1.73078182952e-17
1.64424273804e-17
1.56203060114e-17
1.48392907108e-17
1.40973261753e-17
1.33924598665e-17
1.27228368732e-17
1.20866950295e-17
1.14823602781e-17
1.09082422642e-17
1.0362830151e-17
9.84468864341e-18
9.35245421124e-18
8.88483150068e-18
8.44058992564e-18
8.01856042936e-18
7.61763240789e-18
7.2367507875e-18
6.87491324812e-18
6.53116758572e-18
6.20460920643e-18
5.89437874611e-18
5.5996598088e-18
5.31967681836e-18
5.05369297745e-18
4.80100832857e-18
4.56095791214e-18
4.33291001654e-18
4.11626451571e-18
3.91045128992e-18
3.71492872543e-18
3.52918228916e-18
3.3527231747e-18
3.18508701596e-18
3.02583266517e-18
2.87454103191e-18
2.73081398031e-18
2.5942732813e-18
2.46455961723e-18
2.34133163637e-18
2.22426505455e-18
2.11305180182e-18
2.00739921173e-18
1.90702925115e-18
1.81167778859e-18
1.72109389916e-18
1.6350392042e-18
1.55328724399e-18
1.47562288179e-18
1.4018417377e-18
1.33174965082e-18
1.26516216828e-18
1.20190405986e-18
1.14180885687e-18
1.08471841403e-18
1.03048249332e-18
9.78958368658e-19
9.30010450225e-19
8.83509927714e-19
8.39334431329e-19
7.97367709762e-19
7.57499324274e-19
7.1962435806e-19
6.83643140157e-19
6.49460983149e-19
6.16987933992e-19
5.86138537292e-19
5.56831610428e-19
5.28990029906e-19
5.02540528411e-19
4.7741350199e-19
4.53542826891e-19
4.30865685546e-19
4.09322401269e-19
3.88856281206e-19
3.69413467145e-19
3.50942793788e-19
3.33395654099e-19
3.16725871394e-19
3.00889577824e-19
2.85845098933e-19
2.71552843986e-19
2.57975201787e-19
2.45076441698e-19
2.32822619613e-19
2.21181488632e-19
2.101224142e-19
1.9961629349e-19
1.89635478816e-19
1.80153704875e-19
1.71146019631e-19
1.6258871865e-19
1.54459282717e-19
1.46736318581e-19
1.39399502652e-19
1.3242952752e-19
1.25808051144e-19
1.19517648587e-19
1.13541766157e-19
1.07864677849e-19
1.02471443957e-19
9.73478717591e-20
9.24804781711e-20
8.78564542625e-20
8.34636315494e-20
7.9290449972e-20
7.53259274734e-20
7.15596310997e-20
6.79816495447e-20
6.45825670675e-20
6.13534387141e-20
5.82857667784e-20
5.53714784395e-20
5.26029045175e-20
4.99727592916e-20
4.7474121327e-20
4.51004152607e-20
4.28453944977e-20
4.07031247728e-20
3.86679685341e-20
3.67345701074e-20
3.48978416021e-20
3.3152949522e-20
3.14953020459e-20
2.99205369436e-20
2.84245100964e-20
2.70032845916e-20
2.5653120362e-20
2.43704643439e-20
2.31519411267e-20
2.19943440704e-20
2.08946268668e-20
1.98498955235e-20
1.88574007473e-20
1.791453071e-20
1.70188041745e-20
1.61678639657e-20
1.53594707674e-20
1.45914972291e-20
1.38619223676e-20
1.31688262492e-20
1.25103849368e-20
1.18848656899e-20
1.12906224054e-20
1.07260912852e-20
1.01897867209e-20
9.68029738487e-21
9.19628251562e-21
8.73646838984e-21
8.29964497035e-21
7.88466272183e-21
7.49042958574e-21
7.11590810645e-21
6.76011270113e-21
6.42210706607e-21
6.10100171277e-21
5.79595162713e-21
5.50615404578e-21
5.23084634349e-21
4.96930402631e-21
4.720838825e-21
4.48479688375e-21
4.26055703956e-21
4.04752918758e-21
3.8451527282e-21
3.65289509179e-21
3.4702503372e-21
3.29673782034e-21
3.13190092933e-21
2.97530588286e-21
2.82654058872e-21
2.68521355928e-21
2.55095288132e-21
2.42340523725e-21
2.30223497539e-21
2.18712322662e-21
2.07776706529e-21
1.97387871202e-21
1.87518477642e-21
1.7814255376e-21
1.69235426072e-21
1.60773654769e-21
1.5273497203e-21
1.45098223429e-21
1.37843312257e-21
1.30951146644e-21
1.24403589312e-21
1.18183409846e-21
1.12274239354e-21
1.06660527386e-21
1.01327501017e-21
9.62611259663e-22
9.1448069668e-22
8.68756661846e-22
8.25318828753e-22
7.84052887316e-22
7.4485024295e-22
7.07607730802e-22
6.72227344262e-22
6.38615977049e-22
6.06685178197e-22
5.76350919287e-22
5.47533373322e-22
5.20156704656e-22
4.94148869424e-22
4.69441425952e-22
4.45969354655e-22
4.23670886922e-22
4.02487342576e-22
3.82362975447e-22
3.63244826675e-22
3.45082585341e-22
3.27828456074e-22
3.1143703327e-22
2.95865181607e-22
2.81071922526e-22
2.670183264e-22
2.5366741008e-22
2.40984039576e-22
2.28934837597e-22
2.17488095717e-22
2.06613690932e-22
1.96283006385e-22
1.86468856066e-22
1.77145413262e-22
1.68288142599e-22
1.59873735469e-22
1.51880048696e-22
1.44286046261e-22
1.37071743948e-22
1.30218156751e-22
1.23707248913e-22
1.17521886467e-22
1.11645792144e-22
1.06063502537e-22
1.0076032741e-22
9.57223110395e-23
9.09361954875e-23
8.63893857132e-23
8.20699164275e-23
7.79664206061e-23
7.40680995758e-23
7.0364694597e-23
6.68464598672e-23
6.35041368738e-23
6.03289300301e-23
5.73124835286e-23
5.44468593522e-23
5.17245163846e-23
4.91382905654e-23
4.66813760371e-23
4.43473072352e-23
4.21299418735e-23
4.00234447798e-23
3.80222725408e-23
3.61211589138e-23
3.43151009681e-23
3.25993459197e-23
3.09693786237e-23
2.94209096925e-23
2.79498642079e-23
2.65523709975e-23
2.52247524476e-23
2.39635148252e-23
2.2765339084e-23
2.16270721298e-23
2.05457185233e-23
1.95184325971e-23
1.85425109673e-23
1.76153854189e-23
1.6734616148e-23
1.58978853406e-23
1.51029910735e-23
1.43478415199e-23
1.36304494439e-23
1.29489269717e-23
1.23014806231e-23
1.16864065919e-23
1.11020862623e-23
1.05469819492e-23
1.00196328518e-23
9.51865120917e-24
9.04271864871e-24
8.59058271627e-24
8.16105358046e-24
7.75300090144e-24
7.36535085637e-24
6.99708331355e-24
6.64722914787e-24
6.31486769048e-24
5.99912430595e-24
5.69916809066e-24
5.41420968612e-24
5.14349920182e-24
4.88632424173e-24
4.64200802964e-24
4.40990762816e-24
4.18941224675e-24
3.97994163441e-24
3.78094455269e-24
3.59189732506e-24
3.4123024588e-24
3.24168733586e-24
3.07960296907e-24
2.92562282062e-24
2.77934167959e-24
2.64037459561e-24
2.50835586583e-24
2.38293807254e-24
2.26379116891e-24
2.15060161046e-24
2.04307152994e-24
1.94091795344e-24
1.84387205577e-24
1.75167845298e-24
1.66409453033e-24
1.58088980382e-24
1.50184531363e-24
1.42675304794e-24
1.35541539555e-24
1.28764462577e-24
1.22326239448e-24
1.16209927476e-24
1.10399431102e-24
1.04879459547e-24
9.96354865695e-25
9.4653712241e-25
8.9921026629e-25
8.54249752975e-25
8.11537265326e-25
7.7096040206e-25
7.32412381957e-25
6.95791762859e-25
6.61002174716e-25
6.2795206598e-25
5.96554462681e-25
5.66726739547e-25
5.3839040257e-25
5.11470882442e-25
4.85897338319e-25
4.61602471403e-25
4.38522347833e-25
4.16596230442e-25
3.9576641892e-25
3.75978097974e-25
3.57179193075e-25
3.39320233421e-25
3.2235422175e-25
3.06236510663e-25
2.90924685129e-25
2.76378450873e-25
2.62559528329e-25
2.49431551913e-25
2.36959974317e-25
2.25111975601e-25
2.13856376821e-25
2.0316355798e-25
1.93005380081e-25
1.83355111077e-25
1.74187355523e-25
1.65477987747e-25
1.5720408836e-25
1.49343883942e-25
1.41876689745e-25
1.34782855257e-25
1.28043712495e-25
1.2164152687e-25
1.15559450526e-25
1.09781478e-25
1.042924041e-25
9.9077783895e-26
9.41238947003e-26
8.94176999653e-26
8.4946814967e-26
8.06994742187e-26
7.66645005077e-26
7.28312754823e-26
6.91897117082e-26
6.57302261228e-26
6.24437148167e-26
5.93215290758e-26
5.63554526221e-26
5.35376799909e-26
5.08607959914e-26
4.83177561918e-26
4.59018683822e-26
4.36067749631e-26
4.1426436215e-26
3.93551144042e-26
3.7387358684e-26
3.55179907498e-26
3.37420912123e-26
3.20549866517e-26
3.04522373191e-26
2.89296254532e-26
2.74831441805e-26
2.61089869715e-26
2.48035376229e-26
2.35633607418e-26
2.23851927047e-26
2.12659330694e-26
2.0202636416e-26
1.91925045952e-26
1.82328793654e-26
1.73212353971e-26
1.64551736273e-26
1.56324149459e-26
1.48507941986e-26
1.41082544887e-26
1.34028417643e-26
1.2732699676e-26
1.20960646922e-26
1.14912614576e-26
1.09166983847e-26
1.03708634655e-26
9.85232029224e-27
9.35970427762e-27
8.89171906374e-27
8.44713311056e-27
8.02477645503e-27
7.62353763228e-27
7.24236075066e-27
6.88024271313e-27
6.53623057747e-27
6.2094190486e-27
5.89894809617e-27
5.60400069136e-27
5.32380065679e-27
5.05761062395e-27
4.80473009276e-27
4.56449358812e-27
4.33626890871e-27
4.11945546328e-27
3.91348269011e-27
3.71780855561e-27
3.53191812783e-27
3.35532222143e-27
3.18755611036e-27
3.02817830485e-27
2.8767693896e-27
2.73293092012e-27
2.59628437412e-27
2.46647015541e-27
2.34314664764e-27
2.22598931526e-27
2.1146898495e-27
2.00895535702e-27
1.90850758917e-27
1.81308220971e-27
1.72242809923e-27
1.63630669426e-27
1.55449135955e-27
1.47676679157e-27
1.40292845199e-27
1.3327820294e-27
1.26614292793e-27
1.20283578153e-27
1.14269399245e-27
1.08555929283e-27
1.03128132819e-27
9.79717261779e-28
9.3073139869e-28
8.84194828756e-28
8.39985087318e-28
7.97985832952e-28
7.58086541304e-28
7.20182214239e-28
6.84173103527e-28
6.49964448351e-28
6.17466225933e-28
5.86592914637e-28
5.57263268905e-28
5.2940010546e-28
5.02930100187e-28
4.77783595177e-28
4.53894415418e-28
4.31199694647e-28
4.09639709915e-28
3.89157724419e-28
3.69699838198e-28
3.51214846288e-28
3.33654103974e-28
3.16971398775e-28
3.01122828837e-28
2.86066687395e-28
2.71763353025e-28
2.58175185374e-28
2.45266426105e-28
2.330031048e-28
2.2135294956e-28
2.10285302082e-28
1.99771036978e-28
1.89782485129e-28
1.80293360872e-28
1.71278692829e-28
1.62714758187e-28
1.54579020278e-28
1.46850069264e-28
1.39507565801e-28
1.32532187511e-28
1.25905578135e-28
1.19610299229e-28
1.13629784267e-28
1.07948295054e-28
1.02550880301e-28
9.7423336286e-29
9.25521694717e-29
8.79245609981e-29
8.35283329482e-29
7.93519163008e-29
7.53843204858e-29
7.16151044615e-29
6.80343492384e-29
6.46326317765e-29
6.14010001877e-29
5.83309501783e-29
5.54144026694e-29
5.26436825359e-29
5.00114984091e-29
4.75109234886e-29
4.51353773142e-29
4.28786084485e-29
4.07346780261e-29
3.86979441248e-29
3.67630469185e-29
3.49248945726e-29
3.3178649844e-29
3.15197173518e-29
2.99437314842e-29
2.844654491e-29
2.70242176645e-29
2.56730067813e-29
2.43893564422e-29
2.31698886201e-29
2.20113941891e-29
2.09108244796e-29
1.98652832556e-29
1.88720190929e-29
1.79284181382e-29
1.70319972313e-29
1.61803973697e-29
1.53713775013e-29
1.46028086262e-29
1.38726681949e-29
1.31790347851e-29
1.25200830459e-29
1.18940788936e-29
1.12993749489e-29
1.07344062015e-29
1.01976858914e-29
9.68780159682e-30
9.20341151698e-30
8.74324094113e-30
8.30607889407e-30
7.89077494937e-30
7.4962362019e-30
7.12142439181e-30
6.76535317222e-30
6.4270855136e-30
6.10573123792e-30
5.80044467603e-30
5.51042244223e-30
5.23490132012e-30
4.97315625411e-30
4.7244984414e-30
4.48827351933e-30
4.26385984337e-30
4.0506668512e-30
3.84813350864e-30
3.65572683321e-30
3.47294049155e-30
3.29929346697e-30
3.13432879362e-30
2.97761235394e-30
2.82873173624e-30
2.68729514943e-30
2.55293039196e-30
2.42528387236e-30
2.30401967874e-30
2.18881869481e-30
2.07937776007e-30
1.97540887206e-30
1.87663842846e-30
1.78280650704e-30
1.69366618168e-30
1.6089828726e-30
1.52853372897e-30
1.45210704252e-30
1.3795016904e-30
1.31052660588e-30
1.24500027558e-30
1.1827502618e-30
1.12361274871e-30
1.06743211128e-30
1.01406050571e-30
9.63357480428e-31
9.15189606406e-31
8.69430126086e-31
8.25958619782e-31
7.84660688793e-31
7.45427654353e-31
7.08156271635e-31
6.72748458054e-31
6.39111035151e-31
6.07155483393e-31
5.76797709224e-31
5.47957823762e-31
5.20559932574e-31
4.94531935946e-31
4.69805339148e-31
4.46315072191e-31
4.23999318581e-31
4.02799352652e-31
3.8265938502e-31
3.63526415769e-31
3.4535009498e-31
3.28082590231e-31
3.1167846072e-31
2.96094537684e-31
2.812898108e-31
2.6722532026e-31
2.53864054247e-31
2.41170851534e-31
2.29112308958e-31
2.1765669351e-31
2.06773858834e-31
1.96435165892e-31
1.86613407598e-31
1.77282737218e-31
1.68418600357e-31
1.59997670339e-31
1.51997786822e-31
1.44397897481e-31
1.37178002607e-31
1.30319102477e-31
1.23803147353e-31
1.17612989985e-31
1.11732340486e-31
1.06145723462e-31
1.00838437289e-31
9.57965154242e-32
9.1006689653e-32
8.64563551703e-32
8.21335374118e-32
7.80268605412e-32
7.41255175141e-32
7.04192416384e-32
6.68982795565e-32
6.35533655787e-32
6.03756972998e-32
5.73569124348e-32
5.4489066813e-32
5.17646134724e-32
4.91763827988e-32
4.67175636588e-32
4.43816854759e-32
4.21626012021e-32
4.0054471142e-32
3.80517475849e-32
3.61491602056e-32
3.43417021954e-32
3.26246170856e-32
3.09933862313e-32
2.94437169197e-32
2.79715310738e-32
2.65729545201e-32
2.52443067941e-32
2.39820914544e-32
2.27829868816e-32
2.16438375376e-32
2.05616456607e-32
1.95335633776e-32
1.85568852088e-32
1.76290409483e-32
1.67475889009e-32
1.59102094559e-32
1.51146989831e-32
1.43589640339e-32
1.36410158322e-32
1.29589650406e-32
1.23110167886e-32
1.16954659492e-32
1.11106926517e-32
1.05551580191e-32
1.00274001182e-32
9.52603011225e-33
9.04972860663e-33
8.5972421763e-33
8.16738006749e-33
7.75901106411e-33
7.37106051091e-33
7.00250748536e-33
6.65238211109e-33
6.31976300554e-33
6.00377485526e-33
5.7035861125e-33
5.41840680687e-33
5.14748646653e-33
4.8901121432e-33
4.64560653604e-33
4.41332620924e-33
4.19265989878e-33
3.98302690384e-33
3.78387555865e-33
3.59468178072e-33
3.41494769168e-33
3.2442003071e-33
3.08199029174e-33
2.92789077715e-33
2.7814962383e-33
2.64242142638e-33
2.51030035506e-33
2.38478533731e-33
2.26554607044e-33
2.15226876692e-33
2.04465532858e-33
1.94242256215e-33
1.84530143404e-33
1.75303636234e-33
1.66538454422e-33
1.58211531701e-33
1.50300955116e-33
1.4278590736e-33
1.35646611992e-33
1.28864281393e-33
1.22421067323e-33
1.16300013957e-33
1.10485013259e-33
1.04960762596e-33
9.97127244662e-34
9.47270882429e-34
8.99907338307e-34
8.54911971392e-34
8.12166372822e-34
7.71558054181e-34
7.32980151472e-34
6.96331143898e-34
6.61514586704e-34
6.28438857368e-34
5.970169145e-34
5.67166068775e-34
5.38807765336e-34
5.11867377069e-34
4.86274008216e-34
4.61960307805e-34
4.38862292415e-34
4.16919177794e-34
3.96073218904e-34
3.76269557959e-34
3.57456080061e-34
3.39583276058e-34
3.22604112255e-34
3.06473906643e-34
2.9115021131e-34
2.76592700745e-34
2.62763065708e-34
2.49624912422e-34
2.37143666801e-34
2.25286483461e-34
2.14022159288e-34
2.03321051324e-34
1.93154998757e-34
1.8349724882e-34
1.74322386379e-34
1.6560626706e-34
1.57325953707e-34
1.49459656021e-34
1.4198667322e-34
1.34887339559e-34
1.28142972581e-34
1.21735823952e-34
1.15649032755e-34
1.09866581117e-34
1.04373252061e-34
9.9154589458e-35
9.41968599851e-35
8.94870169858e-35
8.50126661365e-35
8.07620328297e-35
7.67239311882e-35
7.28877346288e-35
6.92433478974e-35
6.57811805025e-35
6.24921214774e-35
5.93675154035e-35
5.63991396333e-35
5.35791826517e-35
5.09002235191e-35
4.83552123431e-35
4.5937451726e-35
4.36405791397e-35
4.14585501827e-35
3.93856226736e-35
3.74163415399e-35
3.55455244629e-35
3.37682482397e-35
3.20798358278e-35
3.04758440364e-35
2.89520518346e-35
2.75044492428e-35
2.61292267807e-35
2.48227654416e-35
2.35816271696e-35
2.24025458111e-35
2.12824185205e-35
2.02182975945e-35
1.92073827148e-35
1.8247013579e-35
1.73346629001e-35
1.64679297551e-35
1.56445332673e-35
1.4862306604e-35
1.41191912738e-35
1.34132317101e-35
1.27425701246e-35
1.21054416183e-35
1.15001695374e-35
1.09251610606e-35
1.03789030075e-35
9.85995785715e-36
9.36695996429e-36
8.89861196608e-36
8.45368136778e-36
8.03099729939e-36
7.62944743442e-36
7.2479750627e-36
6.88557630956e-36
6.54129749408e-36
6.21423261938e-36
5.90352098841e-36
5.60834493899e-36
5.32792769204e-36
5.06153130744e-36
4.80845474207e-36
4.56803200496e-36
4.33963040472e-36
4.12264888448e-36
3.91651644026e-36
3.72069061824e-36
3.53465608733e-36
3.35792328296e-36
3.19002711882e-36
3.03052576288e-36
2.87899947473e-36
2.73504950099e-36
2.59829702594e-36
2.46838217465e-36
2.34496306592e-36
2.22771491262e-36
2.11632916699e-36
2.01051270864e-36
1.90998707321e-36
1.81448771955e-36
1.72376333357e-36
1.63757516689e-36
1.55569640855e-36
1.47791158812e-36
1.40401600871e-36
1.33381520828e-36
1.26712444786e-36
1.20376822547e-36
1.1435798142e-36
1.08640082349e-36
1.03208078231e-36
9.80476743197e-37
9.31452906037e-37
8.84880260735e-37
8.40636247699e-37
7.98604435314e-37
7.58674213548e-37
7.20740502871e-37
6.84703477727e-37
6.50468303841e-37
6.17944888649e-37
5.87047644216e-37
5.57695262005e-37
5.29810498905e-37
5.0331997396e-37
4.78153975262e-37
4.54246276499e-37
4.31533962674e-37
4.0995726454e-37
3.89459401313e-37
3.69986431248e-37
3.51487109685e-37
3.33912754201e-37
3.17217116491e-37
3.01356260666e-37
2.86288447633e-37
2.71974025251e-37
2.58375323989e-37
2.45456557789e-37
2.331837299e-37
2.21524543405e-37
2.10448316235e-37
1.99925900423e-37
1.89929605402e-37
1.80433125132e-37
1.71411468875e-37
1.62840895431e-37
1.5469885066e-37
1.46963908127e-37
1.3961571272e-37
1.32634927084e-37
1.2600318073e-37
1.19703021694e-37
1.13717870609e-37
1.08031977079e-37
1.02630378225e-37
9.74988593134e-38
9.26239163477e-38
8.79927205303e-38
8.35930845038e-38
7.94134302786e-38
7.54427587647e-38
7.16706208265e-38
6.80870897851e-38
6.46827352959e-38
6.14485985311e-38
5.83761686045e-38
5.54573601743e-38
5.26844921656e-38
5.00502675573e-38
4.75477541794e-38
4.51703664705e-38
4.29118481469e-38
4.07662557396e-38
3.87279429526e-38
3.6791545805e-38
3.49519685147e-38
3.3204370089e-38
3.15441515846e-38
2.99669440053e-38
2.84685968051e-38
2.70451669648e-38
2.56929086166e-38
2.44082631857e-38
2.31878500265e-38
2.20284575251e-38
2.09270346489e-38
1.98806829164e-38
1.88866487706e-38
1.79423163321e-38
1.70452005155e-38
1.61929404897e-38
1.53832934652e-38
1.4614128792e-38
1.38834223524e-38
1.31892512347e-38
1.2529788673e-38
1.19032992394e-38
1.13081342774e-38
1.07427275635e-38
1.02055911853e-38
9.69531162607e-39
9.21054604477e-39
8.75001874253e-39
8.3125178054e-39
7.89689191513e-39
7.50204731938e-39
7.12694495341e-39
6.77059770574e-39
6.43206782045e-39
6.11046442943e-39
5.80494120796e-39
5.51469414756e-39
5.23895944018e-39
4.97701146817e-39
4.72816089476e-39
4.49175285002e-39
4.26716520752e-39
4.05380694715e-39
3.85111659979e-39
3.6585607698e-39
3.47563273131e-39
3.30185109475e-39
3.13675854001e-39
2.97992061301e-39
2.83092458236e-39
2.68937835324e-39
2.55490943558e-39
2.4271639638e-39
2.30580576561e-39
2.19051547733e-39
2.08098970346e-39
1.97694021829e-39
1.87809320737e-39
1.78418854701e-39
1.69497911966e-39
1.61023016367e-39
1.52971865549e-39
1.45323272271e-39
1.38057108658e-39
1.31154253225e-39
1.24596540564e-39
1.18366713536e-39
1.12448377859e-39
1.06825958966e-39
1.01484661018e-39
9.64104279667e-40
9.15899065683e-40
8.70104112399e-40
8.26598906779e-40
7.8526896144e-40
7.46005513368e-40
7.087052377e-40
6.73269975815e-40
6.39606477024e-40
6.07626153173e-40
5.77244845514e-40
5.48382603238e-40
5.20963473077e-40
4.94915299423e-40
4.70169534452e-40
4.46661057729e-40
4.24328004843e-40
4.031116046e-40
3.8295602437e-40
3.63808223152e-40
3.45617811994e-40
3.28336921395e-40
3.11920075325e-40
2.96324071559e-40
2.81507867981e-40
2.67432474582e-40
2.54060850853e-40
2.4135780831e-40
2.29289917894e-40
2.17825422e-40
2.069341509e-40
1.96587443355e-40
1.86758071187e-40
1.77420167628e-40
1.68549159246e-40
1.60121701284e-40
1.5211561622e-40
1.44509835409e-40
1.37284343638e-40
1.30420126456e-40
1.23899120134e-40
1.17704164127e-40
1.11818955921e-40
1.06228008125e-40
1.00916607718e-40
9.58707773324e-41
9.10772384658e-41
8.65233765425e-41
8.21972077154e-41
7.80873473296e-41
7.41829799631e-41
7.0473830965e-41
6.69501394167e-41
6.36026324459e-41
6.04225008236e-41
5.74013757824e-41
5.45313069933e-41
5.18047416436e-41
4.92145045614e-41
4.67537793334e-41
4.44160903667e-41
4.21952858484e-41
4.00855215559e-41
3.80812454781e-41
3.61771832042e-41
3.4368324044e-41
3.26499078418e-41
3.10174124497e-41
2.94665418272e-41
2.79932147359e-41
2.65935539991e-41
2.52638762991e-41
2.40006824842e-41
2.280064836e-41
2.1660615942e-41
2.05775851449e-41
1.95487058876e-41
1.85712705932e-41
1.76427070636e-41
1.67605717104e-41
1.59225431249e-41
1.51264159686e-41
1.43700951702e-41
1.36515904117e-41
1.29690108911e-41
1.23205603466e-41
1.17045323292e-41
1.11193057128e-41
1.05633404271e-41
1.00351734058e-41
9.53341473549e-42
9.05674399871e-42
8.60390679878e-42
8.17371145884e-42
7.7650258859e-42
7.3767745916e-42
7.00793586202e-42
6.65753906892e-42
6.32466211547e-42
6.0084290097e-42
5.70800755921e-42
5.42260718125e-42
5.15147682219e-42
4.89390298108e-42
4.64920783203e-42
4.41674744043e-42
4.1959100684e-42
3.98611456498e-42
3.78680883674e-42
3.5974683949e-42
3.41759497515e-42
3.2467152264e-42
3.08437946508e-42
2.93016049182e-42
2.78365246723e-42
2.64446984387e-42
2.51224635168e-42
2.38663403409e-42
2.26730233239e-42
2.15393721577e-42
2.04624035498e-42
1.94392833723e-42
1.84673192037e-42
1.75439532435e-42
1.66667555813e-42
1.58334178023e-42
1.50417469122e-42
1.42896595665e-42
1.35751765882e-42
1.28964177588e-42
1.22515968709e-42
1.16390170273e-42
1.1057066176e-42
1.05042128672e-42
9.9790022238e-43
9.48005211261e-43
9.00604950698e-43
8.55574703163e-43
8.12795968005e-43
7.72156169605e-43
7.33548361125e-43
6.96870943068e-43
6.62027395915e-43
6.28926026119e-43
5.97479724813e-43
5.67605738573e-43
5.39225451644e-43
5.12264179062e-43
4.86650970109e-43
4.62318421603e-43
4.39202500523e-43
4.17242375497e-43
3.96380256722e-43
3.76561243886e-43
3.57733181692e-43
3.39846522607e-43
3.22854196477e-43
3.06711486653e-43
2.9137591232e-43
2.76807116704e-43
2.62966760869e-43
2.49818422826e-43
2.37327501684e-43
2.254611266e-43
2.1418807027e-43
2.03478666757e-43
1.93304733419e-43
1.83639496748e-43
1.7445752191e-43
1.65734645815e-43
1.57447913524e-43
1.49575517848e-43
1.42096741956e-43
1.34991904858e-43
1.28242309615e-43
1.21830194134e-43
1.15738684427e-43
1.09951750206e-43
1.04454162696e-43
9.9231454561e-44
9.42698818329e-44
8.95563877413e-44
8.50785683542e-44
8.08246399365e-44
7.67834079397e-44
7.29442375427e-44
6.92970256656e-44
6.58321743823e-44
6.25405656632e-44
5.941353738e-44
5.6442860511e-44
5.36207174855e-44
5.09396816112e-44
4.83926975306e-44
4.59730626541e-44
4.36744095214e-44
4.14906890453e-44
3.94161545931e-44
3.74453468634e-44
3.55730795202e-44
3.37944255442e-44
3.2104704267e-44
3.04994690537e-44
2.8974495601e-44
2.75257708209e-44
2.61494822799e-44
2.48420081659e-44
2.35999077576e-44
2.24199123697e-44
2.12989167512e-44
2.02339709137e-44
1.9222272368e-44
1.82611587496e-44
1.73481008121e-44
1.64806957715e-44
1.56566609829e-44
1.48738279338e-44
1.41301365371e-44
1.34236297102e-44
1.27524482247e-44
1.21148258135e-44
1.15090845228e-44
1.09336302967e-44
1.03869487818e-44
9.86760134275e-45
9.37422127561e-45
