0.275086472877
0.0184341307836
0.01708794996
-0.0090282254452
0.0331963596079
-0.0637796861134
-0.0317578889731
0.0376236400337
0.0534169095788
-0.0047316733956
-0.0499979051252
0.0354052663826
-0.00271651975305
-0.0465260678576
0.0824829692975
0.045919303122
0.131398132551
-0.00217780909915
0.0360247895665
-0.0472400979901
-0.0118496010388
-0.0732335691023
-0.000647256873327
0.0316534012458
0.00791714759867
0.0212579525395
-0.0443139115342
-0.0143809415999
0.000619329364667
-0.0233633530197
0.07302195461
0.0502147548647
0.0989479897038
-0.0155312464011
0.0241993459683
-0.064660801163
-0.0147067953003
-0.0491590270327
0.000279843312836
0.0358418840865
-0.00070343293267
0.00560046325377
-0.0249962351014
-0.018277658434
-0.00677584762163
0.00191876556501
0.0533036691882
0.0317381068661
0.0575454611893
-0.0199524312398
0.00957104988477
-0.0476680605032
-0.0138705988538
-0.0173188012793
0.00506296916884
0.0192290599584
0.00142879326787
3.26852154728e-06
-0.0170891640245
-0.008964790217
-0.00338894596797
12.9572294419
-0.185294169175
1.03268621578
-0.240615836697
1.83805258044
-3.74989181978
-0.924959737077
1.02693945883
1.92643095656
-0.500092851326
-1.96959629647
0.933911506052
-0.594428712394
-2.31304750878
1.46523479757
1.89267235852
3.42730919239
1.44945749166
1.23154445242
0.0405724146179
-0.0681655278447
-1.49872924252
-0.453050258347
0.884205439352
0.32456679749
0.386956670718
-0.440453439846
-0.381091082898
-0.587229749256
-1.01369652429
0.138991376374
1.00844576618
1.43304270335
0.783015036465
0.890026434984
0.0973416837474
-0.21693921458
-0.570592795523
-0.208082355351
0.359336449769
0.296538736095
0.240909538126
0.0916826317508
-0.184627347844
-0.471149183153
-0.494427181499
-0.0888338998105
0.245090675022
0.533841422241
0.446405169725
0.45197319698
0.120470546496
-0.120558399489
-0.219139645209
-0.106213588729
0.0837305698884
0.168789010023
0.208918706297
0.136900535216
-0.0203136940774
-0.193008594916
37.9925186613
-5.42145142549
6.03475858979
0.720918436001
3.77582379862
-5.73971565092
1.63205802729
1.56640248089
5.19237979329
-0.387584618127
-2.02533219335
3.78400403344
-2.33425592672
-4.50883032896
0.757702692951
2.60462968764
7.5231752474
2.68485893984
2.50536114291
2.32411817258
-0.308744531723
-2.19350203926
0.522520555934
1.64165275921
1.22944086565
1.49692165196
0.764626011354
1.7496969149
-0.700826595451
-2.1437701615
-0.462989332921
0.487806956794
1.44306179876
1.33085128325
1.88616025494
1.41337975278
0.0330862688708
-0.900029222669
-0.0334770413709
0.280937610405
0.091606076721
0.6352722088
1.00202417171
1.04422193534
0.178657849068
-0.440844600014
-0.171387390252
-0.176914554617
-0.128096270836
0.236125458803
0.804207509043
0.760692209645
0.303356071325
-0.00836408340806
0.0799493800015
-0.044828905711
-0.251770643215
0.0136162251714
0.341920471863
0.409765859504
0.241294734287
44.1573532954
-12.9485112001
15.8904733781
-4.07981376914
5.09954252859
-5.12673459537
4.47757567603
2.75587869691
7.04346031087
1.47513373162
1.27172143501
5.2127370047
-1.24313660682
-2.24695756219
-3.92905118813
0.28351525937
7.27686892437
1.68389329337
4.4524499395
4.4755102196
0.371907474048
-1.35915487328
-1.191761412
0.997203540355
1.43539462081
1.33284000326
1.84395107967
3.83030748814
1.48586861527
0.222250203821
-1.09646748182
-0.760249136489
0.130395657199
-0.185002116434
1.44734226537
2.62339293929
1.67123894982
0.51313745254
0.0852919879777
-0.24660456819
-0.183900918323
-0.549662513627
0.411965161829
1.19884615967
1.26444914021
0.919576275168
0.620655264408
0.171265219303
-0.203700827522
-0.583572425946
-0.205702592286
0.510286177299
0.640779725189
0.711607289782
0.625767394902
0.405096987626
0.082931020321
-0.292352196785
-0.213120793898
0.0135952934048
0.204417139827
38.9933365886
-8.82618577145
13.9540890657
-5.86302369139
5.40473393476
-5.17153447275
4.46712404914
4.59071592097
8.61395388987
0.627198549598
4.4300125463
6.07870227814
-0.24221639223
1.4740060107
-2.79914580437
0.979866197655
4.59815395921
0.776068047333
5.81144876918
2.43240085066
2.03793481537
-0.664478039549
1.05884755906
0.567723184773
1.76140983299
-0.0964515701576
2.98584282927
1.61122228603
1.42419735989
1.72151490125
0.37424826807
0.504026329861
0.0445361779468
0.468016779881
1.52088732826
0.69454166271
1.4190859665
0.692823454342
0.83553806291
0.354860372069
0.475537952872
0.202858846347
0.814975914579
0.0427390683744
0.904108920348
0.577576594731
0.608348881504
0.431635955677
0.200442293957
0.423241804468
0.216922280869
0.166938156463
0.543006163007
0.227471783174
0.377086522245
0.272710989212
0.260922027475
0.280132709841
0.171780706754
0.105424612105
0.312906128113
33.8583469765
-1.89267726726
4.3131183154
-5.17590650429
2.22285515474
-5.24914682308
3.20330985288
6.42252111541
7.2365304208
-1.48699869658
3.18629349394
3.7678345359
-0.532440299902
3.85253641636
-1.8640455167
2.84393069241
3.52404059844
0.436994092117
2.11571503135
0.149946773257
2.06809308799
-0.180402356769
1.26942825489
1.76087118641
2.58946695889
-1.24084881505
2.27161376174
-0.46733840003
1.34870761731
1.1587623632
0.262459079209
1.42023990413
0.260128918207
1.1043638405
0.118342601753
0.482291284907
0.533120098881
0.982645014812
-0.169390333704
1.03715484385
0.369153825697
0.369696094064
0.577385156258
-0.272213357974
1.00870271738
0.0435873294715
0.655480124087
0.0543874788008
0.491707516789
0.230211536572
0.297050974639
-0.0258472909839
0.420222630613
0.347588038021
0.0382944897952
0.40770546795
-0.0554029307558
0.523400597379
-0.0922621628251
0.242532761134
0.121111226681
39.3799949693
-1.75399585767
6.86622133445
-8.65322619856
7.02499102177
-5.1608875075
-2.38909044388
4.93307636527
6.56946655468
3.16429954492
-4.04859713769
2.60436942186
-2.18818942141
7.16719034738
-4.05160607147
6.36200717385
4.51751227183
3.95784953741
-0.480660041393
-2.39658367558
4.35096511704
-0.447393344257
1.82727714236
-1.39730746811
4.59535745381
-0.662732299301
0.741088297341
-2.22537008549
2.03464313883
1.37654730816
0.154457818429
1.42332963042
0.759926380305
2.77860558363
-1.30125864838
0.574761479985
0.104685726018
1.87159181336
-0.0579748121479
0.143346831527
0.616734534601
0.646067670553
0.162714301498
-0.802390130555
0.882539884768
0.28200953617
0.912797228655
-0.43710546875
0.791832191084
0.419401476471
0.254309252202
-0.116914314342
0.164447502865
0.716892610779
0.152001789283
0.10911677186
-0.0334987700814
0.481662338395
-0.0151401599118
0.0412914652711
-0.0226324850604
45.0187242335
-8.43882471118
13.2970191742
-14.134101969
15.5411442096
-2.74053922606
4.38416283791
-1.19597650515
8.89420989213
-2.4333679421
2.1969280551
-2.69989644912
0.644057801695
3.82655995019
-2.90597847805
5.5999608867
4.7451684913
3.386508756
0.64341101305
-2.42014670328
3.04662016334
2.28541158906
1.5537110889
0.533721446958
2.21474368537
0.104290674789
1.64066330397
-1.87697788108
1.96777428368
0.582121258366
0.581614973548
0.841550543825
1.27452886948
1.0868163912
0.327028853389
-0.402112382083
0.860343899405
1.07263914083
0.514120018014
0.639069838029
0.255010576932
0.483255594374
0.451955809283
-0.043160261514
0.501452452914
0.365368661101
0.349075228912
0.294874214661
0.300994171977
0.302961934122
0.360264180426
-0.0522254629655
0.323361726477
0.296397249737
0.272094310144
0.208574028367
0.114650263632
0.185363536216
0.238098342445
0.0527527208885
0.202409385712
42.9206350016
-10.9005327058
10.8072897618
-11.7532859436
9.61194894103
-0.968690173442
7.06718754011
2.71786248397
11.1618314999
-7.19366049034
6.67663956188
-2.95004311583
1.50293047551
0.675212206868
4.24916315663
2.76418992359
6.11566031798
-2.491142696
3.67968173044
-3.43210760235
2.10047147466
2.03763760021
3.17933305262
1.22943703886
2.79759718137
-1.49451410676
1.84525264815
-1.75577365925
2.34841028492
0.861036875769
2.04219610775
0.536909511566
2.11649235229
-1.23331502633
1.28846791926
-1.05072669123
1.8856562977
0.326641639922
1.58554801858
0.267127842838
1.12850139399
-0.847567807055
0.90523904509
-0.529127364496
1.33878217901
0.0969059707758
1.16047284313
-0.0342609118781
0.794003025744
-0.533222025638
0.687804721842
-0.393216332621
0.941460824498
0.00701028242339
0.805418620477
-0.0925964355925
0.547427154347
-0.338012644735
0.44209927846
-0.240875205441
0.647959226421
40.4177013434
-5.69433119053
7.31622466052
-9.29678281981
2.5554903013
-1.5132471093
5.13967613016
3.35601288547
8.71667254934
0.371060308971
-1.16932347308
-1.64481720248
2.13581815254
-2.47458276819
4.45024247655
2.29928165056
9.25668645925
0.0848749326697
1.14149054618
-4.54013007714
1.16805050149
-0.038658403468
2.02107046237
2.86475949014
3.87872460064
-0.01858137477
-0.436798085165
-1.85706856721
1.02104925169
-0.259401124247
1.72749092763
1.30520278081
3.59354180352
0.217144671981
-0.443827322135
-1.45111330587
0.0860863271455
0.01778570539
1.1554960167
1.36186174511
1.89618917309
0.0979437439242
-0.491099023627
-0.981418154724
0.277670852918
-0.0338471981715
0.795498098519
0.916781071272
1.2937704646
0.177735268479
-0.392251547618
-0.673831641429
-0.0647388811889
0.0720032929633
0.549801279243
0.712352499422
0.830877256261
0.0377734157749
-0.308061148834
-0.451304216355
-0.0349258169819
39.8857568991
-4.61708265636
6.93176380871
-9.854225463
3.29271765078
-4.18859684807
2.62716297172
2.9537275535
4.93065361824
5.04126621465
-3.89518764058
-0.619924695349
1.56107216448
-3.42970080569
2.22124388024
2.63215676942
9.20159628093
2.27431568577
0.590625795103
-2.62516185525
-0.971938292708
0.13773323403
-0.394277574916
3.68890281023
2.90405659613
1.81330590818
-0.654321388855
-1.22726289753
-0.322153440088
-0.900944226539
1.08108573573
1.53410958886
3.06835735246
1.25561396756
-0.208739025926
-0.709777768258
-0.849158373292
0.00615243874829
0.338779192088
1.57311846197
1.4553597502
0.784399797425
-0.102983495848
-0.686374739704
-0.286203825205
-0.29282210664
0.537706978912
0.812021088297
1.06067224985
0.517234029786
-0.0822075668052
-0.306721386461
-0.377527132046
0.0112761219988
0.248762989208
0.630634198011
0.59962572613
0.300533656691
0.00188659748981
-0.264223588803
-0.134537381087
36.9676025226
-2.83644133141
6.87651255801
-4.8371270767
4.81451615404
-2.03033547251
1.88171362991
5.24367857308
3.78149028095
3.48087816257
-1.43119259381
-1.13258880095
0.727843452368
-2.02596550014
2.2625184988
0.358787975862
8.5464922756
1.24262214637
1.45266039661
-1.23200395738
0.658362568689
0.223881133591
0.853353504296
2.80743209631
2.48681708531
1.57078514039
0.271299310318
-0.929742914724
0.50815310251
-0.488555098218
1.38608540353
0.47075204045
2.53521008046
0.648651839823
0.430349702937
-0.453377221262
0.13693322171
0.24376090363
0.617029306904
0.974013245251
1.1239834121
0.551655050668
0.314627915067
-0.365915677758
0.271216146951
0.00392648020234
0.674438777346
0.331813821706
0.813866184521
0.292878679572
0.188062080346
-0.119785170165
0.0917182084213
0.157518430146
0.348609728968
0.336118523191
0.428215018848
0.188332908256
0.167778686868
-0.0830623200453
0.127873517307
32.6045099504
0.880929113872
5.13107194122
-4.60138477385
2.23523418783
-4.51487732011
3.07325978084
2.53738256977
7.73309378477
3.68153932059
1.48576982709
-1.80448103722
3.26855460741
-1.35179175365
0.576883265657
0.655075021269
6.34417182867
1.32690233469
2.17117536783
-1.54089285038
1.87208235244
-0.853427502819
0.979872574554
0.520213602215
3.80563014378
0.764574197179
1.09321712188
-0.196805898213
1.15869125384
-0.378238706163
0.647363685436
0.170040403478
1.95159435595
0.619538372931
0.686470131624
-0.092391221735
1.10849067218
-0.435488110911
0.550658136673
0.211800261216
1.2521253995
0.0133875353097
0.704690088531
-0.0605965765373
0.708567180704
-0.147467692285
0.327465432691
0.148612267286
0.742434629352
-0.00561892480143
0.359614554281
0.166016314006
0.413795706702
-0.142243768232
0.3105847927
0.0847098267789
0.450643620359
-0.0582382623264
0.292568425504
0.0618843886059
0.342221819741
41.0366585781
-2.93257561257
13.6381839733
-10.1516621769
6.45359116577
-12.2539804959
5.83168852316
-4.65483906962
11.6711968944
0.585179351427
1.30743528968
2.11067788834
4.98639475915
-3.54686298462
-1.3863755079
1.82482908584
7.73803465684
0.277815568442
5.07869212898
-1.21123397842
5.3137719118
-5.89283613036
2.2712483224
-1.9559898738
6.73504756716
-3.23045591887
3.55330809595
0.33983332121
3.06229292044
-3.66005141301
0.550610475536
-0.142122292379
2.72114109911
-0.613137030597
2.46116663949
1.43056007031
2.06769513103
-2.82504073339
0.896388300422
-0.51862963603
1.86078106492
-1.64122087381
2.62221464109
0.434765440293
1.69686786946
-2.26967300972
0.882089103634
-0.684324142679
0.791847530201
-1.05336321286
1.95612172216
0.792296095359
0.97065494812
-1.17387304796
0.679311029638
-0.488970626618
0.170424837347
-0.769956865815
1.46818872515
0.429708977288
0.733688984927
-0.7605041699
0.65728925748
-0.59456096751
-0.0462686762553
-0.629327212096
1.07672243081
0.24084070337
0.540856985127
-0.311731509689
0.531038188251
-0.451177205342
-0.152925256809
-0.403411029288
0.676655976404
0.116177919123
0.375447233731
-0.0781681163589
0.404899178257
-0.360749487185
-0.148274698393
-0.291802980292
0.401404715478
0.00797186791729
0.279526171816
0.0298601962935
117.911802377
-78.1223842386
54.5363045577
-46.4589095322
66.0264478855
-6.69882058114
-20.2648376105
-7.44405746161
15.2028564347
48.4286923326
-19.8233385275
-11.0981153005
6.2026909531
3.58271704141
27.9589170502
-18.9884763444
-3.02777962434
15.3999270137
6.36318335295
5.62361364708
-9.74607135021
1.48079566907
13.8249503156
-5.96224468068
11.8487515331
-15.0497170483
26.8717232453
-6.1500114214
-5.43250621064
0.108729981039
1.25119380286
14.4279811026
-7.17685301317
-6.97878699665
6.82505713761
6.93959450844
7.65966839743
-14.1109227509
2.57136498252
6.27427016571
4.30358751737
1.56478983492
-10.0725465703
6.47531853963
5.29025081878
-2.24218195219
-0.0989996688942
-4.73747544392
8.99503261885
-1.24709004045
-0.240724203538
-1.41838645518
1.41180845692
5.43007715205
-4.14817321073
-0.642679727698
1.49711563505
1.57895506676
2.56817787544
-4.77830924635
1.47975225492
509.47061413
-502.208292958
256.599425421
-180.888729845
288.601212636
52.4623650656
-265.91236086
37.8362198548
-47.0309311067
320.150626484
-194.025183712
-74.4367129614
65.3831040733
37.1175215325
138.428689202
-88.6415957847
-80.3525311151
152.991194692
-46.6729311189
68.1121821344
-91.6597771194
28.5586520395
70.8203782412
-93.8860337817
89.6796524587
-102.277081376
115.179910781
-30.3429374084
-50.4864682494
72.5613309747
-43.7963750748
80.1461041964
-51.8760851244
-16.5555974946
57.869912954
-25.6649342643
44.0685944907
-55.8013585383
14.5361495155
40.6072035571
-41.1795684937
46.4908290654
-59.1339651633
40.2951299269
11.5769960234
-32.0059045403
37.3712755463
-39.2003051251
43.305412261
-15.7971081581
-6.87315174742
24.744174841
-27.1514804855
36.2702199055
-25.5437231449
4.37822721821
17.8545822579
-22.7806989523
26.0202596664
-24.9458511025
14.1631489934
725.993417048
-730.008712339
373.825117968
-80.1807888826
260.06573677
14.5813019992
-217.565857092
120.864593603
-141.381086552
348.330436519
-243.54049423
-82.038341329
148.213028496
-5.01932924816
25.2428946938
43.3534805938
-74.2356814555
125.954924023
-44.8351880781
126.667181567
-107.071506309
40.5671823157
106.05184873
-145.207559148
143.909752408
-101.272383612
67.5386376452
-35.158797557
17.7745730441
20.0740211613
-44.0903943117
73.1620590249
-34.2540065305
2.07976649064
47.0462648814
-22.0919921302
15.1725159596
13.0033722522
-5.34001791227
23.0728733807
-30.2615681411
47.8233967651
-42.0580729251
25.2562888837
7.45980924873
-26.0210631287
30.5754027903
-20.4127543965
20.2339992821
-16.0156938232
14.9886009451
2.68097557175
-9.72624374613
18.4243391974
-6.15745985878
0.122451843479
10.5476985581
-4.79775160442
3.84923336242
-0.48845453359
4.26510708303
788.545225014
-1055.4227794
830.670137687
-264.304839225
139.750138123
-199.742157461
448.840213149
-442.826277421
229.457423688
186.616902235
-310.823592393
168.164258225
65.185791204
-47.1130717476
-57.7260130857
250.71285
-238.861214844
128.241679922
86.9991547812
-148.693113765
154.478474629
-76.2063017705
90.9857183978
-126.566471255
241.25637837
-277.452493799
255.080938072
-126.473685421
49.1887630358
-9.06913406903
59.954759352
-76.2017745203
66.0209277262
26.5618706146
-83.076445687
101.330803073
-31.7397556123
-19.16423215
48.5760973947
-7.75437090455
-17.8736638877
21.1982199778
37.7547374716
-86.1868440042
111.043125988
-75.2046173812
39.2303848403
-15.4742476514
39.4361375755
-61.3748342089
70.464771239
-34.6097592874
-1.68826285494
26.9749019967
-11.230233214
-9.15697407886
24.5787827176
-7.89049241311
-10.2605715336
23.0121739863
-5.83920158328
932.956018552
-1464.91717642
1318.2115442
-669.002096036
233.051321142
-214.462109874
622.809517446
-799.055516811
649.454886596
-143.607348549
-109.378103129
99.0828316523
170.238047501
-304.284778519
274.917541846
-67.6121758254
12.3658658034
-39.4104834261
201.43827008
-249.885168316
217.332196216
-89.3642805974
80.0490461583
-118.620942433
220.263173272
-242.137169012
214.232731096
-102.66623134
70.4181807128
-75.0487164192
129.20444955
-129.786786832
107.446957873
-23.4966340933
-17.871360926
32.3939998534
4.57392301455
-23.9956711984
59.5232618078
-51.8409295029
49.0829556004
-30.878755406
35.5356419477
-27.425760211
41.9333548704
-40.8570433564
37.6868286162
-18.5240985141
10.0471223869
5.80893345054
-2.38033776857
-0.755661943106
11.4569292375
-14.3257002507
25.1068761462
-23.8930023914
22.833474154
-12.3657818162
4.43403420441
5.72032387126
0.20708220686
819.257834599
-1199.61395
1146.01562358
-658.146526603
237.236838942
-39.0465965902
234.954331674
-351.595607732
372.090016721
-165.022754418
110.512495456
3.05161110406
108.165218369
-202.792886398
253.899878126
-172.68061247
214.685437595
-180.865678204
195.422757636
-79.2935108232
-33.3586098028
176.163731238
-115.934762249
32.1404264959
70.6202927651
-58.0168274084
35.5756489059
52.7783475188
-30.937468042
-3.45802554886
65.4017691344
-44.1048483975
28.408423259
44.7652698163
-56.8076926254
65.59138509
-40.0454509968
54.4563614522
-28.5588099805
19.215036058
24.4935983074
-34.7877725136
47.2473133689
-10.118757047
3.66061567118
4.23226818693
20.8162319909
-22.9632908838
29.4084824275
2.29671323957
-13.2562768441
23.0349846459
-1.32532674252
-5.48413686265
19.7662226
-8.09106955492
7.34135463786
0.622001450287
7.51914546333
-0.561680991938
2.02898479326
732.646621615
-1096.25276696
1098.19419365
-669.804126702
223.395337536
-1.02841162957
141.135712001
-380.742019881
435.770958183
-147.828983144
-94.9429507176
280.961575949
-198.539600857
43.639443105
68.3456981626
-5.25863224244
-94.528773111
137.465337699
-56.6190108188
-41.223769736
115.468146526
-87.9907373759
49.2531383912
-15.7670880767
48.0154763463
-96.2057529994
131.03327439
-112.985051147
59.118272528
9.71360745136
-42.9084237627
44.5061523201
-13.5593260776
4.93115724836
-21.5609045348
71.5279134694
-106.283538524
103.130523022
-48.6259930778
-13.1840340189
48.4041455405
-28.5584816839
-9.7513004261
29.489068996
1.26151313004
-56.2592387835
95.6672905922
-82.6429722935
30.7588742746
20.8212529725
-30.4413524467
1.40315954383
34.7423673391
-37.979095273
4.0406166246
42.6270690019
-62.2007720239
43.2881117398
-4.29042151906
-20.1790432767
13.0595943228
731.570460877
-1101.4196154
1082.88441037
-507.709599473
16.3906692013
197.032976636
79.2519608942
-519.043200817
724.668132482
-420.219270606
-40.7224839808
507.755097642
-542.231906213
266.45837447
162.500920098
-250.375597567
79.3240843509
231.862835295
-334.517182958
234.613532063
51.3296923819
-221.580942836
239.790057324
-78.1107457468
-35.0529063289
55.907068625
85.7787563791
-195.153471503
196.187808557
-37.7136193466
-85.6406001345
112.293186127
8.70625759169
-111.578632739
132.326482308
-7.15970944368
-125.496904168
189.60026993
-103.87597406
-36.0238895483
140.52838738
-98.5617681024
-24.8979170821
136.981038005
-121.295157801
18.6568984404
101.582250351
-122.476947421
60.5604014907
42.5902480857
-82.407074668
52.046563268
31.4792895542
-77.7498899624
63.6260432603
7.43736457735
-55.0976794752
52.6754204605
1.3890897007
-40.8846000079
41.9538711653
637.042499421
-939.030745002
936.476101587
-371.719222916
-61.7437985611
240.975592244
-9.45581704989
-304.287708282
525.438304673
-415.467654627
68.2195765475
338.204636281
-492.387601799
272.293871553
143.745462066
-301.822855667
224.608092672
16.4506955766
-118.290953844
105.034875821
15.9828636817
-109.614087576
163.466820452
-88.609068005
-17.6245504235
99.2261633489
-60.0334715326
-34.2571045338
55.144297451
29.6971573606
-99.220527714
90.6628208675
5.99120046898
-69.2578654458
98.6085256945
-73.4654418889
36.140404338
25.7100842022
-34.8673615011
-0.110998636524
76.0881418513
-88.2879540805
27.7057667089
61.3966935212
-93.5879098474
78.4709414475
-34.8423964428
7.62530725203
16.0777589243
-24.5451106649
2.78252803768
25.2292399109
-22.3918165409
-18.2449762588
60.8377213654
-64.0455065112
35.9241112291
-10.0809701944
-7.70326229382
16.294438874
-20.5346868827
688.932750814
-1018.51538619
1065.36002676
-620.242414036
202.280913251
166.790703417
-183.019612395
116.352056845
116.536359204
-164.222320021
-6.11786576197
371.884041088
-630.214495456
537.927387392
-128.680675418
-147.685656679
330.106724591
-300.563701129
259.826153231
-172.422604465
181.218255325
-217.301271748
334.899972626
-278.185455463
112.249194746
124.099114457
-223.882253678
214.701564216
-168.088673339
190.509531937
-195.319553538
213.500982398
-177.75531718
121.9736326
6.59560121908
-141.875596833
241.884632977
-211.749537629
159.073832283
-114.129917054
138.831433751
-144.416463221
120.413776799
-45.4321388305
-31.8403672277
124.21243232
-176.959368735
189.201970484
-141.864608105
96.9798478711
-74.054367701
77.4487253305
-54.3062425432
7.73072469135
57.0209048626
-101.132238772
128.253758451
-127.380187931
109.207491791
-74.0054662769
48.8663372713
587.812555482
-838.505588736
946.737290887
-650.953051164
383.378522175
-23.326734507
-53.4272641389
140.906021477
-39.5868640268
2.52144353903
-67.3466784467
299.229508739
-465.850698922
462.253158736
-275.659345667
127.665614725
52.2293305349
-122.522489316
203.923449945
-175.436932894
196.395521311
-162.668895241
233.373739496
-200.23309103
168.529452466
-43.7730523019
-8.29117796311
80.4856488802
-96.7114885686
143.155278713
-139.835104645
143.989082589
-116.722868111
104.421628682
-69.4029181651
28.8226641864
26.7041964966
-53.3101081356
71.6522853305
-74.6849871759
87.7212390658
-78.1526806569
75.9164034908
-41.8584814684
34.4392843091
-3.03319195159
0.499613236306
34.3270596528
-36.5785472901
51.5881977309
-42.1356684774
44.4113262473
-37.0122936269
26.9384134475
-13.51902477
-0.758202300772
5.52713620514
-12.7750630397
18.3945227029
-23.8943708623
26.0092550707
548.884994941
-651.668725995
700.471747887
-114.03901371
-13.0695776348
263.567050126
-92.2962418874
197.879475564
-57.7265174175
25.1657658676
6.82144556876
122.166419771
-282.233277581
169.682279918
-1.74408559308
-213.462259564
172.039336373
-146.781861736
109.406909267
-50.839511942
-24.7201145895
173.672565106
-46.9760957327
28.5502830936
117.419436373
68.5186219569
-23.1044243151
99.6003153771
29.1093522387
25.5066644575
13.9275325179
-61.8961991019
115.773102821
-121.860311611
-34.1449213727
48.6599272293
-93.8660609055
-3.2438854247
-50.4852943716
28.49008189
-21.1824286699
-18.2231967667
28.4739250273
51.1835245129
-0.957876636906
7.47390876288
105.995295347
-21.3631961362
49.9280457087
16.9208471134
31.9774672255
24.0065110157
-48.2833281561
50.3422462595
-26.7379112987
-28.0060386874
-20.6712834857
-2.32832530443
-29.0684074656
-36.2142111584
4.30431262623
738.829961131
-780.008973779
661.013798929
388.521497923
-404.829743648
565.313809231
22.8239707296
135.937607363
124.044443287
5.92968424474
35.932087656
202.33117955
-301.501608514
22.7977427371
219.142809349
-438.015283805
138.865389081
-94.9294414147
-15.2740445194
-58.0810377324
-97.2849601614
210.313306759
-101.430990454
42.8391910772
118.426097339
112.899463214
12.5712927505
114.429802798
95.2726095623
93.1947321053
51.1270723966
-37.9340047541
198.089173745
-97.6340034312
-30.6242759575
76.5042053672
-81.5437251194
-32.2615332485
-53.2019559552
-18.1255836336
-38.1904633633
-52.31670909
-37.6874698848
35.8326233824
-31.8228322975
-21.4258291535
67.0904863669
6.30149974559
31.2067879803
27.3764390068
59.1383616471
42.7632682599
8.33520536704
51.864328865
32.4500190498
8.05751010411
7.43591786626
13.775338918
-0.562241475018
-14.3857542875
-18.4652946534
743.324977497
-635.466076188
421.458506516
599.14474629
-499.801996955
554.628115423
131.332249378
27.083654963
244.290885321
11.6368817804
23.1544693051
286.08532462
-249.447072444
8.10531695846
259.564606009
-337.030515584
83.7319636586
-32.0672109922
-17.0743323719
-68.6798052136
-42.1435982464
79.8851929911
-11.1046381474
4.28318596642
14.0916423776
188.002193626
-56.6462977402
105.71674499
95.0571239795
76.3917939982
67.9807632265
-4.04684018778
150.288875097
-17.4525346363
12.307461961
7.32419828451
47.9309074654
-64.0764784228
-28.3726689346
10.1072713317
-54.6070266651
-10.0107168496
-78.4969237149
47.7269238836
-49.5082993185
-15.1213917994
14.3727883318
21.6513779846
18.574096392
-8.45447696031
80.6782740778
3.40198001284
48.2925274344
12.5606354107
55.888121982
21.8495722084
-1.99511811411
37.6975711146
-3.44271481145
13.2007745346
-33.1548529444
924.972026521
-923.55104857
687.337750975
579.660711952
-760.349511478
924.486569482
-305.933574635
356.12268649
135.004829085
-197.110959893
350.385291119
60.2789943447
-292.953200941
128.507014393
201.127340556
-438.240721763
226.446335316
-187.324735126
91.4848332733
-96.650496474
-143.59074148
209.684107786
-60.2249280233
-38.6469391163
24.904085837
298.46263538
-205.173386602
204.093515543
81.5546874713
68.5708133147
124.973846617
-110.037208591
279.062271775
-54.5159507269
-24.0260015985
39.0637267618
89.6087738339
-119.594449454
-19.9597061635
26.3033139145
-62.3182969594
-2.73754513615
-148.954625552
124.813453096
-82.205409047
-64.3408052768
41.449678891
29.9918219745
-11.7378195856
-22.7991770668
95.7768203434
10.4806758765
39.7731942291
-19.7032849016
114.378817127
14.5934506496
-31.7440626852
71.0533683123
17.1823830198
3.46099124722
-36.3497094597
1195.26871809
-1308.78434354
1100.57600932
522.211773545
-952.30626801
1307.82093919
-637.635286974
580.556477364
110.963493247
-354.419498394
574.487313021
-68.8416503863
-360.082777096
258.081187544
122.383803852
-463.047858075
271.816313894
-203.591264485
101.90296339
-53.7793905337
-211.14190224
311.034512935
-3.77461673182
-211.935105494
259.871093022
229.283664306
-270.250634925
333.919125193
-19.9993530522
134.146235194
84.3229522918
-177.056882039
368.380872905
-117.727719501
-138.162864668
173.888527753
3.2933751448
-169.180426937
47.2562105616
-25.7322364578
0.934485165304
-57.3567297589
-113.710836957
195.226898414
-100.428942982
-82.8267150199
139.443819217
49.3442687677
-83.0586748729
79.9555506058
70.0182584081
22.2580761496
22.5862728818
-44.7950052952
175.542408367
-66.6402253339
-65.7513382365
119.713582723
-22.7640688971
-64.1897926582
3.94858698035
1577.1545962
-1919.90610155
1669.28037773
615.63830332
-1419.81240434
2032.51815134
-1091.17594389
965.584330588
45.5357140892
-509.409155905
1010.62282466
-348.545045991
-385.822443075
466.870626813
46.715304768
-616.101323155
447.24941738
-367.495962655
231.140116607
-187.442499743
-237.347926392
480.180356305
-96.7079817286
-328.82590172
480.874271151
256.549810505
-530.909484727
739.232595078
-300.21326357
383.417309125
0.859222996007
-274.046310437
746.219185985
-484.448476022
35.0045617254
215.59367637
-24.2759685318
-257.773904391
146.283392396
-82.5679499953
8.33634593729
-82.8514267299
-213.60420137
427.999209138
-383.703520574
17.9853221297
208.950386827
-47.3928266665
-74.647875064
122.529045183
61.8302900579
43.6993204901
4.67469223626
-66.3718321611
356.010373235
-288.961800691
78.3367999017
153.531424027
-110.747398912
8.91582166817
-42.771972405
1953.28705175
-2510.79655122
2303.76532511
507.405414589
-1688.60412703
2670.41809685
-1697.38444966
1575.16977149
-314.982614422
-466.178790476
1357.92925216
-802.03942803
-37.1599155344
312.687359991
160.670476199
-727.469624099
485.837866523
-229.813748048
41.1140160125
4.13506029887
-333.667820658
582.454789452
-23.475314485
-552.657443641
856.751899443
116.371526229
-674.839722837
1125.65580041
-623.699586565
567.282653885
-19.0953944342
-408.133649769
1050.10176848
-851.905669431
236.428141513
245.130032775
-179.674394729
-164.230087982
88.6056100307
52.6495560453
-199.062780293
84.9247550171
-235.11175119
384.600666278
-272.543867423
-171.012900739
521.124358799
-271.546842204
-85.9321134676
365.198297184
-183.087286813
163.528035024
-25.5511650332
-81.2505289436
426.0008964
-440.488504334
165.675569894
207.973719707
-259.139442588
66.7338229587
5.83765605514
2142.04275581
-2930.19934777
2802.94805606
505.52106052
-1998.21888422
3208.42327018
-2034.34444478
1951.8782883
-481.583612593
-484.594132468
1804.55084726
-1277.66587374
244.932623655
347.438282429
82.9188018444
-680.623331792
368.595804294
36.1924366345
-238.935002721
68.0784806297
-270.159951337
515.559322313
-8.69949848289
-707.241623659
1162.45791968
-144.183673531
-647.337717885
1273.78118855
-696.385292624
626.006941143
-112.54183673
-166.191038957
968.145492448
-899.164867752
389.279554254
293.952174321
-247.366930942
-141.154563024
207.499787288
27.200886223
-260.55173204
116.064254842
-117.892440261
252.438973943
-299.51188402
-52.7350747032
473.487922267
-369.403042786
-13.6455241371
385.728000759
-208.006602493
108.151875136
26.7134013889
35.9768081549
230.238668989
-322.906985412
237.275636717
138.31848654
-250.775376314
95.9947247194
86.2399200912
2388.91456482
-3706.61099573
3835.30783862
262.225291451
-2777.83502631
4444.73115035
-2869.64510911
2292.67119493
-512.722909314
-710.718586086
2385.32840342
-1912.08536189
363.255568557
796.454184281
-382.151914646
-755.031202385
750.571940406
-254.696617561
-161.063543665
-83.4539564406
-147.13603059
675.238714215
-414.791238061
-611.135112111
1603.67373072
-639.235949192
-632.832758295
1819.22264684
-1270.00311614
1080.45023397
-428.928874513
8.93706800728
1300.73647798
-1629.2515253
1053.59223879
232.429527926
-578.223495613
105.442433005
236.836045619
-85.7007626116
-184.930037061
-64.9911321225
71.7382037241
311.469967812
-760.920184585
391.330293133
448.662559893
-722.313936826
297.07704689
344.962212624
-321.759017975
323.348091925
-299.794373574
432.676040253
162.382410495
-698.937536252
848.667266962
-199.266419848
-229.572384475
237.457025477
-8.34080994867
2969.73209248
-4789.81395589
4979.6341408
-138.983950608
-3039.40528642
5000.50592357
-3432.5567447
3040.19269267
-1344.52151989
-79.1988679471
2281.35615895
-2127.67287565
757.529252401
301.031621535
205.949551754
-1115.37003811
710.928474198
102.775686199
-415.966836072
16.1670750424
-245.863064458
879.612339871
-511.605167263
-823.722854396
1991.01592064
-1071.46966044
-306.697969543
1466.70936276
-1183.74358448
1405.18763544
-1175.18925456
737.078138249
822.956178547
-1494.0101464
1167.69303366
-173.404169239
51.3759972576
-385.981860578
385.301045058
135.249000878
-401.281429279
98.1601783465
21.9626438792
389.800635727
-707.146877588
288.433441896
511.728497173
-641.050478643
214.515938823
254.844389732
-143.322004369
197.614539816
-370.902045132
556.352545337
-25.3523571547
-501.657056246
642.32808113
-194.34208579
-7.8446972475
-78.8786790801
176.370416182
3259.83129163
-5453.38356238
5788.42754994
-612.478116737
-3171.22450246
5609.42141563
-4157.27261818
3525.4383155
-1701.3776529
9.28342129904
2309.17237163
-2367.80344855
901.27933261
283.243870815
173.774523953
-1206.77606293
880.567467615
97.2895099224
-562.213722238
151.68910639
-133.463330242
635.618292973
-180.902219412
-1216.76344179
2434.76743045
-1298.08876224
-636.266531222
2212.53362635
-1960.07326935
1753.5294855
-1302.23434671
655.579290134
939.991621329
-1898.57316285
1470.4961784
-245.13081849
-186.272031918
-376.658383655
622.303927079
-124.643728204
-482.438669544
321.151551848
-53.2178516834
275.703384827
-655.066527933
266.701074654
707.161163372
-998.212927104
294.363263143
670.934557253
-790.391176774
540.963224667
-395.783654989
476.388834139
4.85548869846
-735.890148128
1012.12619324
-442.725484167
-159.022397941
138.329501959
206.228489699
2991.97390276
-5395.25135059
5861.41394547
-788.838051216
-3234.2976944
5432.70566692
-3740.80685834
3140.45504285
-1796.02360657
421.327261623
2102.42062047
-2502.2726659
967.243413834
606.322578134
-154.471408626
-1278.77536557
1285.20931982
-137.122104472
-535.714820275
39.1181981464
202.304370961
559.081218991
-728.437110611
-347.272394394
1902.35490288
-1294.92220683
-415.758592165
1932.9659458
-1517.24785533
1079.75468178
-826.814943713
744.533533183
547.649159597
-1667.39517346
1527.99902128
-259.187410056
-452.481153286
-96.5318505788
607.155788421
-290.5115878
-419.901276483
281.364736096
161.258918534
-52.5265877863
-638.01930749
719.724696319
108.078606506
-723.59480591
371.302768084
454.774721936
-522.863595057
187.069868532
-13.1862566496
364.634521142
-212.598933552
-430.466146799
947.78511389
-537.004594234
-118.315832125
244.790884605
101.303585771
3211.44364596
-6044.52603782
6826.29083111
-1275.84037231
-3482.32239958
6319.48951141
-4657.67210085
3825.47552169
-2093.32197594
395.736469114
2482.31964763
-2912.67483564
1083.0423074
879.854442673
-508.309047649
-1142.10979561
1326.25713733
-272.271902485
-371.898918182
-328.080773288
574.052477835
316.304021881
-635.743734766
-558.792433946
2305.13998258
-1598.24946582
-482.124224673
2468.49939474
-2160.00404313
1771.77580008
-1377.81095797
1108.44075319
648.386317627
-2088.24890312
2043.48726789
-438.170821268
-479.047783192
-8.16322498607
611.154267847
-338.050759464
-339.615725331
116.318348717
388.84773834
-247.611063565
-594.660947874
732.951304045
123.639644639
-780.873190593
337.968498072
671.202798937
-880.037221789
518.698730218
-231.095511349
443.439198828
-161.272654744
-591.043096859
1183.1251436
-743.291883243
-46.2544620459
319.996926784
13.7094540798
2998.83948296
-5453.5058301
6241.17977234
-1091.54519789
-3188.0287827
5899.80632721
-4301.33688167
3690.27389253
-1997.48582306
325.730373872
2800.79762517
-3333.27839471
1505.65853324
951.388805774
-1018.44002525
-453.866775795
1008.64408882
-205.72115744
-403.843300291
-139.125665883
700.466319451
-125.136545463
-186.762827582
-509.775246112
1965.20434906
-1384.27443868
-566.877969711
2772.67407343
-2705.26873903
1924.7834069
-852.870182474
276.592655714
1142.68387465
-2247.10404305
2257.26020073
-644.025308715
-713.467210379
763.671095125
14.7143402085
-276.370299571
-68.107650451
173.580383409
187.817841066
-271.829665271
-165.993462227
510.005346222
16.3826338137
-591.929215856
449.891664033
552.866197405
-1167.63189378
1042.14906563
-420.177566687
91.9642192635
294.434993524
-858.272794085
1337.02001867
-1043.51592659
116.040403765
566.580661551
-551.144707103
3699.31993529
-6047.46670102
6941.16359489
-1373.67634749
-3362.22926457
6941.8840884
-5343.5286431
4460.7799727
-2157.03573063
313.37308978
3035.51634338
-3724.68664633
2164.59194716
477.212551007
-873.434005728
-316.185210143
919.461290959
-72.616492284
-644.942192199
264.816259603
412.740778621
-86.6260392827
56.8140051795
-828.263405194
2376.79589903
-1701.17859898
-320.387450226
2801.92332489
-2902.3524709
2341.24366382
-1225.24003428
610.132009175
1024.5039436
-2288.39782763
2443.50479215
-903.190555502
-361.607306542
452.882098406
147.610310472
-165.962451372
-326.736092319
424.809926995
-15.5824631087
-96.3071483437
-277.54525405
468.950067673
187.266704946
-746.289631438
558.912844947
473.935193756
-942.774871737
816.328214514
-326.173874521
217.858599187
99.3749142817
-626.517860164
1126.77589396
-825.46619001
87.9926313571
381.883068381
-255.37906147
3382.25986088
-5962.86813567
7016.12062476
-1744.18122089
-3124.67337082
6732.84648631
-5304.8383856
4510.57561443
-2269.47785366
531.748342315
2678.16078902
-3363.17809714
1879.65821708
645.025306666
-907.209977244
-438.880280348
1319.8512465
-664.58123955
-28.2804200219
-72.2570727767
484.532098374
111.613865391
-237.283059025
-506.703454351
2184.64106071
-1744.40942426
-122.076303002
2663.34094187
-3030.79767918
2652.51405785
-1577.82387523
932.684403232
814.335838773
-2201.32291171
2550.16319469
-1087.51128964
-197.962620082
372.902662691
325.839202099
-475.264408768
124.439288158
94.3271263744
166.495903133
-14.1357018369
-527.23267349
882.906454364
-126.558186497
-650.612702599
755.117327022
249.579850697
-894.413275647
1071.76361482
-746.866300375
722.555504612
-264.045413339
-519.38732079
1423.2389582
-1322.18769479
584.449949849
124.392749842
-124.620088843
3636.6376027
-6454.55316185
7896.03599929
-2398.4185198
-2760.23031164
6899.98440651
-5717.40099967
5092.48833758
-2948.03734911
1156.62934891
2331.32027262
-3445.79793697
2311.20497457
-23.7860069476
-220.195438152
-988.913013238
1498.38624984
-462.223767178
-502.141203756
498.344613621
-206.477716725
837.379003069
-879.655173985
-228.223929385
2361.99644798
-2355.47112264
835.765373793
1530.16042679
-2017.74848128
2192.14658229
-1841.19476313
1654.1023278
0.901951322355
-1597.46127455
2278.83698628
-1180.66786999
201.476566564
-76.307800321
487.491279064
-256.02327155
-297.000762978
429.008180225
-71.5256585149
175.554804664
-714.406567251
954.205272764
-132.236026747
-723.1121117
926.689338832
-249.963900079
-91.2441059792
236.791043922
-261.893980395
699.559851754
-623.896403235
56.0631160899
731.483317652
-712.617956876
334.308361882
32.8608685623
92.5153603657
3876.3641262
-7206.02871903
8663.72350415
-2710.45196832
-3294.71653135
7704.81817182
-6771.25583689
5942.81745225
-3604.17040917
1125.5391026
2914.02836229
-4298.81206795
2621.48039074
-3.63730542258
-466.238814881
-1060.87006615
1565.2278063
-571.002946928
-517.357798813
213.643924715
20.5701137755
792.516049966
-1205.2064357
-184.920560614
2764.062224
-3048.01994459
1002.01584101
1928.27624573
-2747.96340451
2860.09971923
-2548.94635169
2268.53854549
-173.099804868
-2266.02154418
3314.72403512
-1902.97065638
210.549123248
83.1805220129
422.541634771
-289.102652265
-565.118721134
695.315269713
-69.9322264758
-175.126266476
-588.170432384
1088.79827279
-181.484653048
-1201.98721654
1481.27983471
-322.927625889
-661.224135314
889.978303303
-779.838692095
1162.39741487
-1148.16691634
162.996297411
1316.69414283
-1717.94375446
930.944237212
-59.5034021712
-9.16109897989
3801.58701414
-7009.53727169
8612.46659358
-2885.96288184
-2914.33232083
7254.81193754
-5977.36508945
5146.90373241
-3390.69905195
1654.70067755
2139.48854933
-4004.3214739
3005.61355551
-462.83510778
-137.03009272
-1118.40482582
1480.34619371
71.9914259769
-1673.0184881
1510.25859022
-497.579100329
462.794994516
-479.275773029
-630.120482096
2927.53121606
-3257.40303375
1356.72082911
1577.87093648
-2480.96382585
2350.60630794
-1927.00154186
1903.03138726
-664.018834435
-1330.54323792
2532.64945704
-1813.54357386
490.813287039
-189.167910303
563.14081073
-306.051555505
-795.288479997
1395.795581
-916.505315755
253.452930504
-245.940189209
369.478062659
386.216621566
-1435.19603428
1620.29046871
-536.610056433
-523.969939196
855.980095164
-717.199018357
924.065264722
-1035.10106375
440.415728568
603.208895418
-1155.2686854
788.732002655
-315.846440475
256.532451799
3650.68526366
-7005.35268838
8723.02792949
-3337.1567702
-2619.70002357
7490.17126882
-6820.9163741
5919.670539
-3674.10089138
1556.92688662
2319.66127655
-4338.70335835
3680.15877707
-1436.77001314
621.387660097
-1480.86234093
1331.5387422
484.374105552
-2451.68696599
2492.3067672
-1594.8543784
1227.87987215
-717.931533878
-986.840936851
3824.36729226
-4360.25327048
2399.32584421
901.126433905
-2282.69085793
2699.89546368
-2646.89698566
2875.12732668
-1465.43756072
-850.164527921
2484.88469329
-2089.89187124
1035.27825865
-997.950539892
1410.86043194
-962.103044627
-729.431824389
1771.66946143
-1655.38273908
1085.55870097
-1147.08107311
1026.90283963
224.453674312
-1921.42763803
2502.48487123
-1385.2454649
153.566410179
408.143724798
-494.534957897
1165.70120924
-1656.24304309
1276.13776957
12.6176490382
-759.686392516
611.585022313
-329.332758465
661.059789924
2863.43397573
-6391.97921614
8725.97636569
-3510.70728198
-2521.36831855
7499.95981561
-6629.39559337
5520.77907945
-3207.55727653
1340.45503641
2384.16098049
-4345.32083106
3568.00903479
-1062.16424015
197.752999765
-1241.56654504
1541.38260258
64.8072178306
-2058.32581913
2270.49335829
-1382.55722138
1127.43921873
-945.590531542
-309.563660904
2992.94893379
-3751.64306918
2233.20652215
929.754482028
-2121.66097517
2318.75217799
-1924.50710682
2073.25524185
-867.097227103
-1107.60824498
2586.41054944
-1992.77557653
595.18446434
-106.279986898
484.155679921
-378.879409467
-729.341736573
1453.68151643
-1126.0409875
400.006985218
-365.821264933
504.180208832
174.457362586
-1410.80830036
1874.24985158
-879.423247827
-324.785559006
865.267126292
-725.956372698
917.993069124
-1053.71527773
573.952772025
615.258345126
-1297.68621063
975.451275076
-259.81396117
44.2433651002
4118.9081852
-7913.19575257
10000.0
-3826.78193775
-3304.98506874
9467.63519191
-8784.05088304
7187.47884824
-3482.46254772
664.586210622
3783.45786557
-5563.40276719
4568.08021726
-1393.92585037
5.84022295135
-656.878210085
1003.74259869
365.052674185
-2212.03965568
2407.82230298
-1481.5704733
977.379134069
-537.539204036
-862.310271016
3507.62130052
-4146.75234669
2322.97166553
1371.81889927
-3038.75173364
3372.8964509
-2470.62362238
2117.22623803
-396.250086316
-1645.15469394
3303.18653874
-2486.56654012
831.7436955
189.718514976
99.3309769414
-101.299338587
-765.990978756
1541.27720994
-1288.49071091
477.994323102
-219.322969447
300.033678537
278.534563067
-1450.37426888
1998.39783727
-1042.88008231
-374.372913776
1164.07699016
-982.346952376
915.752314064
-866.469265015
526.64162619
554.073822253
-1233.97882287
1059.2037071
-226.645356786
-109.134601548
3697.51980922
-6383.59608992
7658.9228485
-2165.75384839
-3148.37811728
7759.4785011
-6243.90305234
4763.15248026
-1756.88170033
165.160421153
2980.3960323
-3869.93664028
3104.72219695
-374.770928127
-446.186947525
-266.420836514
1084.94979206
39.0524347854
-1569.70904553
1943.78414527
-855.001175992
51.0066708485
532.085975213
-1073.84426003
2380.76265063
-2097.01346535
409.015304953
2425.68980529
-2957.86775841
2255.5025732
-430.369841647
-120.795934847
981.969602852
-1503.79560825
2053.49357674
-1004.25697143
-109.909786321
822.823015927
-222.832586648
-2.96373269945
-371.991638091
1106.61858432
-856.186232378
83.1403091489
535.717886967
-544.957872283
656.738788353
-817.549431235
724.633110488
286.595374836
-1198.16107752
1409.7347998
-553.212470563
-129.393444141
507.970316094
-486.219648307
758.34772557
-737.571757092
373.599501885
348.707360819
-498.070123171
4183.80156218
-6820.23373512
7820.29160308
-1944.86509989
-3770.61460282
8300.04805645
-6677.55234933
5182.58142636
-2170.21832352
285.067653174
3332.77065004
-4660.3439
3785.86370807
-818.524316239
-390.343430339
-212.998221455
771.947898493
466.484435247
-2167.54810266
2421.80751428
-1133.7429858
93.0483846942
662.718417538
-1495.43426281
3129.42968083
-3030.03783723
1139.99911468
2191.52983431
-3380.88855203
3039.23229241
-1429.26103466
794.250238279
340.37469935
-1436.71200073
2523.93833791
-1894.06248249
625.490490593
250.312410233
29.3150957033
-133.546820656
-578.390752536
1563.36512235
-1590.48514157
754.707069171
83.0630939807
-400.054642344
817.621776178
-1393.36430804
1626.7316817
-681.687033473
-620.4933756
1443.23768593
-1120.64341796
664.035322979
-330.062401805
186.547895139
372.851708453
-847.819973675
889.295819429
-375.024735092
26.901774664
3809.41616992
-6363.99241223
7393.06346422
-1715.1928677
-3537.00139312
7809.24448711
-6383.51940905
4965.15317519
-1978.67336884
-124.359060664
3471.10309521
-4607.15096398
3592.62951136
-1077.56307209
123.299196571
-652.006314761
723.719876431
858.882562593
-2684.59122137
3069.33856659
-1907.57808128
738.008345332
645.996439902
-2105.86834086
3883.67533393
-3327.46863738
1130.86426725
2254.1598504
-3311.34236847
3050.61166089
-1546.92975077
737.970772273
666.583188712
-1785.64290848
2485.73274376
-1609.39372261
490.960843089
65.4272522025
154.520410954
154.294594807
-1140.35420809
1996.67663502
-1727.93215418
794.150228153
169.428628641
-811.77387752
1659.26956109
-2139.26046037
1776.83028248
-127.27251553
-1249.31820055
1875.97530303
-1334.04201721
882.714974253
-332.311657098
-157.711413975
967.71893978
-1200.18970806
889.751794102
-261.590543957
101.202694567
3866.73442838
-6662.16416264
7848.22826732
-1948.15867401
-3480.40114168
7750.2985596
-6315.48745366
5061.43056572
-2233.4370808
129.84883949
3468.38966338
-4686.55440942
3635.88174226
-1124.25023533
190.012826425
-644.908348138
496.684056976
1166.26273791
-2791.31612407
2785.29451539
-1478.49245183
524.276073095
530.84626977
-1792.42059383
3519.67092593
-3123.76888575
1082.52655815
1870.50013987
-2691.97895021
2455.93024456
-1386.54632103
976.858256366
182.170669513
-1338.65281969
2136.5930609
-1413.06087424
409.75975296
13.7221909314
216.512553933
15.6048920537
-862.89129968
1511.04501352
-1197.53674221
434.855052308
139.919852229
-365.709962629
895.285986073
-1324.82450343
1231.21301875
-182.717222214
-743.681900905
1092.82731473
-675.685451947
475.460920063
-253.26582568
55.4466763216
496.332263755
-683.772615233
511.607159198
-69.8313769195
-12.6356131296
3396.82047197
-5512.96241249
6160.35357063
-834.620709478
-3666.42206296
6804.55204705
-5038.8197203
3522.84164374
-1117.61259975
-840.616957554
3513.81578198
-4118.02738149
2440.77576886
-41.8659186627
-800.948522117
24.0880939377
88.4597254261
939.633763372
-2042.11170018
1676.78678381
-565.222114035
-143.432864319
736.277499508
-1660.96544214
2921.94485997
-2314.24244844
220.508927465
2428.81798351
-2932.95731845
2254.20889984
-930.121474004
251.588582525
837.925011411
-1901.49929212
2270.89577931
-1223.68998828
-170.877866241
617.843814795
-306.162512291
237.33945309
-929.180780868
1354.93096677
-927.424929859
-8.7033798579
502.164942832
-628.518153913
978.744107937
-1392.9053128
1189.42264607
76.3786623904
-1251.6938117
1586.75230079
-925.218809126
408.211464944
-83.4291167993
-214.766298521
854.646076378
-1132.63583134
733.114852671
13.2275264239
-305.758475418
3313.28171839
-5217.62832247
5945.38488597
-1548.93198259
-2478.08193886
5543.24713167
-4413.48420092
3476.09564141
-1476.30617763
71.1065191457
2366.62891351
-3242.58789299
2412.79297737
-564.528511745
-194.409685374
-252.974229088
241.022475814
816.423196924
-1982.27925637
1848.41210021
-790.870852737
47.1225311299
420.551951477
-998.277973416
2162.38104495
-2123.59356654
942.825023121
1056.11731752
-1649.92434089
1426.38105532
-735.267260219
756.17592706
-343.82986202
-420.48964568
1230.35993563
-1081.76214472
340.823122009
5.63625957598
203.167223273
-299.339989916
-339.657176544
959.929066904
-894.366290824
249.361778949
159.479765364
-93.2961704944
153.130450168
-541.144792491
858.331862113
-425.784757265
-230.771018158
579.044851901
-268.131337353
93.2512940572
-193.822829492
380.026359267
-71.2163332804
-346.78818445
413.395429234
-121.68886653
-85.6530902774
2366.11031633
-3580.06179425
3970.70710285
-582.717749571
-2040.06945211
3894.35000778
-2588.26180013
1764.09801893
-439.574191833
-201.160701627
1625.01575891
-1996.71187991
1211.41703604
154.681747498
-396.369636182
-318.24179567
541.466433908
345.370878237
-1360.94426673
1279.4784625
-380.411648543
-63.0273723885
187.494954347
-462.120936736
1453.61659422
-1451.45817377
529.737874192
1079.61364521
-1212.02704357
693.104624036
-53.9153113264
336.113786724
-275.747170586
-262.656782704
879.992788695
-585.073968386
-132.501165975
226.472931611
295.475499675
-527.74786617
-154.887142106
810.805989639
-696.75360249
29.2616911884
210.727908556
40.9743483719
-3.42369801341
-477.376407698
795.438589006
-231.910964398
-445.250473191
587.867094018
-42.3347534898
-134.27107967
-124.959538904
377.253511871
-18.2473612353
-387.275760736
304.837872787
113.404085575
-178.2455651
1803.38602052
-2672.48991886
3139.13662236
-514.011805406
-1589.17114225
3076.0704922
-1641.70550493
826.069029247
60.1882847864
58.8214609036
809.54831216
-1186.30390809
937.200342277
65.3565858897
-333.927738066
-224.672691235
584.823356657
-4.90595551192
-891.265376084
1014.43055659
-349.388932913
-41.8889423142
112.52464577
-117.113962913
792.472227957
-960.037984586
544.533418184
557.416174435
-717.446675554
386.768245749
165.372812938
98.025624077
-274.923088671
156.51885173
322.283531171
-312.215963367
-19.7548075878
160.81734619
175.455208377
-427.503519882
142.564565448
336.130170333
-412.88153498
83.3332731838
131.951762993
42.545043405
-153.103275416
-26.6591055203
328.249070024
-221.475429588
-89.0238498073
245.198567702
6.25993055113
-176.772174733
64.6604494218
192.753313806
-155.146869721
-49.6753826547
140.456230342
29.3233446771
-132.914508536
1311.25177726
-1490.57744775
1407.16743334
394.200742127
-1099.48001488
1529.5167828
-286.432595721
-73.0220816806
473.085684679
-61.0719043069
319.604323838
-273.217816555
245.871813739
96.4499317908
-25.3811718281
-196.936509252
282.654589981
97.547377341
-421.102202285
406.975060827
-51.0124545452
-22.6443607734
45.747272951
0.34970383701
380.887559505
-362.100724681
190.194120418
353.290159554
-257.245963261
88.6617700465
208.280815146
42.0855952824
-134.086597617
112.520656054
158.20825765
-112.126505404
-46.0169462943
123.256799864
84.3484191113
-210.109941567
73.6926427081
181.78490111
-174.089845637
-17.9134606806
131.09081736
22.1749507998
-110.654936488
40.73550277
163.532932347
-97.4974331912
-50.0333990027
155.384432932
21.4426315035
-111.636826716
62.4410538708
117.139204423
-90.9705770388
-38.5270569981
111.276630534
5.43618828504
-95.9454594796
940.280066697
-972.195864611
954.961768061
291.497199666
-682.732236008
1098.15783431
-366.855885939
301.988598941
142.308603289
-94.8482936433
432.096040717
-330.424660366
131.534776973
128.611820646
-72.9721002538
-156.748723711
153.981373981
84.1917737367
-292.019640606
241.919652065
11.7978277817
-26.9446022018
89.0764980795
-24.9570463794
286.30083012
-152.963822671
53.1698462965
310.105256767
-175.422622426
71.2940335494
115.23051327
27.8438676701
-61.1389217042
2.50504864526
128.123555246
-107.043636322
-26.0338674869
43.7832630048
51.1629382576
-105.462777477
-4.29889683075
164.615666761
-128.561694908
20.4046881937
96.5906400766
5.11443763559
-9.12774754708
-0.612879804472
130.21687536
-55.7475397705
-24.9699151766
101.448288478
-8.62549978417
-40.6789984569
3.61037537416
76.5184453303
-66.0008376632
-31.951085446
73.3639324124
-29.4497444163
-25.7358530568
776.112965885
-729.175102113
821.144895907
252.889959313
-397.399914962
928.930157362
-380.47399902
528.180685002
-51.1894682871
-26.543204167
496.302355476
-442.352007455
243.333633707
9.41545836886
-49.4759989187
-100.198796051
13.6297931981
144.510140352
-307.164350774
223.505214621
-45.612797317
28.2587968393
75.6527806229
-85.1277789278
375.729368851
-240.717542928
172.19741691
232.391938824
-170.621296332
238.012297129
-67.2714829295
171.396645891
-45.8335188634
-52.1067634077
217.780155144
-185.365983789
71.2870820761
-17.3692835407
17.0699744961
-33.2091592103
-84.8097236772
155.273521959
-152.148346177
42.2152404586
28.9170837607
-19.8006311354
47.8116453677
-77.091315203
156.740501184
-65.9008729427
4.86094640892
109.285443035
-50.0891260473
70.6379356037
-35.5408221101
79.1189586925
-2.22740749083
-48.2117313325
95.8543637582
-55.1174084321
17.5534121862
627.775464059
-689.594705201
691.963148298
103.697684716
-356.007004182
661.719683154
-235.395871443
223.776412469
93.7452667192
-105.303025866
353.799878763
-310.141080009
159.523359974
35.300855704
-82.5334399295
-1.52065102886
-15.5223774654
84.1025045763
-206.221026009
152.616631403
-27.9742055977
-51.8466945731
146.048612273
-122.287719222
208.904696337
-73.4060025424
21.0495312884
198.172062004
-127.891860276
147.879604482
17.3981325345
12.4019187873
58.3448945904
-42.9739568947
84.3852807295
-59.3087714919
18.9165500523
-4.05257333284
-27.0168321684
17.0602357169
-71.8215343082
62.1972927806
-53.9508339371
-13.0243012131
57.1504121942
-58.5065634531
59.1230502846
-9.83589902488
14.9468190897
48.3538023799
-24.441645142
58.579728088
5.45338412687
9.42236173191
27.0438289705
0.116984470541
17.0875855226
-12.5272210904
16.2284112342
-11.8726135039
-9.78013155391
4.5829038142
-24.7943855362
9.6884417938
-20.5755590655
-2.74346401784
7.79886043839
-20.8025675166
18.0927413923
-3.60089041301
2.07402886833
15.206741212
-1.60802898877
15.9774047559
3.72915237753
8.35613699684
10.1584891119
2.26247300197
7.6127441396
0.154159047863
4.16902809057
-2.7634502242
-0.671856129575
-0.168253090311
-7.16833180204
1.18641861077
-5.89314276335
-2.59195332583
-0.0408376893086
-4.88690907582
2.74098483593
-1.61439915034
0.679002735462
3.10533158752
0.279143622384
4.00844998464
2.11418430056
2.84061300192
2.90526099619
1.93367682745
2.23160754631
0.903396473719
1.38525745147
-0.0856417878736
0.0628300512319
-0.275157038456
-1.32233623393
-0.323949892497
-1.46228413306
-0.824442201401
-0.725913228361
-1.11605982321
-0.121382175396
-0.552088308797
-0.00108588075314
0.282406271347
0.247010834662
0.656652098641
0.551760352571
0.730460994397
0.679235312592
0.663649188249
0.620465426787
0.462435149325
0.440642746094
0.232264363798
0.219062226294
0.0750439314746
-0.020700439536
-0.0124330401646
-0.150508942891
-0.0973272695859
-0.134626668332
-0.122330299974
-0.0764609674892
-0.0808663907419
-0.0180859499567
-0.000548557646438
0.0354241813485
0.0710975381172
0.0822742049855
0.100170973055
0.0984008438417
0.104893702837
0.0965343484575
0.090371106477
0.0810623777256
0.0639851066537
0.0565120618336
0.0444557418396
0.0373339354211
0.0289853599274
0.0220855545366
0.0187414723629
0.0136694632637
0.0137067505004
0.0130214129754
0.0123703423266
0.0117518252103
0.0111642339498
0.0106060222523
0.0100757211397
0.00957193508269
0.00909333832856
0.00863867141213
0.00820673784152
0.00779640094945
0.00740658090197
0.00703625185688
0.00668443926403
0.00635021730083
0.00603270643579
0.005731071114
0.0054445175583
0.00517229168038
0.00491367709637
0.00466799324155
0.00443459357947
0.0042128639005
0.00400222070547
0.0038021096702
0.00361200418669
0.00343140397735
0.00325983377849
0.00309684208956
0.00294199998508
0.00279489998583
0.00265515498654
0.00252239723721
0.00239627737535
0.00227646350658
0.00216264033125
0.00205450831469
0.00195178289896
0.00185419375401
0.00176148406631
0.00167340986299
0.00158973936984
0.00151025240135
0.00143473978128
0.00136300279222
0.00129485265261
0.00123011001998
0.00116860451898
0.00111017429303
0.00105466557838
0.00100193229946
0.000951835684487
0.000904243900262
0.000859031705249
0.000816080119987
0.000775276113987
0.000736512308288
0.000699686692874
0.00066470235823
0.000631467240318
0.000599893878303
0.000569899184387
0.000541404225168
0.00051433401391
0.000488617313214
0.000464186447553
0.000440977125176
0.000418928268917
0.000397981855471
0.000378082762698
0.000359178624563
0.000341219693335
0.000324158708668
0.000307950773234
0.000292553234573
0.000277925572844
0.000264029294202
0.000250827829492
0.000238286438017
0.000226372116116
0.000215053510311
0.000204300834795
0.000194085793055
0.000184381503402
0.000175162428232
0.000166404306821
0.00015808409148
0.000150179886906
0.00014267089256
0.000135537347932
0.000128760480536
0.000122322456509
0.000116206333684
0.000110396016999
0.000104876216149
9.96324053419e-05
9.46507850748e-05
8.99182458211e-05
8.542233353e-05
8.11512168535e-05
7.70936560109e-05
7.32389732103e-05
6.95770245498e-05
6.60981733223e-05
6.27932646562e-05
5.96536014234e-05
5.66709213522e-05
5.38373752846e-05
5.11455065204e-05
4.85882311944e-05
4.61588196346e-05
4.38508786529e-05
4.16583347203e-05
3.95754179842e-05
3.7596647085e-05
3.57168147308e-05
3.39309739942e-05
3.22344252945e-05
3.06227040298e-05
2.90915688283e-05
2.76369903869e-05
2.62551408676e-05
2.49423838242e-05
2.3695264633e-05
2.25105014013e-05
2.13849763313e-05
2.03157275147e-05
1.9299941139e-05
1.8334944082e-05
1.74181968779e-05
1.6547287034e-05
1.57199226823e-05
1.49339265482e-05
1.41872302208e-05
1.34778687097e-05
1.28039752743e-05
1.21637765105e-05
1.1555587685e-05
1.09778083008e-05
1.04289178857e-05
9.90747199144e-06
9.41209839187e-06
8.94149347228e-06
8.49441879866e-06
8.06969785873e-06
7.66621296579e-06
7.2829023175e-06
6.91875720163e-06
6.57281934155e-06
6.24417837447e-06
5.93196945575e-06
5.63537098296e-06
5.35360243381e-06
5.08592231212e-06
4.83162619652e-06
4.59004488669e-06
4.36054264235e-06
4.14251551024e-06
3.93538973473e-06
3.73862024799e-06
3.55168923559e-06
3.37410477381e-06
3.20539953512e-06
3.04512955836e-06
2.89287308045e-06
2.74822942642e-06
2.6108179551e-06
2.48027705735e-06
2.35626320448e-06
2.23845004426e-06
2.12652754204e-06
2.02020116494e-06
1.91919110669e-06
1.82323155136e-06
1.73206997379e-06
1.6454664751e-06
1.56319315135e-06
1.48503349378e-06
1.41078181909e-06
1.34024272814e-06
1.27323059173e-06
1.20956906214e-06
1.14909060904e-06
1.09163607858e-06
1.03705427465e-06
9.85201560922e-07
9.35941482876e-07
8.89144408732e-07
8.44687188295e-07
8.0245282888e-07
7.62330187436e-07
7.24213678065e-07
6.88002994161e-07
6.53602844453e-07
6.20922702231e-07
5.89876567119e-07
5.60382738763e-07
5.32363601825e-07
5.05745421734e-07
4.80458150647e-07
4.56435243115e-07
4.33613480959e-07
4.11932806911e-07
3.91336166565e-07
3.71769358237e-07
3.53180890325e-07
3.35521845809e-07
3.18745753519e-07
3.02808465843e-07
2.87668042551e-07
2.73284640423e-07
2.59620408402e-07
2.46639387982e-07
2.34307418583e-07
2.22592047654e-07
2.11462445271e-07
2.00889323007e-07
1.90844856857e-07
1.81302614014e-07
1.72237483313e-07
1.63625609148e-07
1.5544432869e-07
1.47672112256e-07
1.40288506643e-07
1.33274081311e-07
1.26610377245e-07
1.20279858383e-07
1.14265865464e-07
1.08552572191e-07
1.03124943581e-07
9.79686964021e-08
9.3070261582e-08
8.84167485029e-08
8.39959110778e-08
7.97961155239e-08
7.58063097477e-08
7.20159942603e-08
6.84151945473e-08
6.49944348199e-08
6.17447130789e-08
5.8657477425e-08
5.57246035537e-08
5.2938373376e-08
5.02914547072e-08
4.77768819719e-08
4.53880378733e-08
4.31186359796e-08
4.09627041806e-08
3.89145689716e-08
3.6968840523e-08
3.51203984969e-08
3.3364378572e-08
3.16961596434e-08
3.01113516613e-08
2.86057840782e-08
2.71754948743e-08
2.58167201306e-08
2.4525884124e-08
2.32995899178e-08
2.2134610422e-08
2.10278799009e-08
1.99764859058e-08
1.89776616105e-08
1.802877853e-08
1.71273396035e-08
1.62709726233e-08
1.54574239922e-08
1.46845527925e-08
1.39503251529e-08
1.32528088953e-08
1.25901684505e-08
1.1960660028e-08
1.13626270266e-08
1.07944956753e-08
1.02547708915e-08
9.74203234692e-09
9.25493072957e-09
8.79218419309e-09
8.35257498344e-09
7.93494623427e-09
7.53819892255e-09
7.16128897643e-09
6.8032245276e-09
6.46306330122e-09
6.13991013616e-09
5.83291462936e-09
5.54126889789e-09
5.26420545299e-09
5.00099518034e-09
4.75094542133e-09
4.51339815026e-09
4.28772824275e-09
4.07334183061e-09
3.86967473908e-09
3.67619100213e-09
3.49238145202e-09
3.31776237942e-09
3.15187426045e-09
2.99428054742e-09
2.84456652005e-09
2.70233819405e-09
2.56722128435e-09
2.43886022013e-09
2.31691720912e-09
2.20107134867e-09
2.09101778123e-09
1.98646689217e-09
1.88714354756e-09
1.79278637019e-09
1.70314705168e-09
1.61798969909e-09
1.53709021414e-09
1.46023570343e-09
1.38722391826e-09
1.31786272235e-09
1.25196958623e-09
1.18937110692e-09
1.12990255157e-09
1.07340742399e-09
1.01973705279e-09
9.68750200154e-10
9.20312690146e-10
8.74297055639e-10
8.30582202857e-10
7.89053092714e-10
7.49600438079e-10
7.12120416175e-10
6.76514395366e-10
6.42688675598e-10
6.10554241818e-10
5.80026529727e-10
5.51025203241e-10
5.23473943078e-10
4.97300245925e-10
4.72435233628e-10
4.48813471947e-10
4.2637279835e-10
4.05054158432e-10
3.8480145051e-10
3.65561377985e-10
3.47283309086e-10
3.29919143631e-10
3.1342318645e-10
2.97752027127e-10
2.82864425771e-10
2.68721204482e-10
2.55285144258e-10
2.42520887045e-10
2.30394842693e-10
2.18875100558e-10
2.07931345531e-10
1.97534778254e-10
1.87658039341e-10
1.78275137374e-10
1.69361380506e-10
1.6089331148e-10
1.52848645906e-10
1.45206213611e-10
1.3794590293e-10
1.31048607784e-10
1.24496177395e-10
1.18271368525e-10
1.12357800099e-10
1.06739910094e-10
1.01402914589e-10
9.63327688596e-11
9.15161304166e-11
8.69403238958e-11
8.2593307701e-11
7.8463642316e-11
7.45404602002e-11
7.08134371902e-11
6.72727653307e-11
6.39091270641e-11
6.07136707109e-11
5.76779871754e-11
5.47940878166e-11
5.20543834258e-11
4.94516642545e-11
4.69790810418e-11
4.46301269897e-11
4.23986206402e-11
4.02786896082e-11
3.82647551278e-11
3.63515173714e-11
3.45339415028e-11
3.28072444277e-11
3.11668822063e-11
2.9608538096e-11
2.81281111912e-11
2.67217056316e-11
2.538562035e-11
2.41163393325e-11
2.29105223659e-11
2.17649962476e-11
2.06767464352e-11
1.96429091135e-11
1.86607636578e-11
1.77277254749e-11
1.68413392012e-11
1.59992722411e-11
1.5199308629e-11
1.44393431976e-11
1.37173760377e-11
1.30315072358e-11
1.2379931874e-11
1.17609352803e-11
1.11728885163e-11
1.06142440905e-11
1.0083531886e-11
9.57935529168e-12
9.1003875271e-12
8.64536815074e-12
8.2130997432e-12
7.80244475604e-12
7.41232251824e-12
7.04170639233e-12
6.68962107271e-12
6.35514001908e-12
6.03738301812e-12
5.73551386722e-12
5.44873817386e-12
5.17630126516e-12
4.91748620191e-12
4.67161189181e-12
4.43803129722e-12
4.21612973236e-12
4.00532324574e-12
3.80505708345e-12
3.61480422928e-12
3.43406401782e-12
3.26236081693e-12
3.09924277608e-12
2.94428063728e-12
2.79706660541e-12
2.65721327514e-12
2.52435261138e-12
2.39813498081e-12
2.27822823177e-12
2.16431682019e-12
2.05610097918e-12
1.95329593022e-12
1.85563113371e-12
1.76284957702e-12
1.67470709817e-12
1.59097174326e-12
1.5114231561e-12
1.43585199829e-12
1.36405939838e-12
1.29585642846e-12
1.23106360704e-12
1.16951042669e-12
1.11103490535e-12
1.05548316008e-12
1.00270900208e-12
9.52573551975e-13
9.04944874376e-13
8.59697630658e-13
8.16712749125e-13
7.75877111669e-13
7.37083256085e-13
7.00229093281e-13
6.65217638617e-13
6.31956756686e-13
6.00358918852e-13
5.70340972909e-13
5.41823924264e-13
5.1473272805e-13
4.88996091648e-13
4.64546287066e-13
4.41318972712e-13
4.19253024077e-13
3.98290372873e-13
3.78375854229e-13
3.59457061518e-13
3.41484208442e-13
3.2440999802e-13
3.08189498119e-13
2.92780023213e-13
2.78141022052e-13
2.6423397095e-13
2.51022272402e-13
2.38471158782e-13
2.26547600843e-13
2.15220220801e-13
2.04459209761e-13
1.94236249273e-13
1.84524436809e-13
1.75298214969e-13
1.6653330422e-13
1.58206639009e-13
1.50296307059e-13
1.42781491706e-13
1.3564241712e-13
1.28860296264e-13
1.22417281451e-13
1.16296417379e-13
1.1048159651e-13
1.04957516684e-13
9.970964085e-14
9.47241588075e-14
8.99879508671e-14
8.54885533238e-14
8.12141256576e-14
7.71534193747e-14
7.3295748406e-14
6.96309609857e-14
6.61494129364e-14
6.28419422896e-14
5.96998451751e-14
5.67148529163e-14
5.38791102705e-14
5.1185154757e-14
4.86258970192e-14
4.61946021682e-14
4.38848720598e-14
4.16906284568e-14
3.9606097034e-14
3.76257921823e-14
3.57445025731e-14
3.39572774445e-14
3.22594135723e-14
3.06464428937e-14
2.9114120749e-14
2.76584147115e-14
2.62754939759e-14
2.49617192771e-14
2.37136333133e-14
2.25279516476e-14
2.14015540652e-14
2.0331476362e-14
1.93149025439e-14
1.83491574167e-14
1.74316995459e-14
1.65601145686e-14
1.57321088401e-14
1.49455033981e-14
1.41982282282e-14
1.34883168168e-14
1.2813900976e-14
1.21732059272e-14
1.15645456308e-14
1.09863183493e-14
1.04370024318e-14
9.91515231022e-15
9.41939469471e-15
8.94842495997e-15
8.50100371197e-15
8.07595352637e-15
7.67215585006e-15
7.28854805755e-15
6.92412065467e-15
6.57791462194e-15
6.24901889084e-15
5.9365679463e-15
5.63973954899e-15
5.35775257154e-15
5.08986494296e-15
4.83537169581e-15
4.59360311102e-15
4.36392295547e-15
4.1457268077e-15
3.93844046731e-15
3.74151844395e-15
3.55444252175e-15
3.37672039566e-15
3.20788437588e-15
3.04749015708e-15
2.89511564923e-15
2.75035986677e-15
2.61284187343e-15
2.48219977976e-15
2.35808979077e-15
2.24018530123e-15
2.12817603617e-15
2.02176723436e-15
1.92067887264e-15
1.82464492901e-15
1.73341268256e-15
1.64674204843e-15
1.56440494601e-15
1.48618469871e-15
1.41187546378e-15
1.34128169059e-15
1.27421760606e-15
1.21050672575e-15
1.14998138947e-15
1.09248231999e-15
1.03785820399e-15
9.85965293794e-16
9.36667029104e-16
8.89833677649e-16
8.45341993767e-16
8.03074894078e-16
7.62921149375e-16
7.24775091906e-16
6.8853633731e-16
6.54109520445e-16
6.21404044423e-16
5.90333842202e-16
5.60817150092e-16
5.32776292587e-16
5.06137477958e-16
4.8083060406e-16
4.56789073857e-16
4.33949620164e-16
4.12252139156e-16
3.91639532198e-16
3.72057555588e-16
3.53454677809e-16
3.35781943918e-16
3.18992846722e-16
3.03043204386e-16
2.87891044167e-16
2.73496491959e-16
2.59821667361e-16
2.46830583993e-16
2.34489054793e-16
2.22764602053e-16
2.11626371951e-16
2.01045053353e-16
1.90992800685e-16
1.81443160651e-16
1.72371002619e-16
1.63752452488e-16
1.55564829863e-16
1.4778658837e-16
1.40397258952e-16
1.33377396004e-16
1.26708526204e-16
1.20373099894e-16
1.14354444899e-16
1.08636722654e-16
1.03204886521e-16
9.80446421952e-17
9.31424100855e-17
8.84852895812e-17
8.40610251021e-17
7.9857973847e-17
7.58650751547e-17
7.2071821397e-17
6.84682303271e-17
6.50448188108e-17
6.17925778702e-17
5.87029489767e-17
5.57678015279e-17
5.29794114515e-17
5.03304408789e-17
4.7813918835e-17
4.54232228932e-17
4.31520617485e-17
4.09944586611e-17
3.89447357281e-17
3.69974989417e-17
3.51476239946e-17
3.33902427948e-17
3.17207306551e-17
3.01346941224e-17
2.86279594162e-17
2.71965614454e-17
2.58367333732e-17
2.45448967045e-17
2.33176518693e-17
2.21517692758e-17
2.1044180812e-17
1.99919717714e-17
1.89923731828e-17
1.80427545237e-17
1.71406167975e-17
1.62835859576e-17
1.54694066598e-17
1.46959363268e-17
1.39611395104e-17
1.32630825349e-17
1.25999284082e-17
1.19699319878e-17
1.13714353884e-17
1.0802863619e-17
1.0262720438e-17
9.7495844161e-18
9.2621051953e-18
8.79899993553e-18
8.35904993876e-18
7.94109744182e-18
7.54404256973e-18
7.16684044124e-18
6.80849841918e-18
6.46807349822e-18
6.14466982331e-18
5.83743633214e-18
5.54556451554e-18
5.26828628976e-18
5.00487197527e-18
4.75462837651e-18
4.51689695768e-18
4.2910521098e-18
4.07649950431e-18
3.87267452909e-18
3.67904080264e-18
3.49508876251e-18
3.32033432438e-18
3.15431760816e-18
2.99660172775e-18
2.84677164137e-18
2.7044330593e-18
2.56921140633e-18
2.44075083602e-18
2.31871329422e-18
2.2027776295e-18
2.09263874803e-18
1.98800681063e-18
1.8886064701e-18
1.79417614659e-18
1.70446733926e-18
1.6192439723e-18
1.53828177368e-18
1.461367685e-18
1.38829930075e-18
1.31888433571e-18
1.25294011893e-18
1.19029311298e-18
1.13077845733e-18
1.07423953446e-18
1.02052755774e-18
9.69501179855e-19
9.21026120862e-19
8.74974814819e-19
8.31226074078e-19
7.89664770374e-19
7.50181531855e-19
7.12672455262e-19
6.77038832499e-19
6.43186890874e-19
6.11027546331e-19
5.80476169014e-19
5.51452360563e-19
5.23879742535e-19
4.97685755408e-19
4.72801467638e-19
4.49161394256e-19
4.26703324543e-19
4.05368158316e-19
3.850997504e-19
3.6584476288e-19
3.47552524736e-19
3.301748985e-19
3.13666153575e-19
2.97982845896e-19
2.83083703601e-19
2.68929518421e-19
2.554830425e-19
2.42708890375e-19
2.30573445856e-19
2.19044773563e-19
2.08092534885e-19
1.97687908141e-19
1.87803512734e-19
1.78413337097e-19
1.69492670242e-19
1.6101803673e-19
1.52967134894e-19
1.45318778149e-19
1.38052839242e-19
1.3115019728e-19
1.24592687416e-19
1.18363053045e-19
1.12444900393e-19
1.06822655373e-19
1.01481522604e-19
9.6407446474e-20
9.15870741503e-20
8.70077204428e-20
8.26573344207e-20
7.85244676996e-20
7.45982443147e-20
7.08683320989e-20
6.7324915494e-20
6.39586697193e-20
6.07607362333e-20
5.77226994216e-20
5.48365644506e-20
5.2094736228e-20
4.94899994166e-20
4.70154994458e-20
4.46647244735e-20
4.24314882498e-20
4.03099138373e-20
3.82944181455e-20
3.63796972382e-20
3.45607123763e-20
3.28326767575e-20
3.11910429196e-20
2.96314907736e-20
2.81499162349e-20
2.67424204232e-20
2.5405299402e-20
2.41350344319e-20
2.29282827103e-20
2.17818685748e-20
2.06927751461e-20
1.96581363888e-20
1.86752295693e-20
1.77414680909e-20
1.68543946863e-20
1.6011674952e-20
1.52110912044e-20
1.44505366442e-20
1.3728009812e-20
1.30416093214e-20
1.23895288553e-20
1.17700524125e-20
1.11815497919e-20
1.06224723023e-20
1.00913486872e-20
9.58678125285e-21
9.1074421902e-21
8.65207008069e-21
8.21946657666e-21
7.80849324783e-21
7.41806858544e-21
7.04716515616e-21
6.69480689836e-21
6.36006655344e-21
6.04206322577e-21
5.73996006448e-21
5.45296206125e-21
5.18031395819e-21
4.92129826028e-21
4.67523334727e-21
4.4414716799e-21
4.21939809591e-21
4.00842819111e-21
3.80800678156e-21
3.61760644248e-21
3.43672612036e-21
3.26488981434e-21
3.10164532362e-21
2.94656305744e-21
2.79923490457e-21
2.65927315934e-21
2.52630950137e-21
2.3999940263e-21
2.27999432499e-21
2.16599460874e-21
2.0576948783e-21
1.95481013439e-21
1.85706962767e-21
1.76421614628e-21
1.67600533897e-21
1.59220507202e-21
1.51259481842e-21
1.4369650775e-21
1.36511682362e-21
1.29686098244e-21
1.23201793332e-21
1.17041703666e-21
1.11189618482e-21
1.05630137558e-21
1.0034863068e-21
9.53311991462e-22
9.05646391889e-22
8.60364072295e-22
8.1734586868e-22
7.76478575246e-22
7.37654646484e-22
7.00771914159e-22
6.65733318451e-22
6.32446652529e-22
6.00824319902e-22
5.70783103907e-22
5.42243948712e-22
5.15131751276e-22
4.89375163713e-22
4.64906405527e-22
4.41661085251e-22
4.19578030988e-22
3.98599129439e-22
3.78669172967e-22
3.59735714318e-22
3.41748928602e-22
3.24661482172e-22
3.08428408064e-22
2.93006987661e-22
2.78356638277e-22
2.64438806364e-22
2.51216866045e-22
2.38656022743e-22
2.26723221606e-22
2.15387060526e-22
2.04617707499e-22
1.94386822124e-22
1.84667481018e-22
1.75434106967e-22
1.66662401619e-22
1.58329281538e-22
1.50412817461e-22
1.42892176588e-22
1.35747567759e-22
1.28960189371e-22
1.22512179902e-22
1.16386570907e-22
1.10567242362e-22
1.05038880244e-22
9.97869362314e-23
9.47975894199e-23
9.00577099489e-23
8.55548244514e-23
8.12770832289e-23
7.72132290674e-23
7.3352567614e-23
6.96849392333e-23
6.62006922717e-23
6.28906576581e-23
5.97461247752e-23
5.67588185364e-23
5.39208776096e-23
5.12248337291e-23
4.86635920427e-23
4.62304124405e-23
4.39188918185e-23
4.17229472276e-23
3.96367998662e-23
3.76549598729e-23
3.57722118793e-23
3.39836012853e-23
3.2284421221e-23
3.067020016e-23
2.9136690152e-23
2.76798556444e-23
2.62958628622e-23
2.4981069719e-23
2.37320162331e-23
2.25454154214e-23
2.14181446504e-23
2.03472374179e-23
1.9329875547e-23
1.83633817696e-23
1.74452126811e-23
1.65729520471e-23
1.57443044447e-23
1.49570892225e-23
1.42092347614e-23
1.34987730233e-23
1.28238343721e-23
1.21826426535e-23
1.15735105208e-23
1.09948349948e-23
1.04450932451e-23
9.92283858281e-24
9.42669665367e-24
8.95536182099e-24
8.50759372994e-24
8.08221404344e-24
7.67810334127e-24
7.2941981742e-24
6.92948826549e-24
6.58301385222e-24
6.25386315961e-24
5.94117000163e-24
5.64411150155e-24
5.36190592647e-24
5.09381063015e-24
4.83912009864e-24
4.59716409371e-24
4.36730588902e-24
4.14894059457e-24
3.94149356484e-24
3.7444188866e-24
3.55719794227e-24
3.37933804516e-24
3.2103711429e-24
3.04985258575e-24
2.89735995647e-24
2.75249195864e-24
2.61486736071e-24
2.48412399267e-24
2.35991779304e-24
2.24192190339e-24
2.12982580822e-24
2.02333451781e-24
1.92216779192e-24
1.82605940232e-24
1.73475643221e-24
1.6480186106e-24
1.56561768007e-24
1.48733679606e-24
1.41296995626e-24
1.34232145845e-24
1.27520538552e-24
1.21144511625e-24
1.15087286044e-24
1.09332921741e-24
1.03866275654e-24
9.86729618716e-25
9.3739313778e-25
8.90523480891e-25
8.45997306847e-25
8.03697441504e-25
7.63512569429e-25
7.25336940958e-25
6.8907009391e-25
6.54616589214e-25
6.21885759754e-25
5.90791471766e-25
5.61251898178e-25
5.33189303269e-25
5.06529838105e-25
4.812033462e-25
4.5714317889e-25
4.34286019945e-25
4.12571718948e-25
3.91943133001e-25
3.72345976351e-25
3.53728677533e-25
3.36042243657e-25
3.19240131474e-25
3.032781249e-25
2.88114218655e-25
2.73708507722e-25
2.60023082336e-25
2.47021928219e-25
2.34670831808e-25
2.22937290218e-25
2.11790425707e-25
2.01200904422e-25
1.91140859201e-25
1.81583816241e-25
1.72504625429e-25
1.63879394157e-25
1.55685424449e-25
1.47901153227e-25
1.40506095565e-25
1.33480790787e-25
1.26806751248e-25
1.20466413685e-25
1.14443093001e-25
1.08720938351e-25
1.03284891434e-25
9.81206468619e-26
9.32146145188e-26
8.85538837929e-26
8.41261896032e-26
7.99198801231e-26
7.59238861169e-26
7.21276918111e-26
6.85213072205e-26
6.50952418595e-26
6.18404797665e-26
5.87484557782e-26
5.58110329893e-26
5.30204813398e-26
5.03694572728e-26
4.78509844092e-26
4.54584351887e-26
4.31855134293e-26
4.10262377578e-26
3.89749258699e-26
3.70261795764e-26
3.51748705976e-26
3.34161270677e-26
3.17453207143e-26
3.01580546786e-26
2.86501519447e-26
2.72176443475e-26
2.58567621301e-26
2.45639240236e-26
2.33357278224e-26
2.21689414313e-26
2.10604943597e-26
2.00074696417e-26
1.90070961596e-26
1.80567413517e-26
1.71539042841e-26
1.62962090699e-26
1.54813986164e-26
1.47073286856e-26
1.39719622513e-26
1.32733641387e-26
1.26096959318e-26
1.19792111352e-26
1.13802505784e-26
1.08112380495e-26
1.0270676147e-26
9.75714233969e-27
9.2692852227e-27
8.80582096157e-27
8.36552991349e-27
7.94725341781e-27
7.54989074692e-27
7.17239620958e-27
6.8137763991e-27
6.47308757914e-27
6.14943320019e-27
5.84196154018e-27
5.54986346317e-27
5.27237029001e-27
5.00875177551e-27
4.75831418673e-27
4.5203984774e-27
4.29437855353e-27
4.07965962585e-27
3.87567664456e-27
3.68189281233e-27
3.49779817171e-27
3.32290826313e-27
3.15676284997e-27
2.99892470747e-27
2.8489784721e-27
2.70652954849e-27
2.57120307107e-27
2.44264291752e-27
2.32051077164e-27
2.20448523306e-27
2.09426097141e-27
1.98954792284e-27
1.89007052669e-27
1.79556700036e-27
1.70578865034e-27
1.62049921782e-27
1.53947425693e-27
1.46250054409e-27
1.38937551688e-27
1.31990674104e-27
1.25391140399e-27
1.19121583379e-27
1.1316550421e-27
1.07507228999e-27
1.02131867549e-27
9.70252741718e-28
9.21740104632e-28
8.75653099401e-28
8.31870444431e-28
7.90276922209e-28
7.50763076099e-28
7.13224922294e-28
6.77563676179e-28
6.4368549237e-28
6.11501217751e-28
5.80926156864e-28
5.51879849021e-28
5.2428585657e-28
4.98071563741e-28
4.73167985554e-28
4.49509586276e-28
4.27034106963e-28
4.05682401614e-28
3.85398281534e-28
3.66128367457e-28
3.47821949084e-28
3.3043085163e-28
3.13909309049e-28
2.98213843596e-28
2.83303151416e-28
2.69137993845e-28
2.55681094153e-28
2.42897039446e-28
2.30752187473e-28
2.192145781e-28
2.08253849195e-28
1.97841156735e-28
1.87949098898e-28
1.78551643953e-28
1.69624061756e-28
1.61142858668e-28
1.53085715734e-28
1.45431429948e-28
1.3815985845e-28
1.31251865528e-28
1.24689272251e-28
1.18454808639e-28
1.12532068207e-28
1.06905464797e-28
1.01560191557e-28
9.64821819789e-29
9.16580728799e-29
8.70751692359e-29
8.27214107741e-29
7.85853402354e-29
7.46560732237e-29
7.09232695625e-29
6.73771060844e-29
6.40082507801e-29
6.08078382411e-29
5.77674463291e-29
5.48790740126e-29
5.2135120312e-29
4.95283642964e-29
4.70519460816e-29
4.46993487775e-29
4.24643813386e-29
4.03411622717e-29
3.83241041581e-29
3.64078989502e-29
3.45875040027e-29
3.28581288026e-29
3.12152223624e-29
2.96544612443e-29
2.81717381821e-29
2.6763151273e-29
2.54249937093e-29
2.41537440239e-29
2.29460568227e-29
2.17987539815e-29
2.07088162825e-29
1.96733754683e-29
1.86897066949e-29
1.77552213602e-29
1.68674602922e-29
1.60240872776e-29
1.52228829137e-29
1.4461738768e-29
1.37386518296e-29
1.30517192381e-29
1.23991332762e-29
1.17791766124e-29
1.11902177818e-29
1.06307068927e-29
1.00991715481e-29
9.59421297065e-30
9.11450232212e-30
8.65877720602e-30
8.22583834572e-30
7.81454642843e-30
7.42381910701e-30
7.05262815166e-30
6.69999674407e-30
6.36499690687e-30
6.04674706153e-30
5.74440970845e-30
5.45718922303e-30
5.18432976188e-30
4.92511327378e-30
4.67885761009e-30
4.44491472959e-30
4.22266899311e-30
4.01153554345e-30
3.81095876628e-30
3.62041082797e-30
3.43939028657e-30
3.26742077224e-30
3.10404973363e-30
2.94884724695e-30
2.8014048846e-30
2.66133464037e-30
2.52826790835e-30
2.40185451293e-30
2.28176178729e-30
2.16767369792e-30
2.05929001303e-30
1.95632551238e-30
1.85850923676e-30
1.76558377492e-30
1.67730458617e-30
1.59343935686e-30
1.51376738902e-30
1.43807901957e-30
1.36617506859e-30
1.29786631516e-30
1.2329729994e-30
1.17132434943e-30
1.11275813196e-30
1.05712022536e-30
1.0042642141e-30
9.54051003391e-31
9.06348453221e-31
8.6103103056e-31
8.17979479032e-31
7.77080505081e-31
7.38226479827e-31
7.01315155835e-31
6.66249398043e-31
6.32936928141e-31
6.01290081734e-31
5.71225577648e-31
5.42664298765e-31
5.15531083827e-31
4.89754529636e-31
4.65266803154e-31
4.42003462996e-31
4.19903289846e-31
3.98908125354e-31
3.78962719086e-31
3.60014583132e-31
3.42013853975e-31
3.24913161277e-31
3.08667503213e-31
2.93234128052e-31
2.7857242165e-31
2.64643800567e-31
2.51411610539e-31
2.38841030012e-31
2.26898978511e-31
2.15554029586e-31
2.04776328106e-31
1.94537511701e-31
1.84810636116e-31
1.7557010431e-31
1.66791599095e-31
1.5845201914e-31
1.50529418183e-31
1.43002947274e-31
1.3585279991e-31
1.29060159915e-31
1.22607151919e-31
1.16476794323e-31
1.10652954607e-31
1.05120306876e-31
9.98642915326e-32
9.4871076956e-32
9.01275231082e-32
8.56211469528e-32
8.13400896051e-32
7.72730851249e-32
7.34094308686e-32
6.97389593252e-32
6.62520113589e-32
6.2939410791e-32
5.97924402514e-32
5.68028182389e-32
5.39626773269e-32
5.12645434606e-32
4.87013162876e-32
4.62662504732e-32
4.39529379495e-32
4.1755291052e-32
3.96675264994e-32
3.76841501745e-32
3.57999426657e-32
3.40099455325e-32
3.23094482558e-32
3.0693975843e-32
2.91592770509e-32
2.77013131983e-32
2.63162475384e-32
2.50004351615e-32
2.37504134034e-32
2.25628927333e-32
2.14347480966e-32
2.03630106918e-32
1.93448601572e-32
1.83776171493e-32
1.74587362919e-32
1.65857994773e-32
1.57565095034e-32
1.49686840282e-32
1.42202498268e-32
1.35092373355e-32
1.28337754687e-32
1.21920866953e-32
1.15824823605e-32
1.10033582425e-32
1.04531903304e-32
9.93053081384e-33
9.43400427314e-33
8.96230405949e-33
8.51418885651e-33
8.08847941369e-33
7.684055443e-33
7.29985267085e-33
6.93486003731e-33
6.58811703544e-33
6.25871118367e-33
5.94577562449e-33
5.64848684326e-33
5.3660625011e-33
5.09775937605e-33
4.84287140724e-33
4.60072783688e-33
4.37069144504e-33
4.15215687279e-33
3.94454902915e-33
3.74732157769e-33
3.5599554988e-33
3.38195772386e-33
3.21285983767e-33
3.05221684579e-33
2.8996060035e-33
2.75462570332e-33
2.61689441816e-33
2.48604969725e-33
2.36174721239e-33
2.24365985177e-33
2.13147685918e-33
2.02490301622e-33
1.92365786541e-33
1.82747497214e-33
1.73610122353e-33
1.64929616236e-33
1.56683135424e-33
1.48848978653e-33
1.4140652972e-33
1.34336203234e-33
1.27619393072e-33
1.21238423419e-33
1.15176502248e-33
1.09417677135e-33
1.03946793279e-33
9.87494536146e-34
9.38119809339e-34
8.91213818872e-34
8.46653127928e-34
8.04320471532e-34
7.64104447955e-34
7.25899225557e-34
6.8960426428e-34
6.55124051066e-34
6.22367848512e-34
5.91249456087e-34
5.61686983282e-34
5.33602634118e-34
5.06922502412e-34
4.81576377292e-34
4.57497558427e-34
4.34622680506e-34
4.12891546481e-34
3.92246969156e-34
3.72634620699e-34
3.54002889664e-34
3.36302745181e-34
3.19487607922e-34
3.03513227525e-34
2.88337566149e-34
2.73920687842e-34
2.6022465345e-34
2.47213420777e-34
2.34852749738e-34
2.23110112251e-34
2.11954606639e-34
2.01356876307e-34
1.91289032492e-34
1.81724580867e-34
1.72638351824e-34
1.64006434232e-34
1.55806112521e-34
1.48015806895e-34
1.4061501655e-34
1.33584265723e-34
1.26905052436e-34
1.20559799815e-34
1.14531809824e-34
1.08805219333e-34
1.03364958366e-34
9.81967104477e-35
9.32868749253e-35
8.86225311791e-35
8.41914046201e-35
7.99818343891e-35
7.59827426697e-35
7.21836055362e-35
6.85744252594e-35
6.51457039964e-35
6.18884187966e-35
5.87939978567e-35
5.58542979639e-35
5.30615830657e-35
5.04085039124e-35
4.78880787168e-35
4.5493674781e-35
4.32189910419e-35
4.10580414898e-35
3.90051394153e-35
3.70548824446e-35
3.52021383223e-35
3.34420314062e-35
3.17699298359e-35
3.01814333441e-35
2.86723616769e-35
2.72387435931e-35
2.58768064134e-35
2.45829660927e-35
2.33538177881e-35
2.21861268987e-35
2.10768205538e-35
2.00229795261e-35
1.90218305498e-35
1.80707390223e-35
1.71672020712e-35
1.63088419676e-35
1.54933998692e-35
1.47187298758e-35
1.3982793382e-35
1.32836537129e-35
1.26194710272e-35
1.19884974759e-35
1.13890726021e-35
1.0819618972e-35
1.02786380234e-35
9.76470612221e-36
9.2764708161e-36
8.81264727529e-36
8.37201491153e-36
7.95341416595e-36
7.55574345765e-36
7.17795628477e-36
6.81905847053e-36
6.47810554701e-36
6.15420026966e-36
5.84649025617e-36
5.55416574336e-36
5.2764574562e-36
5.01263458339e-36
4.76200285422e-36
4.52390271151e-36
4.29770757593e-36
4.08282219713e-36
3.87868108728e-36
3.68474703291e-36
3.50050968127e-36
3.3254841972e-36
3.15920998734e-36
3.00124948798e-36
2.85118701358e-36
2.7086276629e-36
2.57319627975e-36
2.44453646577e-36
2.32230964248e-36
2.20619416035e-36
2.09588445234e-36
1.99109022972e-36
1.89153571823e-36
1.79695893232e-36
1.70711098571e-36
1.62175543642e-36
1.5406676646e-36
1.46363428137e-36
1.3904525673e-36
1.32092993894e-36
1.25488344199e-36
1.19213926989e-36
1.1325323064e-36
1.07590569108e-36
1.02211040652e-36
9.71004886196e-37
9.22454641886e-37
8.76331909792e-37
8.32515314302e-37
7.90889548587e-37
7.51345071158e-37
7.137778176e-37
6.7808892672e-37
6.44184480384e-37
6.11975256365e-37
5.81376493546e-37
5.52307668869e-37
5.24692285426e-37
4.98457671154e-37
4.73534787597e-37
4.49858048217e-37
4.27365145806e-37
4.05996888516e-37
3.8569704409e-37
3.66412191885e-37
3.48091582291e-37
3.30687003177e-37
3.14152653018e-37
2.98445020367e-37
2.83522769348e-37
2.69346630881e-37
2.55879299337e-37
2.4308533437e-37
2.30931067652e-37
2.19384514269e-37
2.08415288556e-37
1.97994524128e-37
1.88094797921e-37
1.78690058025e-37
1.69755555124e-37
1.61267777368e-37
1.532043885e-37
1.45544169075e-37
1.38266960621e-37
1.3135361259e-37
1.2478593196e-37
1.18546635362e-37
1.12619303594e-37
1.06988338414e-37
1.01638921494e-37
9.6556975419e-38
9.17291266481e-38
8.71426703157e-38
8.27855367999e-38
7.86462599599e-38
7.47139469619e-38
7.09782496138e-38
6.74293371331e-38
6.40578702765e-38
6.08549767626e-38
5.78122279245e-38
5.49216165283e-38
5.21755357019e-38
4.95667589168e-38
4.70884209709e-38
4.47339999224e-38
4.24972999263e-38
4.037243493e-38
3.83538131835e-38
3.64361225243e-38
3.46143163981e-38
3.28836005782e-38
3.12394205493e-38
2.96774495218e-38
2.81935770457e-38
2.67838981934e-38
2.54447032838e-38
2.41724681196e-38
2.29638447136e-38
2.18156524779e-38
2.0724869854e-38
1.96886263613e-38
1.87041950432e-38
1.77689852911e-38
1.68805360265e-38
1.60365092252e-38
1.52346837639e-38
1.44729495757e-38
1.3749302097e-38
1.30618369921e-38
1.24087451425e-38
1.17883078854e-38
1.11988924911e-38
1.06389478666e-38
1.01070004732e-38
9.60165044957e-39
9.12156792709e-39
8.66548953073e-39
8.2322150542e-39
7.82060430149e-39
7.42957408641e-39
7.05809538209e-39
6.70519061299e-39
6.36993108234e-39
6.05143452822e-39
5.74886280181e-39
5.46141966172e-39
5.18834867863e-39
4.9289312447e-39
4.68248468247e-39
4.44836044834e-39
4.22594242593e-39
4.01464530463e-39
3.8139130394e-39
3.62321738743e-39
3.44205651806e-39
3.26995369215e-39
3.10645600755e-39
2.95113320717e-39
2.80357654681e-39
2.66339771947e-39
2.5302278335e-39
2.40371644182e-39
2.28353061973e-39
2.16935408874e-39
2.06088638431e-39
1.95784206509e-39
1.85994996184e-39
1.76695246375e-39
1.67860484056e-39
1.59467459853e-39
1.5149408686e-39
1.43919382517e-39
1.36723413391e-39
1.29887242722e-39
1.23392880586e-39
1.17223236556e-39
1.11362074729e-39
1.05793970992e-39
1.00504272443e-39
9.54790588205e-40
9.07051058795e-40
8.61698505855e-40
8.18613580562e-40
7.77682901534e-40
7.38798756457e-40
7.01858818635e-40
6.66765877703e-40
6.33427583818e-40
6.01756204627e-40
5.71668394395e-40
5.43084974676e-40
5.15930725942e-40
4.90134189645e-40
4.65627480163e-40
4.42346106154e-40
4.20228800847e-40
3.99217360804e-40
3.79256492764e-40
3.60293668126e-40
3.4227898472e-40
3.25165035484e-40
3.08906783709e-40
2.93461444524e-40
2.78788372298e-40
2.64848953683e-40
2.51606505999e-40
2.39026180699e-40
2.27074871664e-40
2.15721128081e-40
2.04935071677e-40
1.94688318093e-40
1.84953902188e-40
1.75706207079e-40
1.66920896725e-40
1.58574851889e-40
1.50646109294e-40
1.43113803829e-40
1.35958113638e-40
1.29160207956e-40
1.22702197558e-40
1.1656708768e-40
1.10738733296e-40
1.05201796632e-40
9.99417068e-41
9.494462146e-41
9.0197390387e-41
8.56875208676e-41
8.14031448242e-41
7.7332987583e-41
7.34663382039e-41
6.97930212937e-41
6.6303370229e-41
6.29882017175e-41
5.98387916317e-41
5.68468520501e-41
5.40045094476e-41
5.13042839752e-41
4.87390697764e-41
4.63021162876e-41
4.39870104732e-41
4.17876599496e-41
3.96982769521e-41
3.77133631045e-41
3.58276949493e-41
3.40363102018e-41
3.23344946917e-41
3.07177699571e-41
2.91818814593e-41
2.77227873863e-41
2.6336648017e-41
2.50198156161e-41
2.37688248353e-41
2.25803835936e-41
2.14513644139e-41
2.03787961932e-41
1.93598563835e-41
1.83918635644e-41
1.74722703861e-41
1.65986568668e-41
1.57687240235e-41
1.49802878223e-41
1.42312734312e-41
1.35197097596e-41
1.28437242717e-41
1.22015380581e-41
1.15914611552e-41
1.10118880974e-41
1.04612936925e-41
9.93822900792e-42
9.44131755752e-42
8.96925167964e-42
8.52078909566e-42
8.09474964088e-42
7.69001215884e-42
7.30551155089e-42
6.94023597335e-42
6.59322417468e-42
6.26356296595e-42
5.95038481765e-42
5.65286557677e-42
5.37022229793e-42
5.10171118303e-42
4.84662562388e-42
4.60429434269e-42
4.37407962555e-42
4.15537564427e-42
3.94760686206e-42
3.75022651896e-42
3.56271519301e-42
3.38457943336e-42
3.21535046169e-42
3.05458293861e-42
2.90185379168e-42
2.75676110209e-42
2.61892304699e-42
2.48797689464e-42
2.36357804991e-42
2.24539914741e-42
2.13312919004e-42
2.02647273054e-42
1.92514909401e-42
1.82889163931e-42
1.73744705735e-42
1.65057470448e-42
1.56804596925e-42
1.48964367079e-42
1.41516148725e-42
1.34440341289e-42
1.27718324225e-42
1.21332408013e-42
1.15265787613e-42
1.09502498232e-42
1.0402737332e-42
9.88260046544e-43
9.38847044217e-43
8.91904692006e-43
8.47309457405e-43
8.04943984535e-43
7.64696785308e-43
7.26461946043e-43
6.90138848741e-43
6.55631906304e-43
6.22850310989e-43
5.91707795439e-43
5.62122405667e-43
5.34016285384e-43
5.07315471115e-43
4.81949697559e-43
4.57852212681e-43
4.34959602047e-43
4.13211621945e-43
3.92551040847e-43
3.72923488805e-43
3.54277314365e-43
3.36563448647e-43
3.19735276214e-43
3.03748512403e-43
2.88561086783e-43
2.74133032444e-43
2.60426380822e-43
2.47405061781e-43
2.35034808692e-43
2.23283068257e-43
2.12118914844e-43
2.01512969102e-43
1.91437320647e-43
1.81865454615e-43
1.72772181884e-43
1.6413357279e-43
1.5592689415e-43
1.48130549443e-43
1.40724021971e-43
1.33687820872e-43
1.27003429828e-43
1.20653258337e-43
1.1462059542e-43
1.08889565649e-43
1.03445087367e-43
9.82728329984e-44
9.33591913485e-44
8.8691231781e-44
8.4256670192e-44
8.00438366824e-44
7.60416448483e-44
7.22395626059e-44
6.86275844756e-44
6.51962052518e-44
6.19363949892e-44
5.88395752397e-44
5.58975964778e-44
5.31027166539e-44
5.04475808212e-44
4.79252017801e-44
4.55289416911e-44
4.32524946066e-44
4.10898698762e-44
3.90353763824e-44
3.70836075633e-44
3.52294271851e-44
3.34679558259e-44
3.17945580346e-44
3.02048301328e-44
2.86945886262e-44
2.72598591949e-44
2.58968662352e-44
2.46020229234e-44
2.33719217772e-44
2.22033256884e-44
2.10931594039e-44
2.00385014337e-44
1.90365763621e-44
1.8084747544e-44
1.71805101668e-44
1.63214846584e-44
1.55054104255e-44
1.47301399042e-44
1.3993632909e-44
1.32939512636e-44
1.26292537004e-44
1.19977910154e-44
1.13979014646e-44
1.08280063914e-44
1.02866060718e-44
9.77227576821e-45
9.2836619798e-45
8.81947888081e-45
8.37850493677e-45
7.95957968993e-45
7.56160070543e-45
7.18352067016e-45
6.82434463665e-45
6.48312740482e-45
6.15897103458e-45
5.85102248285e-45
5.55847135871e-45
5.28054779077e-45
5.01652040123e-45
4.76569438117e-45
4.52740966211e-45
4.30103917901e-45
4.08598722006e-45
3.88168785906e-45
3.6876034661e-45
3.5032232928e-45
3.32806212816e-45
3.16165902175e-45
3.00357607066e-45
2.85339726713e-45
2.71072740377e-45
2.57519103358e-45
2.4464314819e-45
2.32410990781e-45
2.20790441242e-45
2.0975091918e-45
1.99263373221e-45
1.8930020456e-45
1.79835194332e-45
1.70843434615e-45
1.62301262884e-45
1.5418619974e-45
1.46476889753e-45
1.39153045266e-45
1.32195393002e-45
1.25585623352e-45
1.19306342185e-45
1.13341025075e-45
1.07673973822e-45
1.0229027513e-45
9.71757613739e-46
9.23169733053e-46
8.770112464e-46
8.3316068408e-46
7.91502649876e-46
7.51927517382e-46
7.14331141513e-46
6.78614584437e-46
6.44683855215e-46
6.12449662455e-46
5.81827179332e-46
5.52735820365e-46
5.25099029347e-46
4.9884407788e-46
4.73901873986e-46
4.50206780286e-46
4.27696441272e-46
4.06311619209e-46
3.85996038248e-46
3.66696236336e-46
3.48361424519e-46
3.30943353293e-46
3.14396185628e-46
2.98676376347e-46
2.8374255753e-46
2.69555429653e-46
2.5607765817e-46
2.43273775262e-46
2.31110086499e-46
2.19554582174e-46
2.08576853065e-46
1.98148010412e-46
1.88240609891e-46
1.78828579397e-46
1.69887150427e-46
1.61392792906e-46
1.5332315326e-46
1.45656995597e-46
1.38374145817e-46
1.31455438527e-46
1.248826666e-46
1.1863853327e-46
1.12706606607e-46
1.07071276276e-46
1.01717712463e-46
9.66318268394e-47
9.18002354974e-47
8.72102237226e-47
8.28497125364e-47
7.87072269096e-47
7.47718655641e-47
7.10332722859e-47
6.74816086716e-47
6.41075282381e-47
6.09021518262e-47
5.78570442348e-47
5.49641920231e-47
5.22159824219e-47
4.96051833009e-47
4.71249241358e-47
4.4768677929e-47
4.25302440326e-47
4.04037318309e-47
3.83835452394e-47
3.64643679774e-47
3.46411495786e-47
3.29090920996e-47
3.12636374946e-47
2.97004556199e-47
2.82154328389e-47
2.6804661197e-47
2.54644281371e-47
2.41912067303e-47
2.29816463938e-47
2.18325640741e-47
2.07409358704e-47
1.97038890768e-47
1.8718694623e-47
1.77827598919e-47
1.68936218973e-47
1.60489408024e-47
1.52464937623e-47
1.44841690742e-47
1.37599606205e-47
1.30719625894e-47
1.241836446e-47
1.1797446237e-47
1.12075739251e-47
1.06471952289e-47
1.01148354674e-47
9.60909369404e-48
9.12863900934e-48
8.67220705887e-48
8.23859670593e-48
7.82666687063e-48
7.4353335271e-48
7.06356685075e-48
6.71038850821e-48
6.3748690828e-48
6.05612562866e-48
5.75331934723e-48
5.46565337987e-48
5.19237071087e-48
4.93275217533e-48
4.68611456656e-48
4.45180883823e-48
4.22921839632e-48
4.01775747651e-48
3.81686960268e-48
3.62602612255e-48
3.44472481642e-48
3.2724885756e-48
3.10886414682e-48
2.95342093948e-48
2.8057498925e-48
2.66546239788e-48
2.53218927798e-48
2.40557981409e-48
2.28530082338e-48
2.17103578221e-48
2.0624839931e-48
1.95935979345e-48
1.86139180377e-48
1.76832221359e-48
1.67990610291e-48
1.59591079776e-48
1.51611525787e-48
1.44030949498e-48
1.36829402023e-48
1.29987931922e-48
1.23488535326e-48
1.17314108559e-48
1.11448403132e-48
1.05875982975e-48
1.00582183826e-48
9.55530746349e-49
9.07754209031e-49
8.6236649858e-49
8.19248173651e-49
7.78285764968e-49
7.3937147672e-49
7.02402902884e-49
6.6728275774e-49
6.33918619853e-49
6.0222268886e-49
5.72111554417e-49
5.43505976696e-49
5.16330677861e-49
4.90514143968e-49
4.6598843677e-49
4.42689014931e-49
4.20554564185e-49
3.99526835976e-49
3.79550494177e-49
3.60572969468e-49
3.42544320995e-49
3.25417104945e-49
3.09146249698e-49
2.93688937213e-49
2.79004490352e-49
2.65054265834e-49
2.51801552543e-49
2.39211474916e-49
2.2725090117e-49
2.15888356111e-49
2.05093938306e-49
1.9483924139e-49
1.85097279321e-49
1.75842415355e-49
1.67050294587e-49
1.58697779858e-49
1.50762890865e-49
1.43224746322e-49
1.36063509006e-49
1.29260333555e-49
1.22797316878e-49
1.16657451034e-49
1.10824578482e-49
1.05283349558e-49
1.0001918208e-49
9.5018222976e-50
9.02673118272e-50
8.57539462358e-50
8.1466248924e-50
7.73929364778e-50
7.35232896539e-50
6.98471251712e-50
6.63547689127e-50
6.30370304671e-50
5.98851789437e-50
5.68909199965e-50
5.40463739967e-50
5.13440552969e-50
4.8776852532e-50
4.63380099054e-50
4.40211094101e-50
4.18200539396e-50
3.97290512427e-50
3.77425986805e-50
3.58554687465e-50
3.40626953092e-50
3.23595605437e-50
3.07415825165e-50
2.92045033907e-50
2.77442782212e-50
2.63570643101e-50
2.50392110946e-50
2.37872505399e-50
2.25978880129e-50
2.14679936122e-50
2.03945939316e-50
1.9374864235e-50
1.84061210233e-50
1.74858149721e-50
1.66115242235e-50
1.57809480123e-50
1.49919006117e-50
1.42423055811e-50
1.35301903021e-50
1.2853680787e-50
1.22109967476e-50
1.16004469102e-50
1.10204245647e-50
1.04694033365e-50
9.94593316967e-51
9.44863651119e-51
8.97620468563e-51
8.52739445135e-51
8.10102472878e-51
7.69597349234e-51
7.31117481772e-51
6.94561607684e-51
6.598335273e-51
6.26841850935e-51
5.95499758388e-51
5.65724770469e-51
5.37438531945e-51
5.10566605348e-51
4.8503827508e-51
4.60786361326e-51
4.3774704326e-51
4.15859691097e-51
3.95066706542e-51
3.75313371215e-51
3.56547702654e-51
3.38720317522e-51
3.21784301646e-51
3.05695086563e-51
2.90410332235e-51
2.75889815623e-51
2.62095324842e-51
2.489905586e-51
2.3654103067e-51
2.24713979137e-51
2.1347828018e-51
2.02804366171e-51
1.92664147862e-51
1.83030940469e-51
1.73879393446e-51
1.65185423773e-51
1.56926152585e-51
1.49079844955e-51
1.41625852708e-51
1.34544560072e-51
1.27817332069e-51
1.21426465465e-51
1.15355142192e-51
1.09587385082e-51
1.04108015828e-51
9.89026150369e-52
9.3957484285e-52
8.92596100708e-52
8.47966295672e-52
8.05567980889e-52
7.65289581844e-52
7.27025102752e-52
6.90673847615e-52
6.56140155234e-52
6.23333147472e-52
5.92166490098e-52
5.62558165594e-52
5.34430257314e-52
5.07708744448e-52
4.82323307226e-52
4.58207141864e-52
4.35296784771e-52
4.13531945533e-52
3.92855348256e-52
3.73212580843e-52
3.54551951801e-52
3.36824354211e-52
3.199831365e-52
3.03983979675e-52
2.88784780692e-52
2.74345541657e-52
2.60628264574e-52
2.47596851346e-52
2.35217008778e-52
2.23456158339e-52
2.12283350422e-52
2.01669182901e-52
1.91585723756e-52
1.82006437568e-52
1.7290611569e-52
1.64260809905e-52
1.5604776941e-52
1.4824538094e-52
1.40833111893e-52
1.33791456298e-52
1.27101883483e-52
1.20746789309e-52
1.14709449844e-52
1.08973977351e-52
1.03525278484e-52
9.83490145596e-53
9.34315638316e-53
8.87599856401e-53
8.43219863581e-53
8.01058870402e-53
7.61005926881e-53
7.22955630537e-53
6.86807849011e-53
6.5246745656e-53
6.19844083732e-53
5.88851879545e-53
5.59409285568e-53
5.3143882129e-53
5.04866880225e-53
4.79623536214e-53
4.55642359403e-53
4.32860241433e-53
4.11217229361e-53
3.90656367893e-53
3.71123549499e-53
3.52567372024e-53
3.34939003423e-53
3.18192053251e-53
3.02282450589e-53
2.87168328059e-53
2.72809911656e-53
2.59169416074e-53
2.4621094527e-53
2.33900398006e-53
2.22205378106e-53
2.11095109201e-53
2.00540353741e-53
1.90513336054e-53
1.80987669251e-53
1.71938285789e-53
1.63341371499e-53
1.55174302924e-53
1.47415587778e-53
1.40044808389e-53
1.3304256797e-53
1.26390439571e-53
1.20070917593e-53
1.14067371713e-53
1.08364003127e-53
1.02945802971e-53
9.77985128224e-54
9.29085871812e-54
8.82631578222e-54
8.38499999311e-54
7.96574999345e-54
7.56746249378e-54
7.18908936909e-54
6.82963490064e-54
6.4881531556e-54
6.16374549782e-54
5.85555822293e-54
5.56278031179e-54
5.2846412962e-54
5.02040923139e-54
4.76938876982e-54
4.53091933133e-54
4.30437336476e-54
4.08915469652e-54
3.8846969617e-54
3.69046211361e-54
3.50593900793e-54
3.33064205753e-54
3.16410995466e-54
3.00590445692e-54
2.85560923408e-54
2.71282877237e-54
2.57718733376e-54
2.44832796707e-54
2.32591156871e-54
2.20961599028e-54
2.09913519076e-54
1.99417843123e-54
1.89446950967e-54
1.79974603418e-54
1.70975873247e-54
1.62427079585e-54
1.54305725606e-54
1.46590439325e-54
1.39260917359e-54
1.32297871491e-54
1.25682977917e-54
1.19398829021e-54
1.1342888757e-54
1.07757443191e-54
1.02369571032e-54
9.72510924801e-55
9.23885378561e-55
8.77691109633e-55
8.33806554151e-55
7.92116226444e-55
7.52510415122e-55
7.14884894365e-55
6.79140649647e-55
6.45183617165e-55
6.12924436307e-55
5.82278214491e-55
5.53164303767e-55
5.25506088578e-55
4.99230784149e-55
4.74269244942e-55
4.50555782695e-55
4.2802799356e-55
4.06626593882e-55
3.86295264188e-55
3.66980500979e-55
3.4863147593e-55
3.31199902133e-55
3.14639907027e-55
2.98907911675e-55
2.83962516091e-55
2.69764390287e-55
2.56276170773e-55
2.43462362234e-55
2.31289244122e-55
2.19724781916e-55
2.0873854282e-55
1.98301615679e-55
1.88386534895e-55
1.78967208151e-55
1.70018847743e-55
1.61517905356e-55
1.53442010088e-55
1.45769909584e-55
1.38481414104e-55
1.31557343399e-55
1.24979476229e-55
1.18730502418e-55
1.12793977297e-55
1.07154278432e-55
1.0179656451e-55
9.6706736285e-56
9.18713994707e-56
8.72778294972e-56
8.29139380223e-56
7.87682411212e-56
7.48298290652e-56
7.10883376119e-56
6.75339207313e-56
6.41572246947e-56
6.094936346e-56
5.7901895287e-56
5.50068005226e-56
5.22564604965e-56
4.96436374717e-56
4.71614555981e-56
4.48033828182e-56
4.25632136773e-56
4.04350529934e-56
3.84133003438e-56
3.64926353266e-56
3.46680035602e-56
3.29346033822e-56
3.12878732131e-56
2.97234795525e-56
2.82373055748e-56
2.68254402961e-56
