0.370663054453
-0.0781892056619
0.0873318557183
-0.179061301131
0.0303102187188
-0.00122209000869
0.0638012129911
0.036487849856
0.0234616859978
0.0741760970002
-0.0281459804129
0.0404796436755
0.0208373360484
-0.047766978803
-0.00465316013272
-0.0110776920237
0.158877032102
-0.0652548322014
0.10293986133
-0.175580926973
0.122707408563
-0.046082925059
0.0774084999039
-0.0251478467113
0.020383946173
0.0139823561197
-0.0349980730936
0.0655058398382
-0.0220320758183
0.00228328402381
-0.0101242649563
-0.0182136636448
0.0997045416194
-0.0536785357033
0.0728313357005
-0.133422323744
0.123300917388
-0.0835129922502
0.0927413531618
-0.0553480603241
0.0336096323395
-0.0145080551426
-0.00328881509162
0.032564559177
-0.0208171545842
8.97775618503
-2.36355293679
2.18353195549
-4.81723856992
0.778659923944
-0.0706789266993
1.15006924495
1.04206059452
1.03684345785
1.88836963953
-1.00392960903
0.481437224251
0.1683484623
-1.44542831508
0.730609665124
-0.405168853729
3.8142087678
-1.41149181007
1.66436434161
-2.96116193985
1.91149011
-0.925291666288
0.759262338845
0.304241665533
0.648912347007
0.59070851482
-0.471075295593
0.226954213478
-0.118502424119
-0.436807728139
0.540696056544
-0.341394020174
1.88155795352
-1.05161845484
0.966942534799
-1.38402571185
1.09560530861
-0.815041415185
0.635757812705
-0.0249565185739
0.480225458595
0.115965299731
-0.154604950111
-0.00161390466814
-0.00494998687876
30.8759773686
-6.8084556052
7.23183501247
-13.3252483154
2.73168471436
0.87696627726
1.92436370029
4.20679425374
3.4161245314
6.01425349536
-1.5513430446
0.843075172033
0.53007373204
-4.23191339655
3.10583530261
0.602426988046
9.90669221837
-2.62840808713
2.77761859001
-4.83636625766
3.28113332
-1.23647200115
0.953561983657
1.92514905692
2.05600163015
1.99559693323
-0.310911098317
-0.159205742013
-0.288954843374
-1.35648410791
1.98124947387
0.539356173738
3.62317692214
-1.36434074076
1.19002287234
-1.40892232704
1.01304364448
-0.802034021437
0.678672953474
0.909350834424
1.15565505317
0.5975688446
-0.030078603237
-0.355371817093
-0.135803354611
38.9121565708
-6.09248514132
9.57207200076
-13.1097426145
4.04500567994
1.20422015399
1.11175043031
5.28633010736
2.62489340637
6.69266440142
-1.0361680746
0.736357443151
-0.120209131946
-3.15229136715
2.35078692079
3.12766706611
8.76946810773
0.522559850622
1.38875447164
-2.1749107042
1.60892323564
0.065019591246
1.30251010278
2.08303718994
2.55477366995
1.49297967089
0.600670629919
-0.872839966842
-0.0918907951429
-1.15962144795
1.92054117082
1.25096763049
2.6340771451
-0.00437333626778
0.541877875502
-0.380451511454
0.308212202633
0.215624264761
0.697960197447
1.26750393256
0.897944156259
0.740559550598
-0.0883213322222
-0.0661130325438
-0.313772127574
36.3828274615
-3.634162769
10.7739679449
-9.91236020793
5.1409220933
0.187334625034
1.27739520276
5.19745157962
1.05522010682
6.05078807598
-2.44416975436
1.02103253842
-3.46276835312
1.23933342131
0.0731142292664
5.24684076904
3.49322163325
4.10636183385
-0.0812823808563
0.652893478415
-0.58464327431
0.898700488042
1.77257642611
1.88434460092
2.9492843799
0.329683055341
1.22352130304
-1.77999618971
0.631996899895
-0.863151747878
1.90649326433
0.746746762862
1.7783164255
0.510215528951
0.475061546119
-0.0873197369997
-0.0635206117378
0.531172295297
0.691674638487
1.32019972379
0.543292320659
0.748454013894
-0.235824498787
0.295409962107
-0.258525594374
38.1051486176
-4.36277833253
10.6905515449
-10.5002380626
5.93112989528
-0.623372124375
-0.297525108246
4.84807670821
2.95329302985
6.51898451486
-0.813475036265
2.68144069749
-4.98555128829
2.68304904778
-1.25311931808
6.42956233627
1.9962206697
2.85692920078
0.74914536789
0.821389092229
0.402611633147
-0.702090744938
1.32059109225
1.66089605515
3.22494268539
0.516230223456
1.42637393284
-0.655704249005
0.461096851135
-0.196021626372
0.794371859639
1.32398328142
0.872377750762
0.910490028733
0.566413517422
0.512102284878
-0.0251811140489
-0.0226304332658
0.539045297096
0.939965563318
0.677024782856
0.344333713177
0.409513387654
0.315917340233
0.142275990709
39.9389892602
-4.54310116166
6.13323076897
-6.84283939955
3.73694286718
-1.18932632252
-1.31029115059
5.47059982498
4.89306179163
5.62181319117
-0.980185902046
4.79764025531
-1.93664075127
1.18484264861
-1.59183830805
5.35267002481
4.82762915382
0.217868751852
2.0368626315
0.812098970465
2.03159331348
-2.06762979954
0.782067842428
2.59804077669
2.61711026303
0.57707862703
0.427608330431
1.62195589445
0.305067436181
-0.184400507232
0.0751184623507
2.216355116
0.958589161152
0.159618499219
0.989978107857
1.24982744028
0.383513282326
-0.676190138091
0.637579816759
1.27759637291
0.564673532003
-0.0704877670958
0.643674812545
0.944159707015
0.0200174616077
103.312402008
-58.3253936572
-8.37044136084
67.3709908782
-57.5925394645
18.1888041776
24.5883405573
-35.2075106963
18.4038893623
25.4641108083
-20.5824151193
1.27932620368
17.7180022071
3.34925022311
-8.62399517467
18.0549681708
2.5634957663
-17.7439609126
24.5214378416
-5.58309195191
-6.15953479387
7.01147256015
-2.04426378838
7.26402196123
-1.99295977549
6.71263951982
0.86223830263
-3.22661209999
11.9854369218
-3.86021283615
-5.83264680578
9.23624989817
-2.94557859925
-1.09639474464
3.94810662185
-0.618351433376
1.01660017413
0.715326975007
4.48955547051
-1.82367884521
0.641664017543
4.70112418733
-3.31375644458
1.80641908385
1.40749262496
512.580209418
-343.261058426
-157.133965951
473.7199653
-324.698380271
22.9125017906
157.983187749
-243.373526359
100.760928099
130.32630112
-92.0662141019
-23.1247928403
96.4788400209
95.5293351755
-66.5857845631
44.1792879033
27.4553665544
-95.5823554117
83.9895337892
-23.0451574062
-76.9585471443
27.7337421791
20.6041798779
31.0795878006
-17.7461253244
31.6896060886
41.6873626682
-7.97121439711
49.8287651845
-17.7774763007
-41.3472752557
29.4893716628
-15.7889906415
-25.3082534611
-12.8622148841
2.43126465232
21.1126008384
4.20252137119
24.6358896673
10.6026005598
8.87182404926
32.727425168
-5.83143791293
-15.6307648272
-3.98529616351
1869.78416486
-960.258036292
-1123.91169106
1895.37027101
-769.211824777
-427.709648649
528.250985506
-875.344818678
507.555901182
378.956311195
-373.120077856
-34.1023575803
223.351602391
757.680539812
-252.789688727
-230.743274232
422.517629591
-275.218230919
41.0741951365
14.5157532918
-479.762810956
-30.9193050417
317.10231588
33.3427164162
-237.722617266
242.739172642
320.869953389
25.5372897386
170.072282417
-68.0861033606
-132.305986966
114.614091059
-41.498173826
-289.703707482
-207.690108323
147.279959779
43.4275833967
-85.1506107807
152.856224632
84.7512069162
147.785151061
235.008950788
-51.9271628192
-93.1504782072
49.9782232724
4321.91908136
-2015.00942897
-3041.92269397
4524.11430251
-1476.20956164
-1209.13976886
1091.70418784
-2110.49085395
1493.77250985
734.777963895
-889.448588168
-26.5979803663
355.190746301
2111.71204516
-671.965992547
-835.836404749
1223.17103176
-572.277467611
72.4241811154
78.8735217798
-1368.21589345
57.8714101756
1004.59804407
-279.680127427
-585.676974983
678.673592078
668.151166718
254.706545763
197.287736221
-241.421398047
-36.3448790212
278.364063696
-53.7130006793
-856.210229526
-427.253763074
584.282168845
-139.988520418
-219.65246866
295.803979044
104.297853345
577.576254987
412.663464106
-273.128867055
-46.5472308701
246.762668326
5890.31280117
-3086.58378658
-4175.75442878
6540.3757456
-2251.07318908
-1635.12332341
1615.9123762
-3103.5033326
2414.21992793
1080.08080445
-1505.28700167
204.35556259
561.785165367
2785.88483631
-917.864693408
-1339.50345674
1634.45904323
-709.45569803
130.022588474
24.5774605498
-1972.54135766
435.000260645
1435.13057991
-504.099817736
-624.349974464
851.424581519
963.547609467
334.685280714
54.8929440469
-403.343118124
-85.5507044035
466.812863785
-236.643357208
-1114.41623583
-312.308517027
692.853053587
27.3132299948
-209.935900613
278.663811804
302.992869472
649.92313613
418.706405427
-411.517427561
-172.184726604
293.51167959
7344.41385421
-4608.16720245
-5216.85313745
9104.79868817
-3575.10133103
-2217.58389391
2817.11728058
-4351.47012657
3320.00177034
1389.56290485
-2532.72772501
686.742848518
530.032364083
3256.3210877
-1291.69764471
-2011.72296457
2587.61608825
-1186.17757724
-8.24333882492
501.937499462
-2813.24961721
821.969147324
1976.4172996
-1081.90868269
-640.684521156
1117.70597512
1064.82697005
275.459718426
-38.7103803832
-405.801182055
-190.873807019
571.158903822
-171.278973415
-1528.49789814
-312.673641648
1130.09940224
-190.94175726
-330.914924091
597.086092445
169.627826515
749.399245461
617.599323119
-736.70510902
-224.41696675
438.193167518
7974.20691167
-5409.62479497
-5461.90507367
10000.0
-4056.99911375
-2174.54716485
3032.01172227
-4704.09874496
3759.93243371
1680.31316936
-2823.40642751
644.436669735
734.951976004
3259.56810979
-1415.10426733
-2065.84881335
2624.79053349
-1180.51895554
-38.8674838463
819.493120465
-2834.71212187
726.328837606
2439.53005779
-1139.57501335
-670.958386198
1307.85541699
702.055276132
284.219070973
72.6694877507
-631.511650005
-247.883060743
568.37869712
29.8010776311
-1342.17199481
-312.696179327
1245.27799587
-98.3353409492
-228.69393082
622.544511418
-60.7551899602
554.222870952
646.161523555
-752.397865158
-378.888494711
416.801393729
6765.46859249
-3604.95945163
-4529.23702958
7610.94325856
-2281.12287628
-2118.52298024
2451.66913469
-3602.58860976
2312.39725785
2245.16576766
-2352.90228667
109.213820969
1112.74765609
2396.01755106
-513.349455399
-1606.81721029
1845.76017855
-413.153060255
-244.177722643
938.208422436
-2272.77850914
63.4631963191
2366.37057394
-870.400367487
-666.391939417
1140.01085589
568.162045604
482.896226834
236.782126473
-487.175582069
-253.550190518
568.747028485
186.846316684
-1247.28359285
-381.732637153
983.371154688
-36.9406045038
-129.915893379
415.549687067
4.6852201881
616.517579174
679.776970878
-526.206512114
-381.446869406
416.368889562
6012.11105167
-2405.08995766
-4609.27849501
6116.39090975
-1011.62007949
-2428.37860195
2217.52847421
-3030.53840155
1447.0967532
2984.58451072
-2173.32471052
-194.711401442
1259.39282919
2021.75678154
86.7024198682
-1794.65933833
1295.83581132
-79.3476220866
-402.059872981
998.043117607
-2224.81904886
-94.9129639127
2471.79524431
-718.035410397
-475.497308546
849.198542563
512.634580942
739.488124474
-43.4306419736
-503.030466757
-297.641596773
333.647136939
429.469970632
-1164.20561124
-445.177327219
1055.07731341
61.467236255
74.8133191599
347.51002956
-116.847575429
624.310393498
499.131493844
-513.452103548
-395.341026823
124.142991632
5136.27041431
-1360.89382359
-4187.09958702
4640.34030934
-172.219998021
-2064.53313265
1512.60634912
-2386.38599074
750.024341181
2639.84425843
-1500.22673497
-598.716339326
838.347118205
1801.90732178
352.131197792
-1541.11206562
836.824742393
92.9557826886
-351.094171862
822.816211612
-1713.15398866
-378.431191878
1801.96748261
-324.849785452
-281.053017336
419.287268263
422.324583586
771.42276334
-55.4055093974
-226.388222125
-227.353231194
-24.6901942264
475.676135743
-748.021951338
-564.288123778
642.001884491
71.3995427509
143.644273223
264.555400728
-56.9219476178
486.935219277
361.683396615
-145.061165729
-240.999691482
-145.377305042
4567.55946069
-717.255338129
-4012.88921843
3525.61021585
289.184302595
-1950.07208276
1028.56538739
-1782.87359628
368.817139857
2353.84397386
-842.063663522
-691.388568228
622.834413353
1730.94102497
362.022812051
-1414.00149273
547.644899372
90.9946539066
-242.38110491
515.114334586
-1383.55955402
-233.073243416
1373.37907999
-39.6899995375
-164.602622484
97.9263027903
589.968215292
706.772061885
-276.596778223
-162.523085202
-241.542248375
-15.6272051504
374.020215185
-727.140194406
-402.317483489
502.890362875
175.477892675
172.655602205
0.882824399443
116.496170168
499.493188608
126.119364968
-113.094718862
-281.426843507
-96.2547823053
4138.83765291
-574.320224724
-3458.2005508
2844.66115227
532.366081886
-1529.85775448
460.564120869
-1345.68155629
296.80033633
1922.06042033
-459.241954755
-852.123033757
368.369025924
1827.30399021
406.372872574
-1320.00984412
297.546798768
268.738488781
21.5971425057
105.654638877
-1268.8147065
-120.974327404
1052.11774957
105.302054282
-185.21419218
-154.594518657
705.104043856
887.026340693
-395.718144216
-326.169901438
-10.8731291093
47.8017843657
153.265843789
-641.258722573
-460.116712554
393.01910345
311.509253522
97.061815849
-125.160512185
191.761992663
631.456670349
104.335002571
-213.032277321
-159.876523552
-92.8136426572
3785.32971366
-36.3030200968
-3567.57177402
2076.58205131
1167.1265711
-1650.05580917
92.9299120381
-973.545233251
-1.18158026505
1997.01632732
-93.8620920969
-1041.45417116
189.290814723
1834.33813668
664.777058663
-1550.05871629
-70.7574517002
503.244851712
-109.981347337
60.2769859118
-1158.98787123
-367.677278425
1249.33965069
245.468043215
-275.652548144
-157.62063398
587.85457449
1048.39763554
-481.696190929
-612.514576125
111.196731996
-48.3347835516
152.463576889
-535.742653343
-630.115740175
572.570044926
440.575262376
24.2150745361
-86.8691512057
98.8973219143
704.207171429
81.8475662294
-440.719356814
-124.220539529
-124.767605424
3742.00775152
267.466316415
-3714.35262524
1929.22347607
1454.74495793
-1711.76599782
33.9942661034
-982.998105008
-27.9339751885
2091.06583559
-209.676544832
-1062.33060316
155.672320478
1797.35409241
810.110828378
-1689.28335175
-68.2640053291
711.655070176
-145.269016995
112.078058801
-1192.8853881
-366.717248225
1428.16927301
116.348841323
-345.747664717
-118.935600592
550.125898202
1140.75788759
-560.452635846
-673.009737148
250.401315136
-9.72456247648
205.418121505
-580.676466422
-641.782021939
714.932263861
383.270269732
-28.8483953235
-89.6263034295
28.7245926153
761.782963909
48.0519359548
-513.876334559
-81.1059744132
-117.851640107
3953.52484161
30.8011035188
-3745.57008548
2234.18868354
1142.03034423
-1643.76166321
230.165617153
-1285.0261561
187.05556964
2112.14116442
-433.951630285
-869.875437481
127.135581318
1795.7818098
811.553899249
-1685.01801871
35.7233872707
511.475932055
-121.777414354
272.505498098
-1328.06764305
-318.847520348
1448.75234757
176.917099697
-232.122005037
-205.786840945
570.975761064
1056.18340283
-519.806150786
-560.845407528
-92.3982726933
-35.0945260465
421.43235522
-649.704901748
-625.293127679
683.083930115
453.334665032
162.060197368
-132.380637709
-41.9468047045
617.944174314
96.9759093709
-384.967662256
-371.186949204
-208.241010883
3974.86320718
-317.192930432
-2939.12296589
2070.62284103
607.643907637
-847.642457154
278.616603755
-1499.46892575
252.100901587
1847.49562148
-180.331601048
-807.452202564
-30.3671297117
1672.95774651
590.956112795
-1047.85005502
-28.559592051
72.3105862478
263.216137618
296.311844693
-1120.45151028
-298.236737377
981.305746617
395.277872399
-191.058797256
-253.738594934
532.154964645
639.966309268
-133.994120146
-332.843170896
-314.167869168
132.445821068
320.481439775
-455.482135901
-373.508250576
335.585095266
406.671589479
153.130153473
-106.056724549
52.7547270057
320.027125846
152.985240449
-169.463474765
-317.574731147
-56.8060859166
3092.59422767
-153.809041386
-1875.80560927
1027.25223431
420.921057423
-280.392496448
-31.6016343055
-1142.11281143
27.2359808082
1335.80787809
403.403579882
-637.936444664
-83.3463646391
1231.77623765
444.196831685
-383.19755724
-237.318092219
-281.768934266
263.982514008
163.843051915
-636.05215814
-311.408877884
458.611246081
536.957203817
87.4111531917
-57.3752834647
323.350526647
306.976220218
134.648135086
-162.006879294
-374.472120671
-77.3999050899
80.1993206423
-145.418407711
-152.472082258
88.0395386224
299.750721147
261.941685066
170.273206755
115.432733095
71.702214682
79.548942436
-41.6651502922
-219.862409884
-183.151263302
2376.97410457
268.583302025
-1426.43177233
503.257185697
501.689543462
-299.930189412
60.3791833336
-779.485537699
-282.276819325
934.027703498
682.734276682
-544.317255494
-138.359870237
819.442344969
411.146211599
-85.2807057047
-105.234482096
-436.545700995
77.1658472939
290.9082098
-303.77482747
-405.683114694
211.104785868
414.238912792
225.875300659
106.359602387
122.420128468
49.9335459145
213.963153266
34.3522372393
-326.695372302
-223.394255288
18.5776727339
-40.0911665093
-11.959914584
46.3397576441
94.215685904
189.939173967
267.136891646
99.2825951425
-30.4060523677
4.06830540512
-27.8360021841
-128.715288824
-112.826890365
2101.06094508
352.8279777
-1085.83713895
312.885100318
400.16341489
-341.422709888
85.9945730298
-657.899839842
-360.869606449
676.657048065
768.989541113
-327.821829985
-88.308421144
622.827601445
378.078217888
79.2831904845
43.510831336
-532.101377
-128.338715304
289.036260229
-157.603230281
-383.763333322
70.6543597482
285.693110714
294.044787749
289.014026999
122.70362397
-73.8785586332
198.548612344
145.854510968
-260.912966093
-267.166253793
-117.138867759
-98.7023424533
51.2267695789
73.8591473979
8.20301311617
130.293752829
306.431995286
197.215322412
25.8040959593
-2.82737893931
-58.880900636
-102.532732462
-71.4251335371
1943.66277676
310.468472182
-1034.98551918
144.735233017
418.399407293
-283.526096427
53.7601316714
-558.759446526
-315.394055581
643.232444313
872.797540361
-275.391108078
-209.035578594
566.391048662
298.0627017
33.8041369614
1.64471870655
-521.801494572
-143.506731218
336.385599827
-123.147636323
-272.9141886
63.3117968358
293.283126451
275.257162731
262.632710281
61.6545966472
-47.8354153845
119.1516016
48.1696299055
-255.278400002
-189.252161942
-124.137672596
-52.0300471956
92.3305113774
82.3031215896
83.3749739837
189.019888901
203.915446919
113.533918254
32.3919601016
-43.2940912869
-104.646093415
-117.330867831
-97.7933237715
1897.73593365
469.205889485
-996.439531413
23.7016692487
488.569159916
-341.414327318
-5.39626163773
-498.603375585
-465.314928044
543.993791269
995.559807979
-212.361041921
-324.890633834
537.613134484
369.388814007
46.8209133271
-24.7177850963
-432.125364517
-220.788005113
281.834351924
-68.5130361957
-298.360979377
-68.7877057725
285.077685281
308.433548133
248.686675865
63.59325356
41.6656541
110.846357069
62.9223447145
-171.756116587
-226.041217088
-198.429456391
-42.2221868628
55.1973822125
10.6713925469
53.63699744
177.538984061
197.327085011
160.082323482
92.547586844
-32.7987802747
-72.8429747473
-60.4079164426
-101.461920241
1723.93513526
499.688824904
-921.465976297
-131.859050686
451.86142692
-318.7740887
-11.9620604948
-375.375051012
-469.168790146
447.625863752
1000.31847325
-42.3771959324
-340.519417218
366.010981554
370.462834561
100.467866125
-58.1533671424
-368.430354442
-319.105340458
217.065070153
100.263794758
-212.456186909
-157.032165762
251.62989815
325.618589153
270.564396178
88.8917359555
-22.4511032774
1.01018209477
94.3253794176
-59.7813970157
-249.763813136
-215.503215832
-39.6771028933
71.6040007026
69.8367769776
81.2030356689
89.2184884438
166.088603577
187.76109756
102.119085793
-54.5521195127
-85.5918757708
-79.688066623
-80.2580428585
1531.31992142
510.424019925
-722.584122451
-193.436947597
385.81371812
-172.486230123
30.9639547536
-383.109545563
-469.192889417
314.786575945
820.302721569
140.914722543
-250.226392821
141.255474346
323.438748663
266.736915028
26.0055788501
-272.662554299
-412.956115836
41.2073688106
163.933563341
-39.5103253474
-211.614143038
39.2328022618
236.220296101
364.138735838
240.147673513
5.65014042048
-120.988828703
22.5185977726
81.5851754385
-99.7813268075
-248.191811801
-220.472060915
-33.4260116927
130.416585339
176.413846342
56.9791843273
40.7271951048
141.189611933
226.928817014
107.194580579
-71.2458821572
-180.863222172
-134.707655943
1628.33263152
735.92139236
-821.772696825
-451.672370188
318.777153111
0.438051371498
169.498978336
-389.271215245
-614.374308374
256.430455255
997.242712705
406.181054252
-323.111260177
-78.041223912
291.697497924
394.188158853
167.642136864
-348.657857769
-646.684377591
-34.9533289342
343.581623318
130.568319674
-248.085836154
-126.712610817
234.44608342
533.179989427
386.083160877
-59.4561911962
-301.998203659
-35.0034002042
200.246936418
2.12572974149
-322.521757081
-367.890872573
-48.6393618067
270.523435318
293.065031706
33.5129968869
-71.9698722284
126.943139353
330.805575017
179.17035381
-140.026847078
-303.375085436
-170.79266934
1807.40651484
802.745525476
-969.591118695
-488.17756562
312.980896571
117.048890879
295.992283531
-468.481305877
-845.143556495
248.22801256
1162.2297221
409.260299198
-414.265434326
-129.246505222
248.618250103
525.938894019
308.323333251
-442.362033252
-713.090674891
-24.4216387611
392.716501325
185.553060674
-278.767859387
-240.704340153
191.660679364
550.699069944
424.824720476
-35.8311768891
-316.595148182
-76.0470839246
234.501336105
87.9123840414
-284.419554195
-376.98245342
-113.225078946
204.535686822
305.207876699
79.9283368717
-96.7279147886
53.3556344372
281.810460693
224.355627822
-35.8584481941
-238.230249177
-203.463514322
1860.34910855
716.501300528
-938.998714147
-363.340567536
146.534141091
-0.351809066974
367.067438157
-371.202141921
-881.868724487
204.48683853
1104.79229988
401.210957937
-199.071732993
-34.9982963204
86.779488011
441.937456715
357.139113938
-329.290391193
-648.093407657
-215.619941196
236.143146903
233.309885035
-99.5163186025
-154.611803247
89.9587399659
396.256540642
485.426479013
186.176609003
-239.48395419
-231.320686018
69.4435335006
74.699183598
-142.697381143
-267.750980486
-237.866768164
25.0423819062
332.253741251
275.884387999
24.6725640366
-5.13838555153
135.631557476
189.64621148
88.8698063744
-131.452006224
-291.07821648
1716.59257387
648.340580184
-783.672087668
-220.442664972
96.8570848781
-198.848799152
391.414639064
-158.011147414
-759.991038688
139.293525045
996.601181893
277.477701938
-39.5401903817
92.3216305657
-45.615403551
194.380278955
366.168475772
-166.121259366
-509.833718057
-207.476195156
132.278374215
178.265799999
56.84172792
2.14067380481
7.74066779632
208.018717274
377.098743478
240.582023572
-171.681111023
-219.836909279
-23.5584135718
17.7086863202
-56.8595013345
-62.9679031507
-165.114754879
-43.0040967302
250.649481546
265.019845879
38.3234691687
11.4565014581
43.7880603628
30.6540509919
53.6137377645
-18.4541181399
-188.068436354
1930.0437178
622.034078131
-932.691652699
-89.1535861698
373.934994107
-591.561969222
342.042960245
-192.230496149
-882.94307792
228.1832953
1222.88718352
-50.952377592
-35.5645972476
388.707737295
-2.1872806224
85.2953102704
540.683852173
-281.04812075
-628.815364715
-9.65744098323
98.0454473698
-77.0500861344
47.7036743111
33.6560386903
-73.3216042287
335.485681806
458.478264782
152.309213583
-163.580997776
-8.87913005657
11.1288413018
-1.0798008549
-109.266709539
-152.641810349
-259.071078347
19.3722591811
218.625043642
133.065206673
-37.7449386837
112.404191485
140.287361323
131.359969887
107.213130425
-33.3928941161
-203.673163803
2095.91076149
574.457917948
-1071.31351092
-98.9951997545
453.764645285
-717.390500083
439.402344614
-199.928404023
-961.917673957
257.188174548
1364.43237859
-149.394433374
-68.2655631119
433.800660348
-24.5608963287
95.8134832817
669.93803564
-376.612441334
-702.048493558
145.903215151
166.464528403
-171.719302832
34.4409674227
-16.7666206906
-156.366097187
430.50600006
487.100904926
-18.5291811927
-156.064567516
145.998570873
38.8216943146
34.7565893191
-60.4102809449
-230.065504015
-252.051921988
138.202397995
154.661494452
-17.8022493887
-48.6828369998
107.423425576
117.079111647
182.514178659
99.4587974099
-83.9480809729
-109.934206078
57.2519715454
30.1486218142
-86.1992774084
-91.9180153269
-56.4839533553
-2.5918243471
96.7487206296
82.6070585917
-24.1568615881
12.8072932273
89.4752108077
68.2982464319
10.8591271795
-14.5970745099
-61.339035173
-30.6557282804
19.7361622092
-6.45363279078
-56.79372118
-15.8945662647
19.4935139188
33.9173570903
39.8391195513
23.186118341
-6.55812238447
18.6087725695
34.5625943313
4.52550918441
-21.0139477718
-18.1686959188
-17.6770837886
-5.45334003925
5.34998666496
-7.59215545879
-12.3045357327
9.3364145384
20.318015869
13.7604419308
10.4283360179
4.42466252255
17.921587015
20.7912574229
7.81649880716
-5.30710508794
-30.2588481722
-0.948912304361
9.87166991272
4.49955027771
1.66668209255
-19.8343053947
-28.7575876444
-4.76359161793
31.3295285011
-2.14762266042
-26.335521025
-12.5195477114
3.35081625276
7.60620397535
3.45855889712
-21.7469091464
-9.90205478539
29.7632710134
27.9888548642
-25.1646934283
-46.0314418148
-18.50210225
3.83380981198
-3.09292643501
-25.9566989985
-34.2568521356
10.1682558418
26.1371422957
21.2094512116
-24.7317651333
-27.1545535265
18.2146313519
14.4681821784
-0.809277136093
-32.5208872419
-47.2237827145
10.2171009373
17.4187838703
4.50610456755
-5.56061440466
-7.07222268495
16.881676784
43.6034677026
11.0545256941
-27.2074022945
-19.5705034379
7.65526145039
-9.36411095579
-17.4538532684
-33.6146467952
-6.0420483726
6.93561723304
22.8636827699
-5.43909157025
7.00326472554
7.5213272846
9.36151447212
-3.19978883901
-16.9713368109
-28.645120981
9.91708234923
6.53526402035
-18.0235139017
0.951099052458
11.5588988908
13.7262479452
29.6307594721
1.70252971887
-29.7200765182
2.89593980917
13.5534588654
-3.52207721045
2.75669569766
-11.4072734068
-23.4203478264
24.5306112778
16.0356266889
-22.1307602945
-7.31232974184
7.60311247009
-8.26070149426
4.4064953673
16.9210293357
-15.5255601161
-2.85259624281
13.5610317226
-14.6363538577
3.39914751539
-5.94724027226
-4.72335007306
-4.57360121983
1.65577066485
-3.43109407028
-10.9529930745
-7.60508218004
9.31680732908
12.0001581993
-2.94051979173
1.71031861432
11.163460379
-8.24443655564
0.96172204274
6.13873993979
-28.7058023626
3.34661289846
11.9294797375
-16.0839276485
-11.1071512177
18.2721635917
-17.6703058025
11.2987750518
28.4456320202
-12.3297958136
-0.671884750684
18.4995938693
-18.467007063
0.363710354272
12.1065865885
-17.4170001608
-5.97715243004
22.5937300427
-4.41700581704
-10.4002267581
11.434876015
-10.5642029522
10.0819285587
5.32236868834
1.89878503443
-3.25865201417
8.30609702468
4.6188702443
-8.41874021879
-11.7409473896
-0.236088179239
-4.69874551066
9.22179568491
4.18387238185
-3.16816549553
-8.96265371918
2.39713394606
4.2928468154
4.71902347811
-2.14727290549
-12.5629903429
-1.72910207615
1.23688889618
6.87935091944
-5.14306637495
-15.3404772144
-8.44375251559
20.681330518
0.507432131643
1.40874103355
-1.89185383259
-6.48487042016
5.41546024083
0.443926582125
-13.5306348609
-14.0034982871
2.71188066919
3.62313118982
9.92086479075
-10.1340249107
0.0272314201613
3.60149904206
3.63441738953
3.62312281826
-3.55798409325
-12.2162759918
3.80242187312
0.811252303114
-7.48727696313
-9.81873726041
-8.28768710645
9.43928037198
5.02676457435
13.6149249326
0.227522705577
-9.49794939646
12.0761874471
-3.45496786093
-6.56376558958
-14.6611840582
-1.00977138678
-12.1305977091
1.91410367421
3.50837297667
1.74784865161
0.381744047275
9.88596429992
8.33294243397
-3.25759268774
4.34413415132
1.76045741033
-1.23812439049
-8.86871267767
-9.62538803904
-8.11156408202
8.46909623763
7.37820984556
3.04436143698
-7.73710136036
6.40421520745
2.35191748593
11.9934660773
-1.25831140808
-9.8911480399
1.88439311687
-7.64060536205
-4.69156772347
5.02930849131
-11.423508937
0.538235774182
4.98221279594
6.4167746153
4.14177638982
2.50288905734
-2.34577748843
8.95360876266
-5.58198850288
-12.2645833383
-10.2851142685
0.29806472861
-9.8998712252
7.98613752023
-7.2685975191
11.5076021956
2.26930427668
12.1734978041
5.62760927878
-4.6373043784
9.28062315546
-0.910926064325
-2.3454822401
-13.5918495854
7.94088484567
-10.8387781879
-3.94559428215
-1.26094488764
-2.8488205267
14.6865613274
14.9751224966
6.40609396051
-7.48727776515
-4.73343578773
2.37554458294
3.02594282792
-16.3435723608
-8.39259624511
11.6426666978
8.394218572
-11.4416505569
14.4531645723
-12.8976205121
19.829728415
15.7620935673
-12.7429605633
-11.9340082666
5.88594321311
-4.98710860153
-5.33090695659
13.1625772158
-17.1054111604
-5.99018032838
28.431762872
-3.90107529452
9.06608852854
-16.5226361825
7.89307231034
4.9612997495
-2.79752570082
2.01705527335
-26.2987210701
3.44013139606
-3.68234489025
8.05147809659
1.6593952988
-7.39191030085
0.98081487721
21.4329557491
10.4328904817
-33.1608503672
3.94839400923
9.5186692099
2.24086390264
-16.4783818907
-9.51430552587
2.79756145193
-3.51723473521
22.3382436759
-17.0641748863
9.10743810952
11.9753296103
3.37196949255
13.7106493555
-27.148583888
-0.336510382158
6.11276142189
-9.78191368028
14.3322249421
-9.88287620743
-11.5814793791
5.10146579045
11.0649622798
-0.0726788764006
-1.34534201263
-6.03214047123
16.6947738007
-10.6686253835
22.3699241604
-47.4932335807
25.4604061217
-2.33098194253
18.4595807098
-18.1033973284
4.6534190327
8.70735113627
-12.9088808044
8.27163711129
-30.2813812121
24.4993141648
7.65173868689
-1.14825649653
-7.74136534018
-7.06565600447
13.6785006829
11.38819496
-7.56102654264
-19.6278620765
15.0156271681
4.79136138769
-0.821851385429
-25.1605843386
14.6958589716
-25.4360486781
50.6065043324
-20.8994491383
-7.51100364896
8.95237867606
16.5243401947
10.7193806456
-39.516779448
11.4668326699
-34.0653585209
60.6666851506
-33.9497613487
-9.71190754419
-0.485065287495
5.59764933875
28.3518336811
-27.2653141223
15.3865672664
-37.8184177846
34.4965018753
-2.49181856988
-23.6236664242
-3.7421078919
11.1084770525
4.21451406585
20.2389074082
-19.645332772
14.8435120728
-19.2536448377
35.4729347545
-47.2454990967
48.7964428435
-50.1814441017
58.7344559899
-56.7903199063
35.2343978793
-35.2001815972
-1.93039722994
20.4925491127
-10.648072299
10.2824642654
2.37382935743
-19.6226696325
16.5987225455
-41.3934662101
36.3144733323
-30.5345559758
41.8282495129
-4.8250630848
-33.1842566945
44.3450974019
-37.2182664064
47.0487132258
-21.8970819962
-13.2637405394
0.440891382655
-30.5439188924
65.0884459296
-69.9323357238
44.9831646061
-34.9949291419
14.3671216915
-2.41240160199
-28.3903351339
22.3842721705
-52.1424653147
38.8753976686
-37.2772212213
37.0766829471
-24.2196634052
-11.6675060948
36.5168060211
-46.0696187442
66.6566607379
-92.7396691782
102.47003833
-113.531522159
105.515472235
-70.3629016145
42.6677799366
-18.673032794
-24.9889170442
37.4536572053
-32.1856293317
68.417616523
-86.4030527153
82.422305207
-70.2839623262
43.6632756761
-33.6209696151
3.77472707383
10.5042989132
-11.589763673
34.6142675377
-59.0748840262
38.2518141755
-11.315848164
-7.02452571533
50.9721799612
-53.110153309
81.730893938
-107.23312411
119.59145243
-90.1699481456
67.2211038447
-32.558255527
3.15151943499
21.2721780321
-42.4721637674
31.1455038782
-32.688865063
37.8068564589
-11.7702035884
3.23019889197
38.7851329272
-67.6281371439
71.4415671481
-69.565077276
51.2514652919
-66.722359858
46.8249098282
-19.710700057
-8.01506625786
35.9597917976
-58.2692139611
92.285878571
-99.9238710061
94.4045096624
-74.1753177342
81.4094662397
-47.8554269973
35.3752326213
-40.8535454147
6.32898273377
-13.1521205411
9.94576384869
3.60693848564
-14.4902629707
-7.67530758952
28.1017267362
-22.8814822074
58.5432752469
-43.2537205654
19.4398114051
5.71215613291
-29.4193171285
46.6983643155
-37.1340843203
21.0691703903
-47.815428859
67.4709428081
-75.9259683607
60.1684631133
-69.7014591889
70.0645946675
-73.4629143684
92.2130555494
-72.4159762598
54.7470335464
-36.9708096714
-2.98191102834
29.1079207831
-56.2580714822
63.3049613875
-74.8670167051
81.158584975
-67.2093257252
41.7291236286
-52.263445284
29.8349980187
6.01202347783
13.4403100586
-20.6823258785
-20.0228404385
5.89091506134
0.962757363053
23.0259255584
-43.1171166096
15.378338303
-15.3659459821
-9.67921800127
7.9455127124
-38.814773917
34.0691397968
-2.69520256845
5.25796960099
-26.7326586314
40.7573318691
-30.4694864699
24.5104887785
-40.7365798765
50.6373670246
-57.0613733868
70.8447432553
-65.5396836788
69.853836891
-59.5478805698
55.0917608253
-26.3158736732
-15.2082226695
45.7489981299
-66.638127521
65.4449549406
-29.0337346991
43.7404155183
-52.0384253837
74.8614409915
-92.9484617513
82.1574847544
-41.2019837159
13.1082657945
20.3621156645
-35.5929421881
77.5859477767
-75.3683336562
119.015223385
-131.49869534
94.1585097895
-100.483312012
82.5091866099
-88.3596480668
69.5404415894
-84.1873560488
83.6591358883
-61.7525542868
94.8089755322
-84.1730737851
41.6288592829
-13.8198477038
40.4217416401
-80.4560792495
67.6485210364
-109.620344784
95.4688184257
-84.1122431834
74.9773809911
-104.183796841
75.4304705754
-17.2097104476
-20.553641648
65.6517554553
-102.190053473
91.9785560478
-124.609935779
138.696114374
-126.485308286
128.005723368
-76.353541453
48.1724195903
-28.7610945116
12.2291122931
-42.8332630959
65.1347098989
-69.5537552838
112.737633557
-109.191026831
116.728293411
-151.822746639
193.064909576
-171.781337729
153.91997946
-178.278838218
204.48169284
-152.599775411
110.626083561
-63.7688112612
19.1470305112
10.3044937304
4.95520766346
30.7346651645
-61.9439066668
96.5847059461
-109.911200904
128.74716929
-141.610569637
137.417220971
-110.043300447
136.609949929
-121.038117066
136.079174139
-171.859180263
131.58430327
-143.736908981
159.562020193
-146.972265953
180.882294216
-178.04779241
161.32191595
-121.782193082
89.7550747204
-89.236759102
96.9309369441
-68.8208914779
70.4297545812
-31.588386509
7.25857145385
-3.86181660992
4.24719678893
-38.3329459728
46.8039790182
-23.2000797025
50.4775000716
-60.2467580405
29.3802474195
-29.2121874985
45.9179231014
-33.9304596527
5.59973476425
-6.00642589652
-23.4517450283
69.9035485132
-90.1623096943
78.7454758692
-82.3821698616
84.722144139
-60.7442271347
66.7315308097
-73.1781168882
78.0068172257
-36.787349698
49.9470712804
-25.8549402182
43.3759454904
-26.6059286017
27.2582091891
0.671405525733
26.865984725
-9.39568217002
15.8478309702
-40.8477515754
61.7644641191
-63.1559018816
58.7671289006
-50.9647770279
45.3000047376
-1.36567068102
24.3851889553
-48.9209206662
27.9819230138
-47.361478037
35.0563490137
1.21445957026
1.31646479681
7.18697768273
13.7610834017
-3.56708933555
22.2399967143
-41.2085725304
29.7874536218
-18.8913744777
25.7203480279
-11.4637918407
-15.7116780221
4.62630424161
16.5509952244
9.24277354516
3.70069988777
13.6763457635
8.09682931304
7.66794592985
-19.723616349
10.5841192914
-13.9542938979
26.2286215975
-8.67672928357
22.1988152922
-37.8221097545
48.1613005113
-17.1473571952
13.9617437323
14.6811228272
-45.2465016121
66.3620859297
-45.2760788334
35.4489996522
-44.6497039787
23.8514070362
3.11397961286
5.09031186306
24.9956454627
-27.2386030415
-4.09621485556
21.0287662271
-26.4364741272
25.6602343102
-27.6339084926
19.3789101116
-12.5410392986
31.3779729757
-23.0126640868
10.5035423127
-2.82736081258
28.0074163696
-48.8951577024
58.9708293723
-74.2339707386
53.9669996821
-34.9323456157
17.0229032116
1.24523332501
-11.9525255537
14.9504585986
3.99041337883
-10.1493995173
23.6090784121
-30.136883918
45.7963487695
-38.373542987
19.0745008443
-20.7066778298
0.719740593635
29.0491252148
-37.8263656672
27.5185446716
1.18794951665
-13.4457328748
39.8951733863
-39.5665781679
30.9490188092
-34.0860370392
17.8455396542
-6.56866041053
-5.9381248105
22.639793591
-34.3827718303
43.1418039057
-42.5900667986
27.3888841854
-31.4370567618
37.6643509351
-54.5472760389
45.4088097541
-33.0777261543
23.728315919
-15.0530669016
27.097575323
-35.5362066323
12.6280388362
7.51539787315
0.394817465035
9.66596693937
-4.19875059899
5.07718837063
-5.65332285637
2.89420558488
-21.949636531
36.924520406
-37.275111062
57.4236877851
-65.484691944
60.2981709032
-60.8301113795
73.5726180256
-80.8696606714
95.3021464032
-96.2512731049
81.3937162155
-61.3205055316
52.6181243998
-42.8732755765
57.9646037122
-47.1526149363
17.8387653531
-11.6018864167
15.5497795973
-39.6162245624
73.8751167505
-70.6418213575
77.7182637945
-78.5361748353
62.0087091249
-48.9945533197
30.3025105378
-6.16556038552
17.4863854616
-44.9511119591
56.2906744284
-66.6950653205
42.0942517758
-13.164585747
26.4371524593
-35.8272258579
26.4710226684
5.27289968176
-2.64152980737
-21.3142433302
2.93866492073
-6.51822984021
26.8668688505
-33.8809066816
16.1113322986
-15.1079121347
7.2298743457
-12.8852387775
6.41864759989
30.7846292625
-58.9899770536
83.3479582434
-95.9734459107
110.040390637
-86.2077263214
40.1761574559
-29.2162956593
0.55606561746
13.7076329669
2.11206865394
-0.0521324587597
-2.5925221167
15.4088772092
-33.8822418031
38.4189396187
-25.4954666406
16.8064190628
-19.8901461672
21.3195971285
-12.4664049861
8.01676622701
4.12006414258
-25.5003370416
10.3014507718
13.5510108519
-17.1584572781
13.2445785753
-30.5349121141
15.8232022909
-26.3207754698
59.9164871397
-68.5398518908
60.0683758845
-71.0978643495
80.1654768804
-83.4267184852
57.6138071353
-35.1591811359
-0.70392780579
-3.58054218557
-10.5951571925
23.123685759
-35.9878003026
48.3958723197
-55.7189555156
35.2172423418
-38.2203691863
45.6527859035
-35.4882458408
34.6412311965
-52.5908477845
24.4099305609
10.2393039764
-2.27239668712
-20.2022157852
2.71779274725
16.1776621152
-10.7034810411
-12.9013963022
23.9661228199
-17.4418962029
25.8917121861
-36.6677365701
12.1007499042
4.18595275513
9.10518030667
2.02251376625
-30.4511542241
52.8813451569
-43.7201857635
28.2564865573
-13.8762388502
-2.13095776095
24.0433512025
0.865191495091
-14.6019530431
15.4783012521
10.4985070788
-10.0164078679
-14.176739026
9.23412603999
-4.69234156217
10.2308647862
-21.3726079053
19.9436425454
-14.6382165099
28.865073012
-27.4332091101
-2.91094452275
28.4037266396
-23.6553262083
28.292755566
-40.7417286284
32.719376439
-41.9279272172
39.7049178283
-48.0627727267
40.7844321876
-1.6870558535
2.03664063083
11.8671812372
-28.1199563756
39.9342434457
-66.3062158687
44.7106820869
-32.3259806768
48.5372730405
-47.4935785265
43.9542648211
-54.7374814446
66.2424187604
-44.8643631055
13.8056395249
-19.2426263008
44.4122002571
-46.209833772
69.2042207668
-50.0017137027
14.3784146213
-15.8314719308
13.8867997736
12.3092453774
-22.5693653887
33.5870582164
-43.9049470311
26.7228024105
22.7550532947
-44.7513211981
24.3044948975
23.6771005012
-5.95328611885
14.0026694495
-12.4839604221
-6.5776341669
-8.20452408717
-4.35307796758
6.51145483139
10.0402517736
-4.83840637531
14.9205527315
14.7094503893
-17.8488496912
26.7929559953
-61.7773275918
87.6950065891
-79.0200484765
94.0650796352
-64.930555344
15.4855144466
19.1489317372
1.22313365847
-4.83988551554
-17.0373306009
58.1429842522
-47.0272587218
24.2678122305
-21.0786723509
-10.7899492985
33.9698907168
-37.6404478093
49.4144259368
-65.615501577
91.4485005536
-88.9747500659
62.9614325855
-17.1318343539
12.7734177439
-24.2508544431
54.2597114564
-38.9966281187
-17.5981921146
71.6239851617
-102.311411377
79.890551332
-33.710187043
26.6702376459
-28.5737819885
19.8097774068
18.7316172487
-64.1324533888
71.8703169085
-67.6964284442
74.496444616
-78.5610374508
110.496372023
-127.352689826
141.102055358
-139.75836155
110.930884575
-100.398025215
90.6841478582
-75.4312043551
71.6933080257
-74.412241927
81.2965319409
-87.5040257258
56.4430165024
-25.9933066062
-0.7069778708
24.6861717764
-6.98320237153
-19.6978665743
9.45693902847
-18.2691920847
-8.72304390525
-2.92287885494
28.4021189288
-34.5946652388
17.249116724
-16.0871785041
-22.0578178683
30.1024993539
-24.0875214824
7.96532442757
-22.6917957366
27.5057357956
-56.7258973784
34.35130565
-46.4468773998
54.2696380984
-50.3417806235
39.3205264762
-49.714815128
38.7523240656
-64.9685249145
32.0570180006
-8.76359068828
-26.6846629268
26.4754954415
-11.9520465907
17.8426131497
-7.14711148679
-14.9392216789
-11.20439703
-10.7686773542
-1.92588401879
-8.39698407293
16.653415759
-32.1047983962
53.3896864553
-79.0556520738
84.3452164177
-82.4791473636
61.9544220941
-77.6808120161
70.810447026
-49.7801406945
21.9097299839
-43.0626707465
10.7014545426
6.75181424173
-33.7290618593
11.5358624584
-35.2600550037
25.2024191267
-26.8401319382
14.1547340724
-30.2639387742
2.23544118127
-2.91010258972
-6.63303199191
8.48596278155
-37.2179088478
53.6546634349
-84.681026505
74.3965932048
-72.3225336297
47.7607055186
-32.2252681694
24.9444513555
-27.3516568032
22.2934850054
5.00015271152
-24.5262405236
49.7606066581
-47.7557215215
42.8347857376
-63.0033672419
35.3614482942
-2.11400428572
-35.2744040249
74.1475306067
-71.4837188381
91.469719219
-110.325906779
108.544951048
-132.014855672
133.631414791
-128.168138494
140.552605401
-121.290053643
73.5953899463
-79.3194450328
24.6246871382
14.8301533525
-27.4230343394
44.4023608186
-51.024384176
47.9916224131
-25.1403093648
-36.2785737714
45.1374960703
-43.2539152747
32.3762316932
-25.4175435111
54.5974598138
-38.4782012002
0.764176552136
-6.33505208696
-5.2478823933
30.8427714053
-34.0228165377
8.52123167108
23.3602216212
-45.5970426271
41.6960198204
-30.7355400487
44.90446226
-11.398965647
28.8601336938
-10.8511032679
-8.43792664292
-22.7065687381
45.4890949957
-72.9160439725
86.2225019862
-94.7014559706
111.734284012
-77.028869122
54.3155452803
-73.3414724736
26.1491406547
13.1121364359
-25.0056950404
64.0755959311
-79.8674552598
59.3394982248
-50.9822123002
41.4583388647
-30.3544764319
28.3255725318
19.7683635512
-15.9333372675
19.4192149981
-18.8400655073
16.7989697793
-25.3821510352
59.1737004124
-87.8288760386
88.9239176923
-76.1282384468
86.5464346597
-92.3738252296
93.6808600985
-89.8358143065
84.9777130239
-97.2501036485
127.972787897
-156.057268236
134.620010524
-90.3712423147
66.4655096064
-20.3177253518
23.9577648961
-63.7525194113
57.0698561344
-82.6129778657
72.9878055678
-100.24634153
105.026133044
-94.7148372355
79.9170796116
-48.9794247894
21.8817148756
-18.6831758542
31.7592396198
-87.2456780501
86.2885175824
-71.3960007819
39.0474290628
-37.6694363844
26.6293375978
-0.315789477533
23.5151166377
-12.0931135568
5.38799045522
-15.74275175
62.9291026015
-58.5689706263
10.8215244717
-20.2636126787
10.3569389541
42.0761172563
-50.8507846331
73.1816327008
-97.9998234745
108.927418956
-133.266092255
150.221676332
-172.642151876
219.209217036
-242.65691177
207.010365452
-158.923371697
128.726269279
-107.526015797
61.566210698
-39.9123992487
-5.07154718818
11.3327900105
-24.1047601446
28.3760374504
-24.6073810825
9.4007583563
-6.462291497
18.0770533134
-12.1104678886
20.2395467268
-48.2836772638
59.4290932617
-29.7937499819
-24.041166281
30.3331502611
-49.8752276044
25.3300352028
12.9483295587
-58.9330179112
57.0107509987
-35.2692320599
17.5015586657
-43.074271893
8.88132494428
40.72792777
-84.2214552006
83.9642870957
-78.6004679419
49.9836948166
-52.1684717343
46.2119746468
-76.8131843699
63.7864370854
-70.0357963085
79.7457212307
-70.8754456618
98.1024447732
-135.9733933
106.135198471
-70.019676044
68.2235930486
-66.7240401534
32.5905405282
-40.7979643075
39.6479158383
-23.0432229383
3.48308085817
-6.98492844374
-4.84895862662
49.8990978758
-91.755406253
97.7251583546
-91.3040483959
65.1617073555
-16.3747519817
-23.8369346336
0.357478560022
-14.7155709334
5.02792422749
-8.8915910571
-15.8795486631
59.9577870459
-71.7577598525
112.588503287
-142.897196918
124.422901282
-119.612674426
114.751812347
-67.8664414719
62.2264207358
-73.1189434038
75.0813538094
-43.4438759466
4.18046286373
-22.6185889991
-5.5141746178
4.64123957041
49.5245118166
-49.5618751749
53.750616249
-102.419220172
133.880975158
-115.276786832
79.6369803395
-87.7688575799
74.2582405581
-8.12430645649
-9.09401755968
7.76460680987
-55.4220144644
66.9853195291
-56.0428115297
73.8218139125
-101.759380948
100.101247525
-63.2612954935
48.7959506364
-9.6180588577
-23.9471198709
14.7909020709
-8.82509810438
66.4868015033
-71.868616506
30.7272321231
18.9893294405
-26.0889348237
27.4870381746
-26.6015093459
30.6446684564
-3.75517463124
-0.604075955322
8.62899530596
1.29827681555
-23.4758496488
58.6029968721
-68.3391139679
111.942371699
-121.465100536
147.277140743
-158.239292514
175.595192022
-164.777464894
140.849601346
-105.713300323
116.775131533
-64.060003125
12.6059194381
26.0483030479
-46.4387304782
88.2128319158
-120.055258723
125.700394357
-94.4723157393
108.987105925
-111.154810954
78.1550241416
-66.7489336627
63.9255287377
-22.0563502638
-17.3054119016
69.8345442532
-103.229032024
98.5366724481
-123.182236073
120.759442456
-123.746699813
137.265082901
-104.669900638
85.7764344077
-67.7350643729
19.0645515217
40.291288945
-78.7525999788
123.393624187
-156.371000466
155.414311983
-136.459733421
120.207106765
-127.559340602
74.3730788535
-15.2703995886
-15.9436021927
24.3212688932
-38.3141631148
40.6433355408
-65.2196946321
37.8179686558
-0.000149608843146
-27.0683642009
37.9064659542
-45.5169647589
37.3376950682
-48.3105034162
17.4956972789
-23.6328387616
-7.5878861892
-3.29780763218
-21.3215235643
0.790208773008
21.3088502581
-64.3254543572
43.1328308882
-69.6436468388
64.6110161793
-90.7494502461
113.394641939
-126.040570476
121.365750462
-139.074253508
146.817006098
-163.016854289
166.987858225
-159.172547539
116.505594619
-69.8707021972
46.1194400143
-23.4307695742
-31.2568241849
27.5841833097
-40.1308380975
58.4184164877
-73.7444592216
84.3212158533
-50.3262550916
-0.697281408219
20.496782086
-68.1577192225
108.616862886
-133.550964792
142.003875763
-159.387766304
165.305626834
-183.053177037
184.626843338
-163.936308441
157.619923443
-124.858899348
114.16488334
-73.9594166806
5.17084722001
45.311958432
-63.0964795198
86.9873009447
-60.9443672618
70.0991968701
-66.2279923952
42.0421965741
18.8493386672
-60.8400438708
63.6919582905
-71.7824026281
77.6709490974
-57.3027702548
71.142572671
-53.7059484181
12.480412503
-8.99424403979
-3.58783747251
-8.53923986267
6.44148431673
-22.8385654098
9.2964540325
-23.886011848
62.3520588797
-79.2550166826
60.5972089721
-80.5044462407
80.0793735553
-78.6576829276
39.0255322606
-20.0625406748
-1.81285590004
-17.1557234215
28.224998477
-70.9728974942
75.7069250677
-113.088012085
136.215159308
-166.575143963
154.176360272
-171.397008309
162.427397637
-131.172489378
78.2655631076
-65.3641394631
42.2763353809
-29.1947727234
36.3403437455
-45.6978128146
-1.38718686824
-16.8370012363
41.0578535852
-43.5667654568
60.5734639482
-51.4250259102
18.8889691915
14.1023785047
-31.2567360609
39.1954303546
-33.2278861981
27.9173694788
-47.4069644047
59.9097649637
-50.3203335452
61.3706137307
-86.8142666608
64.8150717129
-38.7488638642
-10.831218934
46.9056566155
-61.9116760035
51.1729505029
-73.977664063
106.626079958
-96.2172223083
54.9580720901
-19.6325151884
-5.65275203185
-2.38552835355
-2.06919635029
-1.17059428749
-25.8144443627
42.3864789232
-30.00896501
6.59496983098
11.1112991163
-11.0457897599
-13.1769322804
28.0513091521
-2.92056817531
-14.3524407631
8.34041302192
-1.6650357308
-32.2996469389
44.2672948757
-54.0204915852
38.8408747163
-19.1062259977
-3.47811258752
38.578063083
-43.5484960578
22.9091833157
-14.6374810586
-6.15956242519
16.282391872
-31.9822534538
54.7567132326
-46.5805629208
43.2838310443
-17.1614094564
23.3265518472
-33.1568206236
25.0392196923
-2.71509900817
-19.9586486572
42.8945450044
-37.1202136645
11.9691919869
21.1836169507
-9.07377759221
-9.22577300159
15.8491644462
-32.4469281618
39.7462308699
-19.1436608663
14.708367113
-2.17100436205
-30.1078095111
30.4810039869
-32.8985473408
54.2287645615
-53.3943943013
34.2743013043
-36.2230513199
37.4127519786
-43.4244642664
61.633728224
-62.5784746305
49.2780903434
-55.6417822363
39.1356712369
-39.4262036641
26.5688677508
-17.1557685562
0.905725789619
26.1274466668
-42.6346337032
63.1297418271
-46.0225911911
12.0147619553
25.7653741891
-24.4805119832
32.8455196988
-39.9139918015
64.927830857
-74.8378694023
72.0785062504
-43.9238781142
34.2380209867
-34.6965117453
39.7793240005
-42.9689758617
53.5346137168
-30.8699764641
15.9046743043
-18.8025969739
22.8751912399
-31.7767708616
22.4238146916
-18.4123758404
14.3584249519
6.19055266519
6.71894886473
-14.389379962
-6.16180270322
22.5474269686
-16.8423263425
3.35883773843
7.12267508446
-7.83021655631
7.47715951166
-5.80285927371
-8.8427234766
-8.08914388729
25.2321683915
-5.95815189165
-15.193694954
18.2448463098
-26.8347536416
29.4751426193
-7.12401768081
9.68811584664
-33.222029805
53.0981960628
-75.6494642647
101.930678008
-123.681072643
127.484243803
-143.974464617
132.908585495
-126.644465143
93.0876238961
-59.1345555241
32.4420596761
-25.6251863753
9.59291688159
-3.6165724
4.43733678942
16.5840590348
-20.4008311001
33.8984531007
-41.7850897285
23.7342616435
5.11823878548
-39.2175290956
50.0570639783
-41.3916106607
15.7703274461
4.86700511175
-40.7625658769
44.3063793554
-68.9536782634
49.2750928247
-22.3616172694
10.9442694081
16.5699895806
-49.7003814293
45.0178651577
-41.5217119937
3.67586671694
19.679305777
-32.2290720058
39.0401445401
-45.8538781272
24.8041969735
5.25580932453
-7.84216033541
-3.87017393865
30.5210323984
-61.9755007708
53.1763086593
-66.4137060148
96.8407136102
-99.1666234782
80.5982724114
-73.0322515179
66.0043765077
-87.329322137
108.75790886
-136.408191279
169.614282128
-209.701095639
215.541620065
-193.926335303
157.106425579
-116.476768994
53.2099068284
5.95047138598
-38.6789154735
57.7142262959
-76.4610961873
62.2435349963
-74.9834020294
63.1924982791
-30.1337890903
29.795555629
-5.17597505796
-38.1000733309
85.2016047832
-119.411974357
126.140450938
-110.719653359
103.819737806
-80.2923164469
44.5020968096
10.4052096367
-80.2626158065
99.2960378383
-131.062414992
125.109149091
-123.850824901
115.29310496
-74.4628051681
38.1217936345
-2.9387424964
-2.32446188786
-29.3433266483
49.4361811392
-93.9269565917
129.589580468
-166.231540551
223.322500864
-254.97137446
241.051806581
-267.268903199
282.399377476
-253.801392108
197.859082488
-169.758704986
95.7084730304
-18.7428927949
-20.8083140236
22.1741491648
-54.8299664077
59.5386020722
-82.5607953584
94.7216527603
-94.6692076864
67.981055474
-43.9958065402
-8.8746613128
63.4136771737
-139.794601043
165.495915158
-173.426158864
180.572508421
-197.06234578
168.77541895
-179.085191168
155.503415694
-121.229959373
54.7857506495
-39.9232338968
-18.6284877058
17.8238803889
-24.0279514705
35.7232491507
-18.8358285156
-14.334935423
36.3787701281
-44.7346419113
57.7923765545
-84.099844404
93.7384107719
-92.4408689364
75.0623110726
-53.4480835591
50.7529889395
-52.8471020953
11.1885634971
-15.4365763503
-5.86501068843
-9.81729029322
11.397507575
-2.40317929298
-20.6100252208
40.3901665469
-45.140736786
42.2980091098
-20.7027128066
-20.0486228005
55.2083166094
-81.2185071501
80.9962861651
-77.4186661285
78.7560653854
-52.9315297379
14.7776111618
-5.14214796252
1.82041668905
5.60511065822
-22.0513223626
41.5539321514
-64.3296932111
48.8742220647
-36.6044278345
10.6123093326
24.9369499506
-16.9921885429
-5.3533692858
-11.0578962324
23.0411422309
-5.10732206048
31.5446034126
-69.4016110449
92.6612927476
-107.898845227
107.329410957
-111.285467735
82.1134290373
-81.743342421
68.661385852
-50.5264404382
56.5996466578
-45.8253073995
37.3845721886
-31.4071584313
36.562004171
-46.4778366637
41.5607934371
-25.0661721616
43.3484145751
-31.2723127056
40.7365597414
-28.8981033982
21.768034214
12.9790944361
-10.5765797597
32.1765642004
-45.7574406523
54.017308592
-34.0294873837
16.9057458412
18.9150890003
-42.6411337636
86.0817041852
-109.061444369
115.199897552
-141.691824533
160.235797193
-167.257769242
197.491581076
-188.13523434
158.010580363
-138.850234549
111.721752177
-92.1899651311
75.0903557207
-39.8220797075
32.1435163369
-19.599508386
32.0865479975
-9.6825360411
9.48458661064
-12.6419703567
29.4490301767
-10.0961427494
0.0883498987987
9.74817138156
12.4838129279
-0.712515690439
36.4598711862
-24.651520461
32.0237544333
-40.60287779
43.3062144908
-53.1420323768
45.7649511095
-15.8832126376
-1.20618055894
-3.84282724082
-5.61878024254
-3.31233223185
30.00948268
-33.8983631206
22.1620662413
-3.29137401681
0.929068049694
16.5774782943
-28.7650057287
52.4170103443
-62.9242308489
74.4750125827
-49.9811804672
44.6302559112
-40.3601384411
18.5884934068
12.1808806137
-29.2223295236
25.7106226102
-38.0642537671
47.6526374644
-25.5880126441
21.2803425481
4.23522240013
-19.4555206754
28.234009257
-35.4656987833
55.4947817289
-72.6147292189
106.465744357
-114.927124637
140.735788734
-150.137383577
153.180269245
-139.577426464
143.13510395
-99.1916295339
92.603210837
-49.6689662018
19.7598347341
19.3034080118
-15.7501770837
47.5955288501
-49.2598222817
80.1138135207
-52.3077539305
32.7498601586
13.9138447314
-25.2504417819
46.7279286731
-34.2200267831
56.9448113635
-47.9057538597
31.8721793001
19.8079272608
-33.9491485396
55.4691318911
-52.3563821687
48.5767258174
-41.0885467088
53.7206587391
-43.4673430499
17.5012339985
-4.92847808003
-16.7284817923
10.2616571399
-34.0798418392
60.3520406291
-82.8709415543
119.065041561
-147.128119786
149.921210773
-148.071019229
112.426647807
-89.9314546616
41.7841068407
10.2175642311
-40.7462727639
35.7285652372
-67.8121042835
44.7806878603
-14.1619207838
-0.977365914872
-0.273891918286
-8.61647307217
22.1747640261
-51.4422736984
39.4084700432
-62.3731686737
68.4842522711
-62.3091825593
80.0458611702
-81.5351888108
87.4618696505
-59.6728064058
54.8364608244
-77.9962676417
47.2061490141
-37.9928348975
27.7315141393
-41.7154171183
62.5854048802
-57.0656719204
38.2392968249
-62.5038954322
80.9279784531
-111.561853648
146.180654861
-161.902111548
198.706528264
-182.52331071
168.998644298
-150.428784649
100.907955254
-76.5692206088
74.6389524469
-44.4509134421
48.0814348639
-23.9903972862
44.1999199204
-30.3337113472
8.73316886557
15.4697355637
-34.8868575397
32.9207734794
15.9046604524
-14.0167566928
7.46367987142
-13.8375499088
32.562255483
-52.7600837149
71.0419785746
-102.350283528
105.682277987
-119.856765061
139.330188932
-127.546481295
138.931702066
-119.487342189
123.785080158
-130.88806098
102.362468121
-65.053229337
67.8368999238
-41.8871047295
65.3257379141
-36.0293224467
59.7187810769
-51.5007524404
55.2575627029
-33.2890328931
61.643725605
-38.6625102346
54.3895375095
-67.756237748
111.364708076
-95.8927839935
107.905059313
-125.267916731
144.295004901
-99.70026389
85.0854125568
-72.0157752773
36.6564518201
15.2360499111
-45.7493479928
90.4269570666
-117.549658435
145.472764478
-158.534256007
180.877275002
-185.674361421
182.738013942
-188.580116121
151.932423999
-133.824099156
122.112959582
-93.6979087319
48.8863371437
-27.7427349092
-17.1487500158
9.96781493818
-18.0193249942
-16.8246660724
5.68624918068
-13.2381312018
37.665469006
-61.5833780799
81.3568132034
-95.7729328657
68.1659211913
-89.5527897929
67.5101184571
-60.54026714
33.4400478373
0.571298616454
-23.0292038601
34.1931230134
-71.1133114423
84.3997639026
-110.308308579
128.183399216
-154.816419973
150.413464375
-157.609800554
145.759912943
-109.69715912
54.6537933446
-36.7229312741
18.6915279257
7.22125457364
-1.50949920338
-13.3517558201
-11.8726438521
-18.0118568732
51.9513490453
-85.4770554311
95.4763247553
-104.576527364
89.3485156393
-77.7081436009
79.3370385931
-80.2274790655
30.6171115488
25.6745146156
-44.5391273287
74.3390415363
-100.004026282
92.5603419455
-107.187755719
123.043220201
-96.2174673902
41.047907665
6.25911599536
-27.8568848879
54.1632427875
-68.3165497452
60.5113706643
-51.997087414
43.9372664189
-21.3165189589
-18.5421522925
23.0247614096
-46.1725153792
83.6643408674
-103.116786084
110.163235556
-105.916380278
80.0117765329
-46.6024706641
34.7521343942
-28.500148806
-9.56359789553
28.903550487
-30.3239920506
52.6440140803
-73.1597174235
79.1371147174
-88.6266505402
95.4195633394
-90.9567997119
89.7199369927
-90.0547152084
74.9645946402
-53.291411584
17.8940807711
7.64003551052
-5.91086612579
10.4965493272
-16.953407284
21.8952520179
-2.23344931901
-33.9762131437
53.9735114518
-75.9226786095
87.8593216415
-75.1204194231
82.8145369135
-70.1403308542
60.8921394439
-59.7882599148
48.4226598248
-38.1601805589
25.9510621371
-16.1016525123
13.0575779221
-2.01796625013
-0.879747952669
4.65931208933
-5.18559681831
0.185569525412
9.54673126507
-17.3321681014
24.8370844591
-30.3492949649
35.809299406
-36.6767341119
36.7925901196
-34.5643921945
30.3769191297
-24.5765087671
21.333897888
-17.1859050017
13.929903622
-10.4431585031
8.76303135057
-6.09570748736
5.00636975926
-4.69386779199
5.46113396127
-5.96651246544
8.02392727295
-10.3323083417
12.7658261779
-14.5884412548
16.6541225393
-17.175196614
17.2618592157
-16.3342714599
15.558085055
-13.6063001745
12.079951227
-10.3729447088
9.14498783031
-7.6327792394
6.89050538863
-6.15416507556
5.65205023991
-5.18311800968
5.28337073576
-5.2550753552
5.52571631773
-5.78275226022
6.46724233532
-6.65806779279
7.14800634565
-7.29487604602
7.4558280447
-7.11141946917
6.94791825678
-6.42491548432
5.94138368659
-5.30390612282
4.91643121903
-4.34578205703
3.97669066467
-3.59313932499
3.41168154733
-3.12714441228
3.01882591964
-2.90277703178
2.85386437946
-2.76775879785
2.81331841456
-2.79474779924
2.80510930698
-2.64101749908
2.75599061002
-2.53556768601
2.55654111637
-2.32246773907
2.29257020806
-2.0077596512
1.95296380751
-1.71708372195
1.66231285489
-1.44727189381
1.42357934355
-1.24217899901
1.21998908747
-1.078158314
1.0857538217
-0.965085394224
0.96195640433
-0.86831535841
0.869871269153
-0.783143964954
0.79213496311
-0.71715831932
0.71485765803
-0.563636688304
0.633482025149
-0.493541004503
0.5515237606
-0.426604168283
0.478546869678
-0.361564452846
0.409571864556
-0.270867202029
0.353958410841
-0.227870213334
0.305226050913
-0.192426704878
0.261854749276
-0.162437741873
0.227720955968
-0.103574598202
0.195870176027
-0.0858246180927
0.170045291586
-0.0710311640722
0.148503410616
-0.0602548909932
0.130265564052
-0.00243431444313
0.114161793065
0.000918887788681
0.100035476872
0.00306279612237
0.0885763555712
0.00427521359335
0.0790760191767
0.0368423007776
0.0701209810425
0.0344342683304
0.0625084810943
0.031666956338
0.0558790236757
0.0288391344814
0.0503961669694
0.0396426644829
0.0451260524466
0.0359450763056
0.0405772895334
0.0326232874843
0.0365330136632
0.0294611748405
0.0329378186482
0.0301881816196
0.0297366388856
0.0272791030105
0.026783388252
0.0246183544273
0.0241803497942
0.022237898848
0.0218315049781
0.0207399297292
0.0197029332428
0.0187177865806
0.0177818972516
0.016892802389
0.0160481622696
0.0152457541561
0.0144834664483
0.0137592931259
0.0130713284696
0.0124177620461
0.0117968739438
0.0112070302466
0.0106466787343
0.0101143447976
0.00960862755768
0.0091281961798
0.00867178637081
0.00823819705227
0.00782628719965
0.00743497283967
0.00706322419769
0.0067100629878
0.00637455983841
0.00605583184649
0.00575304025417
0.00546538824146
0.00519211882939
0.00493251288792
0.00468588724352
0.00445159288135
0.00422901323728
0.00401756257541
0.00381668444664
0.00362585022431
0.0034445577131
0.00327232982744
0.00310871333607
0.00295327766927
0.0028056137858
0.00266533309651
0.00253206644169
0.0024054631196
0.00228518996362
0.00217093046544
0.00206238394217
0.00195926474506
0.00186130150781
0.00176823643242
0.0016798246108
0.00159583338026
0.00151604171124
0.00144023962568
0.0013682276444
0.00129981626218
0.00123482544907
0.00117308417662
0.00111442996778
0.0010587084694
0.00100577304593
0.000955484393629
0.000907710173948
0.00086232466525
0.000819208431988
0.000778248010388
0.000739335609869
0.000702368829376
0.000667250387907
0.000633887868511
0.000602193475086
0.000572083801332
0.000543479611265
0.000516305630702
0.000490490349167
0.000465965831708
0.000442667540123
0.000420534163117
0.000399507454961
0.000379532082213
0.000360555478102
0.000342527704197
0.000325401318987
0.000309131253038
0.000293674690386
0.000278990955867
0.000265041408073
0.00025178933767
0.000239199870786
0.000227239877247
0.000215877883385
0.000205083989215
0.000194829789755
0.000185088300267
0.000175833885254
0.000167042190991
0.000158690081441
0.000150755577369
0.000143217798501
0.000136056908576
0.000129254063147
0.00012279135999
0.00011665179199
0.000110819202391
0.000105278242271
0.000100014330158
9.50136136496e-05
9.02629329672e-05
8.57497863188e-05
8.14622970029e-05
7.73891821527e-05
7.35197230451e-05
6.98437368928e-05
6.63515500482e-05
6.30339725458e-05
5.98822739185e-05
5.68881602226e-05
5.40437522114e-05
5.13415646009e-05
4.87744863708e-05
4.63357620523e-05
4.40189739497e-05
4.18180252522e-05
3.97271239896e-05
3.77407677901e-05
3.58537294006e-05
3.40610429306e-05
3.2357990784e-05
3.07400912448e-05
2.92030866826e-05
2.77429323485e-05
2.6355785731e-05
2.50379964445e-05
2.37860966223e-05
2.25967917911e-05
2.14669522016e-05
2.03936045915e-05
1.93739243619e-05
1.84052281438e-05
1.74849667366e-05
1.66107183998e-05
1.57801824798e-05
1.49911733558e-05
1.4241614688e-05
1.35295339536e-05
1.2853057256e-05
1.22104043932e-05
1.15998841735e-05
1.10198899648e-05
1.04688954666e-05
9.94545069326e-06
9.44817815859e-06
8.97576925066e-06
8.52698078813e-06
8.10063174872e-06
7.69560016129e-06
7.31082015322e-06
6.94527914556e-06
6.59801518828e-06
6.26811442887e-06
5.95470870743e-06
5.65697327205e-06
5.37412460845e-06
5.10541837803e-06
4.85014745913e-06
4.60764008617e-06
4.37725808186e-06
4.15839517777e-06
3.95047541888e-06
3.75295164794e-06
3.56530406554e-06
3.38703886226e-06
3.21768691915e-06
3.05680257319e-06
2.90396244453e-06
2.75876432231e-06
2.62082610619e-06
2.48978480088e-06
2.36529556084e-06
2.2470307828e-06
2.13467924366e-06
2.02794528147e-06
1.9265480174e-06
1.83022061653e-06
1.7387095857e-06
1.65177410642e-06
1.5691854011e-06
1.49072613104e-06
1.41618982449e-06
1.34538033327e-06
1.2781113166e-06
1.21420575077e-06
1.15349546323e-06
1.09582069007e-06
1.04102965557e-06
9.8897817279e-07
9.3952926415e-07
8.92552800943e-07
8.47925160896e-07
8.05528902851e-07
7.65252457708e-07
7.26989834823e-07
6.90640343082e-07
6.56108325928e-07
6.23302909631e-07
5.9213776415e-07
5.62530875942e-07
5.34404332145e-07
5.07684115538e-07
4.82299909761e-07
4.58184914273e-07
4.35275668559e-07
4.13511885131e-07
3.92836290875e-07
3.73194476331e-07
3.54534752514e-07
3.36808014889e-07
3.19967614144e-07
3.03969233437e-07
2.88770771765e-07
2.74332233177e-07
2.60615621518e-07
2.47584840442e-07
2.3520559842e-07
2.23445318499e-07
2.12273052574e-07
2.01659399945e-07
1.91576429948e-07
1.81997608451e-07
1.72897728028e-07
1.64252841627e-07
1.56040199545e-07
1.48238189568e-07
1.4082628009e-07
1.33784966085e-07
1.27095717781e-07
1.20740931892e-07
1.14703885297e-07
1.08968691033e-07
1.03520256481e-07
9.83442436568e-08
9.3427031474e-08
8.87556799003e-08
8.43178959053e-08
8.010200111e-08
7.60969010545e-08
7.22920560018e-08
6.86774532017e-08
6.52435805416e-08
6.19814015145e-08
5.88823314388e-08
5.59382148669e-08
5.31413041235e-08
5.04842389174e-08
4.79600269715e-08
4.55620256229e-08
4.32839243418e-08
4.11197281247e-08
3.90637417184e-08
3.71105546325e-08
3.52550269009e-08
3.34922755558e-08
3.18176617781e-08
3.02267786892e-08
2.87154397547e-08
2.7279667767e-08
2.59156843786e-08
2.46199001597e-08
2.33889051517e-08
2.22194598941e-08
2.11084868994e-08
2.00530625544e-08
1.90504094267e-08
1.80978889554e-08
1.71929945076e-08
1.63333447822e-08
1.55166775431e-08
1.4740843666e-08
1.40038014827e-08
1.33036114085e-08
1.26384308381e-08
1.20065092962e-08
1.14061838314e-08
1.08358746398e-08
1.02940809078e-08
9.77937686244e-09
9.29040801932e-09
8.82588761835e-09
8.38459323743e-09
7.96536357556e-09
7.56709539678e-09
7.18874062694e-09
6.8293035956e-09
6.48783841582e-09
6.16344649503e-09
5.85527417027e-09
5.56251046176e-09
5.28438493867e-09
5.02016569174e-09
4.76915740715e-09
4.53069953679e-09
4.30416455995e-09
4.08895633196e-09
3.88450851536e-09
3.69028308959e-09
3.50576893511e-09
3.33048048836e-09
3.16395646394e-09
3.00575864074e-09
2.8554707087e-09
2.71269717327e-09
2.57706231461e-09
2.44820919888e-09
2.32579873893e-09
2.20950880199e-09
2.09903336189e-09
1.99408169379e-09
1.8943776091e-09
1.79965872865e-09
1.70967579221e-09
1.6241920026e-09
1.54298240247e-09
1.46583328235e-09
1.39254161823e-09
1.32291453732e-09
1.25676881045e-09
1.19393036993e-09
1.13423385144e-09
1.07752215886e-09
1.02364605092e-09
9.72463748374e-10
9.23840560956e-10
8.77648532908e-10
8.33766106263e-10
7.92077800949e-10
7.52473910902e-10
7.14850215357e-10
6.79107704589e-10
6.4515231936e-10
6.12894703392e-10
5.82249968222e-10
5.53137469811e-10
5.2548059632e-10
4.99206566504e-10
4.74246238179e-10
4.5053392627e-10
4.28007229957e-10
4.06606868459e-10
3.86276525036e-10
3.66962698784e-10
3.48614563845e-10
3.31183835653e-10
3.1462464387e-10
2.98893411676e-10
2.83948741093e-10
2.69751304038e-10
2.56263738836e-10
2.43450551894e-10
2.312780243e-10
2.19714123085e-10
2.0872841693e-10
1.98291996084e-10
1.8837739628e-10
1.78958526466e-10
1.70010600142e-10
1.61510070135e-10
1.53434566629e-10
1.45762838297e-10
1.38474696382e-10
1.31550961563e-10
1.24973413485e-10
1.18724742811e-10
1.1278850567e-10
1.07149080387e-10
1.01791626367e-10
9.6702045049e-11
9.18669427965e-11
8.72735956567e-11
8.29099158739e-11
7.87644200802e-11
7.48261990762e-11
7.10848891224e-11
6.75306446662e-11
6.41541124329e-11
6.09464068113e-11
5.78990864707e-11
5.50041321472e-11
5.22539255398e-11
4.96412292628e-11
4.71591677997e-11
4.48012094097e-11
4.25611489392e-11
4.04330914923e-11
3.84114369176e-11
3.64908650718e-11
3.46663218182e-11
3.29330057273e-11
3.12863554409e-11
2.97220376689e-11
2.82359357854e-11
2.68241389961e-11
2.54829320463e-11
2.4208785444e-11
2.29983461718e-11
2.18484288632e-11
2.07560074201e-11
1.97182070491e-11
1.87322966966e-11
1.77956818618e-11
1.69058977687e-11
1.60606028803e-11
1.52575727362e-11
1.44946940994e-11
1.37699593945e-11
1.30814614247e-11
1.24273883535e-11
1.18060189358e-11
1.1215717989e-11
1.06549320896e-11
1.01221854851e-11
9.61607621085e-12
9.13527240031e-12
8.67850878029e-12
8.24458334128e-12
7.83235417421e-12
7.4407364655e-12
7.06869964223e-12
6.71526466012e-12
6.37950142711e-12
6.06052635575e-12
5.75750003797e-12
5.46962503607e-12
5.19614378426e-12
4.93633659505e-12
4.6895197653e-12
4.45504377703e-12
4.23229158818e-12
4.02067700877e-12
3.81964315833e-12
3.62866100042e-12
3.4472279504e-12
3.27486655288e-12
3.11112322523e-12
2.95556706397e-12
2.80778871077e-12
2.66739927523e-12
2.53402931147e-12
2.4073278459e-12
2.2869614536e-12
2.17261338092e-12
2.06398271188e-12
1.96078357628e-12
1.86274439747e-12
1.7696071776e-12
1.68112681872e-12
1.59707047778e-12
1.51721695389e-12
1.4413561062e-12
1.36928830089e-12
1.30082388584e-12
1.23578269155e-12
1.17399355697e-12
1.11529387912e-12
1.05952918517e-12
1.00655272591e-12
9.56225089614e-13
9.08413835134e-13
8.62993143377e-13
8.19843486208e-13
7.78851311898e-13
7.39908746303e-13
7.02913308988e-13
6.67767643538e-13
6.34379261361e-13
6.02660298293e-13
5.72527283379e-13
5.4390091921e-13
5.16705873249e-13
4.90870579587e-13
4.66327050607e-13
4.43010698077e-13
4.20860163173e-13
3.99817155014e-13
3.79826297264e-13
3.60834982401e-13
3.42793233281e-13
3.25653571617e-13
3.09370893036e-13
2.93902348384e-13
2.79207230965e-13
2.65246869416e-13
2.51984525946e-13
2.39385299648e-13
2.27416034666e-13
2.16045232933e-13
2.05242971286e-13
1.94980822722e-13
1.85231781586e-13
1.75970192506e-13
1.67171682881e-13
1.58813098737e-13
1.508724438e-13
1.4332882161e-13
1.3616238053e-13
1.29354261503e-13
1.22886548428e-13
1.16742221007e-13
1.10905109956e-13
1.05359854458e-13
1.00091861736e-13
9.50872686487e-14
9.03329052163e-14
8.58162599555e-14
8.15254469577e-14
7.74491746098e-14
7.35767158793e-14
6.98978800854e-14
6.64029860811e-14
6.3082836777e-14
5.99286949382e-14
5.69322601913e-14
5.40856471817e-14
5.13813648226e-14
4.88122965815e-14
4.63716817524e-14
4.40530976648e-14
4.18504427816e-14
3.97579206425e-14
3.77700246104e-14
3.58815233798e-14
3.40874472109e-14
3.23830748503e-14
3.07639211078e-14
2.92257250524e-14
2.77644387998e-14
2.63762168598e-14
2.50574060168e-14
2.3804535716e-14
2.26143089302e-14
2.14835934837e-14
2.04094138095e-14
1.9388943119e-14
1.84194959631e-14
1.74985211649e-14
1.66235951067e-14
1.57924153513e-14
1.50027945838e-14
1.42526548546e-14
1.35400221118e-14
1.28630210062e-14
1.22198699559e-14
1.16088764581e-14
1.10284326352e-14
1.04770110035e-14
9.9531604533e-15
9.45550243063e-15
8.9827273091e-15
8.53359094365e-15
8.10691139646e-15
7.70156582664e-15
7.31648753531e-15
6.95066315854e-15
6.60313000062e-15
6.27297350058e-15
5.95932482556e-15
5.66135858428e-15
5.37829065506e-15
5.10937612231e-15
4.85390731619e-15
4.61121195039e-15
4.38065135287e-15
4.16161878522e-15
3.95353784596e-15
3.75586095366e-15
3.56806790598e-15
3.38966451068e-15
3.22018128515e-15
3.05917222089e-15
2.90621360985e-15
2.76090292935e-15
2.62285778289e-15
2.49171489374e-15
2.36712914905e-15
2.2487726916e-15
2.13633405702e-15
2.02951735417e-15
1.92804148646e-15
1.83163941214e-15
1.74005744153e-15
1.65305456946e-15
1.57040184098e-15
1.49188174893e-15
1.41728766149e-15
1.34642327841e-15
1.27910211449e-15
1.21514700877e-15
1.15438965833e-15
1.09667017541e-15
1.04183666664e-15
9.8974483331e-16
9.40257591644e-16
8.93244712062e-16
8.48582476459e-16
8.06153352636e-16
7.65845685004e-16
7.27553400754e-16
6.91175730716e-16
6.5661694418e-16
6.23786096971e-16
5.92596792123e-16
5.62966952517e-16
5.34818604891e-16
5.08077674646e-16
4.82673790914e-16
4.58540101368e-16
4.356130963e-16
4.13832441485e-16
3.93140819411e-16
3.7348377844e-16
3.54809589518e-16
3.37069110042e-16
3.2021565454e-16
3.04204871813e-16
2.88994628222e-16
2.74544896811e-16
2.60817651971e-16
2.47776769372e-16
2.35387930904e-16
2.23618534358e-16
2.1243760764e-16
2.01815727258e-16
1.91724940896e-16
1.82138693851e-16
1.73031759158e-16
1.643801712e-16
1.5616116264e-16
1.48353104508e-16
1.40935449283e-16
1.33888676819e-16
1.27194242978e-16
1.20834530829e-16
1.14792804287e-16
1.09053164073e-16
1.03600505869e-16
9.8420480576e-17
9.34994565472e-17
8.88244837198e-17
8.43832595338e-17
8.01640965571e-17
7.61558917293e-17
7.23480971428e-17
6.87306922857e-17
6.52941576714e-17
6.20294497878e-17
5.89279772984e-17
5.59815784335e-17
5.31824995118e-17
5.05233745362e-17
4.79972058094e-17
4.55973455189e-17
4.3317478243e-17
4.11516043308e-17
3.90940241143e-17
3.71393229086e-17
3.52823567632e-17
3.3518238925e-17
3.18423269788e-17
3.02502106298e-17
2.87377000983e-17
2.73008150934e-17
2.59357743387e-17
2.46389856218e-17
2.34070363407e-17
2.22366845237e-17
2.11248502975e-17
2.00686077826e-17
1.90651773935e-17
1.81119185238e-17
1.72063225976e-17
1.63460064677e-17
1.55287061444e-17
1.47522708371e-17
1.40146572953e-17
1.33139244305e-17
1.2648228209e-17
1.20158167985e-17
1.14150259586e-17
1.08442746607e-17
1.03020609276e-17
9.78695788127e-18
9.2976099872e-18
8.83272948784e-18
8.39109301345e-18
7.97153836278e-18
7.57296144464e-18
7.19431337241e-18
6.83459770379e-18
6.4928678186e-18
6.16822442767e-18
5.85981320628e-18
5.56682254597e-18
5.28848141867e-18
5.02405734774e-18
4.77285448035e-18
4.53421175633e-18
4.30750116852e-18
4.09212611009e-18
3.88751980459e-18
3.69314381436e-18
3.50848662364e-18
3.33306229246e-18
3.16640917783e-18
3.00808871894e-18
2.857684283e-18
2.71480006885e-18
2.5790600654e-18
2.45010706213e-18
2.32760170903e-18
2.21122162358e-18
2.1006605424e-18
1.99562751528e-18
1.89584613951e-18
1.80105383254e-18
1.71100114091e-18
1.62545108386e-18
1.54417852967e-18
1.46696960319e-18
1.39362112303e-18
1.32394006688e-18
1.25774306353e-18
1.19485591036e-18
1.13511311484e-18
1.0783574591e-18
1.02443958614e-18
9.73217606835e-19
9.24556726493e-19
8.78328890169e-19
8.3441244566e-19
7.92691823377e-19
7.53057232208e-19
7.15404370598e-19
6.79634152068e-19
6.45652444465e-19
6.13369822241e-19
5.82701331129e-19
5.53566264573e-19
5.25887951344e-19
4.99593553777e-19
4.74613876088e-19
4.50883182284e-19
4.28339023169e-19
4.06922072011e-19
3.8657596841e-19
3.6724716999e-19
3.4888481149e-19
3.31440570916e-19
3.1486854237e-19
2.99125115252e-19
2.84168859489e-19
2.69960416515e-19
2.56462395689e-19
2.43639275904e-19
2.31457312109e-19
2.19884446504e-19
2.08890224179e-19
1.9844571297e-19
1.88523427321e-19
1.79097255955e-19
1.70142393157e-19
1.61635273499e-19
1.53553509824e-19
1.45875834333e-19
1.38582042617e-19
1.31652940486e-19
1.25070293461e-19
1.18816778788e-19
1.12875939849e-19
1.07232142857e-19
1.01870535714e-19
9.6777008928e-20
9.19381584816e-20
8.73412505575e-20
8.29741880297e-20
7.88254786282e-20
7.48842046968e-20
7.11399944619e-20
6.75829947388e-20
6.42038450019e-20
6.09936527518e-20
5.79439701142e-20
5.50467716085e-20
5.22944330281e-20
4.96797113767e-20
4.71957258078e-20
4.48359395174e-20
4.25941425416e-20
4.04644354145e-20
3.84412136438e-20
3.65191529616e-20
3.46931953135e-20
3.29585355478e-20
3.13106087704e-20
2.97450783319e-20
2.82578244153e-20
2.68449331946e-20
2.55026865348e-20
2.42275522081e-20
2.30161745977e-20
2.18653658678e-20
2.07720975744e-20
1.97334926957e-20
1.87468180609e-20
1.78094771579e-20
1.69190033e-20
1.6073053135e-20
1.52694004782e-20
1.45059304543e-20
1.37806339316e-20
1.3091602235e-20
1.24370221233e-20
1.18151710171e-20
1.12244124662e-20
1.06631918429e-20
1.01300322508e-20
9.62353063825e-21
9.14235410633e-21
8.68523640102e-21
8.25097458097e-21
7.83842585192e-21
7.44650455932e-21
7.07417933136e-21
6.72047036479e-21
6.38444684655e-21
6.06522450422e-21
5.76196327901e-21
5.47386511506e-21
5.20017185931e-21
4.94016326634e-21
4.69315510302e-21
4.45849734787e-21
4.23557248048e-21
4.02379385646e-21
3.82260416363e-21
3.63147395545e-21
3.44990025768e-21
3.27740524479e-21
3.11353498255e-21
2.95785823343e-21
2.80996532176e-21
2.66946705567e-21
2.53599370288e-21
2.40919401774e-21
2.28873431685e-21
2.17429760101e-21
2.06558272096e-21
1.96230358491e-21
1.86418840567e-21
1.77097898538e-21
1.68243003611e-21
1.59830853431e-21
1.51839310759e-21
1.44247345221e-21
1.3703497796e-21
1.30183229062e-21
1.23674067609e-21
1.17490364229e-21
1.11615846017e-21
1.06035053716e-21
1.00733301031e-21
9.5696635979e-22
9.09118041801e-22
8.63662139711e-22
8.20479032725e-22
7.79455081089e-22
7.40482327034e-22
7.03458210683e-22
6.68285300149e-22
6.34871035141e-22
6.03127483384e-22
5.72971109215e-22
5.44322553754e-22
5.17106426066e-22
4.91251104763e-22
4.66688549525e-22
4.43354122049e-22
4.21186415946e-22
4.00127095149e-22
3.80120740392e-22
3.61114703372e-22
3.43058968203e-22
3.25906019793e-22
3.09610718804e-22
2.94130182863e-22
2.7942367372e-22
2.65452490034e-22
2.52179865532e-22
2.39570872256e-22
2.27592328643e-22
2.16212712211e-22
2.054020766e-22
1.9513197277e-22
1.85375374132e-22
1.76106605425e-22
1.67301275154e-22
1.58936211396e-22
1.50989400826e-22
1.43439930785e-22
1.36267934246e-22
1.29454537534e-22
1.22981810657e-22
1.16832720124e-22
1.10991084118e-22
1.05441529912e-22
1.00169453416e-22
9.51609807455e-23
9.04029317083e-23
8.58827851229e-23
8.15886458667e-23
7.75092135734e-23
7.36337528947e-23
6.995206525e-23
6.64544619875e-23
6.31317388881e-23
5.99751519437e-23
5.69763943465e-23
5.41275746292e-23
5.14211958977e-23
4.88501361028e-23
4.64076292977e-23
4.40872478328e-23
4.18828854412e-23
3.97887411691e-23
3.77993041107e-23
3.59093389051e-23
3.41138719599e-23
3.24081783619e-23
3.07877694438e-23
2.92483809716e-23
2.7785961923e-23
2.63966638269e-23
2.50768306355e-23
2.38229891037e-23
2.26318396486e-23
2.15002476661e-23
2.04252352828e-23
1.94039735187e-23
1.84337748427e-23
1.75120861006e-23
1.66364817956e-23
1.58046577058e-23
1.50144248205e-23
1.42637035795e-23
1.35505184005e-23
1.28729924805e-23
1.22293428565e-23
1.16178757136e-23
1.1036981928e-23
1.04851328316e-23
9.96087618998e-24
9.46283238048e-24
8.98969076146e-24
8.54020622338e-24
8.11319591221e-24
7.7075361166e-24
7.32215931077e-24
6.95605134523e-24
6.60824877797e-24
6.27783633907e-24
5.96394452212e-24
5.66574729601e-24
5.38245993121e-24
5.11333693465e-24
4.85767008792e-24
4.61478658352e-24
4.38404725435e-24
4.16484489163e-24
3.95660264705e-24
3.7587725147e-24
3.57083388896e-24
3.39229219451e-24
3.22267758479e-24
3.06154370555e-24
2.90846652027e-24
2.76304319426e-24
2.62489103454e-24
2.49364648282e-24
2.36896415868e-24
2.25051595074e-24
2.13799015321e-24
2.03109064555e-24
1.92953611327e-24
1.8330593076e-24
1.74140634222e-24
1.65433602511e-24
1.57161922386e-24
1.49303826266e-24
1.41838634953e-24
1.34746703206e-24
1.28009368045e-24
1.21608899643e-24
1.15528454661e-24
1.09752031928e-24
1.04264430331e-24
9.90512088148e-25
9.40986483741e-25
8.93937159554e-25
8.49240301576e-25
8.06778286497e-25
7.66439372172e-25
7.28117403564e-25
6.91711533386e-25
6.57125956716e-25
6.2426965888e-25
5.93056175936e-25
5.6340336714e-25
5.35233198783e-25
5.08471538844e-25
4.83047961901e-25
4.58895563806e-25
4.35950785616e-25
4.14153246335e-25
3.93445584018e-25
3.73773304817e-25
3.55084639577e-25
3.37330407598e-25
3.20463887218e-25
3.04440692857e-25
2.89218658214e-25
2.74757725303e-25
2.61019839038e-25
2.47968847086e-25
2.35570404732e-25
2.23791884495e-25
2.12602290271e-25
2.01972175757e-25
1.91873566969e-25
1.82279888621e-25
1.7316589419e-25
1.6450759948e-25
1.56282219506e-25
1.48468108531e-25
1.41044703104e-25
1.33992467949e-25
1.27292844552e-25
1.20928202324e-25
1.14881792208e-25
1.09137702598e-25
1.03680817468e-25
9.84967765943e-26
9.35719377646e-26
8.88933408763e-26
8.44486738325e-26
8.02262401409e-26
7.62149281338e-26
7.24041817272e-26
6.87839726408e-26
6.53447740088e-26
6.20775353083e-26
5.89736585429e-26
5.60249756158e-26
5.3223726835e-26
5.05625404932e-26
4.80344134686e-26
4.56326927951e-26
4.33510581554e-26
4.11835052476e-26
3.91243299852e-26
3.7168113486e-26
3.53097078117e-26
3.35442224211e-26
3.18670113e-26
3.0273660735e-26
2.87599776983e-26
2.73219788134e-26
2.59558798727e-26
2.46580858791e-26
2.34251815851e-26
2.22539225059e-26
2.11412263806e-26
2.00841650615e-26
1.90799568085e-26
1.8125958968e-26
1.72196610196e-26
1.63586779686e-26
1.55407440702e-26
1.47637068667e-26
1.40255215234e-26
1.33242454472e-26
1.26580331748e-26
1.20251315161e-26
1.14238749403e-26
1.08526811933e-26
1.03100471336e-26
9.79454477694e-27
9.30481753809e-27
8.83957666118e-27
8.39759782812e-27
7.97771793672e-27
7.57883203988e-27
7.19989043789e-27
6.83989591599e-27
6.49790112019e-27
6.17300606418e-27
5.86435576098e-27
5.57113797293e-27
5.29258107428e-27
5.02795202057e-27
4.77655441954e-27
4.53772669856e-27
4.31084036363e-27
4.09529834545e-27
3.89053342818e-27
3.69600675677e-27
3.51120641893e-27
3.33564609798e-27
3.16886379309e-27
3.01042060343e-27
2.85989957326e-27
2.7169045946e-27
2.58105936487e-27
2.45200639662e-27
2.32940607679e-27
2.21293577295e-27
2.10228898431e-27
1.99717453509e-27
1.89731580834e-27
1.80245001792e-27
1.71232751702e-27
1.62671114117e-27
1.54537558411e-27
1.46810680491e-27
1.39470146466e-27
1.32496639143e-27
1.25871807186e-27
1.19578216826e-27
1.13599305985e-27
1.07919340686e-27
1.02523373652e-27
9.7397204969e-28
9.25273447205e-28
8.79009774845e-28
8.35059286103e-28
7.93306321798e-28
7.53641005708e-28
7.15958955423e-28
6.80161007651e-28
6.46152957269e-28
6.13845309405e-28
5.83153043935e-28
5.53995391738e-28
5.26295622151e-28
4.99980841044e-28
4.74981798992e-28
4.51232709042e-28
4.2867107359e-28
4.0723751991e-28
3.86875643915e-28
3.67531861719e-28
3.49155268633e-28
3.31697505202e-28
3.15112629942e-28
2.99356998444e-28
2.84389148522e-28
2.70169691096e-28
2.56661206541e-28
2.43828146214e-28
2.31636738904e-28
2.20054901958e-28
2.0905215686e-28
1.98599549017e-28
1.88669571567e-28
1.79236092988e-28
1.70274288339e-28
1.61760573922e-28
1.53672545226e-28
1.45988917964e-28
1.38689472066e-28
1.31754998463e-28
1.2516724854e-28
1.18908886113e-28
1.12963441807e-28
1.07315269717e-28
1.01949506231e-28
9.68520309194e-29
9.20094293734e-29
8.74089579048e-29
8.30385100095e-29
7.88865845091e-29
7.49422552836e-29
7.11951425194e-29
6.76353853935e-29
6.42536161238e-29
6.10409353176e-29
5.79888885517e-29
5.50894441241e-29
5.23349719179e-29
4.9718223322e-29
4.72323121559e-29
4.48706965481e-29
4.26271617207e-29
4.04958036347e-29
3.8471013453e-29
3.65474627803e-29
3.47200896413e-29
3.29840851592e-29
3.13348809013e-29
2.97681368562e-29
2.82797300134e-29
2.68657435127e-29
2.55224563371e-29
2.42463335202e-29
2.30340168442e-29
2.1882316002e-29
2.07882002019e-29
1.97487901918e-29
1.87613506822e-29
1.78232831481e-29
1.69321189907e-29
1.60855130412e-29
1.52812373891e-29
1.45171755197e-29
1.37913167437e-29
1.31017509065e-29
1.24466633612e-29
1.18243301931e-29
1.12331136835e-29
1.06714579993e-29
1.01378850993e-29
9.63099084435e-30
9.14944130213e-30
8.69196923702e-30
8.25737077517e-30
7.84450223641e-30
7.45227712459e-30
7.07966326836e-30
6.72568010495e-30
6.3893960997e-30
6.06992629471e-30
5.76642997998e-30
5.47810848098e-30
5.20420305693e-30
4.94399290408e-30
4.69679325888e-30
4.46195359594e-30
4.23885591614e-30
4.02691312033e-30
3.82556746432e-30
3.6342890911e-30
3.45257463654e-30
3.27994590472e-30
3.11594860948e-30
2.96015117901e-30
2.81214362006e-30
2.67153643905e-30
2.5379596171e-30
2.41106163625e-30
2.29050855443e-30
2.17598312671e-30
2.06718397038e-30
1.96382477186e-30
1.86563353327e-30
1.7723518566e-30
1.68373426377e-30
1.59954755058e-30
1.51957017305e-30
1.4435916644e-30
1.37141208118e-30
1.30284147712e-30
1.23769940327e-30
1.1758144331e-30
1.11702371145e-30
1.06117252588e-30
1.00811389958e-30
9.57708204602e-31
9.09822794372e-31
8.64331654654e-31
8.21115071921e-31
7.80059318325e-31
7.41056352409e-31
7.04003534788e-31
6.68803358049e-31
6.35363190146e-31
6.03595030639e-31
5.73415279107e-31
5.44744515152e-31
5.17507289394e-31
4.91631924924e-31
4.67050328678e-31
4.43697812244e-31
4.21512921632e-31
4.00437275551e-31
3.80415411773e-31
3.61394641184e-31
3.43324909125e-31
3.26158663669e-31
3.09850730485e-31
