0.0268469800776
0.0206618217949
-0.00422158326604
-0.0422925244996
-0.0365852967341
0.0536610383025
-0.0421168334281
-0.0174289103414
-0.0714437639767
-0.0659677233148
-0.00977796643359
-0.0513910302639
-0.00319998828514
0.0534580992771
-0.0324972109466
-0.113617225369
0.0509490369173
-0.0674502340249
-0.202988882497
-0.200300603424
-0.142339078925
0.0483732527452
-0.0303322181246
0.151661271471
-0.42390506414
0.306085758587
-0.716178065064
-0.100835515819
-0.205669281236
0.0986039996636
-0.649292300522
-0.131052927373
0.393385812552
0.49671070931
-0.515378648613
0.622330774821
-0.665443339655
0.86966684064
-0.807394106653
0.0732449069719
-0.879381887068
0.701978738352
-0.508731031989
0.432134237861
-0.564341986874
0.322332732385
-0.322372041583
0.0319165857991
-1.3721029656
2.10048447616
-2.13407651592
0.226118789669
0.390646848814
-0.436222266636
-1.62982459774
-1.47298022417
1.29680264374
-0.866457547042
1.04416632797
-2.89670276426
3.71231544579
-1.71585396158
1.9504184715
-1.73299018515
-0.184273260361
-0.384745344044
2.22218953156
-2.87439549353
4.14187454286
-2.89537512052
4.74582831455
-4.12604559044
5.97383005867
-1.47577511012
3.33578439221
-0.507019856896
1.74536271861
1.87723660039
0.673821731873
-3.58747985853
2.27747267748
0.47271655863
4.60083523911
-1.72224807117
0.866206043834
1.94927345246
3.01839618188
-2.73432618438
1.83863471062
3.96220806707
1.04255573686
-0.668719964129
2.2196323954
2.19504612143
3.84293991107
-5.50163692355
7.47020039835
-5.38692577641
8.01493653664
-7.18745455792
10.4201370241
-2.52697911669
1.31332421101
-4.58962310806
4.92921365433
-0.515821985901
-2.48963456799
0.552134516426
6.55130679841
0.169141143033
-2.90929538892
3.75638299586
-2.07267505779
-5.92181465296
2.89060572257
-5.60552882164
0.759643946431
-8.28864099219
4.97629807707
1.22622926104
5.16472908339
-6.4497204707
-2.02387617407
3.64811955923
4.57796100112
-5.58715581244
8.4387295019
0.514016133851
6.0224267291
-7.59860720417
9.92424899296
1.46848595639
2.89227301178
-1.17088037578
5.20314008001
-2.88946158824
-2.69134143912
1.2055937563
4.8874235588
4.75309542738
-0.12641681931
-4.08856633714
0.19593679306
-5.49256146655
3.86465229683
4.01287262929
0.785538147128
-0.619622182569
-3.51860018428
-3.92047725483
3.24860205116
1.07302934809
0.496934817436
3.1729928221
-3.03440792036
-4.71677210471
1.99895603467
3.33661904459
1.19652300535
3.4650020557
-0.170633448386
4.29562273801
-1.16720307049
-3.00969163115
-5.88871894579
-1.08366334424
3.99393164024
2.87413271852
2.21660344723
1.03642369692
2.36946660025
0.71234250509
-6.2629317491
5.22487897454
-2.42079539137
4.3085740788
-4.27548260171
1.80634379028
-1.96191717977
-2.48699296699
-5.43648793492
-0.0121686016198
1.62760888229
-0.357927822187
-1.00019980031
-3.71420916188
3.00128177757
0.0885443132204
-1.39922361203
1.15913657505
1.26945479098
5.69343889008
0.300500221153
5.09264850714
-3.71338446635
5.18478915408
-5.01399069039
-0.152378926682
-1.79041234164
7.91391197791
3.68229058987
-1.81459639914
0.323807770305
1.21200243996
-4.32544885413
-0.983446265058
-4.82170307424
6.18545223307
-0.24518921493
8.40329373532
-4.02157112291
-0.563027735284
-2.28666245397
3.45733486351
0.958737877769
7.45647849837
2.82852501978
1.37101177915
-1.70241883656
3.94412035524
-2.58047203299
5.24250882332
-3.67897125698
3.68863697078
-3.21332015741
-1.2736236803
-2.91930375373
-2.77819512068
2.60564952998
4.11727038259
5.2310151916
-0.931669289778
-1.77126839386
0.0791795156483
-2.34097044745
4.75320511791
-5.72873742573
9.39786194905
-2.15686300644
2.91989838491
-9.45799025063
-2.53198550816
1.54292346401
-4.40227956606
3.03345285161
-2.54572296819
4.65788827099
-0.928822467884
1.83663246716
-2.85745737161
-2.19706727422
-1.78740026205
-5.11092272379
-2.61086229432
-2.27956899619
-1.7765895981
-5.89489713241
2.53257418142
-5.85618715279
-0.168081700963
-2.843302154
0.244428694176
4.39325822173
1.20700169264
-5.26256805503
-2.66823284326
-6.44773785118
-0.186625976443
-3.04186482931
-1.31872411575
-4.88974381381
3.79302918814
2.68782004992
2.93420541973
-0.934116985101
2.82847156626
-1.68096874277
-0.40490672079
-4.90495340864
3.54993951377
0.585199546155
-0.424001698096
-4.43310030916
2.58017770641
-3.72196689825
1.13382449443
-5.05438098251
-2.01570551941
0.854754613273
2.72884520613
-5.42952766999
-1.3377583056
0.930618595466
0.187710366034
-2.53960586724
1.63921777451
1.19446533273
3.55332692439
-5.51305666759
3.75257777257
-2.93947040007
-0.832565455111
-6.6362903649
4.91030211123
-4.1623662521
8.61577148983
-5.87352551874
8.92135791668
1.78649112902
4.61108125481
-3.88166220955
-1.89583366244
-1.58223163825
-2.40717578859
3.38994682751
0.742381008398
-0.128993503274
-0.641261155067
-0.180999057134
4.86046686343
1.89435690394
-1.44502392258
-2.64097039777
1.15757426927
-0.963153371977
3.79507347982
-5.61085924889
4.75609378332
-5.01915713157
-0.660378644163
1.91351472048
0.475558212924
2.45412420395
-1.24407587369
-2.12669751141
-1.24073193486
-3.34818905834
-2.27993189803
-1.83680347995
0.000287885587207
4.72794151437
-4.34361453015
-3.38438609917
-3.31386215604
0.195200604049
0.782763648014
3.5644370464
-4.53387797216
-0.340261273932
-0.434741824209
-3.1295313246
2.59941947255
-4.03145402941
5.16306607795
-5.31451037747
-1.78453653853
-5.44189527684
-2.324340478
0.964522762567
-1.98363118119
0.956982932153
0.282080854203
-3.08155576795
-5.52322739296
-3.17791221785
-3.30844784342
1.96778341505
1.52926502601
-2.8259114529
1.3728049437
-5.98154860987
2.79338906664
-3.32357643581
2.15550221956
-3.21205527614
4.09539293627
-1.61176760888
4.52044564793
-4.79221617583
-1.76012217564
0.944895462616
1.9786784499
4.09574965011
-3.99289054
1.85040516113
2.53893364736
1.19419992258
-2.88588794002
2.10167941804
0.90974777157
4.17210629537
-3.10227239299
3.42295245179
-3.32988371326
5.13487910216
3.42143776415
-0.381839104125
-1.65459956104
0.443001354257
4.19651199488
-4.16624615709
-2.40982592179
-1.38426065394
5.10156035153
4.68733644195
0.551193431133
-4.32220705668
-1.50434721195
6.27020128346
5.14328685229
-0.799932853831
-0.593321908398
4.968123901
-2.18139895727
4.1936380701
-3.25830080756
2.82851925499
-1.08804790901
2.47918523085
4.57976214868
-5.40321952871
-3.16535067564
-6.4689480773
8.91294407371
-1.92518462952
4.10092525757
-9.07103423423
-0.869442646873
-5.25507878362
0.173586331903
-0.75529595784
0.123379503769
-3.28405224054
-5.52796961354
5.30730406558
-6.16911707779
-5.47018245309
-2.82663405704
1.15851156423
8.01381551487
0.881885669323
-4.56004529986
-7.69508822661
-3.78532789473
4.58959783574
-1.70620716748
2.47658012922
-3.48930109531
2.15117926453
-7.63988887484
-3.6902055512
-3.64421631383
1.25162345937
-2.13302333671
5.22258182027
3.41087587831
-2.79024246593
-9.38632314579
-0.488948440983
-6.7020705998
0.831272838388
-3.38865904443
1.57388790986
3.18667143779
-0.851333986586
-2.84169107965
-6.32847037486
-1.20346969113
-2.2156100326
-2.76162271477
-4.05195234605
-6.66557891416
-1.61311246354
-0.646910858676
3.38120590188
-4.24519252016
10.3292698668
-13.2858297593
0.131398653952
-18.0080888911
1.98346558867
-12.7041375571
-5.25795698945
4.26732122994
-4.47207718103
-2.50062529965
-9.42541333538
0.426518865786
-9.47415770734
-6.92655824018
-1.18932123534
-7.03288637217
-3.5319338267
-4.58518075103
-9.70903265817
3.59597867701
-14.6578617281
2.25583601183
-18.9905918082
6.19342994725
-8.32968879339
-6.54546852222
3.56909291694
-4.13462209634
17.157726237
-19.7449390426
10.4778940175
-23.3592206007
21.559183194
-16.294234254
15.4365145844
-15.5994166531
7.22240960249
-5.90965402858
-17.0351674245
-3.47901089479
-16.7467626668
23.6406703851
-12.9856766174
3.05014326803
-15.9482081727
-6.20565869466
-3.65759362734
-3.68873199168
14.5072483092
-10.1365412908
16.3228058585
-20.589623555
22.8030082748
-12.7632386226
13.3927307713
-27.6999943223
19.0028760438
-13.7975990445
-0.922296122408
2.02139922445
-10.0575813175
14.196933764
-15.1087364145
15.0468009392
-19.6439455377
9.82329595659
-6.42873570048
11.8853226479
6.41668064532
-19.4862735891
-1.85762391112
1.61472660978
12.9160559053
-25.2797757289
25.8860979408
0.39912970885
8.43343470514
-29.8089110964
-3.15874651686
18.2749215528
-8.66230979003
21.5561367278
-29.8868693403
42.9783109708
-20.0446062791
18.3679911116
-20.5363581951
20.9064966512
-10.3456634212
-9.11217805723
26.8825254479
-5.63637268571
25.4118475963
-14.2127550839
17.3095264881
-10.9797113671
26.0780262711
-36.6859180584
9.65314288057
-0.68579826281
13.1121281008
-14.971806891
19.6142055551
-10.6927606999
17.177692664
-20.3658834579
-1.88071119467
-10.8228011191
6.78440951196
1.36044961075
8.80077392784
5.50286997223
-15.8216627719
-6.35749492759
10.104824668
7.71928260131
-22.4361506718
9.14161297284
-9.71097245173
19.2336867608
-13.5020481661
13.4452220192
-6.29845829116
-4.89350019557
16.5827586049
-19.0203099169
34.20930899
-15.5781595955
13.4253911901
-35.3486047031
42.3227375697
-24.6490997224
22.7737377223
-8.5305301496
-1.30999695547
21.3064626953
-21.5414801979
25.0231943312
-20.1968463773
22.6792897804
-21.177379715
27.4895082141
-31.4793124345
19.213422308
-23.3931855434
9.49746749282
13.2015675122
-28.1775982058
31.9335404217
-33.9551817579
49.0860364256
-52.8571806102
34.8905026594
-47.0453125704
23.9664406197
3.74155208568
5.67001177715
-10.14251138
-2.09788363695
31.3746871595
-28.421839461
43.4422854371
-59.5412144373
33.0373273566
-12.2889898695
-10.0893847641
14.0524637425
-4.49937032162
-9.11070836953
6.52699393198
10.1116330457
-15.9543171018
34.1989575769
-43.0089630901
22.025691804
-18.3077922411
0.0835212091738
0.503422856086
-20.4606319826
20.8859678803
-24.9000829594
32.7401301978
-21.014481635
14.3137740468
-1.22077629199
-17.1364248374
-5.13815678069
-8.0606320296
4.03776579831
-27.6975145811
24.6019661434
-7.4816540234
4.36568178243
-3.01331672498
-14.2179831725
5.09065976093
-27.7982830009
40.6849684014
-27.1167699239
15.0824128421
-32.6538308023
37.6781196629
-21.3840347967
1.34017616058
16.8258619012
-21.9921147048
21.9282624361
-12.5784255202
-13.5649080542
15.7684380783
-14.7133346006
9.92156630684
-14.7204691017
41.4051530759
-26.6264002338
10.4387779054
9.69285154586
-1.55383064902
10.015467314
2.87310663874
-26.5519766646
50.3587903524
-57.7230325008
46.2174299973
-26.7529859325
44.7245223466
-63.3882225395
49.3275155176
-43.7851619335
15.2604824876
-22.6030489284
9.43870877798
12.2495937435
-17.972429236
23.2813329298
-18.4425701912
26.3724830888
-37.0622931015
18.3088417056
-18.02484495
27.9928273103
-44.8020843115
26.352738117
-38.0612560856
37.7666215781
-28.4187208435
5.809603
-9.90396851164
-9.8981771863
-15.2735845786
16.5769464506
-20.4241393609
9.33086489282
-17.3444915541
29.3381467004
-32.7282008042
29.7268704733
-46.5661002251
57.7582501529
-49.7764818626
41.6314443899
-66.5695583509
38.0787121424
-52.0857191066
34.988868944
-52.1722227604
44.8584555558
-47.009373068
31.5804186165
-34.7002631321
51.0894538499
-79.8324323571
44.1738694809
-54.9523953675
24.2496571211
-15.0519020674
-22.9868121506
17.74086354
-18.1770117599
28.1672804441
-47.3009618886
18.9482773639
-26.9820826927
31.5285812554
-11.3518362018
-36.9571878563
27.0567310509
-15.2328121041
35.9542307741
-39.2324689831
16.7068502836
-28.8294971179
55.2425770671
-58.52447469
53.5920096462
-48.0161987435
70.9014097498
-90.0475529537
45.3430734904
-46.3599557797
55.8116639841
-54.1428077377
18.1150505596
12.907550557
-25.5220614514
11.5138067554
-7.52098057927
-28.5475289698
26.6441328102
-21.0493000199
19.0366410767
-10.1355493296
9.8455527073
-19.959012114
-12.9243849473
6.89032318651
-33.2156190478
31.2381173232
-31.0661981705
42.6058262583
-23.473815129
45.2398009547
-13.003979389
-8.56422497574
-3.28894728817
19.2365945964
4.32407837623
5.24751934088
-8.05901153488
24.6824093393
-7.74036961926
-13.4041086205
5.69129572874
-9.51123432039
36.8733288014
-24.6358964766
15.642877635
-3.0936790261
28.8664466889
8.66027252337
-50.3928930384
38.5469644314
-3.20282365827
9.31751340983
-2.03820527043
-1.13415258416
26.259782589
-30.7629860757
24.7151461107
-54.0094796116
80.0223635313
-80.3629250896
72.2065711025
-106.552926252
123.200365729
-89.1419590848
42.595200852
-9.22410278116
3.22176867355
34.6964083171
-73.6831066339
65.3139624052
-32.2299972739
0.818585533624
22.2298569692
-66.5970294176
94.6413048139
-60.4028819969
29.7237611834
-24.3743535458
21.560178205
3.23463841575
-15.0317480591
1.48191289358
20.2701686128
-5.45408775718
18.0331318116
-32.1128356001
31.5510994953
-37.2085026148
38.2267952753
-56.8963136392
47.2622936567
-6.11213229196
20.3335191252
2.4755539019
-37.3811189539
27.7107771415
18.6638154576
11.4159190912
-9.85319758683
16.6050925449
-36.9206193453
28.1102379482
21.9221907116
5.09360907345
25.0786792714
-55.6833057363
101.962235572
-109.342403798
162.30087359
-152.421942643
123.344579205
-50.0284436159
26.9329672896
14.6800282115
-37.0151004032
88.4974845265
-82.0043851642
59.8723552343
-76.1081182555
76.3418510304
-46.1235386794
43.6616965343
-11.8674537247
8.92984989798
-13.1676614464
37.8692981345
-67.4283946199
75.6912575476
-26.3179110532
17.0966668187
18.2859800949
-70.2602476839
134.500112007
-130.568964048
106.941411656
-69.2459265976
57.3104983692
-33.4084410422
6.23832022552
-8.70626431415
16.5285814554
-17.6344346963
49.0437928611
-63.3156673674
82.3400059446
-56.2258099564
-6.24321575123
10.7593552617
15.5689495776
7.14685157332
11.8319184035
-36.9212085619
47.3322948755
-46.8535661685
74.2285374692
-85.8710223316
82.4056080824
-57.0376475603
82.3413098269
-55.0901148835
22.9896579529
-52.8472697895
82.2664036304
-68.1390294267
41.4069446515
-15.1624962301
31.1694485507
-50.5142362059
-1.00312908099
29.256429563
3.89060845256
25.2324135389
-71.3403342129
103.358693524
-48.846764971
46.8449302244
-39.5022528205
63.3162799214
-60.1888813465
74.972388001
-83.401648134
52.1921260685
30.704794824
-71.439355302
62.821331941
-35.6068754653
21.3109879696
-52.0424380173
66.8596741764
-38.6010778987
69.754564539
-24.7493908343
13.362138885
-11.494095709
1.91611663159
8.66204085378
-19.2118799051
14.8568591064
-36.4554053842
47.841543514
-29.3614239671
-2.22543808585
-36.2859835389
44.1039885204
-38.4748833384
13.4364759797
0.835876923405
-47.8912568421
61.8505980738
-90.6857075792
99.7629950872
-67.3495926883
62.4376582207
-41.9972413431
48.300999494
-42.1018647387
1.88692673455
44.7285161284
-35.6178168034
34.1276740687
-29.6010704961
18.7490825444
-37.5100779826
78.8247880693
-48.6232600289
19.0304388984
-4.00682219111
32.8759229303
-3.54962395695
1.80551078671
-4.65532220778
-18.4962947496
36.4357962037
-6.14106235808
36.6774490404
-50.8522490585
56.8097360863
-66.3175461836
56.944707646
-48.5358820307
18.6823730475
-28.5398630363
52.1141832586
-71.1764959287
44.0415123592
-5.97090179887
-30.5305055537
20.8430355636
-50.2970902816
25.4706017961
-0.492778287703
-21.0953879504
-19.3127814708
7.1625854604
4.46984641283
-51.2395688802
53.8380528298
-38.3086211192
4.40433898119
-4.24861087428
-6.5513712144
18.7226659626
-51.8616366657
67.2580715826
-62.3639397956
96.9060400807
-96.2565505734
89.8552602131
-53.6728027561
77.3028320156
-106.065586821
98.8533522206
-115.468472139
117.910112521
-51.2785363063
37.3722344797
-7.59429285351
-17.8275132357
15.1440654589
-53.7942176527
67.2626851113
-35.1876506997
65.8931124329
-80.0437913088
65.634332335
-35.9554655807
19.5233495686
0.469407303261
-25.5576480031
62.2969368114
-84.3085515775
87.0124234247
-60.1170414835
7.56070800765
41.1845781603
3.3121923752
7.6674795887
-25.7688967662
60.8928748774
-71.4738766152
62.7352989483
-61.5271293744
84.2945559315
-26.2095521029
36.6819223156
5.19093086977
-11.9223510072
-22.5625568162
5.81220144227
-11.9471362765
-1.73049905396
3.101286213
23.589578092
-62.9508807461
105.332497751
-121.301735059
120.386840387
-140.576160328
164.055303537
-201.785018073
187.06086505
-154.495249704
167.928007382
-181.076424953
116.861517642
-103.96187403
101.809768576
-141.677552033
145.496594907
-110.641934136
40.859212025
26.9808210005
-75.237919918
52.9773056683
-73.6004157149
26.3105268781
-55.2353924448
54.103578827
-69.8511922466
92.6529071019
-80.034846611
58.2424540473
-99.0500162278
123.429665545
-151.966754729
141.976153951
-193.834479514
176.641513136
-190.422634661
200.372273634
-170.14354387
164.703029518
-166.048124711
145.754229552
-80.6021110063
18.6519216703
57.1135560142
-88.1542314624
71.5482659282
-71.2348528558
97.9504283707
-59.5233460036
59.5841034916
-94.9047913887
154.748252822
-93.7381109199
10.271950304
85.2742086535
-96.1310010331
167.437282802
-112.142593129
79.8460657743
-67.9349584989
85.1713302965
-71.5693374863
68.8720037631
10.8930808462
-1.83277700127
16.3657739924
45.7318781822
-126.379096085
137.192444039
-97.6920089157
24.3133870631
65.4102449837
-148.881668784
134.554180086
-175.865241916
122.435599209
-119.261081492
147.313916878
-135.700333701
76.3764596488
-76.4769639729
60.8498355377
-79.2607910451
120.460185259
-77.1911248411
11.2024756482
-9.86204038552
38.8592806031
-91.8704353802
34.0684755732
31.8801207959
-52.7132562856
102.404881552
-151.479189294
119.891255752
-119.075598665
129.884432759
-150.477439855
99.5114504753
-94.2650961979
45.1042817743
-53.9130035352
76.75790385
-37.7383894037
-32.6056784537
2.66007978768
-17.7449626634
54.6560595065
-126.139882506
132.511664845
-160.063659851
157.863785795
-112.306963701
42.6480633822
-3.48008562684
-21.8134047282
37.0078035601
-91.1191099744
72.048630658
-56.3387430489
8.12743861316
63.8481243126
-141.561470462
110.480967746
-45.0089343899
19.3402201288
-72.3123176012
80.3237363455
-107.1386732
93.3433654886
-142.447823532
60.5887634884
-70.4794731904
51.2166982633
-12.2637299394
24.0889915093
-99.5245315227
54.7794071655
-27.0560391911
-1.26791621352
32.3031624668
-102.108829774
160.026136013
-152.284047283
143.559044509
-153.285853777
180.46540175
-154.27329697
86.3785305689
-42.8311874773
-19.3920036311
122.983894929
-88.5447201072
53.7202382012
-73.4969457719
29.0164267604
68.9413995509
-40.5792251383
60.1013399904
-17.5699794617
13.3287776883
-22.329960525
55.5965357082
-91.7339664887
56.2492354704
26.3280790669
-58.8964119691
37.2399984484
-0.86988436857
26.2243827317
-37.0572999539
88.7677354118
-68.3222125457
54.1469628129
-101.730736844
143.765609706
-137.08252806
134.519709655
-118.829207754
91.1824469808
-67.3972137005
51.742585673
4.89201065304
34.7727325044
21.905001778
-70.7040170491
131.917590512
-115.65875048
111.870962448
-120.473301764
117.774591877
-148.527616716
98.8808865501
-38.1468087017
3.05790277851
90.9853569801
-62.1249662962
37.763979346
-14.5805707026
5.49282380436
-40.2405803154
81.0004973774
-24.4221506219
73.1256426654
-124.448863893
75.1359579566
-71.9256120417
162.829397377
-205.593849472
243.722066196
-314.734109562
348.455009431
-313.080059211
288.168954013
-309.354759978
219.987662487
-187.134062338
153.495956699
-106.179786129
12.3848316199
13.6612042772
-112.934473831
121.428726266
-198.162144468
152.513542851
-186.139212681
235.391705839
-279.770839497
194.878555036
-148.560204832
45.1713744084
-42.0905429877
-76.8386303227
139.249847633
-135.43605849
58.1494140134
-173.376982379
255.973765492
-253.185334663
145.47780103
-179.634325805
154.594980773
-56.401077514
-18.9572937439
97.70845042
-150.665176243
79.7218800911
-58.7232763115
35.5914861237
-16.0251651561
22.7982983035
-66.1324444677
26.4069588307
61.7644290784
-27.5534485029
-53.8333597832
87.3605639892
-143.741897223
93.4958745596
17.8536654399
9.14610551046
2.69234292366
-43.9133062797
67.101455259
12.6515637269
-95.09570854
179.293517652
-122.790539836
149.348503007
-89.8011615274
56.887887569
-80.276514668
136.447499951
-209.881125211
297.386176362
-278.133036613
193.725632855
-146.77984128
135.367695816
-33.8799605595
-21.1413508328
29.6834139857
-115.263341197
98.7849534034
-50.7858318361
-1.06938317368
-28.6265434879
30.1203287256
-24.1588485926
10.0564144405
-68.1561859097
-6.50806489609
102.110809632
-186.505539341
192.294522486
-281.554152125
274.65754288
-326.920123738
370.713272646
-343.862137848
305.987144095
-350.163190509
216.445913875
-100.183677985
1.75573751265
3.79037730382
-136.792382386
195.71533924
-284.796762838
267.525335838
-230.897572731
154.149521208
-75.8891857901
70.1711257052
-124.009881832
171.146333984
-136.711688868
133.12196608
-77.0023985685
56.8844756673
11.8277805514
-23.9596927987
-14.286995291
37.1764296077
-79.541283988
121.436450258
-97.175876217
78.5851658914
12.3909890119
29.6071635723
-95.1521758866
103.75802579
-105.184432319
144.956853766
-193.015197039
274.795117238
-201.628457102
128.732241192
-67.2258380151
57.3199787474
-71.5895348262
53.3235781484
56.4843029146
-37.3462401271
60.7171717419
-65.4916730068
58.6476789345
11.1729694612
-83.5543613916
126.724311847
-157.267486315
182.457502337
-172.124850676
100.721181291
-1.63200818093
-80.0638920484
32.1331715028
-62.8985283029
36.2507469502
23.855694456
-10.6349500711
59.46690323
-71.2125023347
-16.0914891676
-14.1670786585
-50.9509716417
7.03492248041
31.4837082767
-11.8593786037
78.0170370579
-161.721348364
95.6187792219
-156.358199222
126.724284643
-74.1608505632
119.242707178
-91.3230898379
85.0725992133
-20.1400438306
-42.216392512
43.8475239377
-7.70568206108
12.4550489298
46.0844570074
-81.3995722106
169.751594359
-96.5407472278
-3.43704445301
45.7482046097
40.9928611021
-40.7940207567
100.908479722
-17.5489830294
-51.3790212022
23.5451819673
-6.19372962439
26.7933662939
40.1864929742
-32.6764582123
-23.6337391994
88.746347715
-75.8537662895
-9.64822111351
79.8181192683
-22.6054289628
35.7661461811
-39.9335316513
15.4383110302
-58.8075985484
41.0900930707
3.65634508949
-55.2776077205
173.11961193
-114.813517386
141.365608168
-105.939472028
88.0403431543
-40.2964430239
-46.3990644925
128.709371393
-97.6885798341
55.0038211804
9.21568561958
-14.1686405121
-28.2859789954
116.49245728
-123.68571663
121.378098085
-18.4292750486
33.9762598112
-41.7170580378
40.5501718554
40.8648809785
-123.847922633
188.851081656
-195.699936638
137.123123398
-50.4242894796
53.6426281877
13.3789897717
22.3641361283
-94.0714192553
96.8804801082
-62.3595926672
36.5523706152
12.057303763
25.3194214244
-1.68634092268
-66.19789221
77.5425607685
-36.4747778788
46.1564682709
-103.540518441
172.606569017
-116.181852762
97.767071461
-66.3088444412
-11.7029343142
91.2876881971
-144.003198271
219.56096228
-231.801105185
201.622799618
-111.627746345
56.3522923994
-38.2973773469
15.6248064476
23.9062050746
-88.9660783741
61.2912219762
-16.8653185174
10.6389939657
-19.417154168
28.9657003078
-8.52663113019
-39.0324114598
53.916032509
-97.7170500038
93.6932065389
-62.1875723337
106.635955959
-110.578766777
36.4787276007
-6.0964221414
1.93026951597
32.2836569401
-47.9426583748
62.4138583051
-98.4039243904
94.0244477356
-128.344535722
129.218630126
-45.2616947802
2.05324144563
71.2523380694
-149.14011853
121.132764631
-98.3534070232
48.7953383169
-16.2524521797
17.228706762
9.13170386393
-3.75569232499
17.0725561888
-41.8064707415
-7.91134575877
19.6709456005
26.4234234612
-30.381449301
-22.1961269941
50.5105277284
-47.1151808206
74.7935198655
-69.347128588
6.75341248411
84.6391733919
-35.80126883
17.6342947455
-82.3652914608
166.201627913
-182.646147025
192.727476248
-161.043312889
141.902878798
-112.70460909
112.519571375
-68.2547993854
48.2212832788
-28.2135021859
-29.2633489157
39.9440097109
-65.2445533146
127.027337888
-102.024334068
92.4607160103
-16.4624954799
-31.2276132738
-0.196060728223
15.2667950561
-71.9198248056
25.4113061411
-9.72349637987
-41.8485678519
64.0881625483
-84.7613049884
84.7377560393
-65.8663311336
78.9222910909
-47.9945975364
29.5639889603
13.6065300378
-2.80063520459
-42.4911104802
65.1426176192
-50.2823458163
-18.6681679259
48.034836334
4.46980498389
-7.45535128866
13.0237411353
35.1304051364
-67.1651650651
53.4750237373
-62.1855881683
-13.2519647982
59.9216274475
-60.8887410893
42.1106677955
-68.0262068804
125.36310805
-154.024566293
145.546969805
-76.3889424502
-16.8332088774
13.2061920739
-13.7335611839
-53.2479495287
42.5492797834
12.3093247164
-6.19777088958
20.2360238938
9.112801624
-56.5111838112
61.9892241735
-25.1866791333
-5.50597965676
44.7401561551
7.17641271916
-65.9104049733
88.4485895006
-88.2526566054
28.3166681697
-41.820334773
84.4768611352
-100.873059724
142.903706033
-74.2960633827
29.0421269739
-54.1367989941
13.2697646372
57.9443357354
-97.4583102123
77.6559788021
-102.017625188
76.4166010012
-42.4852683867
70.489970349
-29.1217736367
-18.8695463481
58.1570566967
-88.1858534378
11.1133532827
46.863509263
-11.9928195805
-43.688965668
48.2604199429
8.57586200927
-33.7886277087
78.4425989798
-39.3157644776
-45.4885066284
87.2836437416
-5.9682634355
-25.3974458273
-33.957300716
24.5954753805
5.14905390599
-41.2464164973
118.468428547
-66.5821355974
38.3897090253
-10.7416061769
-59.8779132456
4.93396309641
61.1119294326
-28.1469613875
20.2675900786
-9.07459893836
75.0302527729
-115.393336095
103.551740893
-130.45203343
82.3375093532
-108.211586635
62.6211675917
-14.292039722
36.7916989952
54.7733240807
-77.7718152656
142.858681931
-205.3264488
271.233369127
-312.759235512
269.168961904
-303.443971602
248.788229529
-89.5910869146
84.0578133151
-3.17734115512
-41.0330130266
171.056653544
-308.002427586
382.285292013
-331.636643136
251.245014819
-298.014261004
203.780187434
-51.7316367215
-54.6269125386
54.2467469029
-191.249107562
378.362993761
-438.243381551
517.41914902
-665.769525851
679.227333618
-682.670036459
678.12520413
-672.283053369
616.421166171
-524.466738577
281.119879337
-41.8819072152
-233.036864459
442.304267596
-564.181126241
623.387485145
-733.210163229
741.330622502
-711.909066356
725.85636208
-626.939952322
424.622316825
-186.174428821
6.67273451951
237.951254684
-552.677002015
611.28457265
-573.360790414
601.841209364
-686.502612645
522.825393019
-336.193904534
221.592405702
-191.170510197
-64.0383056826
201.169248306
-399.638065323
591.562845817
-616.65104869
544.295234042
-564.796621787
515.312546079
-471.612669069
235.249189713
-52.3913736453
-25.5485959418
123.444272028
-246.158531488
425.94704258
-482.42762139
611.700539732
-630.919058116
458.447489216
-283.86973249
46.150852542
44.2617025377
-134.72830751
388.425075051
-567.129613533
618.276021994
4693.37447881
-5527.24516462
5475.9381613
-6463.33582591
6805.59416004
-5605.68540994
4327.17337736
-2884.5003903
2758.55743882
-730.738546987
-749.062419578
2226.3173373
-2616.91120221
3764.65325209
-4105.04363478
3980.74797554
-3734.39708472
3584.13500168
-2606.87668902
2003.67438342
-715.786210065
-186.379986886
1428.23072101
-2203.16761686
2940.25261766
-3504.46215756
3860.13069051
-3470.86651784
3153.90403562
-2407.85743806
1643.76113245
-482.482072264
-167.575743554
955.37697269
-1648.66523032
2273.43549417
-2433.78567068
2563.12829584
-2470.14139101
2219.70544357
-1605.17638918
1235.10278328
-707.744842063
66.3813008202
609.209610605
-1042.75221271
1477.2681818
-1822.44991716
1943.92721867
-1781.37738202
1674.30327495
-1397.98559042
1025.94904076
-470.236555259
4312.32765821
-4439.10653757
3877.36677073
-3718.68364548
3490.74039097
-2015.06701931
1119.17951889
-210.346159571
254.887669375
1563.55382759
-1994.66992451
2127.917925
-1504.86959251
1723.67354722
-916.410936495
446.947593503
-471.801298779
562.080161745
423.542502521
-670.612885389
933.098823992
-916.718603384
1449.39395648
-1172.74996791
1065.31036318
-1172.11595908
1371.07228808
-680.908405944
306.987226463
-24.4308283901
-109.571543545
683.281290151
-546.543370909
537.671121232
-603.575599604
836.058727447
-441.982730892
209.836753748
-142.072872817
46.0879027287
288.077121159
-268.491675382
218.151615928
-333.107563725
541.443311714
-365.760960635
306.903104568
-300.018482236
302.437378075
-59.3985789869
67.5232787359
-72.5588643762
6.86593760214
185.315295922
2835.01661321
-3447.20263392
2971.58897428
-2431.38584114
2612.00171211
-2109.6964184
1501.20339484
-1094.34816748
1076.32942269
276.978923209
-586.597300375
455.050477688
198.950148683
183.388142392
114.627150681
-388.008491072
371.066106681
-200.889229124
754.004438313
-906.250994466
775.04777443
-430.509647318
759.594184733
-564.800369635
464.300270643
-402.912152844
585.932175416
-259.084408857
110.309603197
-162.033284226
303.875721002
-38.981755478
105.666288531
-142.549210196
188.112465008
2.83300629118
161.011116615
-217.471412489
181.201073654
-88.9217077899
211.45285724
-191.685295661
136.918776761
-97.6186250327
202.382592713
-108.755253641
72.8494112224
-62.8264709886
122.052222491
-33.6940516291
37.6457134739
-55.4501805354
72.7251848414
-5.07915840578
2848.70353963
-3381.66355029
2819.90851748
-2071.46079494
2611.4083712
-2364.92801494
1364.21565308
-863.950309929
857.00941547
-17.8130971443
-369.33764323
38.030643229
445.194854168
-13.2422825769
58.9519604246
-288.454742569
543.286907038
-249.037474637
548.368882417
-485.666787369
436.353059417
-200.172530852
467.848740248
-363.706818967
185.853535319
-161.279610804
220.751582811
-124.92282355
16.0822125873
-87.8967385446
121.421126105
54.2233529229
45.9221040048
-33.0674645737
113.90106434
75.9817905115
91.6322452413
-48.5595749352
68.9320033535
-7.0466741869
80.9654244696
-66.9671017473
12.0378033838
-50.2232661098
56.567650588
-32.9946098211
0.645445250057
-13.7098020744
42.4686420186
33.4097246417
24.2330929717
25.3186502
29.2306154834
46.9567027519
2951.63859559
-1970.03931727
1268.30779034
-15.1261242561
1688.12198564
-929.507864264
220.151011392
-7.29310279505
-108.578352498
621.353719301
-884.561637766
-213.256162037
-85.233362605
754.642876987
-459.443040018
-47.2300456764
470.408516469
253.996634137
643.217029103
-61.8751423975
362.032090738
-46.3367300062
820.88805047
-306.35019245
-155.072454367
-44.390000195
65.564110607
-69.7650147421
-395.888680415
41.7431043369
-276.812903714
427.524605579
-160.280830877
73.2971556454
86.584689253
429.754986879
207.589047373
-31.934690901
291.658282215
-24.7953618266
307.702672206
-198.010443981
14.6362530222
-225.452414317
106.261672347
-124.226852607
-225.690605232
11.8814870513
-73.0609329105
175.999067046
-125.005795423
198.096354053
-26.9761328739
276.232385066
3791.40000415
-813.903097652
-93.40675202
1385.14312122
1871.31741062
-387.59636303
-288.789131897
114.897285894
-607.814877545
1100.22063665
-1000.54826654
-988.255255651
-254.606092455
1427.13803016
-426.34622313
-388.801079127
829.472283012
595.09841212
969.374013244
108.169480013
388.234250792
-81.0768053978
1083.30405607
-176.397353009
-673.99223316
-90.1198886359
122.253810122
-126.26133033
-682.950293119
147.236271308
-224.48767268
480.441494849
104.868736828
85.5858267028
208.435050384
594.76347341
416.65808386
-223.642871056
305.833811993
33.5884644404
105.665495582
-294.386979803
-101.986737107
-237.347075493
-57.8996529399
25.4446788399
-262.032237541
75.5214595385
124.631836289
275.672782832
-30.1356750314
245.171455377
181.763516455
129.11331562
4407.86497376
103.237333289
-1374.20101398
1629.13093404
2397.80268786
-524.351226807
-886.354857177
197.301711411
-825.498094669
1099.26954415
-548.839224106
-1562.18021995
-110.930469699
1906.82874699
11.6218211353
-823.697432209
1236.29150329
991.924931557
767.391775319
197.401879435
275.602880683
-134.17161258
768.391714344
-37.3015733911
-1189.35477358
-147.452989554
277.660840485
-312.726235011
-728.809458258
345.19507237
152.982042399
328.200962877
488.030493669
201.8366143
357.408354571
696.027684408
403.901778167
-336.628398326
190.448560219
108.091047987
-317.353875215
-383.320280126
-197.130551316
-274.268015936
-177.840774253
71.6660263369
-151.877991209
132.421014529
405.267113867
301.689429871
133.095324526
360.68153994
314.484421098
53.9431704848
4322.30285718
-217.669322883
-1302.10116665
1867.48522817
1604.97532806
-767.136124411
-1151.66607333
456.978421367
-816.902831139
650.878265607
-462.39893475
-1202.37687243
567.142478879
1456.92755485
-114.098718436
-379.917998542
1701.72077042
845.766093533
110.017725186
371.355754264
512.14043489
-179.39774958
17.5092371642
-262.057688409
-779.754288465
-58.3134840905
-113.922289621
-558.045683388
-200.225903859
653.641154089
89.3786621353
76.826630024
753.09150797
595.359490716
232.770515246
308.606485532
352.311822239
-57.007511314
-34.3522268954
-231.00330525
-421.233797569
-217.400643397
-173.307037729
-407.953820997
-206.347850936
256.615723785
112.020582479
49.7977997295
351.736677399
471.392453946
265.191537749
202.303329352
191.005793103
81.571944311
4998.64206269
-1320.13533956
-1079.2769742
2714.59591436
895.214821536
-1090.2052817
-1369.23636187
1081.2546922
-1165.30378703
370.746775337
-687.933278778
-973.800554355
1110.01192029
917.059863016
-470.839803886
12.1753218749
2215.50973883
440.721941477
-221.851332367
535.945787401
896.02660554
-398.491759009
-313.628404432
-381.162906904
-496.511845678
-22.6798279224
-564.485630757
-504.04560992
-79.0140215076
849.324776375
-162.371037935
130.661190517
863.388009705
731.494642855
228.309494749
138.683850556
489.437892696
-65.6155875347
-39.3798052431
-448.565231528
-345.91731261
-278.252133392
-203.088310418
-449.206667894
-209.977638442
310.944587342
97.8419191427
168.739995718
296.420345754
583.217665726
236.280080717
264.966522147
145.283588529
66.4082470049
6710.23467954
-3499.7334968
-768.980536001
4424.67005327
338.246817601
-2069.30765566
-1236.61238936
2860.16044421
-2684.60880288
691.709043376
-911.487834004
-472.80324063
1461.07731201
337.236003762
-363.439032865
439.309960622
2868.71166218
-724.697961555
333.770795819
560.812565185
1235.38442358
-1169.23954262
-204.730737724
-47.6827633299
-461.322769521
-69.5610419923
-1191.52261085
768.972963104
-511.068208728
1059.40517747
-576.145929615
898.267980319
843.158973652
290.425270553
365.082886385
-176.182732949
1137.94192071
-956.08041057
162.294125296
-656.79895991
259.866624221
-668.592175176
-312.313182812
75.734346315
-138.892826808
566.6295477
-398.486999465
836.230248622
27.2111704946
794.440102577
-302.523290802
385.29183128
190.877830071
-201.102885232
9104.85680631
-6328.02655774
183.273783365
5883.27101746
227.750354422
-3300.36489858
-1110.33388405
4850.63912838
-4208.84159949
1037.84262207
-1461.33003156
479.028958666
1241.04916195
23.0124779438
-645.59376526
693.029185012
3684.42349272
-1722.40004258
280.394226999
969.244690532
2029.40203639
-2367.73322312
43.1133057331
481.750588835
-368.670639464
-564.433894806
-1157.72864642
1152.74017947
-728.500880804
1252.04051632
-1198.53038192
1328.57787715
880.569353986
256.739472618
-155.523151599
277.021140063
1398.63083248
-1371.32160123
225.282516235
-493.054462362
503.16747313
-1037.63987235
-121.705121654
-35.8429802637
32.5771897781
377.862831518
-455.776383613
774.43059496
145.493109625
744.240762357
-510.388160785
613.314243217
188.02524393
-115.216587862
7543.8381684
-4344.15395447
-256.325763724
4916.6421905
883.533704408
-3207.85012867
-1170.99030184
4307.09071422
-3053.35692025
-273.060420494
-351.075340219
420.569422918
696.184868242
79.5845372559
-127.406083641
562.268561673
2823.13081427
-842.83423051
-137.939468564
1504.48662041
1178.96444823
-1728.47486506
-92.6479995099
872.293447932
-755.448803475
-741.41334923
-289.448354896
555.658716144
-345.155213755
410.152012248
-93.2364120293
747.224212084
888.525203482
7.677640693
188.832426721
593.563673574
574.258884013
-753.858791467
-34.763085
172.200328187
-297.926628264
-566.420377538
-137.011504264
170.2348702
-139.459700285
83.7390862795
97.5302294465
463.462787449
354.253044288
156.610461713
169.312013594
353.226173696
195.486934906
-275.837843935
6807.38987969
-2773.74621376
-1391.77187279
5163.65134189
807.676169589
-2831.30296727
-1348.11716815
4152.00305029
-2828.05828028
-1048.83574961
535.523300736
-93.5270889892
706.103006226
-239.440377809
334.812688934
522.899771401
2709.97139958
-1050.80776718
-50.1282413601
2025.24364512
519.834378842
-1694.6234035
-123.981296076
1393.37925922
-1526.76867543
-650.548667488
-161.079808211
609.412613948
-385.554286862
20.2321814106
392.971963345
671.597602639
1052.99123387
-586.708206701
636.419117731
731.279303682
172.182705464
-969.405973794
137.356920758
410.519508289
-907.582400457
-430.369532416
-57.7873790798
367.233917583
-401.82816173
119.690556007
329.627082688
526.887009384
278.510272475
-95.7792639998
481.528192378
264.73946503
-41.7051050024
-466.084263636
7655.97245015
-4269.03886937
-864.178255334
6488.72311516
-881.920365928
-2672.00460553
-131.261718867
4581.17605273
-4477.4968441
-207.897382538
1170.8234524
-565.147553442
848.784449636
-870.876904332
974.68719698
797.951699487
2369.01906606
-2067.04077592
990.868756561
2600.15013619
-854.300611843
-1668.01062937
915.846024327
1560.54284789
-2606.35210406
-162.78407866
550.486210291
646.755082493
-1025.63484495
78.8230425206
1120.34997272
538.206260049
384.844421854
-819.356366706
1569.61048988
413.519220768
-603.047176638
-758.956933454
947.762702149
213.741936896
-1600.2893732
137.505627811
525.678754931
179.332697624
-958.343408873
506.461858995
793.085435348
160.003647204
-265.827083911
149.11485245
912.028871721
-162.423143717
-462.496355749
-119.539232575
9498.12934913
-6706.74529321
-73.9804210084
8093.87318262
-1938.10070952
-2991.59519921
383.174213243
5597.30985813
-5949.27804075
347.111287913
1332.9830766
-867.76831975
1159.09232264
-1340.64613815
909.418429631
1315.52638726
2286.94554687
-2553.49238292
1273.82395491
3180.42957426
-1128.02362568
-2185.57619093
1847.19565439
1217.51158868
-2656.89510177
-248.043213318
671.883460412
621.665059015
-1359.31390931
414.420717156
617.97886522
975.63182417
219.109926901
-792.670532905
1627.54446814
589.218362532
-499.844629478
-921.99691471
1246.95287773
21.0966361835
-1451.81408785
3.25162424258
523.561190211
-47.6599293389
-796.758107078
424.504557381
571.912827774
321.013892195
-182.57487191
267.155537519
695.508634962
175.101712571
-406.436465591
-59.2776429341
9261.63013378
-7099.00809276
353.165533587
8394.68990551
-3184.68415048
-2690.31755619
1201.72576554
4686.48511056
-5774.24052068
193.027127057
2327.47690372
-1888.64920009
1390.09056647
-1007.38043836
893.719721617
1720.21893389
870.789863735
-945.232255892
765.521344367
3006.02854656
-1590.01210848
-1749.16850729
2440.988049
-132.506612822
-2173.67373712
-237.949108588
1252.76547714
-361.815153311
-1408.74386685
1370.31630304
472.424083793
328.521292991
263.808693421
121.187175747
1221.30942009
-24.4595797004
-339.492831333
-271.878316124
675.037815218
-352.298534147
-1404.45995351
519.079527901
248.450993043
-700.072129326
-278.683027996
707.60332308
487.022072886
-376.764811391
421.100638754
609.423450998
113.194296349
-37.9385716427
-138.37551731
218.719661485
9745.08543259
-8679.41432815
954.555307656
10000.0
-5023.10527987
-2933.94087197
1900.85915883
5208.16532271
-7250.97508805
272.069723201
3538.05609718
-2855.6064941
1537.13948502
-1229.3716275
1464.24138446
1469.90188221
620.439344069
-734.010149645
655.414411182
3484.18690878
-2245.02278299
-1655.81292369
2990.12849591
-405.836556054
-2537.2570098
56.6232712746
1611.0742318
-808.430911604
-1554.96489988
1861.56814145
207.010190865
158.25824216
457.209883397
48.1425379213
1266.48273388
-44.29495814
-154.208156484
-397.49375128
900.042106218
-269.308685761
-1545.11197884
753.352352997
224.939247816
-715.794526583
-332.01298464
788.923764912
334.785165861
-415.266305331
542.486441195
463.268683256
123.756010991
137.748492414
-83.9040589875
145.73258514
9140.96656718
-8152.13013611
1348.21133376
8793.23094428
-4349.84182004
-2685.51460781
1060.65261721
5616.25468204
-7306.79384954
185.598766373
3557.69073706
-2539.86695698
573.990390309
-587.692596983
2032.61556178
-59.3619103416
1029.63109707
12.7838184682
342.293920776
2398.16771089
-1357.78859739
-1174.461154
2082.35243138
-310.573396348
-2397.20691771
424.460286215
1272.54494272
-1153.57693312
-1520.92200391
2309.62948416
-0.0251804852473
-858.136576099
1036.54955885
728.495445212
317.642214098
-559.048113447
876.931598098
-267.144347488
-146.221178198
-103.937828555
-732.240490206
333.808660145
-305.490352966
-453.557219405
-96.819299197
618.274311939
-64.7948974582
-392.54839388
863.501411567
438.794617394
-410.977904546
204.729897387
533.764184573
-221.683388707
9591.30827963
-9150.09819215
2527.93620623
8730.99840381
-5085.29734029
-2493.51617057
1129.29219117
6420.0682671
-8753.15558948
696.334300927
4255.14754838
-2837.73851883
-53.0826811489
-148.559024315
2984.13127733
-1142.50372298
1058.96356733
819.084171988
154.488692215
2044.77095062
-1359.67587835
-723.567652731
2049.77923857
-766.983190704
-2053.13799705
419.753228483
1572.3522037
-1611.48438739
-1420.39677382
2967.6829501
-412.46059425
-721.295856008
1009.94765094
1248.27583239
-16.0032791534
-660.664427881
1320.85307169
-493.264521568
-34.9885426904
-265.607058547
-527.262882646
337.412794093
-426.684038726
-314.385002665
-110.681296409
742.850961774
-91.5574435374
-381.448013211
1055.91621217
334.457654683
-323.231174164
271.388375366
487.953561058
-137.32131888
8033.93665902
-7496.23547944
2406.69764759
7163.06375043
-3488.2954847
-2771.84895087
1567.48370647
5537.8797384
-7663.56781237
606.449599564
3639.17441597
-2154.58970506
-819.872810999
533.32626994
2399.8366434
-1105.8673037
587.561395511
1370.03421896
-58.3466139147
1259.67205924
-570.980026618
-528.522319477
1612.0283047
-977.200881697
-1029.40750857
-74.2843572265
1215.06629077
-1261.02450584
-1286.00889403
2426.6834512
-464.45875952
-638.791478246
656.748121046
1334.40908954
-223.284567861
-708.99317989
1395.06670728
-158.110002308
-516.607194684
6.33176775066
-1.47262732523
-23.1213555206
-564.686611879
23.1594210516
89.9558098198
-0.132702952941
98.6613716184
-187.719900021
635.162848562
178.148004229
-205.767998933
336.590507549
267.359602637
26.0248298604
8172.86253371
-7510.01481967
2406.91477811
7396.1812393
-3052.04624734
-3368.69245409
2175.32496321
5579.07109456
-8048.72630983
566.094245104
4025.53157789
-2178.1765491
-1476.79583
1085.83265968
2520.18597508
-1343.79035255
356.777904106
2033.12373105
-95.5842488269
932.063669786
-196.45523121
-251.263595902
1514.60011939
-1125.49495006
-526.695092506
-212.387499308
1235.52679421
-1198.56904908
-1173.303589
2387.50615989
-524.526743335
-495.037347482
510.28030847
1493.60371758
-297.461494269
-705.49636103
1485.03876566
-113.208490232
-473.556621242
-1.60672811054
168.921128526
1.69100650656
-599.15500707
149.467961402
80.743684933
-10.6062239487
94.0847604786
-180.671044449
636.459208386
60.3618263646
-112.607577415
264.856719797
238.709274426
75.7910829401
6224.19513548
-5550.81259783
2154.9437545
5212.96634909
-2043.85185193
-2315.66390609
1602.40762839
3697.93027141
-5512.04298632
503.827388599
2328.8035842
-1164.35088732
-1189.47967749
542.880432257
1714.9590212
-649.251816808
-107.609568052
1503.90401065
127.693242428
510.7828701
-24.3945137864
-17.6946999834
885.857967297
-761.664384796
-4.08477399724
-507.617462207
697.675748389
-572.864973573
-771.565511312
979.526008446
-150.03294213
-82.0689950606
-42.565156627
810.262846348
188.728176689
-400.132051426
599.84374087
247.898913847
-140.131542336
-79.0211846051
9.41229727601
207.819494637
-450.409164016
-1.64140211689
71.2259347953
-115.505042289
79.5062649432
-142.191724984
320.338629211
1.76310847868
85.9668350842
143.979067243
63.1508532534
204.786984074
5841.88538657
-5042.79390024
2269.54701875
4527.13096767
-1461.87165359
-2103.51951012
1481.9025367
3192.98557866
-4710.38558163
281.504132451
1846.88245044
-706.467619541
-1334.82043986
474.281475234
1672.07564629
-391.230839449
-358.341471158
1811.26995844
-10.8033939617
600.219307782
155.740344877
17.4958415521
758.355847711
-572.368017398
320.035308265
-1001.55042311
963.434168798
-390.754986825
-865.768635988
754.592474622
161.1868147
58.1997011555
-402.621015566
973.08514059
411.77627712
-520.032109289
530.109649273
366.404634152
-54.8928403395
-163.221921477
-39.9119894815
358.537146183
-512.987162686
84.8700845349
-70.6312408878
-22.8958706621
185.586180553
-290.393849345
340.147342478
13.02678413
226.641178366
-68.4155843251
76.0397299304
365.987960186
4336.67255395
-3584.33017703
2109.31913227
3062.89221703
-627.366220223
-1602.05717268
1236.15999963
2222.22923389
-3311.391147
361.496851984
956.701869903
-64.7617276549
-1200.59124161
492.878570435
872.653381391
-75.0463298134
-157.122425128
723.573787515
309.187509976
544.757544092
-1.80764137096
-146.546772048
876.033685314
-236.702509347
-104.842619971
-478.788789227
867.191478725
-442.579058639
-540.186167594
431.65650344
211.551272007
-111.59822357
-347.872356656
640.719124061
100.451214834
-127.838811495
55.3760009827
342.470515694
86.4634362508
-86.7696033123
-25.9753693278
227.5227905
4.52236073868
-146.886119078
-21.9962442662
107.966110776
83.3697269547
-260.005185997
129.148955479
100.999824275
32.0277659836
-126.027363455
103.071920219
166.524191319
3220.76235674
-2419.35236973
1811.19936136
1723.25336685
215.70047779
-1246.80193447
1052.39502902
1326.69013215
-1845.18873954
441.144060005
171.330203331
590.415537304
-1140.14325734
557.042153922
-12.2107955184
331.452212105
-207.260224553
86.5530771423
534.479752864
299.064322355
170.777075682
-205.918226297
939.998259443
-148.802507974
46.010281419
-129.794897789
594.335962082
-274.996489652
-124.301714757
177.052604016
74.5946694562
-18.2279187281
-206.037960603
303.867581842
-77.5288627327
155.779908452
-128.442867562
260.359747672
50.2119531167
83.0223892593
4.50641402941
134.233002214
123.901881719
-65.3478815027
84.4519654327
16.0877592555
98.5147245663
-103.878434297
84.971078993
-9.22756435874
46.324059072
-38.4079989228
34.8758144953
34.3182363851
2569.72051163
-1592.27280704
1385.37795366
1097.84401748
568.817655004
-900.885554132
768.284947734
998.032051451
-1085.59875735
429.498824776
46.7349039254
417.649046456
-659.242825035
384.304582064
-158.089997227
203.67103501
-33.9945736312
113.425417729
105.900704607
390.444453724
108.760593382
-8.57583490035
352.877489293
131.222661572
91.4935400036
-153.775298869
383.889484792
-150.200692462
65.5077606375
-80.6759335018
155.163138247
-74.5125376421
-14.2469374858
69.0632900449
-3.42291640245
70.3751317193
23.8455367116
71.1769642357
42.0547956382
97.3474308053
40.3892870769
32.6898781312
38.8103838371
87.5482059395
-55.7710634387
54.4190047273
-10.7687330465
52.4546852643
-68.0456370417
49.4328709424
3.25417156547
-6.00874492112
14.2067195482
17.4085785879
1802.48069372
-581.541602739
1093.38585765
482.371243967
802.998775857
-484.337010505
402.575728113
390.326409766
-438.188541988
193.530789926
-46.2857484636
131.928930677
-290.753802757
250.002589617
-207.512621107
95.8038133342
-2.28297443227
342.652278531
-177.875377218
523.441960608
100.371551753
279.128621945
23.595689417
325.228388595
80.1677078864
-107.604642974
235.536403913
-115.20513001
104.179516719
-184.248072493
213.314006343
-216.958840178
109.387671552
-68.2201176169
98.9128168413
-79.1321890901
164.078788155
22.8499704499
73.3433660881
87.5716100107
91.645593128
68.001555522
-11.7563408444
154.565261205
-83.1252770262
103.46612976
-77.3329428304
111.268574948
-119.349846406
85.1513550654
-55.0623952066
28.988727121
-28.4704606479
35.6949292338
1561.89319219
-312.891447857
905.839493642
344.897157317
797.607819499
-328.34266497
396.63295666
268.648302942
-205.795540175
128.849290197
36.6436425701
51.8609531429
-229.969993931
200.072270236
-209.188823559
72.1939002201
-58.2480615148
340.53158907
-196.102034978
409.024193954
72.4245273232
226.124507922
27.2348468394
248.550207214
102.293685073
-41.7023014568
218.6354422
-52.8874162504
94.2654882155
-92.2773689542
148.078113828
-157.281759178
86.5854961442
-51.5414282664
61.295042855
-60.3380287365
112.850859365
-2.96501675869
39.1892196548
69.7728936843
38.344566224
60.603631379
6.78248192183
113.916457567
-44.1951764509
89.7927073878
-22.6397036827
56.4798349694
-42.0185670186
50.3553108526
-25.0016811664
8.21741270017
5.55049573886
6.38857005376
1387.95098734
-236.478566011
683.726782698
265.934136852
590.786872511
-216.39316428
326.97954608
273.084684778
-214.217124213
223.213106941
79.5086155884
-15.2066435725
-228.807356709
181.949069571
-227.914441538
33.4561377542
37.0057378876
231.675305851
-114.445185791
345.74564301
106.646119842
69.6976872469
129.532386434
172.516661664
60.742965666
21.8018692571
233.378994798
-77.2479355044
57.2179752187
5.60350471757
20.8333028146
-130.477802739
77.3769673744
-33.6091081147
-25.7522880278
39.9386337386
59.0405108443
-18.8511243434
43.4277959572
90.0496687959
-12.9531836452
68.906811498
63.6072921677
44.0191324153
2.42808460681
82.9915802466
-10.4702405727
0.66676348441
21.4422080487
5.74563859313
-26.9156534471
18.3890778508
10.0045517494
-25.1795953221
1322.66983969
-122.268403795
600.652879889
260.492643475
603.47122537
-248.836029355
379.016985515
297.127245561
-215.006838071
299.541644975
124.866181734
-70.6381568284
-186.925564567
171.37885443
-258.695584873
-33.2715813797
154.651935859
58.6416533835
-54.4624648276
324.222692295
44.5132964307
29.3253048722
153.145225346
169.102610157
-16.0611052428
162.712280913
187.010344428
-53.197522045
102.310547541
43.9429648213
-24.6904335136
-60.8651708535
85.7620545463
-52.633673667
-13.8015206715
68.4799936326
-8.20852058992
-17.2794307394
45.4242529997
25.7807501608
-7.06633493717
59.2583943093
59.7294681777
11.0017907051
54.6310076062
45.129576067
0.601480893075
22.9662788341
22.8240649156
7.38117157105
0.697800342946
30.1832169066
-4.96025661666
1.31559769798
1209.81801277
-45.3327619333
531.200888709
316.757395941
419.596091614
-176.074236539
366.78537241
285.671005952
-304.304645047
438.473081713
81.5875868186
-85.0653141793
-140.544339668
126.885929703
-240.511930279
-48.0186487603
268.28567412
-37.4160961571
57.0190596832
263.943995813
83.1718100796
0.184793483349
141.604091115
122.2184964
3.99270779661
172.462025524
147.520414913
-34.2029956282
56.4554930283
16.6801548446
-34.3737155985
-45.0267874311
32.1802389672
-5.41381709738
1.69563780405
75.8735334339
0.673823187368
11.27745834
14.0321858879
39.2226125545
30.507163315
47.627349088
59.950397835
29.7035920696
44.2586208615
17.7578929999
9.50697282825
-4.94671062784
0.709816728242
12.583997674
8.75877206575
10.854738709
2.18197338948
3.01409736812
1110.47372134
-21.2392187882
590.258836377
298.297578606
380.509013209
-69.038529032
381.956163034
195.954012669
-259.9702362
417.727273633
42.3182411192
-19.8541051319
-131.737944993
123.997929538
-210.387628111
27.3688455538
193.433133814
-9.63248943676
98.195207582
182.260049295
145.154357593
14.7038574814
158.045718726
62.9286663124
73.0636182463
114.424312748
103.975840982
15.550592456
31.6578776729
29.9326755344
-19.2288107424
5.86562626966
-6.18170210056
13.4860800025
12.1120618652
44.1457804125
16.9640888784
25.6385771951
26.6160590238
28.128595533
43.1532936085
35.132041018
39.6196463436
30.5929027617
37.2377947855
19.3402819718
17.93541648
11.10949989
5.38272916869
9.73026389693
8.61258145631
7.63427777937
2.84506047668
8.34985424029
1041.73703377
-48.764300514
495.545376371
244.243441178
390.342533393
-118.834639302
355.887667067
105.85423224
-164.342982991
305.550482079
-15.7258114621
18.6942268335
-115.098873178
117.252594402
-228.583355694
70.3447158093
92.2473005213
1.65558362823
125.20889838
137.77154687
133.288289561
39.793314899
189.3816423
19.7443970769
91.4162540875
98.2602364888
61.2757497386
33.6344373615
47.3270769514
17.039411214
-47.456721542
24.8489339809
-33.888787677
-18.1963737639
12.5964174838
23.131153995
0.703669717098
39.1270038871
42.345576192
9.77714681118
50.0940496687
44.1198264153
28.8583534123
41.3255113465
49.649859841
14.4167376211
22.083092346
24.3504689143
-7.19414596931
-0.290757833452
9.17852392248
-9.18214459852
-5.80117970677
11.9799028282
1014.34792886
-49.2818889309
496.630229917
189.935873634
397.737189546
-82.4789889933
270.27052314
123.515957875
-91.7917315137
277.461683434
-80.5305616448
65.6776796328
-88.2737166703
53.9096530882
-232.399698584
129.071896917
31.3156101632
-9.58075293151
141.33502255
121.700516647
78.6069920618
54.513795694
178.111470157
-17.4831382248
129.192342007
72.9089123302
49.8760289101
45.1411880446
62.8296684252
-29.191199975
-8.48224776736
41.8112188861
-56.4425570976
12.477233105
25.2788436212
10.3038913511
-6.22580216026
59.5344287379
-0.37205706239
21.0315040844
47.991854062
16.7854494741
29.4128214889
44.2783397508
21.3718716756
3.78604744907
41.2288676075
-5.44329452273
1.7224976821
16.7556385508
3.93577199975
-6.37223697838
17.0108993183
3.49835644784
940.481233846
-18.5571377968
489.640863479
165.412931963
366.539464248
-49.7625344282
205.906704867
128.227604059
-55.7912655892
242.307973789
-76.1029330651
77.438016813
-74.5884690911
11.4152686928
-207.378281574
162.442403169
20.5113442202
22.3303867665
156.826345469
131.098648418
51.4465751583
73.6844812828
146.061547792
-31.7219590967
139.472986005
66.7659654983
47.3233423087
43.6193352755
62.3996240122
-67.2511272107
0.565638544011
25.7093172015
-62.7678932394
21.8343751179
47.0418980675
1.81247625817
6.98656037965
70.5290086009
-17.6801818643
20.4412079576
58.585817205
15.2967593933
26.0365809547
67.3844109628
10.7347841847
0.341914021106
40.8683474491
-12.5471132159
-15.8330104337
28.2435187473
-0.586859008715
-14.3026658106
29.950613313
1.33998912129
951.095653535
49.6767744174
535.756575425
147.945362185
423.527775339
-54.5655253791
239.616441887
128.708923026
-37.2387765337
266.866575775
-53.4384660631
84.0425322999
-79.6586310626
20.6503759586
-202.260157894
162.999782185
6.69359819874
56.4962811092
124.312422909
166.844489243
7.01410193259
126.266392083
104.145204811
-10.9934413779
145.927013418
63.8834559179
67.1921279754
29.3155463807
103.689586649
-91.7918236966
58.2871995296
1.38839717907
-32.9779842781
25.9846750282
50.8588763344
-10.0097403769
23.3082702316
66.641489789
-35.4040119159
46.9732704126
39.7689876062
10.9656851849
23.4901172768
72.0848725133
-20.3044628606
33.6795714717
29.5676470795
-13.6040143727
6.26943136096
32.0837623404
-10.4976925234
1.07351954962
42.8181905495
-25.887397629
1034.51081509
60.7106951322
566.862896499
120.414470009
413.847228083
-42.9627390644
185.480416082
159.844270643
-188.175681571
416.733127097
-140.65081556
112.513620637
-107.688742444
39.3477286382
-195.689433837
154.193597546
84.5131803841
10.5973536553
211.075432654
177.093678085
19.6806474531
138.260815807
109.211386344
-65.0908883812
179.029016427
31.8471281831
80.6485728125
-34.5033038781
165.037046408
-165.827046515
64.7268064849
11.0913909435
-85.7344022796
83.0334817183
16.001997371
75.543106126
-43.3718649513
164.754937905
-84.2975220116
69.3369029492
54.2227719171
0.419957408038
32.5343109833
65.5225860826
11.6894705024
-16.4433820942
58.5565348903
-39.2958852978
-6.7456808642
21.0172993176
13.623143569
-36.3655212466
74.9148673705
-29.0328455676
1157.3741982
73.8981259867
701.168324795
148.151305667
440.674920107
10.2844283175
162.579321475
225.797879501
-296.106168472
525.200352107
-180.788491514
155.140621065
-166.63912266
68.426290585
-197.15880329
108.297612681
114.991453805
-5.138547418
229.029279493
187.671816217
57.9977851394
124.632621084
134.0722521
-44.8198759981
168.280925667
51.5302718187
95.1525552249
-37.8143203971
175.737096833
-132.981757673
50.5308215505
11.6986220867
-58.1384942173
47.5537144626
28.4990426486
64.0872165004
-37.1201277068
138.054300989
-48.8362798533
52.0655772757
47.5127332221
22.7083104183
14.8318909804
69.9406042379
15.2759601238
-1.18659683912
44.7282651044
-8.08628970681
-8.48038521709
23.4455366493
13.0886173104
-22.1030698316
48.9057973734
-7.92597283426
962.062992475
66.9098050774
526.381314216
249.055255459
353.843222974
-11.997009493
199.660784507
163.026609653
-168.369553349
342.326560962
-15.7015257311
27.5051921189
-59.8497530394
75.4571750863
-153.724512545
93.925042035
69.520681873
36.4332792004
134.318474001
181.932657445
39.3056246155
92.0141558874
126.862574779
-11.3227440505
103.997760538
70.7463100287
55.9092410789
7.27007145084
103.836670486
-43.9658447071
9.56569359344
19.8977129086
-12.2683755694
2.59462816966
48.1057614528
27.8030798632
6.11984750004
67.8691514969
6.23952578745
23.9723144315
27.7283821677
37.0535962367
4.78071662324
49.3472991042
20.4494220513
12.422561004
20.1164554566
10.81898132
-1.20658431933
5.31866104341
14.8425886655
-4.44810494857
17.6636547155
6.88263881122
830.447813185
161.153914833
352.124642409
292.916775769
269.235573099
18.171064366
124.276484512
158.622899932
-101.798008834
230.499980366
55.7883212001
-17.1682687607
-24.0706054173
54.38657953
-159.781523961
35.2660478102
61.9561379174
37.2396485246
77.4697089613
182.956666983
70.1349530859
46.8342849713
147.02823202
1.94560551165
64.8187569828
75.3266994531
73.9063167247
0.984990918339
98.9351569435
14.3842810935
-28.9172439784
18.2909081336
1.28804420353
-36.1546284016
13.4111135305
41.6028823084
-13.7935612052
43.0560206144
36.8606385473
11.5269159919
12.0361385121
53.4317122737
1.55404671565
22.450553855
48.4549588402
17.1832585922
10.7257793198
31.8440445082
10.9241267254
-13.7013216459
19.0976502248
-0.273298755969
-8.67139959506
10.0556437382
921.224948611
26.5958739325
404.36694837
281.540710069
146.563339403
144.721108791
-34.309240356
213.040732459
-159.243690937
268.28269423
15.2088123663
-51.915570537
52.0591012475
-20.9907723158
-154.533893932
-3.27914663209
45.2523320897
37.5749802376
107.301906128
142.219118091
141.835392375
-11.292062826
215.906822935
-58.8770455607
78.2866380264
76.7840053125
27.0245664571
84.0764593117
5.23442940458
86.5105624285
-87.4735964816
30.4825263362
-30.5485859581
-41.5110453077
9.49397353029
36.8118053136
0.36990585467
52.1006996272
27.7476414141
16.8925298837
28.5312644139
3.81392055642
60.160191916
-29.2488721563
97.7617566934
-15.1139643887
38.6111370405
17.2098808472
-14.1132658186
17.2679011113
-33.1456724011
29.6006827788
-26.7926030372
26.2570053199
1245.70332546
-106.863773521
557.866906162
291.333733703
24.8515847492
371.008304912
-214.240844806
296.057200898
-213.652737537
362.754527389
62.9170088537
-106.902319465
61.8231083516
-38.7068189653
-99.7536499345
37.8293452586
-0.514877766102
91.9421119713
142.348864869
91.8064384216
216.61234452
-130.779027783
279.271923958
-120.271207894
129.798167306
67.0841653422
10.6357650096
157.673487688
-65.0902687278
151.929918438
-97.9545880691
49.7696985196
-27.7582569656
4.27791528717
4.62791937709
57.0858657283
-9.66531826238
57.1897464733
8.45457027219
16.1771261178
44.39254398
-37.2373490476
100.267154176
-57.0564355805
107.911124903
-29.0963277324
44.5786793709
9.64292877033
-8.3891923335
34.6635563191
-31.9954393683
42.8871623002
-22.3515308744
36.1727941003
1802.12828736
-58.2833218912
-44.3653707678
565.09976934
-77.4878394979
238.155369282
-37.9270594069
-302.192509729
-197.930848417
471.606341815
165.298378275
37.843503109
-158.495153257
329.859218145
226.375343752
15.2621985352
213.668896442
-115.621009945
9.07388986713
248.586644407
-16.0478789221
-192.156778754
105.768024012
-63.0241562628
169.29302458
29.6289823007
66.6996066922
138.405369434
-28.8215798395
242.627957246
8.91072910587
-62.7935974376
80.3252710785
-32.2653215562
-38.8326818851
66.1036029696
-70.4852465728
20.0950929731
25.8007913287
34.7160418853
91.4638093005
-26.4737312017
87.2274213289
39.0843830175
-5.79520674516
62.514259409
-12.7428387961
-42.4622094869
34.7103159929
-20.8568660788
-6.39999592139
15.4877160687
-11.7336408739
42.585119718
2898.49212352
84.9263861774
-821.835585877
1079.46086051
-102.654512297
76.1899726015
147.813177492
-1187.03757768
-193.041588256
603.519841631
252.091695176
112.03978743
-394.534507327
834.415345996
589.179753493
-63.0286063946
509.687551566
-258.281344244
-120.057769377
511.153400748
-362.985635406
-290.741853953
55.4000859858
-91.6591942097
180.519067372
-0.153461944259
184.72494843
208.984514325
21.2603527164
389.137536346
36.005252696
-119.023840587
222.233593713
-158.953009446
-116.887469625
85.9370924071
-154.656299611
-9.26069401447
39.1868105152
45.8640689363
121.788799942
33.1222265236
146.884673749
69.7602120739
-11.4142493545
133.455805822
-56.518187687
-78.2065683509
52.4276713634
-85.6186218523
-29.1580944748
25.8819510116
-26.5871720098
44.0161990241
2778.22286665
257.773372726
-780.242580565
879.776203331
-109.548133359
79.7690255592
132.083467127
-1146.51423592
-251.751144032
528.362342599
360.453469094
49.2732549629
-294.570587868
741.726506508
494.794579665
32.31428084
474.35164047
-279.742307853
-140.567871531
440.215191567
-348.923739832
-268.86069632
88.8390226348
-93.9700453257
116.518441228
127.214827269
178.944511823
154.652153353
69.7756200225
273.257114301
2.08884351919
-75.3985315187
153.555610045
-180.472694421
-114.545473595
119.894830501
-105.837024402
-7.2717557481
95.7545110599
20.6600523122
106.006456081
97.0508396149
66.6448873018
18.3140100432
-0.828418324713
70.1658089972
-49.3347720624
-63.6383693951
34.54041015
-59.0792458717
0.587801479992
70.7966835162
-22.004133741
34.9624358302
2723.69267536
636.835599073
-783.571225034
378.16610903
-165.106775764
103.626275455
158.112480961
-1163.26737082
-516.898020922
624.704746905
676.851473196
189.854281552
-330.11377088
595.429711239
582.72173183
178.32453541
367.870531623
-443.218423989
-270.008113046
465.774185075
-315.74716812
-372.022730961
50.0801274618
-44.4884586503
205.389324256
188.935658399
173.324168595
192.573879274
120.838901397
274.111905318
-63.3411042267
-160.956561143
156.621537441
-210.017284413
-202.530820964
91.3067358495
-98.4062692427
41.2201226309
138.031953616
20.9051074478
125.839578705
144.17094
119.381355788
-9.13708572879
-73.2440885762
75.1951852482
-66.541029814
-113.541744757
15.2621377741
-96.7137741419
1.94734876093
115.547008117
-12.1546898016
34.4578507538
2291.07794614
730.948557781
-494.442187891
217.991437518
-76.9078208776
55.6411371391
69.5274533586
-861.668250921
-559.018953951
343.215653619
674.678971565
215.670227519
-128.751882104
575.903307355
415.776751933
157.273715506
258.775088995
-312.088988856
-193.836034253
243.086316981
-224.170287126
-244.624814896
96.9065789847
130.160371998
130.239156016
112.04830966
160.351695919
132.433937031
140.165384282
145.348750549
-118.629318821
-79.1491213071
100.950888275
-75.0843235827
-74.0799918805
22.6394665003
-5.18252956849
76.3321274371
95.049745186
43.1871850006
53.3775531901
64.7039246519
56.5362534067
-10.6403179302
-25.4026570526
16.6134810935
-12.5555939404
-18.5159905484
1.38746803935
7.09285786997
32.9281368826
37.9043615557
24.824636849
15.2677535877
1764.22453705
927.734610345
-312.422516924
-37.5134714001
-71.8561045812
-105.896650613
27.2263345319
-534.456503392
-491.543860216
190.649365623
677.469399458
428.838363443
162.222327793
454.683657221
135.95266264
69.7011415029
145.380489377
-333.293084179
-197.539436268
45.6683894289
-232.487166376
40.6016109343
194.857140483
148.261554572
213.875415616
137.436897513
154.693552825
92.4892803586
72.0561659634
15.4720188617
-209.755681371
-34.4555532016
5.56121222965
-118.86832072
100.925668119
9.48000293531
36.1065263541
217.81456387
62.2152981784
86.5057273702
72.910730665
-23.498246148
18.4730927997
-76.4689080895
-40.0192378269
-33.9276657016
-64.9972589326
69.8851302301
-2.81986390784
46.5666633611
130.244782622
3.72539242301
80.17237808
41.8504703062
1803.57118361
589.887753897
-576.991538519
181.410254197
-196.145436624
-127.115129364
120.736691193
-764.747462259
-175.977614374
322.284913791
388.435360092
465.709893683
47.2833201475
454.998561011
195.460219729
-58.6958377649
244.486648727
-349.398785253
-219.950969585
73.9914177067
-326.795073017
137.37021623
118.977148743
4.51845562516
302.729446162
97.7641048432
233.614130599
140.348155454
-79.194573335
96.1071833446
-159.858759823
-85.1301642125
8.09386068167
-207.081579569
76.3789114074
33.302358224
9.96754728275
214.481789496
29.954638923
116.632987693
108.273450434
-49.6395310541
63.2339696809
-77.5025589051
-78.4084309686
-4.04466521171
-104.484099628
30.2029747446
15.0421901962
-0.0638805559132
112.544460983
25.9376014227
68.1512807903
65.8595175914
1494.70175795
-58.8129841851
-560.933227623
496.439186517
-203.08243019
-87.2871927127
183.026076193
-683.391472637
102.065061068
289.109901216
100.539342731
269.395313625
-30.4718876159
275.257930004
178.808027859
-117.036412435
174.787627908
-99.5725312837
-150.263544208
41.2756040358
-75.3985237551
50.4841194188
27.0162555884
29.1571551836
69.8457926722
31.5393142392
166.892864086
40.8737804847
-48.2684180603
66.8914805222
-20.4539145275
-9.64419175359
0.132071435289
-58.0752589113
1.52612368635
-0.895783210297
25.6214960086
49.9954670256
5.26287832326
44.4921868854
43.2925061202
-0.092374005675
23.3797414383
5.20580520763
-28.298597689
-10.2071557934
-2.16304226763
-4.59307091049
5.1326058945
7.38760675298
13.0648380549
13.9258903878
15.9098179243
18.0545733986
1136.09493291
-137.563958186
-366.301771789
328.879449693
-123.926670766
-28.2880881429
181.158958434
-361.007813456
62.6165492261
197.697396328
207.121900875
78.1325545337
-24.6954366989
92.4824698562
-34.4805260295
-17.2780477992
84.3977830667
-32.2275943459
19.1290740754
11.9570440705
80.8446259401
83.5524942395
3.74210551324
43.9284526248
-51.7921165543
-18.4812494177
73.5985336859
-9.01922832649
15.2876375923
24.8083338998
22.3272122874
51.6063360013
13.1118079017
15.6797579208
-6.15600104412
-15.844023012
16.212914872
4.98567686078
11.3186834799
15.8827591491
13.9248318215
16.8842042911
10.6753599591
17.1816324205
0.258904893248
-5.96855782647
5.9858463293
0.541596799131
6.54030628026
9.78824534712
6.94467770019
7.31600974199
7.19649677651
8.7304537407
1048.4364602
-255.310461875
-286.956476199
100.769101599
-87.9792205197
187.452288021
93.2695804491
-280.798459936
59.6137556873
187.34455051
230.600240235
36.6322791693
-27.1230395488
62.6605985505
-80.2138212767
50.1316291713
67.638746571
-111.697272025
87.8845869699
25.7402532509
-1.18373474412
120.290401057
27.4795579091
-4.85679163321
22.0000633855
-6.52877367182
20.152117346
3.5112470559
16.9347979572
-1.2312833226
1.46927996062
52.5094734224
9.48456961539
-1.30403386534
36.7486252536
-11.0505180108
8.83936701163
25.6862328253
-10.1094537719
5.11781756972
17.9155763863
1.60608497159
8.23494597865
9.05067687998
7.87766081952
1.80051666182
9.65306237414
9.47094794415
-2.91138925399
8.30406804618
9.68841222464
-3.73294754239
9.37129915383
5.79903007519
1103.33473047
-360.531433048
-163.426468193
-10.8540273735
-36.9647670815
247.518319893
58.1888389186
-405.518660774
37.8587791097
224.744272792
231.275585209
-6.19023483111
-14.7820727921
36.3210108035
37.6421641368
84.199717004
23.9928343279
-183.597324719
75.0342232691
32.2757715539
-18.8153548475
95.6072078228
40.5099714922
-31.8856844922
78.0534282529
24.1737230121
12.6356393216
8.90764074165
-8.87988826191
-41.0157900078
18.6954490483
45.7766585905
2.52132367492
-12.1692999022
38.5532438468
13.6334252512
30.6417991723
27.4208720477
-24.3504554667
-11.8266368212
25.9112952318
-3.30423703521
-2.62386887135
6.31078221568
1.43300434982
10.8756660984
25.7400708466
7.50680973433
0.550656577305
7.88777701902
4.09922206567
-3.90207531345
5.62106349826
-0.794243760258
1013.73818684
-374.606478093
-45.030468553
-25.2817203502
-73.6342423937
170.899562897
58.149455417
-387.339451332
61.1274554607
246.610472813
132.780009952
45.7408125064
-17.0171254986
74.5792759038
21.6675776599
84.4324966338
-29.3280425635
-163.420031141
43.9542738233
42.528845571
-45.6020581116
82.0728435341
56.0361729318
-33.1186498857
108.8415894
29.0990980983
-8.00687070827
5.10061013086
-6.7347247543
-42.398818403
2.25306487584
18.8515454288
-7.00193725378
-2.20460283686
43.6790428592
26.7528921942
9.04385263369
39.9864587889
-8.55815030689
-12.0630630766
16.5224944081
-8.62039457137
-19.7941873903
7.40663376192
1.44739346011
2.03078319363
19.6212626181
13.3176320212
5.47889742748
8.74444912215
12.7525276183
-3.99229444811
-2.76025405801
1.99479228614
1097.33414315
-549.477027029
127.593526269
-111.78439754
-54.5416531243
131.352167185
104.065324064
-377.019110662
99.1158477965
160.703350686
113.732122908
-19.4933063066
69.63909203
54.3121492854
62.5670464879
52.6167070418
-3.53241876074
-118.710674469
61.7291799721
38.1596463444
-72.1346649448
21.8708025558
77.0035095011
-30.2107401651
85.1729905948
15.1154097412
-3.99995628595
34.5794020156
23.707603919
-10.2963780023
-25.0889695675
26.59554991
4.96089709459
-12.8425158366
21.9798447341
10.7527811634
-2.82796314429
38.2217423862
3.12952650864
-3.05090044053
10.6823740651
20.8348966397
-17.5171240216
10.60555904
4.76636927379
-5.01847482825
9.00042109107
9.02425833874
-4.94137474103
9.47810511792
7.76556720805
4.22801851765
-1.79107915932
10.4115623353
1080.08633219
-571.576050659
267.75386737
-271.579322816
100.689673041
142.331372484
88.0224731652
-353.528421113
111.176999759
112.317465106
165.028011643
-111.576681164
140.854131317
-68.6548444395
234.120026106
27.8895104733
-92.2169584255
-8.28558051392
42.537262832
46.8407404731
-18.1619939474
-36.5135637035
12.6199868938
64.1404202616
88.0799677113
-47.7771218733
18.7160361868
33.1913386482
29.3347962073
40.9860617784
-42.673991791
-26.9442428223
47.9226586503
19.1374391832
2.36775428408
-10.6712999029
10.5519407302
21.3099731021
47.5760617141
-9.12862466207
-25.2835547259
29.0593044728
11.0159148643
8.88746123863
-5.00250337578
-12.495893743
5.50276666937
36.6425941257
-4.72506409619
-6.53305656998
4.11708013747
16.4939242698
7.52576754068
8.90450874218
896.628545729
-474.445136046
240.277147013
-286.753726257
181.64714897
51.9421132337
57.512496799
-274.81208035
-1.279947908
251.069231381
75.3308837518
-26.5524225239
63.8355960598
-33.7345605004
178.862989019
68.3087411819
-164.899578462
19.6177055489
-13.2551307444
127.95192154
-84.3917137548
63.2520424727
-73.6151123714
137.264216615
47.8574666829
-24.7359136643
-11.1377088022
20.9037972062
29.6372029981
21.8357670521
-30.4835128826
-17.2303322939
31.9648039689
41.625282884
-0.910772426349
-13.8724103114
25.5281358846
-3.3261113196
53.7837454677
-32.798061974
6.56071830085
-3.99801670832
32.0951282565
-5.61346231423
2.12205079549
-3.66405754548
8.61085615853
16.8240281111
4.31098014067
-10.4804897167
9.55930753983
6.84137141495
7.8161335881
0.268920825447
823.204962123
-486.56192988
318.648684983
-322.77671031
225.888603417
-60.0571337267
32.5726259077
-133.28748884
-16.4069223402
188.87754141
110.412747987
-39.8996917354
113.687256975
-29.2502669988
47.4544810619
-1.78193656907
-38.2591249078
27.3349031184
-43.7383108052
100.379578232
-72.4665690194
116.664358631
-23.8901661907
67.9713570164
-23.5396337397
14.7363532689
-3.55066076105
7.38250316584
5.08874139984
17.0911944477
-13.9834999189
29.6692805162
3.52098730256
32.5155035774
-0.559203259562
0.881142631963
4.3287948865
-1.69567528346
22.7959799666
-8.64992733561
11.2423847956
-3.20827176914
17.0097914876
3.46069139643
7.72325509288
1.08673515903
2.97414112706
1.15894533082
5.21076092203
0.747587437198
7.39256734554
0.211660501235
5.03826415247
0.721866573187
5.70991763313
2.95070637835
0.660543239107
1.37067639729
0.194217828666
3.83337103948
1.58854410371
2.4047820555
0.874930034158
1.91911783187
1.87892904506
1.77931123739
1.21506189315
0.990051786243
0.366729114792
1.04697024519
0.85579243309
1.65692538458
0.630355689454
1.00145239734
0.622143275581
1.07918334322
0.974823905551
0.594852484016
0.518451528794
0.363505197849
0.689042439529
0.62368551858
0.598419828791
0.519518953241
0.42237656653
0.528950210861
0.479175574721
0.504127660228
0.396866574117
0.303340083191
0.347662260654
0.328731140515
0.406644479253
0.309920675686
0.283146654081
0.261097445952
0.273750768936
0.298240327452
0.243326506698
0.23134722925
0.198518164983
0.211133109174
0.214166411817
0.195888701507
0.184092269592
0.15582128843
0.159606669553
0.156162464785
0.152996592402
0.142437327534
0.12412733213
0.123195715534
0.118703446094
0.119928243131
0.11003398261
0.099551722711
0.0945534843495
0.0905970894549
0.0905491676245
0.0838965346395
0.0784801724869
0.0732398432704
0.0703527566524
0.0691839901675
0.0653824135221
0.061751734321
0.0569340082834
0.0542966992907
0.0525151379523
0.0502109386761
0.0475770950595
0.0441833553138
0.0420786174653
0.0403616834919
0.0388574141366
0.0368985249061
0.0346423638229
0.032794574063
0.031182630357
0.0299397606485
0.0284952956276
0.0268334827261
0.025321854631
0.024108011179
0.0230872300561
0.0219932397753
0.0208265685173
0.0196682558611
0.0186691740462
0.0178134475222
0.0169387885181
0.0160432659931
0.0151924582479
0.0144382869042
0.0137576972761
0.0130929181078
0.0124167329222
0.0117958962761
0.0112061014623
0.0106457963892
0.0101135065697
0.00960783124125
0.00912743967919
0.00867106769523
0.00823751431047
0.00782563859495
0.0074343566652
0.00706263883194
0.00670950689034
0.00637403154582
0.00605532996853
0.00575256347011
0.0054649352966
0.00519168853177
0.00493210410518
0.00468549889992
0.00445122395493
0.00422866275718
0.00401722961932
0.00381636813836
0.00362554973144
0.00344427224487
0.00327205863262
0.00310845570099
0.00295303291594
0.00280538127014
0.00266511220664
0.00253185659631
0.00240526376649
0.00228500057817
0.00217075054926
0.00206221302179
0.0019591023707
0.00186114725217
0.00176808988956
0.00167968539508
0.00159570112533
0.00151591606906
0.00144012026561
0.00136811425233
0.00129970853971
0.00123472311273
0.00117298695709
0.00111433760924
0.00105862072877
0.00100568969234
0.000955405207719
0.000907634947333
0.000862253199966
0.000819140539968
0.000778183512969
0.000739274337321
0.000702310620455
0.000667195089432
0.000633835334961
0.000602143568213
0.000572036389802
0.000543434570312
0.000516262841796
0.000490449699706
0.000465927214721
0.000442630853985
0.000420499311286
0.000399474345722
0.000379500628435
0.000360525597014
0.000342499317163
0.000325374351305
0.00030910563374
0.000293650352053
0.00027896783445
0.000265019442727
0.000251768470591
0.000239180047062
0.000227221044708
0.000215859992473
0.000205066992849
0.000194813643207
0.000185072961047
0.000175819312994
0.000167028347345
0.000158676929977
0.000150743083478
0.000143205929305
0.000136045632839
0.000129243351197
0.000122781183637
0.000116642124456
0.000110810018233
0.000105269517321
0.000100006041455
9.50057393824e-05
9.02554524132e-05
8.57426797926e-05
8.14555458029e-05
7.73827685128e-05
7.35136300872e-05
6.98379485828e-05
6.63460511537e-05
6.3028748596e-05
5.98773111662e-05
5.68834456079e-05
5.40392733275e-05
5.13373096611e-05
4.8770444178e-05
4.63319219691e-05
4.40153258707e-05
4.18145595772e-05
3.97238315983e-05
3.77376400184e-05
3.58507580175e-05
3.40582201166e-05
3.23553091108e-05
3.07375436552e-05
2.92006664725e-05
2.77406331488e-05
2.63536014914e-05
2.50359214168e-05
2.3784125346e-05
2.25949190787e-05
2.14651731248e-05
2.03919144685e-05
1.93723187451e-05
1.84037028078e-05
1.74835176674e-05
1.66093417841e-05
1.57788746949e-05
1.49899309601e-05
1.42404344121e-05
1.35284126915e-05
1.28519920569e-05
1.22093924541e-05
1.15989228314e-05
1.10189766898e-05
1.04680278553e-05
9.94462646256e-06
9.44739513943e-06
8.97502538246e-06
8.52627411334e-06
8.09996040767e-06
7.69496238729e-06
7.31021426792e-06
6.94470355453e-06
6.5974683768e-06
6.26759495796e-06
5.95421521006e-06
5.65650444956e-06
5.37367922708e-06
5.10499526573e-06
4.84974550244e-06
4.60725822732e-06
4.37689531595e-06
4.15805055015e-06
3.95014802265e-06
3.75264062151e-06
3.56500859044e-06
3.38675816092e-06
3.21742025287e-06
3.05654924023e-06
2.90372177822e-06
2.75853568931e-06
2.62060890484e-06
2.4895784596e-06
2.36509953662e-06
2.24684455979e-06
2.1345023318e-06
2.02777721521e-06
1.92638835445e-06
1.83006893673e-06
1.73856548989e-06
1.65163721539e-06
1.56905535462e-06
1.49060258689e-06
1.41607245755e-06
1.34526883467e-06
1.27800539294e-06
1.21410512329e-06
1.15339986713e-06
1.09572987377e-06
1.04094338008e-06
9.88896211077e-07
9.39451400524e-07
8.92478830497e-07
8.47854888973e-07
8.05462144524e-07
7.65189037298e-07
7.26929585433e-07
6.90583106161e-07
6.56053950853e-07
6.2325125331e-07
5.92088690645e-07
5.62484256113e-07
5.34360043307e-07
5.07642041142e-07
4.82259939085e-07
4.5814694213e-07
4.35239595024e-07
4.13477615273e-07
3.92803734509e-07
3.73163547784e-07
3.54505370394e-07
3.36780101875e-07
3.19941096781e-07
3.03944041942e-07
2.88746839845e-07
2.74309497853e-07
2.6059402296e-07
2.47564321812e-07
2.35186105721e-07
2.23426800435e-07
2.12255460414e-07
2.01642687393e-07
1.91560553023e-07
1.81982525372e-07
1.72883399103e-07
1.64239229148e-07
1.56027267691e-07
1.48225904306e-07
1.40814609091e-07
1.33773878636e-07
1.27085184705e-07
1.20730925469e-07
1.14694379196e-07
1.08959660236e-07
1.03511677224e-07
9.83360933631e-08
9.34192886949e-08
8.87483242602e-08
8.43109080472e-08
8.00953626448e-08
7.60905945126e-08
7.2286064787e-08
6.86717615476e-08
6.52381734702e-08
6.19762647967e-08
5.88774515569e-08
5.5933578979e-08
5.31369000301e-08
5.04800550286e-08
4.79560522772e-08
4.55582496633e-08
4.32803371801e-08
4.11163203211e-08
3.90605043051e-08
3.71074790898e-08
3.52521051353e-08
3.34894998786e-08
3.18150248846e-08
3.02242736404e-08
2.87130599584e-08
2.72774069605e-08
2.59135366124e-08
2.46178597818e-08
2.33869667927e-08
2.22176184531e-08
2.11067375304e-08
2.00514006539e-08
1.90488306212e-08
1.80963890902e-08
1.71915696356e-08
1.63319911539e-08
1.55153915962e-08
1.47396220164e-08
1.40026409155e-08
1.33025088698e-08
1.26373834263e-08
1.2005514255e-08
1.14052385422e-08
1.08349766151e-08
1.02932277844e-08
9.77856639513e-09
9.28963807538e-09
8.82515617161e-09
8.38389836303e-09
7.96470344488e-09
7.56646827263e-09
7.188144859e-09
6.82873761605e-09
6.48730073525e-09
6.16293569849e-09
5.85478891356e-09
5.56204946788e-09
5.28394699449e-09
5.01974964476e-09
4.76876216253e-09
4.5303240544e-09
4.30380785168e-09
4.0886174591e-09
3.88418658614e-09
3.68997725683e-09
3.50547839399e-09
3.33020447429e-09
3.16369425058e-09
3.00550953805e-09
2.85523406115e-09
2.71247235809e-09
2.57684874019e-09
2.44800630318e-09
2.32560598802e-09
2.20932568862e-09
2.09885940419e-09
1.99391643398e-09
1.89422061228e-09
1.79950958166e-09
1.70953410258e-09
1.62405739745e-09
1.54285452758e-09
1.4657118012e-09
1.39242621114e-09
1.32280490058e-09
1.25666465555e-09
1.19383142278e-09
1.13413985164e-09
1.07743285906e-09
1.0235612161e-09
9.72383155297e-10
9.23763997533e-10
8.77575797656e-10
8.33697007773e-10
7.92012157384e-10
7.52411549515e-10
7.14790972039e-10
6.79051423438e-10
6.45098852266e-10
6.12843909652e-10
5.8220171417e-10
5.53091628461e-10
5.25437047038e-10
4.99165194686e-10
4.74206934952e-10
4.50496588204e-10
4.27971758794e-10
4.06573170854e-10
3.86244512312e-10
3.66932286696e-10
3.48585672361e-10
3.31156388743e-10
3.14598569306e-10
2.98868640841e-10
2.83925208799e-10
2.69728948359e-10
2.56242500941e-10
2.43430375894e-10
2.31258857099e-10
2.19695914244e-10
2.08711118532e-10
1.98275562605e-10
1.88361784475e-10
1.78943695251e-10
1.69996510489e-10
1.61496684964e-10
1.53421850716e-10
1.4575075818e-10
1.38463220271e-10
1.31540059258e-10
1.24963056295e-10
1.1871490348e-10
1.12779158306e-10
1.07140200391e-10
1.01783190371e-10
9.66940308527e-11
9.18593293101e-11
8.72663628446e-11
8.29030447023e-11
7.87578924672e-11
7.48199978439e-11
7.10789979517e-11
6.75250480541e-11
6.41487956514e-11
6.09413558688e-11
5.78942880754e-11
5.49995736716e-11
5.2249594988e-11
4.96371152386e-11
4.71552594767e-11
4.47974965028e-11
4.25576216777e-11
4.04297405938e-11
3.84082535641e-11
3.64878408859e-11
3.46634488416e-11
3.29302763995e-11
3.12837625796e-11
2.97195744506e-11
2.82335957281e-11
2.68219159417e-11
2.54808201446e-11
2.42067791373e-11
2.29964401805e-11
2.18466181715e-11
2.07542872629e-11
1.97165728997e-11
1.87307442548e-11
1.7794207042e-11
1.69044966899e-11
1.60592718554e-11
1.52563082626e-11
1.44934928495e-11
1.3768818207e-11
1.30803772967e-11
1.24263584319e-11
1.18050405103e-11
1.12147884847e-11
1.06540490605e-11
1.01213466075e-11
9.61527927711e-12
9.13451531325e-12
8.67778954759e-12
8.24390007021e-12
7.8317050667e-12
7.44011981337e-12
7.0681138227e-12
6.71470813156e-12
6.37897272498e-12
6.06002408874e-12
5.7570228843e-12
5.46917174008e-12
5.19571315308e-12
4.93592749543e-12
4.68913112065e-12
4.45467456462e-12
4.23194083639e-12
4.02034379457e-12
3.81932660484e-12
3.6283602746e-12
3.44694226087e-12
3.27459514783e-12
3.11086539044e-12
2.95532212091e-12
2.80755601487e-12
2.66717821412e-12
2.53381930342e-12
2.40712833825e-12
2.28677192134e-12
2.17243332527e-12
2.063811659e-12
1.96062107605e-12
1.86259002225e-12
1.76946052114e-12
1.68098749508e-12
1.59693812033e-12
1.51709121431e-12
1.4412366536e-12
1.36917482092e-12
1.30071607987e-12
1.23568027588e-12
1.17389626208e-12
1.11520144898e-12
1.05944137653e-12
1.0064693077e-12
9.56145842318e-13
9.08338550203e-13
8.62921622692e-13
8.19775541558e-13
7.7878676448e-13
7.39847426256e-13
7.02855054943e-13
6.67712302196e-13
6.34326687086e-13
6.02610352732e-13
5.72479835095e-13
5.4385584334e-13
5.16663051173e-13
4.90829898615e-13
4.66288403684e-13
4.429739835e-13
4.20825284325e-13
3.99784020109e-13
3.79794819103e-13
3.60805078148e-13
3.42764824241e-13
3.25626583029e-13
3.09345253877e-13
2.93877991183e-13
2.79184091624e-13
2.65224887043e-13
2.51963642691e-13
2.39365460556e-13
2.27397187528e-13
2.16027328152e-13
2.05225961744e-13
1.94964663657e-13
1.85216430474e-13
1.75955608951e-13
1.67157828503e-13
1.58799937078e-13
1.50859940224e-13
1.43316943213e-13
1.36151096052e-13
1.2934354125e-13
1.22876364187e-13
1.16732545978e-13
1.10895918679e-13
1.05351122745e-13
1.00083566608e-13
9.50793882773e-14
9.03254188634e-14
8.58091479203e-14
8.15186905242e-14
7.7442755998e-14
7.35706181981e-14
6.98920872882e-14
6.63974829238e-14
6.30776087776e-14
5.99237283387e-14
5.69275419218e-14
5.40811648257e-14
5.13771065844e-14
4.88082512552e-14
4.63678386924e-14
4.40494467578e-14
4.18469744199e-14
3.97546256989e-14
3.7766894414e-14
3.58785496933e-14
3.40846222086e-14
3.23803910982e-14
3.07613715433e-14
2.92233029661e-14
2.77621378178e-14
2.63740309269e-14
2.50553293806e-14
2.38025629115e-14
2.2612434766e-14
2.14818130277e-14
2.04077223763e-14
1.93873362575e-14
1.84179694446e-14
1.74970709724e-14
1.66222174238e-14
1.57911065526e-14
1.50015512249e-14
1.42514736637e-14
1.35388999805e-14
1.28619549815e-14
1.22188572324e-14
1.16079143708e-14
1.10275186522e-14
1.04761427196e-14
9.95233558365e-15
9.45471880447e-15
8.98198286425e-15
8.53288372103e-15
8.10623953498e-15
7.70092755823e-15
7.31588118032e-15
6.9500871213e-15
6.60258276524e-15
6.27245362698e-15
5.95883094563e-15
5.66088939835e-15
5.37784492843e-15
5.10895268201e-15
4.85350504791e-15
4.61082979551e-15
4.38028830574e-15
4.16127389045e-15
3.95321019593e-15
3.75554968613e-15
3.56777220182e-15
3.38938359173e-15
3.21991441215e-15
3.05891869154e-15
2.90597275696e-15
2.76067411911e-15
2.62264041316e-15
2.4915083925e-15
2.36693297288e-15
2.24858632423e-15
2.13615700802e-15
2.02934915762e-15
1.92788169974e-15
1.83148761475e-15
1.73991323401e-15
1.65291757231e-15
1.5702716937e-15
1.49175810901e-15
1.41717020356e-15
1.34631169338e-15
1.27899610871e-15
1.21504630328e-15
1.15429398811e-15
1.09657928871e-15
1.04175032427e-15
9.8966280806e-16
9.40179667657e-16
8.93170684274e-16
8.48512150061e-16
8.06086542557e-16
7.6578221543e-16
7.27493104658e-16
6.91118449425e-16
6.56562526954e-16
6.23734400606e-16
5.92547680576e-16
5.62920296547e-16
5.3477428172e-16
5.08035567634e-16
4.82633789252e-16
4.5850209979e-16
4.355769948e-16
4.1379814506e-16
3.93108237807e-16
3.73452825917e-16
3.54780184621e-16
3.3704117539e-16
3.2018911662e-16
3.04179660789e-16
2.8897067775e-16
2.74522143862e-16
2.60796036669e-16
2.47756234836e-16
2.35368423094e-16
2.23600001939e-16
2.12420001842e-16
