0.905656079499
-0.0692467459502
0.315863523614
-0.1794072567
0.30072827187
-0.057899301179
0.00110427537636
0.0707938500669
0.131921754294
0.0343024405476
0.210603821825
-0.0822351305515
-0.0349863214515
-0.19294640825
0.129245979716
-0.104691094478
0.399819784772
-0.111707003501
0.454958904839
-0.311276792246
0.355120867887
-0.272492733219
0.100432350899
-0.150227874076
0.25266572379
0.00631498329425
0.274263432678
-0.149598016325
0.168136125108
-0.359168631847
0.174939273955
-0.286458878694
0.334994596417
-0.237498017555
0.499821166199
-0.305506722292
0.392850903423
-0.41913032283
0.25311645665
-0.350989045129
0.295454943085
-0.151960405541
0.350629094217
-0.197385613875
0.302368053807
-0.343809903909
0.238248408288
-0.383376000943
27.0666953581
-4.30372828487
9.97624704993
-7.49288146217
9.95136647083
-5.06596747655
1.45642457176
0.311691253642
6.46132835123
-1.54492693794
5.43682068988
-1.25187119228
0.625819898337
-3.46577073995
0.669989842306
-0.529308547805
7.45164441136
-2.75393927363
7.81751067295
-5.14067926866
7.05908594603
-5.8395252381
3.50777866953
-2.96541814341
5.30540568053
-2.56357281513
5.33203965606
-2.41344194292
3.68147764698
-4.00077274417
2.24046027757
-1.81599797794
2.91157929916
-1.97663024868
4.05316252619
-2.07689429475
3.57521027346
-3.39173469322
2.77692914687
-2.45215431945
2.6290023602
-1.9965397319
3.21386912111
-1.77305990033
2.75648667744
-2.54944503817
2.347173918
-2.05178342903
96.2944031538
-18.5097390768
33.8792520014
-25.5656531244
37.6580159845
-20.8134433204
11.392513449
0.371849335632
28.9389974174
-10.3969615945
14.925036319
-0.214862930765
8.70420829302
-4.08548325415
0.183987585773
7.39970219699
16.2890370325
-5.73903848702
12.3325328414
-4.7894632995
16.2719192065
-11.4428455579
8.9420238567
-1.8735806928
13.826881972
-9.27825940629
11.8299644267
-3.32942688718
11.0283346336
-8.43033005399
6.3005622531
0.377390736062
5.84523080834
-3.94559839476
5.57433794941
0.553239535958
5.21420697352
-4.29459666651
4.20163532578
0.394784595792
3.45126414547
-3.15501357873
4.54567541304
-0.217149565568
4.02225957641
-3.87145777941
4.3717145573
-0.840595230445
131.786245361
-33.1424276157
36.3855712496
-29.8656048537
54.8499730196
-38.4452026029
18.3143610758
0.719965774999
47.1503382396
-19.6057214055
18.4933170428
3.37754269122
18.0330857157
-12.9755688435
3.20977396383
8.61302927875
24.3219476427
-10.7650969444
15.1096498853
-0.431485825007
21.4734123885
-17.456900062
10.1773714942
-1.0445636539
18.0388502085
-13.2483367492
14.9019479749
0.035483840329
15.3656728702
-12.9660801272
9.46296926893
-1.81796148581
10.2960959213
-9.85686695901
11.0384250879
-0.00181664995407
10.3384999051
-8.32012427384
8.11713582756
-1.8456339091
6.11490280601
-7.21935397069
7.84899821219
-0.679291194147
7.20898840297
-5.89572302994
7.63056910733
-2.75800848606
131.713045147
-40.8104728371
29.692729779
-16.1047801851
57.6298821361
-49.9904896571
19.4470212003
-1.67327398647
40.9659562807
-9.82721487227
16.8801052068
5.58249804576
20.6545362246
-21.9834282327
9.5525782174
-4.68954216841
31.3154435868
-20.7477595095
28.5402974956
-7.0117301864
28.7015568442
-24.3813177906
15.9830106681
-8.50541028531
16.7189746141
-11.6639965121
14.0212569294
1.45055213621
13.3442466859
-9.45966129394
9.87853988338
-5.81229090906
11.6160495585
-12.9522347262
15.6898353114
-7.09008837535
15.6251346938
-11.6594826227
13.7832276427
-7.89305239018
9.46030612019
-8.65377263417
8.67020788495
-3.2050871477
6.94259435748
-4.14238281696
6.96348588794
-3.18088280695
128.565854409
-38.8116947842
36.6403580237
-14.1409453373
51.9551078526
-56.880826531
28.5450349937
-8.05454607097
30.3981697679
6.33832402849
15.7372364843
2.61049488071
9.31579349611
-10.8748358985
6.73815226744
-4.85619696005
27.8110375857
-11.4984844495
29.5814726229
-13.3160830334
26.1445494092
-24.6004394885
20.2423010955
-11.9156555432
20.0018953581
-6.44846226415
14.3265349285
-2.67163284016
6.65240871946
-5.68316135125
5.30203298319
-1.20797557998
9.15992644499
-2.35707436157
11.220307323
-6.38986534992
9.02625837672
-9.32161526681
10.2253871687
-6.07690073518
12.0157908433
-4.01512224509
9.06656443021
-4.67369799127
4.35362382214
-4.59270586352
3.8835296812
-0.63344866487
127.594859456
-23.2057911625
50.5805172293
-17.9327544159
36.6000851615
-52.7980748782
36.8904629783
-6.35950666887
33.5948422175
7.23403659017
14.7151360855
-5.38620846455
-6.61257924738
-9.17662784923
7.43042585679
-2.49897296708
31.1882181699
1.92834754347
24.6676673108
-16.7308400857
18.7733522736
-23.331859426
20.0694990448
-6.00536796501
26.3422679735
-0.403281286101
14.0084903788
-7.02301536983
0.691230664515
-9.07046137551
5.21572729698
-0.120042897561
13.6151098716
0.908384435364
11.3481961286
-9.65501905159
6.06782720074
-11.4778105473
9.77063174438
-4.06188089831
14.9515618269
-1.1692344309
9.28094728271
-5.89671735735
2.74661844103
-6.42595052342
4.66915308536
-1.27431080962
133.983283565
-16.651138661
58.294274855
-24.2822271495
32.7981091753
-36.5124200971
30.0146342732
0.867908541017
38.4772371948
3.28112026615
10.2193401547
-10.8173894154
-2.78281797816
-11.3510106708
14.4713965228
-7.57786011998
44.4762041101
-8.12739454559
28.3546447323
-23.7750746062
21.8983901804
-20.7883254397
20.6978368468
-5.03880689888
26.2438245936
-2.63410468055
11.8884720879
-10.4227141818
6.71327537429
-10.3049300554
12.9438959963
-6.55010003856
21.6733814204
-9.11729897242
16.3303752081
-16.0461172419
13.816411752
-13.3190566083
14.4060521686
-7.27536619444
15.5235036045
-6.35196649601
9.78520243641
-9.07012157574
8.27880914343
-8.1545384547
10.4341022441
-6.57020010325
147.230802658
-22.4011435338
51.4497493117
-33.6753231159
35.8696146384
-21.7658335487
18.6798439839
3.35694433549
37.5872989234
-5.99609351121
14.4631629903
-17.9379605978
10.6189035601
-18.1591084701
25.4348412283
-11.7309971475
54.4138772423
-18.0605387692
29.8440850435
-28.4891758439
23.897356375
-15.8823530687
20.979440258
-5.45714433643
27.7841697487
-9.4364565832
15.9819601372
-17.8102413742
14.8014527177
-17.9035514859
22.0474693716
-11.2327988057
28.624674509
-15.5843412104
18.8409428249
-19.6685301596
15.2565744911
-13.882392376
17.6283213417
-8.47289827735
19.4576562036
-10.406562736
14.4274844527
-15.6628109412
13.3175318915
-14.2751404405
17.0347417564
-10.07583122
163.951943254
-36.5996625768
51.0917709533
-38.2587362661
44.9401252331
-20.409618621
23.2169159755
7.70962429292
35.8680468999
-17.0809773653
25.2480254163
-21.3045422261
7.92405439238
-34.597453026
36.1447620371
-20.1475079321
63.6517727377
-28.0973563941
40.0615689724
-35.8197864593
28.6179190124
-18.7334103474
26.8510957188
-7.40832046544
31.9822273188
-12.063213192
22.9503533062
-20.792219821
16.4683295522
-27.2232178721
27.9273687308
-18.3952387424
35.8246431956
-23.2534046431
27.9203739051
-26.0815381683
20.365381474
-19.6073199341
22.5265199751
-12.6901426852
23.0044387021
-12.2119945193
19.308525025
-17.3946375858
15.7730510755
-18.2014551706
19.9525532006
-14.9088119581
187.058693671
-64.4954803474
79.6373531997
-51.2378249825
72.3689057604
-45.5104137865
41.0746049722
-7.65177677863
42.2085542493
-30.3974867941
32.6687766414
-13.8709311051
13.1642645901
-37.3139193138
35.4137968017
-21.8785167288
65.1755199062
-39.9861149767
56.5246738901
-38.8770032395
44.9027666532
-37.0264253348
42.7375982425
-24.1798282541
38.0556819852
-26.6313060442
34.8880480564
-22.4107471111
24.435289537
-29.4691409497
30.7935838975
-22.6655690926
33.992063234
-27.1289771932
35.4606523959
-26.5811790721
28.99548564
-26.2730570207
30.7536020426
-22.4019728114
26.9487059075
-21.3178978988
27.2337572502
-20.6572850927
22.3631312583
-21.1196989374
23.9552989165
-19.2770663363
209.679302809
-81.0553755661
92.0601048103
-57.3285054644
97.638119516
-77.6241738026
68.6254217783
-38.7149580917
70.3406660898
-52.5108081162
43.8503985917
-17.6475106708
46.6222548254
-34.0275960885
33.0228731391
-15.664124864
63.0132143784
-48.3420162619
51.9153623647
-28.048071054
55.189436363
-49.8858405893
51.9758503006
-34.9452813164
54.5701649149
-46.6940724328
46.153346101
-28.2072202824
44.4644959
-40.6254199376
37.6367603398
-23.1768995627
39.5612960083
-36.0629445425
36.5362056433
-22.1866476033
34.3636301129
-33.117831991
34.1134529483
-23.0286998289
33.9811805007
-32.5623718445
32.4107868403
-22.0559460631
30.9169744935
-30.6520722991
30.4112975029
-20.7677877979
232.084641087
-91.2385020959
65.932348997
-53.5017158893
104.754730807
-72.714758987
78.52178587
-44.9736108845
99.7548441727
-65.1585590048
42.6287171668
-18.9672842961
66.2930183453
-37.0775824379
32.5954085158
-19.87841626
84.7302022089
-60.0026287981
40.6661537985
-27.4356259891
63.8036674846
-50.585647007
51.9171831156
-36.6267457021
75.4752224533
-58.481969006
44.4430682827
-28.832722067
54.5285721256
-46.637992953
40.0662830365
-27.5871914844
59.7914364697
-47.140656026
35.2111022737
-27.0369400786
43.9378776419
-38.7638749408
38.4835429491
-28.337365203
50.8156870197
-43.5667825236
34.8208126254
-26.6827097561
39.7631216707
-36.6821044554
34.8392923139
-26.4662686122
265.651752951
-102.457497565
59.1983572316
-67.1637987227
110.192727826
-59.2048538269
88.1123361752
-47.9481960655
127.954701917
-80.1508537151
59.6201174379
-36.4077304151
56.664184249
-43.1132819896
40.602965372
-36.4615281845
124.417956115
-68.6264700647
45.8589419084
-51.7738980583
69.0003960518
-51.323204238
62.3759102325
-45.2801036322
96.6054104041
-71.9824156009
63.2471149966
-47.6736744104
53.5671965925
-47.8716498268
49.6584476831
-42.3691012119
82.790161517
-54.6958255653
47.4025538859
-47.9126071173
50.3505558984
-42.4726641432
46.6344244902
-38.361297532
65.7685320999
-53.6979339285
51.5897751442
-42.7849212703
43.2623389696
-40.8588058799
43.3721427043
-37.6749060175
300.258637028
-131.186166055
96.6639313995
-91.7895637526
122.224339462
-84.6234037669
122.005961209
-53.7638075853
131.133357804
-92.0260328688
109.803919229
-64.7918892677
51.8648035795
-48.235075459
55.0065030672
-48.4287985976
138.743791543
-75.0913004994
72.2675245126
-74.5112604424
80.4872356748
-72.1193786901
86.0516133006
-56.6911662223
97.8191589195
-82.8546032117
97.9045176024
-70.3575828028
62.587690631
-59.0959599708
66.2607387224
-57.2397788135
87.9972582015
-58.6722353498
66.5939616855
-63.3866547449
63.9743960334
-56.8823728971
61.9175006935
-49.0590439144
68.2622399511
-59.9063629339
69.1265189754
-55.4103833099
55.2628246731
-51.9483837737
56.1495862137
-48.6692985788
426.901636485
-297.431137757
207.587077676
-165.959971707
170.93297309
-179.356529683
211.895516097
-40.0440982435
87.1111050616
-84.7131983689
130.396554721
-94.7471200947
90.7336671896
-71.8705626607
99.2964388527
-82.5366794334
152.371893632
-120.930814005
131.677865413
-87.9238913885
103.055617907
-106.455494449
121.942017669
-80.1389707575
81.2900661915
-60.524033035
102.758553651
-79.3714032258
74.5092498566
-61.2846939877
72.5665167296
-64.2678031923
86.0486399988
-61.3189913401
71.5147453911
-59.5380565521
63.7081919343
-53.0785085342
64.8543755099
-48.3582680484
53.4853460167
-41.4943460478
52.1923836306
-44.0750522149
49.9861878076
-36.2062043176
42.0194160488
-35.2170132806
1106.5308362
-1105.13367181
658.243672185
-357.3555894
125.831236252
-280.01890528
470.304520061
-58.4824432675
73.6060106057
-47.6078744591
53.5535904849
-72.8744485084
208.155765924
-162.847756622
197.426722185
-130.493447642
195.485555237
-277.634793565
268.254567522
-46.2462795924
25.9980722658
-32.9832675155
119.078829032
-110.678595796
86.1495090876
-6.89453446664
41.6432608073
-15.3361189214
74.2468957559
-105.64681925
98.8837346924
-32.356955856
34.9997388267
-21.6394924982
68.5543410804
-34.7551103063
18.6320437768
6.27590375952
23.1252563665
-21.8560115564
46.0686824285
-21.2804141211
13.1760203694
7.66717774252
16.888583958
-25.0788700933
43.3226729019
-8.44474476392
0.20758546052
14.241556671
9.38611518713
-10.8007020614
20.8176903694
-1.24240750822
1.60941845226
6.99573136155
11.1316752711
-8.98220948945
12.6619560328
5.77137416126
-0.208702738155
1.88894960995
12.0755761628
-3.34799761394
3.35397969708
3016.68755772
-3536.3076217
2301.37488309
-944.036856468
41.3836583127
-372.674078162
1045.01387671
-924.518387848
930.279462561
-629.623382044
112.267361564
-34.5734577498
840.026980564
-780.422185831
571.57591159
-176.074258671
432.853584416
-899.861200084
765.789975651
-75.8870629877
-231.009335291
256.094047987
-19.7444304691
-266.382521666
408.728341981
-92.1146084178
-254.446198891
467.100964234
-60.4265368701
-266.138323704
143.938602318
244.606720676
-314.561220014
159.920957018
40.0332435992
9.98950128172
-161.143625341
295.065947228
-270.687663447
120.200601479
132.522617268
-104.954844286
-139.70249306
338.744852234
-187.645270078
-82.6381972791
192.222659092
-9.1955161086
3735.05515194
-5014.99649529
4012.78434455
-1647.67785996
545.421216936
-839.080154404
1912.18404806
-2098.34984706
1848.19359288
-1201.11388783
372.880256071
-294.829362536
1505.97371157
-1698.09660848
1115.87492762
-28.2432412978
230.1935982
-904.728567321
1095.11443148
-151.636042037
-506.701306111
587.000530371
-161.082388314
-155.359941013
206.018913111
220.635731483
-588.7981724
691.37166493
-161.760484376
-108.764776688
-190.114917187
832.138452008
-804.755108658
300.683965716
119.251991773
130.587810616
-533.803349859
643.612562959
-319.448077067
1.76621728293
139.839656344
51.0857345116
-287.895580089
369.981954772
-96.0115458797
-170.901940407
182.607527003
85.2922233524
4310.6365519
-7159.03080832
6637.3922039
-2273.32497172
68.6028365423
-865.767419392
3675.6046839
-3854.07249208
2121.89750909
270.796269577
-1186.90332597
769.457629514
1249.74752224
-1935.8517329
905.641943242
1083.10130333
-822.301091286
-750.499187631
1693.97127193
-245.661899226
-769.342421547
102.313997379
1396.57269892
-1135.16808197
-143.02801854
1075.85352391
-582.100858953
-144.766926764
638.71807212
-173.411727642
-823.22383499
1777.92556984
-1153.98517788
-421.64081119
1196.95692348
34.1145131781
-1262.53785437
820.915552875
754.979422992
-1122.41243038
241.686476648
526.741757766
-179.180144831
-312.209242527
396.881741264
-45.8819950314
-265.478430214
537.948351508
5405.30613771
-10768.403813
10000.0
-2472.2512616
-1516.95079866
-1357.13544283
6771.40940963
-6061.35055284
1443.22122188
2875.06280274
-3282.78799038
2181.30716045
67.5393157015
-861.049261192
-290.625547191
2631.10633752
-1875.63715212
-1315.00926828
3191.04421835
-813.557333624
-1177.351713
-459.901869412
3615.28753665
-2933.62060106
-388.705598409
2317.34841501
-893.077238244
-675.304554574
842.188471913
265.278753278
-1335.48693344
2265.06878054
-1587.08401664
-555.78135886
2161.75647903
-800.110526906
-1369.67084653
1193.79753793
1325.26749492
-2284.25659246
709.33597372
1045.85796699
-637.548161374
-425.771401043
555.793984681
209.383744776
-589.148758484
719.386085623
5570.97774564
-11178.9140465
9479.75027902
-1014.47629914
-2435.36046795
-2194.25491265
7859.95904945
-6021.82050332
392.138300939
3842.08085783
-3559.01468759
1686.95283186
879.523652178
-1469.8232004
-355.813952635
3138.70641973
-2229.28804296
-1640.28173915
3982.18142217
-1506.98209409
-1372.45666004
738.727146497
2249.416628
-2660.91380098
335.482258479
1750.45127044
-1356.82002653
144.253556184
632.880023643
-391.438783319
-425.442961709
1584.16214904
-1487.72463631
-229.597914331
1937.98454765
-1260.14505206
-776.765566775
1479.64939286
107.45247095
-1544.74429612
1196.11692032
305.550849733
-958.467736286
578.413905348
172.440027993
-468.987520369
326.795312011
315.663240353
4670.51879612
-8692.99303754
6255.38296121
1296.87328963
-3182.64710556
-1568.63499183
5900.20447146
-4077.10827042
61.5759212536
2634.09220843
-2560.01122668
1287.18379878
1486.35449222
-2749.7958824
1073.68161455
2275.85014682
-2437.22710958
-490.118638272
2733.66096543
-1274.92411124
-970.560407365
1245.42044231
298.579519214
-871.083858004
358.61650146
409.905985644
-487.137596495
422.570621731
59.5898889856
-551.665036299
565.840922204
392.991190929
-938.871493352
317.147246085
875.137049059
-871.7494243
-93.4570938244
803.469946491
-354.326044736
-268.38550276
493.645216651
-146.483552767
-106.370434168
304.317214399
-204.608493495
-23.7580991009
330.805378662
-188.934526484
3973.76984684
-5988.75696029
3579.83495152
1780.69312599
-2525.77884275
-756.253503281
3596.07806644
-2814.21080623
819.586837519
915.727222361
-1439.28556299
1316.29453216
466.044036383
-1772.22968796
1330.18730096
804.012313281
-1668.51368863
611.975252929
815.815674601
-689.914105379
-134.057172686
538.250894091
-167.499878412
29.4953218487
78.2077202321
-89.0873569746
205.101462952
82.7163589665
-234.008029007
122.795402994
259.053238452
-247.876611529
-6.79952013805
208.467164543
-50.0328880751
-67.3949333592
79.9906907687
15.7117452957
45.0752151888
2.92501534946
-13.639359597
98.5929069262
1.01259143983
-38.7404863721
82.5310633479
15.2772435099
-39.0149900683
60.2340606627
2880.32573646
-4075.60817074
2449.01989908
972.23025566
-1451.63115656
-219.896712559
1843.39257754
-1540.24738814
843.22940443
-119.049623762
-328.301448614
877.552904897
-221.332509512
-756.153553591
1195.46994732
-81.964671329
-915.452146721
868.652459095
54.4040980273
-408.152218106
168.514139043
238.898697905
-222.563416273
260.374434325
-198.292310853
58.0009224113
299.314732085
-238.41919047
-99.842423527
442.983665921
-225.111137679
-126.967390794
282.748975803
-74.8591256651
-56.3369295614
92.8804473421
-30.4066182571
39.6244718159
68.4395335744
-159.241818639
164.062962287
29.9507361216
-125.823940483
74.4833037061
90.7943173311
-108.988165281
64.162495859
12.4764014289
2509.2414925
-3745.56181951
2629.41711723
50.1321462262
-841.0525012
-63.4048202784
1125.01423792
-903.714594088
584.917307358
-215.717384364
-337.994381423
1051.46336956
-593.306296565
-553.038274358
1247.24799858
-242.190890527
-978.425059927
1240.89088114
-497.956155957
0.0749982542207
89.7528495871
40.30773387
-92.6605935419
438.334973551
-629.998721464
316.257975545
426.063983863
-615.111074896
185.187423366
317.342190624
-190.265805727
-91.588627204
207.352399481
-103.413345915
192.502618556
-217.698420579
78.1860889914
159.771251354
-57.5387869936
-155.216120172
190.956099569
35.4396998645
-89.7133866656
-4.82937010302
39.6250079588
142.427205499
-187.516866642
27.8791324142
2891.69365797
-4224.84626628
2975.88530718
-95.6809081128
-1169.30615537
676.346010995
650.608939737
-1262.16237518
1204.467513
-128.064541591
-1200.27729994
1961.36755553
-881.101056122
-880.332520631
1669.6844011
-364.896809786
-1151.60876425
1611.50694292
-823.289364513
32.6435074659
430.385579893
-339.292407041
-27.790358982
599.604855465
-626.125064092
53.8276679903
687.166209998
-649.000927832
122.139845915
249.465028739
-1.39134931716
-224.705303533
219.273650348
-20.8808821555
45.0945059936
-80.4465882021
107.358671889
-58.0298398501
106.584139964
-15.6584813608
-135.515984714
224.522770457
4.34557439863
-206.24855106
147.900598505
175.248043844
-306.137781517
173.57300456
2873.78748239
-4239.75225189
3189.7929658
-289.567287843
-1426.89401036
1263.17756442
470.485305585
-1892.62195958
2170.19343773
-660.435088988
-1043.92976276
1862.47286115
-706.21974449
-1135.84533445
2136.66247166
-1163.2745708
-353.256712058
1266.97596306
-811.284718271
-152.814633918
1003.81770122
-982.026696108
379.884924466
401.157861377
-542.697357926
125.451533244
539.126531534
-707.923370499
455.522380912
-15.1340270801
-125.264200037
87.7141975485
112.865065974
-218.420286631
287.808762061
-193.924426875
101.62934879
7.5223821133
5.17231008847
-14.3016607571
84.2098848826
-111.450709323
159.376933615
-104.318974222
26.4188785964
72.4319020918
-34.0527312019
-38.9356289342
3074.65185235
-4494.09021006
3714.80944826
-873.003139486
-1065.69241135
1080.70899975
850.351694502
-2476.07842654
2907.99493359
-1236.70299185
-578.280682245
1754.22691656
-914.633420606
-957.067666762
2515.19715446
-2114.81839703
517.310813828
1078.7274123
-1114.55378112
18.4495849286
1376.11724703
-1663.32786864
973.031866082
236.445235173
-850.749137562
682.802840412
264.744199704
-996.582533583
1062.04242017
-298.201497586
-443.696742052
676.763861179
-132.686091588
-488.028025518
761.283750271
-419.251661913
-52.2889714645
378.259902199
-270.969132402
-57.0778962828
399.344592047
-406.092636576
148.480619933
205.906502124
-277.103501058
84.2724860547
222.255877166
-291.677595279
2837.98476256
-3573.49307577
3025.5856575
-481.769782561
-785.094292856
856.396635229
831.966879708
-1711.9479963
1885.63863876
-597.606600168
-423.206893993
1235.87322478
-824.324248391
-429.719600434
1594.11202109
-1478.20593774
367.61572598
730.210815744
-738.871258253
-13.0729770832
840.408721443
-825.852095193
431.441993781
194.331052741
-368.122939676
414.13602969
110.750545336
-417.581108604
562.733018578
-64.6882751137
-277.022618471
352.070390372
46.6254792233
-319.875069568
281.489785946
-38.5905026904
-138.552609248
101.521539288
-45.356313555
-70.9308809867
120.03315051
-135.366879335
9.68527462402
128.810135232
-111.11867785
-13.3297112781
172.011481054
-72.7230315539
2384.3545543
-2770.08125519
2506.08780051
229.447359613
-930.782934532
1217.71099246
394.94036554
-542.279242599
865.47416963
-238.364527103
22.9088632778
470.434787237
-625.838487285
-105.871393671
868.973467373
-1196.92399571
313.660101326
317.693465938
-433.569572507
-32.7679540683
220.679006809
73.8285751229
-4.55053527504
4.74437754618
304.545419468
187.296114958
-18.2377738242
69.5595561072
450.689461098
-95.8789586757
-19.0302367762
187.267481761
118.957875332
-177.660699066
-86.1969406365
172.166600811
-136.086639122
-228.671204828
49.9624877158
7.21200590963
-139.89795118
-127.824626205
124.694009225
9.99398756959
-97.8574245447
45.1579816038
173.447390273
15.8696553802
2922.01982934
-3464.05883165
3308.13286318
733.469058115
-1508.97471826
2154.62400926
142.727894809
6.31962733334
624.901612784
-90.3119136862
338.20169106
201.533418652
-652.566462092
19.9932714168
895.875919771
-1623.7682457
505.714896837
357.313574169
-775.613422343
219.286511774
-3.10460822364
283.817423564
-29.4454545688
-59.6213940492
557.920008716
273.483955333
-137.573496348
280.488973623
670.723498496
-286.348380392
139.821680245
369.790298468
-23.3190296794
-39.3122733487
-109.434400971
219.868280269
-103.558189049
-314.485858959
118.290447644
58.1781932229
-257.15870313
-88.8585315158
211.918494647
-83.82332088
-92.130762827
113.245796245
137.877285215
22.3865250411
2847.89851402
-3007.45122465
3061.17304275
1143.51307129
-1445.8201767
2500.14813363
45.3636998002
420.06120721
584.509838461
183.147636719
396.842335833
276.584344335
-460.989764323
123.633334849
717.142395087
-1309.26412481
535.447925499
219.135396702
-704.900790575
435.266251309
-160.397825849
215.368916495
190.180155662
-132.592181907
502.823359155
327.663468808
-144.254444147
432.435529613
442.837758645
-154.033211555
318.298713155
205.503377697
-0.244465099114
167.616229911
-110.131005655
144.959730233
46.1468418395
-244.251688595
136.818487024
18.0122615138
-187.877212281
68.1645146565
29.2171792972
-52.962980262
58.0195999534
-1.3170664268
80.8967282813
87.1600410313
2562.02777135
-2422.7623837
2665.60177916
1363.25505896
-1366.93334275
2743.11744378
-152.056276738
797.637596943
640.98060256
236.254522383
559.753176397
332.593208935
-284.765794152
174.436722578
601.929530535
-1035.08205122
466.62884353
113.338601259
-668.96884294
487.77217692
-299.321033055
56.643472618
396.673424171
-388.548167975
532.687638482
322.554749033
-195.269994668
573.884511907
282.054013206
50.013389972
362.915385123
235.055972907
79.2127575692
296.445276133
-15.7538535759
97.4064910942
238.663875274
-265.238797552
154.134005917
56.1323822148
-241.97024577
111.797576478
-68.118542678
-89.3462724676
50.7968302142
-84.4344385342
29.3286491332
64.487309612
3224.81741541
-3938.39723487
4540.44879715
978.899569309
-2399.22523067
4891.4258099
-1452.92634881
1635.64552222
856.506111557
106.074258719
1129.64231873
281.969121339
-324.67348755
459.823958152
852.842865625
-1728.85581744
973.015005062
140.7659875
-1296.82617663
760.676182211
-389.806155098
-281.072567956
622.062868307
-916.46489657
945.715502778
245.747963549
-710.885722097
1329.1913921
-53.1722068228
150.723474755
484.55855433
431.767208602
174.068259438
238.252834676
251.681232839
153.338532955
371.533927689
-498.689539914
521.392610965
31.4662160921
-529.668871301
350.871015482
-109.863750059
-237.891928255
21.3698562415
-117.842996953
60.3255386555
-67.1537697169
3944.19449142
-5230.31077489
6111.37714348
789.004714442
-3345.44862403
6848.04654791
-2622.4457839
2276.61227825
1224.35163038
-117.329144037
1657.45319728
225.642917498
-275.181893653
807.402705658
845.646688124
-1932.04437124
1357.43958184
8.47629731036
-1363.21222976
699.593514409
-205.641942847
-550.788407675
624.419821284
-918.166249943
851.074369468
320.35140409
-1027.33762102
1672.13802438
-249.320288658
120.081043619
649.334015778
383.268666431
309.139122833
165.317193081
450.237268899
225.185013671
336.171087638
-336.797322274
586.267975263
50.0103992321
-466.611266559
364.398255664
-22.4574472345
-292.525223607
7.80367334636
-34.4010707
-49.4724638274
-62.8187466551
3532.56570213
-4283.2660945
4855.218076
1248.27437288
-3073.35448591
5919.03535566
-1886.18800426
1662.48436725
1500.81378995
-246.927915087
1571.16316054
322.020315309
-278.387882587
798.149341252
762.368661682
-1654.60394255
1204.80047314
-11.1524497355
-1139.07455631
610.881659404
-229.438236016
-351.484900165
373.006278685
-538.573361109
498.024439594
498.772706394
-871.629537053
1299.86034162
165.576321595
-229.427158274
905.379900875
222.719701178
283.970549409
285.144480521
283.591272321
277.940190406
240.951829953
-231.213840687
381.138459295
140.149073417
-529.574050812
359.831540491
-51.6838959898
-320.19630557
74.1805858032
-78.6197757366
-42.5182210092
-36.2869541057
3184.22996361
-3497.23232145
3927.89991413
1561.89904456
-2773.47239713
5193.15759533
-1284.31649453
1351.35931061
1431.75623049
-85.0977382431
1435.06455026
176.352208679
-6.62592502413
545.405470084
728.303982848
-1456.72485584
1066.03257683
-46.1906768534
-1027.27482783
609.017432453
-298.359941091
-224.684598624
258.006696602
-368.346872182
379.416901528
503.865786957
-771.055541569
1226.93673656
113.73463775
-184.725515163
916.667535682
81.4416221999
368.197947605
193.255179541
324.5572828
205.865857302
208.413058906
-144.270607545
311.533064352
106.218159702
-422.269386898
329.5738092
-81.6480061752
-236.614188125
57.7157336213
-30.1495550228
-88.6217780471
44.1165563962
3033.86770359
-3342.19256482
3793.52455442
1360.88189256
-2539.29617663
4994.94272742
-1409.23931303
1542.51128053
1127.80818032
-5.11465712637
1494.98165217
-112.146896992
191.198201494
581.06452541
313.713286347
-980.600903277
893.291930026
-343.210222192
-451.896587898
123.345772765
-47.7015450462
-229.733413088
207.969148554
-279.100255252
357.176701226
540.565777049
-859.674347282
1530.82749429
-360.089792109
259.99861555
745.778589338
-121.381065516
715.286684119
-137.919252736
447.283907336
177.477303803
106.477960886
-115.043180994
361.689680305
-174.98868751
-127.870626053
156.221955834
-212.483639509
44.648697263
-216.445523435
117.388636975
-137.692364598
62.3908384763
3420.52894027
-4174.21273766
4891.9014608
731.217430318
-2569.53089796
5652.3201248
-2143.37983012
2184.23543131
737.078395709
182.573956905
1580.25488607
-370.743515706
341.623368497
671.804362109
4.10535128377
-834.105051851
995.057019026
-664.112213229
-290.481542032
253.283271505
-449.102000456
140.389634958
136.49350201
-630.125333903
1073.07948974
-231.445140203
-294.408950763
1453.63793881
-674.512624749
816.037635529
306.728742419
151.767412827
649.822618614
-85.8353142871
381.580846404
287.092015467
45.0810643894
-156.268982445
501.607323944
-366.886773087
-30.7337616273
193.510491019
-428.759492767
248.350759143
-298.181199095
-71.1544383587
215.146825773
-332.580758136
4043.52242085
-5029.27978137
5896.63559794
-59.1011023441
-2247.75387851
5657.75343953
-2696.40029999
2999.89196716
-179.98980009
655.753445472
1470.24058356
-533.952538394
297.814000328
696.392624147
-0.881506146654
-1017.88961223
984.65585425
-466.961893588
-671.982516218
532.640850072
-651.443398801
192.573625371
299.129687494
-1135.14314173
1799.96011392
-835.428756902
17.9708641114
1441.83363918
-741.861875857
1015.95149219
14.8863486482
537.693488555
404.72107029
28.2112666154
308.823174797
412.604062344
-53.6424974331
-229.778747589
623.796458808
-437.369595675
-123.167355638
208.890527577
-341.075006692
39.9216599335
-168.439471162
-181.948719966
327.042717305
-447.197277278
3856.43270582
-4478.43997509
5212.80526873
106.522008843
-2002.41050904
5044.33008329
-2462.85215134
2815.72490875
-179.218564862
391.601713606
1560.41014628
-628.159184466
91.4177028005
889.629821869
-326.082803935
-812.484540792
862.736617047
-576.705166085
-363.61982338
146.840066399
-296.341192062
111.703728103
132.439973147
-722.488669729
1470.36736557
-651.395965001
-12.483587196
1466.98366413
-811.979666497
1014.97015178
57.0143819468
372.114689803
563.109553108
-284.374006627
544.1811622
279.713174654
-294.708446537
125.020850704
309.54039223
-429.385799272
52.695875704
-32.8414479649
-136.862175698
-35.6809794822
-232.641096899
93.9682385143
73.6477720206
-331.281533082
3943.63831482
-4512.45561125
4870.49713935
797.806226177
-2835.60085419
5574.23820828
-2526.50948491
2238.1198087
565.608368367
-470.231670806
2163.7517289
-1161.00581895
198.916073964
1055.02611568
-798.300728686
-532.829702286
827.952682003
-748.727922781
-378.169986917
425.981914873
-756.603524426
588.705887558
-212.511150932
-613.200150195
1768.97917481
-1242.39061762
574.948697156
1279.46622603
-1045.38406875
1395.36706388
-179.986720788
347.742976813
724.894574775
-563.820249897
775.204334201
155.895832062
-458.486685696
379.7706206
159.839035016
-581.359594828
311.615642138
-135.693713532
-324.504877845
349.435673232
-614.491177973
378.114672435
28.9661120532
-558.645319246
4663.92237607
-5426.48721797
5726.02102292
567.682177654
-3120.09940424
6212.46140047
-3042.70266206
2688.95903776
151.593944321
-240.235666345
2334.46220028
-1839.36256514
1030.58130836
426.832153223
-477.315087416
-652.777981234
887.198353073
-461.555073743
-977.463098334
1402.02299226
-1552.83375862
1234.21421231
-387.966421664
-692.491922487
2372.25140529
-2142.47380404
1582.68748175
578.460785955
-876.002653767
1628.09867324
-825.022957471
1054.70243404
-55.9171325901
-206.840214334
752.553266403
-283.236975709
29.5267820801
-105.727146963
505.206060108
-745.791083259
321.244616975
103.761184536
-541.407318426
661.242160684
-800.60509923
704.342588075
-137.635309585
-457.830125053
5267.23660548
-6500.52351321
7238.07122827
-587.49592396
-2730.68570487
7004.09003678
-4561.9070642
4577.75600412
-1392.50130398
486.412334368
2661.77877034
-2994.09317997
2523.37754289
-819.687702983
244.299844095
-684.094131177
514.798680161
163.807442915
-1325.72102551
1525.11244418
-1442.90483125
1461.87308883
-832.78109185
-112.190136436
2239.77681299
-2391.9883469
2172.15512597
-11.3669994291
-360.640510949
1452.88061314
-1129.10360448
1815.71617872
-778.763718332
48.2541969276
1078.23189281
-810.790763132
472.981544282
-287.191373154
498.257167084
-460.439733811
-74.9167495648
409.124921551
-406.089696002
244.252895075
-408.920536933
678.592789352
-347.354697584
-193.032513281
5308.81809635
-6848.92280532
7700.12906368
-935.162972571
-2700.15081317
7396.26486704
-5321.55852204
5360.33620068
-1936.09768287
618.201826531
2807.26219007
-3232.58949116
2793.37092459
-1005.50763035
322.71094471
-456.851332062
186.55458683
383.536556027
-945.782893477
695.489289775
-349.393217909
677.702760702
-512.687197561
252.330023317
1346.03702964
-1195.65544625
1096.39159921
524.446142568
-327.562260126
903.554275265
-457.220323405
1108.16122094
-366.29019091
-114.42497166
899.561966151
-553.89814644
194.408002139
-37.3016998796
232.724592122
-232.975770807
-100.321086932
254.106182833
-39.3641151794
-146.415324287
72.2304916322
334.833171327
-218.093798549
116.286589307
4424.31843292
-5843.37415676
6534.85188913
-270.135622385
-2749.8000726
6176.29111292
-3718.90855255
3791.18112062
-1350.11720273
722.301393871
1968.36092763
-2181.90638898
1515.76794839
64.3011862654
-290.303950167
-435.123822677
521.340655541
22.6820540432
-496.181042217
17.8126901938
789.214130316
-578.677202489
420.940949697
96.3322738203
697.446093425
-30.0688797143
-255.440911906
1630.30254561
-943.653983253
711.596362603
305.062342741
125.434859222
197.19799617
-200.649968025
620.7217654
-259.607498435
-96.1454165278
204.785025607
113.668214676
-365.938784179
212.087994015
9.35821039923
36.1228080743
-197.929291094
268.269665806
88.201138854
-191.542560343
356.211287511
3511.09207891
-4595.95192909
5018.24043547
502.016717074
-2597.3336717
4755.40636716
-2149.64122648
2491.65108907
-814.184531409
483.525998815
1828.98132179
-1731.66292847
668.155270139
945.798340852
-777.144461008
-469.455022309
946.406946589
-368.278123455
-324.106737031
118.509869103
594.241560267
-390.893939846
196.058580148
248.354856356
612.00216533
-271.864719209
49.4885047637
1329.63079539
-956.729254406
694.295560615
360.4353491
-142.882113597
303.629588594
-193.657150575
483.664962474
-194.784064549
-211.11744002
403.520353089
-97.1116152216
-320.185862981
351.410868626
-77.5325643535
-88.9046073821
88.8966416845
49.6505806002
123.027332955
-87.9760210994
135.86825143
3500.44273536
-4291.98723718
4378.19486174
895.670334367
-2643.34425017
4349.97863151
-1823.46602739
2172.36003448
-547.197239767
-20.4099333924
2275.50761675
-1945.87249522
472.253178838
1266.8176484
-993.652572267
-466.098346677
1062.12788868
-468.302361733
-373.620702475
387.76990787
9.66029595006
351.865688224
-435.778976288
292.899934986
1153.85673271
-1166.81098728
759.740894807
986.352989533
-994.893655988
956.120477657
-39.0844228427
223.134550086
231.518286411
-480.866351779
913.493797602
-361.457891945
-384.715187299
682.322778608
-203.676156649
-360.080702778
336.402654441
10.1698799993
-173.259302876
86.9992037051
-55.0393803597
313.840305404
-223.174794902
-101.509022233
3885.18790181
-4380.65447659
3965.52691179
1498.38535437
-2978.33260042
4428.50104954
-1661.17138598
1815.06855539
42.8258275533
-686.349241946
2851.89577483
-2199.43936104
454.193626485
1439.8719304
-1192.678411
-210.501690575
669.353502648
-2.90564735538
-763.934627398
528.843113077
67.2233894902
154.370566998
-143.249774537
-100.325615332
1555.14845418
-1334.29880202
595.578594114
1370.99256203
-1305.75103506
1092.92955363
-45.1908690143
201.004329943
328.519860196
-705.228240896
1184.25544535
-538.590084582
-380.230086151
755.222583639
-313.417372192
-183.38520625
42.7579591756
315.880776047
-288.39091761
-62.5349491685
289.514635851
-12.1222961493
24.4331680091
-166.255391064
3926.95408796
-4171.60360008
3525.17127725
2160.36901935
-3553.69440607
4635.52523411
-1218.57365312
880.477523938
1086.68078584
-1463.9806434
3190.5941325
-2235.03778514
218.890159103
1780.40660738
-1687.21524765
259.894288999
221.914601043
270.125756885
-860.624645543
365.115903599
433.62060122
-313.086580651
327.070650259
-350.966317197
1550.8494952
-922.591307166
41.4008959007
1906.65968081
-1447.28682357
954.399752716
349.827227786
-163.021811522
698.316387592
-895.968110156
1163.64617863
-244.493742978
-726.286790238
951.29090435
-328.456656542
-212.058984117
11.0892023318
297.892235448
-162.105942883
-260.287867551
385.179631233
-14.6150368368
27.2956247312
-195.955977883
4051.41430149
-4327.86430351
3733.78416304
2091.14766958
-3674.39978792
4815.18447379
-1261.83323384
554.530416456
1634.5237536
-1880.07815942
3133.66569279
-1781.26854721
-371.760640548
2223.72827765
-1904.33737705
225.701204868
507.71825624
-161.83121522
-440.008376196
173.443685287
426.782669367
-162.860682197
101.12409974
-43.8014335374
1149.2497717
-625.871925668
-52.0578583698
1675.35159226
-1080.95048923
427.619485172
771.673618822
-440.067637918
487.844885084
-388.192444902
529.715243344
89.1586581078
-783.922351111
797.321941797
-70.9877711281
-567.394440764
399.405565256
135.84433432
-247.51250356
-13.896702037
271.274980353
65.8928487448
-144.453956203
95.1425135931
3949.11266689
-4852.73785861
4559.78116527
1517.27456348
-3644.88173881
4954.70114587
-1485.34456258
775.104187491
1237.6778779
-1662.65656121
3175.57661858
-2057.75606211
-353.836842078
2513.69005481
-2171.86463932
128.878170238
892.245271296
-367.761592882
-455.877133862
227.094476378
643.661625951
-352.793499497
27.9128020616
362.099854551
836.441876621
-567.314593825
25.7660115357
1683.05765862
-1093.32365152
223.322464343
1141.7165391
-668.021292046
352.168037077
-62.4134254867
321.577452086
94.3735135123
-738.801873116
824.362895499
-77.7562941775
-666.134153011
538.450108608
120.599141028
-353.582705614
45.9170474906
359.570157529
-81.0226524007
-121.72999741
235.782176722
3556.59971603
-4332.0022599
3967.19414051
1845.34134026
-3505.11966334
4523.50538809
-1051.69159826
806.736592912
798.208991031
-973.894876446
2728.4936562
-1909.09696066
-37.5118742918
2005.00129179
-1587.70066397
-145.908756321
869.049794481
-78.0736211472
-772.389956397
441.046559232
668.804047232
-639.139772262
392.647606919
194.340353602
600.45376697
-149.748982016
-259.397389085
1622.4657774
-890.442150662
57.1115411754
1186.27530252
-730.085481604
356.244134108
50.7609121195
129.227651255
133.412460803
-521.794312722
584.173249357
-70.9699053834
-402.07081258
328.847982275
117.243058655
-173.218113785
-68.150349917
398.234005796
-95.2500850165
-112.082957151
329.693450128
2850.37117519
-3218.32843239
2720.40249978
2138.40421592
-2909.1683312
3421.95229982
-356.916486279
550.293482271
557.151262577
-559.661157865
2198.4190098
-1541.97012014
-43.8474109844
1642.89508833
-1133.41148475
-240.031536303
712.042893947
137.824072305
-692.735140634
275.488281609
784.90758723
-496.86200677
153.287193955
406.567472053
511.692070694
-225.937690624
-49.3884806228
1257.45872406
-595.781965649
-35.801624784
915.220461612
-297.317833997
12.51999664
80.9216101047
340.781364495
-97.794647442
-405.821457575
588.263720886
-61.4129254507
-401.30883168
313.33846469
189.125203005
-203.570697241
-82.1424709501
391.022012467
9.45960649032
-250.390812724
307.720641157
2852.29200895
-3156.91797175
2522.26341286
1966.36770841
-2401.68696462
2678.1725505
-34.7112338289
696.111827403
82.4970636281
-265.394997358
2223.97375103
-1835.09121914
265.157250239
1482.88346458
-1133.88121053
-194.581692479
602.543190274
210.366221613
-745.274415054
148.650909445
841.620892242
-410.305315151
-302.081672307
778.00154813
449.826845767
-734.462301965
587.022346124
785.827862623
-513.100150471
108.229480386
608.97882625
135.327708406
-448.756259742
296.572486759
560.529371876
-584.948708607
-53.0470201814
541.855151174
-200.861328562
-379.864075938
316.205217844
242.733584704
-428.648558351
12.4682862636
448.711423184
-156.680942412
-253.145612033
391.3079719
2812.9979248
-3349.47405303
2780.69815959
1444.75397885
-1967.25217869
2113.89867576
98.5101014766
859.364105814
-394.470338425
-52.9349092903
2154.17491462
-1974.97419025
363.921514106
1278.4658771
-894.123190589
-415.712890425
600.265512647
337.472310793
-854.669681116
99.2837789882
832.169625549
-287.649974252
-482.161467739
750.300888571
623.592681536
-888.23996941
528.136512337
865.815128753
-480.622291535
-16.7153955852
593.315927406
272.088414971
-508.745493668
155.506764265
699.492530987
-509.328545171
-259.762524479
588.913079618
-31.1861111835
-508.78977771
217.811753762
407.193800537
-408.750922374
-160.36356537
492.576044264
-7.87915140155
-361.686039324
246.655262848
3068.96363243
-3332.36590569
2443.72460873
1857.31883415
-2180.49674785
2139.15549726
209.695056611
554.01998029
121.832808714
-476.453942241
2044.33328633
-1296.61644711
-407.991782405
1540.62687517
-637.847129963
-879.043693341
798.957012507
342.837871634
-1016.96075147
269.169341688
604.649866085
-219.084739655
-264.59751853
281.804283656
935.499302254
-729.304698507
22.4021967237
1350.88518113
-603.860219675
-180.155778255
897.254548418
16.8572868964
-335.490609389
146.104587954
505.684426755
-252.817724859
-427.259355893
489.811835619
142.002781476
-663.559383127
155.687759019
513.960915239
-542.522119163
-149.916248803
544.126658621
-131.263025854
-255.853502125
232.928124171
3453.62527639
-4108.37210726
3276.09798173
2165.64081514
-3297.37183644
3452.04680691
-186.364997811
367.682434205
491.534009841
-552.786550049
2142.29778412
-1421.32842801
-527.69940913
1942.11198394
-1059.58981277
-1106.92915182
1303.64896474
-14.33195195
-1399.62550976
760.488327159
331.773872539
-422.793892959
-54.7413697907
157.355697396
1130.18960006
-997.775503845
152.590485053
1739.08529364
-1091.57894761
119.681803153
1160.19846134
-258.684634321
-161.474445001
235.624741866
544.559525706
-269.164223311
-482.232337517
681.700613134
70.8095866659
-854.973514963
360.732926846
479.814731553
-787.135379403
-1.38695983986
493.228371798
-244.288242335
-230.113350333
148.15636332
3884.23933187
-4789.78033988
3956.4374635
2379.58253553
-4001.62244799
4454.59816962
-665.518200173
776.843318885
476.033768801
-560.579782495
2725.93111059
-1973.44420586
-76.9666140302
2062.69812059
-1346.40631989
-834.357015046
1245.46258584
-68.1049999104
-1389.86905715
756.84821931
232.822081999
-416.552200097
-67.2608834334
10.7893283853
1209.88285284
-1046.55550402
118.287223437
1805.63430626
-1204.39029504
356.981319825
1038.26251153
-339.496495264
261.618322257
-57.0145286631
595.240313337
4.3661246248
-658.046030331
768.927805382
27.8098097999
-733.040244425
356.04573054
240.971946157
-522.31323029
-31.1139312524
246.992074984
-103.319859857
-155.517135942
-6.72074640215
3890.75990101
-4519.87211069
3527.56099258
3000.23408603
-4721.85347848
5098.10619705
-825.472009428
440.202942905
1182.85429442
-1136.16812254
3151.61641599
-2241.63117756
64.9976928276
2240.29957951
-1879.18028684
-255.860465401
1021.44783938
-354.607821479
-926.641503783
429.583039748
317.774585136
-467.93082342
-2.94934827905
106.245184957
857.337054678
-550.019229475
-141.548738041
1810.41840769
-1009.78718542
240.220938506
1263.28813774
-649.089200232
679.410654118
-170.812069111
377.753994888
463.201712225
-983.113231742
905.829249112
24.248724757
-779.28409697
513.3395963
-62.0089175128
-258.939401766
-94.7380842291
46.604282768
118.292091789
-275.152197577
-12.01081184
4007.61906143
-4426.067671
3248.26775831
3314.76811148
-4825.35713648
5141.26475148
-714.603753311
305.612428873
1534.92613234
-1392.19815544
3261.33272099
-2027.07754859
-161.329727605
2424.77571555
-1900.28277766
-211.878283454
1021.63137287
-438.076853312
-737.924122802
280.232023806
285.972222569
-315.971689469
-198.83054699
200.230765741
847.608981852
-723.876026418
120.730132892
1532.25156841
-953.192709538
389.042002155
973.861113995
-365.908380639
462.736986135
-96.9379770597
532.606679465
128.82251465
-655.674842919
836.620518876
-107.192235642
-599.487537321
467.276172535
-16.7054385668
-325.199288501
-7.70060000441
120.736349497
3.14585758391
-231.81556727
88.4359997582
3907.61257837
-4612.63574557
3618.90135554
2756.10310285
-4507.54025164
5027.09760132
-929.947131374
496.610017442
1258.79393562
-1176.96962197
3013.7934286
-2072.553221
18.3857815061
2195.17102979
-1770.61780361
-308.369321443
1103.19515076
-305.048657347
-1040.58974301
658.878847152
169.700506985
-285.775308736
-160.662129002
179.444381829
1210.64057285
-1305.66903363
595.868777291
1587.4718222
-1382.96834193
801.664847814
702.393709466
-147.674580984
205.671436718
-153.384801427
951.963479146
-424.555048237
-483.528428333
979.783336115
-264.18290357
-628.881448793
438.20204368
257.314459258
-628.114442836
24.0605457444
341.984893561
-127.543427515
-241.286888857
31.9837309605
4532.02772581
-5433.02220709
4242.04177808
2870.03451506
-4825.55732062
5481.99484749
-1239.15184873
903.971356187
1154.90490717
-1461.93583888
3703.56851492
-2523.11175495
97.6231349456
2341.54000435
-1767.54871063
-323.77294199
877.161678933
127.363630071
-1329.60480648
632.212973568
245.998968235
-212.562148505
-209.611408165
-167.117594881
1859.74399189
-1787.12530855
595.814039951
1896.7937068
-1695.6924352
1133.207373
276.707938341
260.098290262
237.360394001
-632.921957025
1558.74985587
-709.689948304
-455.429749206
1028.495996
-284.840477256
-456.388193802
138.806910308
479.726549151
-596.972496641
-84.0402099093
332.209843139
-9.97737104271
-224.887011009
-184.352031917
4790.11536297
-5608.95176697
4439.75237046
2861.32387122
-5070.92020433
5854.74583862
-1417.15380931
700.551448687
1741.53399458
-2213.73936195
4332.19911516
-2889.13130122
136.150352428
2555.7606805
-2285.43155085
191.93776556
588.285328684
31.6326475241
-1087.21556778
430.962334787
330.302806222
-239.723106468
-171.069337958
-233.017462365
2104.35443173
-2129.76095566
920.530096524
2002.14615092
-2202.89991914
1877.39528153
-191.6067706
338.269997841
604.759314373
-1224.69470525
2256.56225385
-1194.22998323
-436.829027037
1506.10322982
-954.891463773
-13.6466192499
34.0181127722
326.596423539
-409.246192805
-329.996791129
517.263128954
-117.388799312
-293.390373842
-134.888972177
5228.52807875
-6298.75638737
4957.01833246
3394.38967185
-6224.38377211
7075.43221677
-1766.80362544
396.04263017
2832.06984879
-3368.49107792
5474.16149596
-3240.13809505
-219.457229898
3553.87718998
-3217.02741363
772.142404873
456.601897499
-182.490555787
-698.43365788
-100.874755877
596.182702097
-312.200151709
-374.311772379
-240.391659033
2150.45274743
-2211.48363991
715.548289664
2283.70635985
-2452.05072099
2018.10561052
-213.832526585
303.707237804
941.986508893
-1595.14888933
2606.72665083
-1092.84796746
-648.701325131
1838.29168065
-1089.45103073
162.501299439
-21.3139361796
268.834217153
-143.135771381
-580.815828324
573.342197735
-41.487850996
-403.621123237
-127.323493416
4923.18677496
-5782.51966847
4487.21614056
3032.46249237
-5543.19473373
6558.53876652
-1864.78712181
638.428580665
2495.39203818
-2854.39085128
4740.30797887
-2751.98956985
30.6098299652
2883.51609268
-2615.15306588
806.131235008
364.373264612
-208.071763602
-428.202187383
69.6656127036
162.886481202
135.065877046
-410.945389013
-210.683092852
1894.02198899
-1951.59139376
935.633400081
1507.90647633
-1803.30805151
1816.34160349
-455.674318279
499.364460163
639.288607932
-1093.53499274
1909.75177756
-830.236459711
-298.035410174
1187.24516016
-659.257989747
75.7939115966
133.349553751
92.0396241752
-119.47161713
-115.690255884
85.4492287479
216.748424079
-274.388972982
-149.555140984
4829.73768253
-5828.82229537
5002.21930778
2292.13412926
-5205.90100181
6778.01018555
-2251.73392675
907.846026934
2198.14963718
-2326.18524389
4215.02423436
-2699.944741
487.565916843
2354.219127
-2342.47207921
714.736391892
568.700360817
-411.837566633
-557.298882685
620.65850919
-435.579923259
392.431704369
-292.351550504
-440.248431278
2146.55814922
-2232.21595364
1266.32485606
1428.06074086
-2000.47837105
2230.45930989
-646.614609488
503.193884487
793.31123234
-1104.90701466
1926.98928329
-821.851241708
-222.386700984
1165.03813405
-643.402689803
-8.98038905185
222.113577971
59.6596574526
-310.264807859
114.091848504
-125.520611169
183.069716596
-140.539287457
-412.615386222
4653.06093762
-5548.71232529
4706.57524734
2225.95570087
-4867.82079628
6402.65964265
-2070.89679599
805.533023381
2177.69868855
-2167.60713776
3782.57248722
-2251.84163479
409.971572944
1921.7565889
-1792.00347341
418.551316636
373.302988649
-19.4034641581
-905.109594487
820.480416716
-416.672599136
90.2972927594
308.390745118
-930.06485261
2128.46395829
-1647.46721938
539.504335097
1735.6542737
-1899.16816822
1788.30690572
-302.988436691
114.037121111
833.379439354
-956.066156472
1374.19575008
-529.481738206
-165.353573163
660.090331239
-276.950150008
5.83566737824
-86.0316562075
451.704506468
-495.015994582
240.275373286
96.4445047536
-182.420032495
429.510352987
-568.944316418
3915.92040021
-4244.2008693
3499.2178292
2701.6325471
-4429.82780787
5448.73177163
-937.802127819
-152.181025429
2528.74297076
-1706.37065357
2700.19684673
-1394.95736394
294.15134346
1412.09451636
-1197.26401825
318.652357473
157.021610417
437.646723236
-1092.93145344
934.050492872
-19.4535679018
-426.856469622
1017.34374628
-1067.86735682
1825.77730859
-867.992189491
-75.0379334315
2061.85842048
-1779.02152906
1410.2322389
184.197066865
-254.140497658
917.021795429
-793.361057296
1124.76332864
-405.437028083
-154.38359881
604.981955406
-263.527724258
74.5059994202
-191.723391599
594.115442692
-551.739186261
168.516468921
335.775684177
-418.510267667
559.044200111
-528.558536916
3257.04774259
-3105.06260678
2358.24501841
2637.72804012
-3260.4571912
3827.0816175
-156.001256163
-144.526131867
1898.57049692
-1140.71631114
2190.31104637
-999.902619388
141.671317203
1213.84614136
-799.481981362
96.3192359524
139.497964055
441.927011243
-861.449051724
544.195951875
143.580625963
-325.403677564
537.075419676
-566.359029013
1180.26173044
-564.321254185
-41.0489774736
1367.55364977
-1006.31917719
792.973649959
206.045890399
-9.47131446999
453.924431947
-371.535516413
732.776609097
-223.887166332
-97.3682108076
398.69847755
-95.9244868067
-38.0189607618
-36.6338854708
312.896360285
-287.4452898
68.7632622325
179.413835708
-141.387744631
161.333641101
-175.460765268
1922.30213934
-1737.85840644
1502.44808857
948.443864731
-856.923703473
1187.88123144
358.368270645
181.714736555
456.321731916
-122.196499789
943.252302238
-478.245380681
83.6683326317
501.885194282
-146.943663597
-234.343404745
261.183445872
232.380937032
-466.321494765
307.705245334
148.613008957
-49.201224177
31.9763327147
147.147853589
351.637290447
-189.625426148
183.574406998
469.19732993
-202.151036867
181.093462848
262.888394944
85.0292195286
-40.5343596938
128.996549659
200.558874582
-134.710395244
3.69632952624
164.485953992
-29.777617912
-124.386330354
116.010198485
80.6067690793
-152.50034479
56.0635060267
134.081776221
-55.471926894
-15.1287362005
123.999128961
1362.855453
-1376.40247577
1533.99497052
241.135796589
-117.90194089
502.998940271
546.688855294
80.5533703586
160.383872918
163.978247842
481.263676285
-336.894995261
-42.8057985703
430.684333704
-292.788545039
-311.093675787
344.809076757
-108.189381125
-341.697036056
204.420853338
21.18880599
23.6752276225
-173.528882832
371.404602951
153.705051113
-194.954723989
371.347608118
278.425392228
-114.38405444
206.375015561
261.646253816
33.7432507734
-11.1486760348
119.656824141
166.696706716
-187.40453496
-20.4436410651
176.864447981
-183.841668333
-137.934033643
146.682573246
-115.603752359
-95.4574970459
9.91510943344
55.4603404432
-24.5280224855
-77.2509972712
174.357282817
1585.24380522
-1926.03734093
2504.98013508
-638.2345748
228.955052032
720.405329318
103.410331774
360.363851607
57.7540369443
138.342398846
471.271098553
-433.933544884
-160.45156718
689.311304184
-893.964369604
110.892808427
264.43558787
-467.699841986
15.9214387068
83.8305466109
-157.277188362
290.341692271
-392.467194532
548.895324914
118.493206784
-326.713307393
714.179517629
-13.8746800395
-92.270679092
435.390775812
-15.0477496417
68.1730152553
101.041216518
-84.9274452743
255.317068845
-292.453347187
-20.5556288309
224.237883494
-381.312510425
5.65003526473
159.222063197
-298.31429401
89.1177465954
-12.9566006912
-25.4124359777
91.9881627575
-120.916066441
216.093110313
1890.70009555
-2509.94674721
3547.3754741
-1642.09989037
798.660709869
633.590443783
-26.2417422248
320.774785655
257.046220844
-72.323744553
500.484912646
-305.215616804
-467.36947855
1019.87090783
-1262.18915774
331.294018184
252.509773053
-619.716055408
251.158239987
-62.1928330577
-42.2234318952
208.326442897
-270.565730544
438.525621527
210.099930149
-326.440420258
687.089852663
53.3874978723
-130.720988051
480.973888004
-72.7701074916
137.116789685
55.0047631601
-57.6966302339
224.171873253
-211.940221781
-71.4256494473
199.851052586
-278.223779319
-67.4891954512
129.167634575
-204.482960867
29.9362853865
-14.5510611494
6.20450889978
64.3099562022
-66.3726736273
137.971163119
2065.23806985
-2798.43315733
3927.08755612
-2100.69873932
1269.79032162
154.427958735
358.288877172
-195.87062088
741.756805962
-439.11841519
539.718053263
5.21772582686
-726.251919634
1002.23015457
-921.544695443
170.617033793
73.1304294625
-136.866295705
17.6088437168
-76.1944769793
220.46650188
54.5076139153
-198.796129357
409.944530446
91.8438916177
-132.176574065
407.784716178
47.1193435187
25.096130797
273.431042177
-146.032332359
273.812692783
-14.8081552816
-142.608096879
257.857584688
-79.7576189891
-110.042603809
116.288412603
1.1875027555
-93.0523596554
30.7631100745
17.2075483862
20.9209225033
-53.728179094
72.5476941067
43.2188394932
-12.0313423867
63.0573603598
2058.10475269
-2789.30887908
3737.18054365
-2120.56736729
1148.21376052
68.3758982897
283.148926437
-372.394045487
792.117701823
-537.453601233
408.420795829
200.203659678
-635.253976734
706.689545733
-362.348581855
43.3588547658
5.7550169042
270.451415904
-114.790977605
-52.8250969969
410.232477842
-74.5430849801
-98.8282196992
338.552773411
-27.2388049466
-46.1160130285
229.626630285
-85.3701140784
143.35942822
51.9525972949
-130.139375296
218.544145036
24.2526724428
-207.444444194
261.06161627
-7.07350278057
-102.185772359
92.5668230902
98.8633638999
-76.0203135415
40.3896117959
44.5611392582
46.4684724482
-33.2028165344
33.4187780677
38.9279404685
33.3067408509
-33.1081931163
1760.8255314
-2211.76647384
2602.63325732
-1260.65193889
537.274442959
71.3325912827
327.912279421
-361.694160692
580.531900177
-474.337935185
408.21670373
-120.54530915
-15.9713520808
-30.1232316315
336.802276257
-260.369102451
92.1965849005
271.860586819
-68.9277918646
-125.998249213
460.960635555
-230.1701624
137.336264637
79.4730689607
23.1662797085
-18.455326855
136.051416036
-124.211683518
166.348448216
-17.7455737489
-58.4170977992
96.4675430192
82.9036357711
-174.164964142
196.996508075
0.0486043866595
-58.0099547257
86.4654158404
53.3152636683
-66.813721034
104.133346581
-30.6299201489
31.3556349752
34.685771609
-13.2551354921
0.949020976742
79.2249959587
-70.924363849
1591.46810044
-1994.14997815
1938.77753255
-622.5475517
107.134641417
8.33706181996
543.371306707
-500.150527645
621.531240057
-485.589503248
282.659898165
-45.8130703702
72.5934627114
-398.858101689
825.563932782
-562.156325428
103.700668517
376.074115464
-233.881482683
-24.5335559541
390.033895029
-273.78088445
215.956405439
106.642735595
-210.519377465
223.952507848
59.0828853655
-272.560396726
316.073655449
10.3328117085
-258.356000557
299.849989406
-54.0868965424
-168.301698035
245.569779652
-82.2402624838
-65.0460260624
219.01992815
-160.41245297
20.4877559754
188.759049825
-208.978986341
80.2107126324
167.071368186
-208.512476125
91.712310283
122.659419676
-184.765587228
1841.58768687
-2359.0527489
2162.0838615
-639.166740598
13.3837117378
17.7148964059
735.959029697
-760.930384565
819.332496056
-511.876791328
144.783006584
158.484695239
-175.655788832
-289.281265567
915.669713431
-832.215876175
231.870392764
371.657051054
-317.959987094
-78.7462122954
485.991127755
-329.083283291
229.500442042
73.4184714706
-167.463632296
249.166933174
-9.31431692072
-272.649254489
453.648768272
-141.082241742
-228.418118138
331.754587324
-66.8386212722
-247.826245872
278.848871816
-97.0624898593
-33.6914011567
98.6111034752
-87.3856850568
47.2335467489
103.745845974
-203.716231708
181.814859137
71.5771341407
-176.464153078
109.776040704
117.256798212
-178.546481142
95.1156798359
38.6220948237
-45.155860813
23.9394434103
-2.91723797547
-20.1582590364
70.4215159436
-98.8635794894
28.9790112322
73.4060017738
-75.4791372432
-17.3322378184
98.0745215901
-64.5205977194
-6.59325053358
39.9522704591
-0.498139541191
-10.7462988258
11.0846998082
-6.50607100775
33.7281421349
-31.2910433607
-2.56739135742
36.9993047682
-12.3577940979
-30.6896033882
39.4860822973
-6.36949865882
-18.2717047375
7.2002584687
14.478842166
-7.73598064194
-1.23297276959
1.19684039125
15.9100010335
-9.84705906032
-3.10870636599
13.6522063384
3.32726526836
-12.8350094874
10.2403247131
5.13842444319
-3.86194778253
-3.82833327585
8.10455453678
0.608137426924
-4.73050973247
-1.46614035341
7.55574600765
-4.60563278185
-2.88726018212
3.54589938867
2.07433105599
-4.25583201423
1.58623302088
1.21621098286
0.641006039713
-2.6545550327
1.30714979181
2.07996100692
-1.46551736106
-1.71959719328
3.26432168743
-0.817591769782
-1.36361545431
1.13357266008
0.748516064806
-1.07531043385
0.259358160134
0.0723196689068
0.675211968613
-0.224477264322
-0.0366875542937
0.87862107664
0.197580669525
-0.681164107261
1.0374345033
0.221023681776
-0.180939447267
0.541182682391
0.389594133926
-0.0764167540577
0.396182160859
0.104903153474
0.287667782993
0.164482300493
-0.0315662673178
0.173865090046
0.191215098275
-0.125561452899
0.221553958355
0.118122491698
-0.0440000096697
0.125638496091
0.0719276476922
-0.00965130618467
0.116522026722
0.0184884274671
0.0413056285941
0.0771246348384
0.0100744559968
0.0420573307725
0.0657679653825
0.0112837897639
0.0485908824029
0.0459924593098
0.0141639680896
0.0426691591043
0.0368996877474
0.0110946167781
0.0105398859392
0.0100128916422
0.00951224706009
0.00903663470708
0.00858480297173
0.00815556282314
0.00774778468199
0.00736039544789
0.00699237567549
0.00664275689172
0.00631061904713
0.00599508809478
0.00569533369004
0.00541056700554
0.00514003865526
0.0048830367225
0.00463888488637
0.00440694064205
0.00418659360995
0.00397726392945
0.00377840073298
0.00358948069633
0.00341000666151
0.00323950632844
0.00307753101202
0.00292365446142
0.00277747173834
0.00263859815143
0.00250666824386
0.00238133483166
0.00226226809008
0.00214915468558
0.0020416969513
0.00193961210373
0.00184263149855
0.00175049992362
0.00166297492744
0.00157982618107
0.00150083487201
0.00142579312841
0.00135450347199
0.00128677829839
0.00122243938347
0.0011613174143
0.00110325154358
0.0010480889664
0.000995684518084
0.00094590029218
0.000898605277571
0.000853675013692
0.000810991263008
0.000770441699857
0.000731919614865
0.000695323634121
0.000660557452415
0.000627529579794
0.000596153100805
0.000566345445765
0.000538028173476
0.000511126764802
0.000485570426562
0.000461291905234
0.000438227309973
0.000416315944474
0.00039550014725
0.000375725139888
0.000356938882893
0.000339091938749
0.000322137341811
0.000306030474721
0.000290728950985
0.000276192503435
0.000262382878264
0.00024926373435
0.000236800547633
0.000224960520251
0.000213712494239
0.000203026869527
0.00019287552605
0.000183231749748
0.000174070162261
0.000165366654147
0.00015709832144
0.000149243405368
0.0001417812351
0.000134692173345
0.000127957564677
0.000121559686444
0.000115481702121
0.000109707617015
0.000104222236165
9.90111243564e-05
9.40605681385e-05
8.93575397316e-05
8.4889662745e-05
8.06451796078e-05
7.66129206274e-05
7.2782274596e-05
6.91431608662e-05
6.56860028229e-05
6.24017026818e-05
5.92816175477e-05
5.63175366703e-05
5.35016598368e-05
5.08265768449e-05
4.82852480027e-05
4.58709856026e-05
4.35774363224e-05
4.13985645063e-05
3.9328636281e-05
3.73622044669e-05
3.54940942436e-05
3.37193895314e-05
3.20334200548e-05
3.04317490521e-05
2.89101615995e-05
2.74646535195e-05
2.60914208435e-05
2.47868498014e-05
2.35475073113e-05
2.23701319457e-05
2.12516253484e-05
2.0189044081e-05
1.9179591877e-05
1.82206122831e-05
1.7309581669e-05
1.64441025855e-05
1.56218974562e-05
1.48408025834e-05
1.40987624543e-05
1.33938243315e-05
1.2724133115e-05
1.20879264592e-05
1.14835301363e-05
1.09093536294e-05
1.0363885948e-05
9.84569165058e-06
9.35340706805e-06
8.88573671465e-06
8.44144987891e-06
8.01937738497e-06
7.61840851572e-06
7.23748808993e-06
6.87561368544e-06
6.53183300117e-06
6.20524135111e-06
5.89497928355e-06
5.60023031937e-06
5.32021880341e-06
5.05420786323e-06
4.80149747007e-06
4.56142259657e-06
4.33335146674e-06
4.1166838934e-06
3.91084969873e-06
3.7153072138e-06
3.52954185311e-06
3.35306476045e-06
3.18541152243e-06
3.02614094631e-06
2.87483389899e-06
2.73109220404e-06
2.59453759384e-06
2.46481071415e-06
2.34157017844e-06
2.22449166952e-06
2.11326708604e-06
2.00760373174e-06
1.90722354515e-06
1.8118623679e-06
1.7212692495e-06
1.63520578703e-06
1.55344549768e-06
1.47577322279e-06
1.40198456165e-06
1.33188533357e-06
1.26529106689e-06
1.20202651355e-06
1.14192518787e-06
1.08482892848e-06
1.03058748205e-06
9.79058107949e-07
9.30105202552e-07
8.83599942424e-07
8.39419945303e-07
7.97448948038e-07
7.57576500636e-07
7.19697675604e-07
6.83712791824e-07
6.49527152233e-07
6.17050794621e-07
5.8619825489e-07
5.56888342145e-07
5.29043925038e-07
5.02591728786e-07
4.77462142347e-07
4.5358903523e-07
4.30909583468e-07
4.09364104295e-07
3.8889589908e-07
3.69451104126e-07
3.5097854892e-07
3.33429621474e-07
3.167581404e-07
3.0092023338e-07
2.85874221711e-07
2.71580510625e-07
2.58001485094e-07
2.45101410839e-07
2.32846340298e-07
2.21204023283e-07
2.10143822118e-07
1.99636631013e-07
1.89654799462e-07
1.80172059489e-07
1.71163456514e-07
1.62605283689e-07
1.54475019504e-07
1.46751268529e-07
1.39413705103e-07
1.32443019847e-07
1.25820868855e-07
1.19529825412e-07
1.13553334142e-07
1.07875667435e-07
1.02481884063e-07
9.73577898598e-08
9.24899003668e-08
8.78654053484e-08
8.3472135081e-08
7.9298528327e-08
7.53336019106e-08
7.15669218151e-08
6.79885757243e-08
6.45891469381e-08
6.13596895912e-08
5.82917051116e-08
5.53771198561e-08
5.26082638633e-08
4.99778506701e-08
4.74789581366e-08
4.51050102298e-08
4.28497597183e-08
4.07072717324e-08
3.86719081457e-08
3.67383127385e-08
3.49013971015e-08
3.31563272465e-08
3.14985108841e-08
2.99235853399e-08
2.84274060729e-08
2.70060357693e-08
2.56557339808e-08
2.43729472818e-08
2.31542999177e-08
2.19965849218e-08
2.08967556757e-08
1.98519178919e-08
1.88593219973e-08
1.79163558975e-08
1.70205381026e-08
1.61695111975e-08
1.53610356376e-08
1.45929838557e-08
1.38633346629e-08
1.31701679298e-08
1.25116595333e-08
1.18860765566e-08
1.12917727288e-08
1.07271840924e-08
1.01908248877e-08
9.68128364335e-09
9.19721946118e-09
8.73735848812e-09
8.30049056372e-09
7.88546603553e-09
7.49119273375e-09
7.11663309707e-09
6.76080144221e-09
6.4227613701e-09
6.1016233016e-09
5.79654213652e-09
5.50671502969e-09
5.23137927821e-09
4.9698103143e-09
4.72131979858e-09
4.48525380865e-09
4.26099111822e-09
4.04794156231e-09
3.84554448419e-09
3.65326725998e-09
3.47060389698e-09
3.29707370214e-09
3.13222001703e-09
2.97560901618e-09
2.82682856537e-09
2.6854871371e-09
2.55121278024e-09
2.42365214123e-09
2.30246953417e-09
2.18734605746e-09
2.07797875459e-09
1.97407981686e-09
1.87537582602e-09
1.78160703472e-09
1.69252668298e-09
1.60790034883e-09
1.52750533139e-09
1.45113006482e-09
1.37857356158e-09
1.3096448835e-09
1.24416263933e-09
1.18195450736e-09
1.12285678199e-09
1.06671394289e-09
1.01337824575e-09
9.6270933346e-10
9.14573866787e-10
8.68845173447e-10
8.25402914775e-10
7.84132769036e-10
7.44926130584e-10
7.07679824055e-10
6.72295832852e-10
6.3868104121e-10
6.06746989149e-10
5.76409639692e-10
5.47589157707e-10
5.20209699822e-10
4.94199214831e-10
4.69489254089e-10
4.46014791385e-10
4.23714051816e-10
4.02528349225e-10
3.82401931764e-10
3.63281835175e-10
3.45117743417e-10
3.27861856246e-10
3.11468763433e-10
2.95895325262e-10
2.81100558999e-10
2.67045531049e-10
2.53693254496e-10
2.41008591771e-10
2.28958162183e-10
2.17510254074e-10
2.0663474137e-10
1.96303004302e-10
1.86487854087e-10
1.77163461382e-10
1.68305288313e-10
1.59890023897e-10
1.51895522703e-10
1.44300746567e-10
1.37085709239e-10
1.30231423777e-10
1.23719852588e-10
1.17533859959e-10
1.11657166961e-10
1.06074308613e-10
1.00770593182e-10
9.57320635231e-11
9.09454603469e-11
8.63981873296e-11
8.20782779631e-11
7.7974364065e-11
7.40756458617e-11
7.03718635686e-11
6.68532703902e-11
6.35106068707e-11
6.03350765271e-11
5.73183227008e-11
5.44524065657e-11
5.17297862375e-11
4.91432969256e-11
4.66861320793e-11
4.43518254753e-11
4.21342342016e-11
4.00275224915e-11
3.80261463669e-11
3.61248390486e-11
3.43185970961e-11
3.26026672413e-11
3.09725338793e-11
2.94239071853e-11
2.7952711826e-11
2.65550762347e-11
2.5227322423e-11
2.39659563019e-11
2.27676584868e-11
2.16292755624e-11
2.05478117843e-11
1.95204211951e-11
1.85444001353e-11
1.76171801286e-11
1.67363211221e-11
1.5899505066e-11
1.51045298127e-11
1.43493033221e-11
1.3631838156e-11
1.29502462482e-11
1.23027339358e-11
1.1687597239e-11
1.1103217377e-11
1.05480565082e-11
1.00206536828e-11
9.51962099864e-12
9.04363994871e-12
8.59145795127e-12
8.16188505371e-12
7.75379080102e-12
7.36610126097e-12
6.99779619792e-12
6.64790638803e-12
6.31551106863e-12
5.9997355152e-12
5.69974873944e-12
5.41476130246e-12
5.14402323734e-12
4.88682207547e-12
4.6424809717e-12
4.41035692311e-12
4.18983907696e-12
3.98034712311e-12
3.78132976696e-12
3.59226327861e-12
3.41265011468e-12
3.24201760894e-12
3.0799167285e-12
2.92592089207e-12
2.77962484747e-12
2.64064360509e-12
2.50861142484e-12
2.3831808536e-12
2.26402181092e-12
2.15082072037e-12
2.04327968435e-12
1.94111570014e-12
1.84405991513e-12
1.75185691937e-12
1.6642640734e-12
1.58105086973e-12
1.50199832625e-12
1.42689840993e-12
1.35555348944e-12
1.28777581497e-12
1.22338702422e-12
1.16221767301e-12
1.10410678936e-12
1.04890144989e-12
9.96456377394e-13
9.46633558525e-13
8.99301880598e-13
8.54336786568e-13
8.1161994724e-13
7.71038949878e-13
7.32487002384e-13
6.95862652265e-13
6.61069519652e-13
6.28016043669e-13
5.96615241486e-13
5.66784479411e-13
5.38445255441e-13
5.11522992669e-13
4.85946843035e-13
4.61649500884e-13
4.38567025839e-13
4.16638674547e-13
3.9580674082e-13
3.76016403779e-13
3.5721558359e-13
3.39354804411e-13
3.2238706419e-13
3.06267710981e-13
2.90954325432e-13
2.7640660916e-13
2.62586278702e-13
2.49456964767e-13
2.36984116528e-13
2.25134910702e-13
2.13878165167e-13
2.03184256909e-13
1.93025044063e-13
1.8337379186e-13
1.74205102267e-13
1.65494847154e-13
1.57220104796e-13
1.49359099556e-13
1.41891144578e-13
1.34796587349e-13
1.28056757982e-13
1.21653920083e-13
1.15571224079e-13
1.09792662875e-13
1.04303029731e-13
9.90878782445e-14
9.41334843323e-14
8.94268101157e-14
8.49554696099e-14
8.07076961294e-14
7.66723113229e-14
7.28386957568e-14
6.91967609689e-14
6.57369229205e-14
6.24500767745e-14
5.93275729357e-14
5.6361194289e-14
5.35431345745e-14
5.08659778458e-14
4.83226789535e-14
4.59065450058e-14
4.36112177555e-14
4.14306568678e-14
3.93591240244e-14
3.73911678231e-14
3.5521609432e-14
3.37455289604e-14
3.20582525124e-14
3.04553398868e-14
2.89325728924e-14
2.74859442478e-14
2.61116470354e-14
2.48060646836e-14
2.35657614495e-14
2.2387473377e-14
2.12680997081e-14
2.02046947227e-14
1.91944599866e-14
1.82347369873e-14
1.73230001379e-14
1.6456850131e-14
1.56340076245e-14
1.48523072432e-14
1.41096918811e-14
1.3404207287e-14
1.27339969227e-14
1.20972970765e-14
1.14924322227e-14
1.09178106116e-14
1.0371920081e-14
9.85332407694e-15
9.36065787309e-15
8.89262497944e-15
8.44799373047e-15
8.02559404394e-15
7.62431434175e-15
7.24309862466e-15
6.88094369343e-15
6.53689650875e-15
6.21005168332e-15
5.89954909915e-15
5.60457164419e-15
5.32434306198e-15
5.05812590888e-15
4.80521961344e-15
4.56495863277e-15
4.33671070113e-15
4.11987516607e-15
3.91388140777e-15
3.71818733738e-15
3.53227797051e-15
3.35566407199e-15
3.18788086839e-15
3.02848682497e-15
2.87706248372e-15
2.73320935953e-15
2.59654889156e-15
2.46672144698e-15
2.34338537463e-15
2.2262161059e-15
2.1149053006e-15
2.00916003557e-15
1.90870203379e-15
1.81326693211e-15
1.7226035855e-15
1.63647340622e-15
1.55464973591e-15
1.47691724912e-15
1.40307138666e-15
1.33291781733e-15
1.26627192646e-15
1.20295833014e-15
1.14281041363e-15
1.08566989295e-15
1.0313863983e-15
9.79817078388e-16
9.30826224469e-16
8.84284913245e-16
8.40070667583e-16
7.98067134204e-16
7.58163777494e-16
7.20255588619e-16
6.84242809188e-16
6.50030668729e-16
6.17529135292e-16
5.86652678528e-16
5.57320044601e-16
5.29454042371e-16
5.02981340253e-16
4.7783227324e-16
4.53940659578e-16
4.31243626599e-16
4.09681445269e-16
3.89197373006e-16
3.69737504355e-16
3.51250629138e-16
3.33688097681e-16
3.17003692797e-16
3.01153508157e-16
2.86095832749e-16
2.71791041112e-16
2.58201489056e-16
2.45291414603e-16
2.33026843873e-16
2.21375501679e-16
2.10306726595e-16
1.99791390266e-16
1.89801820752e-16
1.80311729715e-16
1.71296143229e-16
1.62731336068e-16
1.54594769264e-16
1.46865030801e-16
1.39521779261e-16
1.32545690298e-16
1.25918405783e-16
1.19622485494e-16
1.13641361219e-16
1.07959293158e-16
1.025613285e-16
9.74332620752e-17
9.25615989715e-17
8.79335190229e-17
8.35368430718e-17
7.93600009182e-17
7.53920008723e-17
7.16224008287e-17
6.80412807872e-17
6.46392167479e-17
6.14072559105e-17
5.83368931149e-17
5.54200484592e-17
5.26490460362e-17
5.00165937344e-17
4.75157640477e-17
4.51399758453e-17
4.28829770531e-17
4.07388282004e-17
3.87018867904e-17
3.67667924509e-17
3.49284528283e-17
3.31820301869e-17
3.15229286776e-17
2.99467822437e-17
2.84494431315e-17
2.70269709749e-17
2.56756224262e-17
2.43918413049e-17
2.31722492396e-17
2.20136367776e-17
2.09129549388e-17
1.98673071918e-17
1.88739418322e-17
1.79302447406e-17
1.70337325036e-17
1.61820458784e-17
1.53729435845e-17
1.46042964053e-17
1.3874081585e-17
1.31803775058e-17
1.25213586305e-17
1.18952906989e-17
1.1300526164e-17
1.07354998558e-17
1.0198724863e-17
9.68878861985e-18
9.20434918886e-18
8.74413172942e-18
8.30692514295e-18
7.8915788858e-18
7.49699994151e-18
7.12214994443e-18
6.76604244721e-18
6.42774032485e-18
6.10635330861e-18
5.80103564318e-18
5.51098386102e-18
5.23543466797e-18
4.97366293457e-18
4.72497978784e-18
4.48873079845e-18
4.26429425853e-18
4.0510795456e-18
3.84852556832e-18
3.6560992899e-18
3.47329432541e-18
3.29962960914e-18
3.13464812868e-18
2.97791572225e-18
2.82901993614e-18
2.68756893933e-18
2.55319049236e-18
2.42553096774e-18
2.30425441936e-18
2.18904169839e-18
2.07958961347e-18
1.9756101328e-18
1.87682962616e-18
1.78298814485e-18
1.69383873761e-18
1.60914680073e-18
1.52868946069e-18
1.45225498766e-18
1.37964223827e-18
1.31066012636e-18
1.24512712004e-18
1.18287076404e-18
1.12372722584e-18
1.06754086454e-18
1.01416382132e-18
9.63455630252e-19
9.15282848739e-19
8.69518706302e-19
8.26042770987e-19
7.84740632438e-19
7.45503600816e-19
7.08228420775e-19
6.72816999736e-19
6.3917614975e-19
6.07217342262e-19
5.76856475149e-19
5.48013651392e-19
5.20612968822e-19
4.94582320381e-19
4.69853204362e-19
4.46360544144e-19
4.24042516937e-19
4.0284039109e-19
3.82698371535e-19
3.63563452958e-19
3.45385280311e-19
3.28116016295e-19
3.1171021548e-19
2.96124704706e-19
2.81318469471e-19
2.67252545997e-19
2.53889918698e-19
2.41195422763e-19
2.29135651625e-19
2.17678869043e-19
2.06794925591e-19
1.96455179312e-19
1.86632420346e-19
1.77300799329e-19
1.68435759362e-19
1.60013971394e-19
1.52013272824e-19
1.44412609183e-19
1.37191978724e-19
1.30332379788e-19
1.23815760798e-19
1.17624972759e-19
1.11743724121e-19
1.06156537915e-19
1.00848711019e-19
9.58062754679e-20
9.10159616945e-20
8.64651636098e-20
8.21419054293e-20
7.80348101578e-20
7.41330696499e-20
7.04264161674e-20
6.69050953591e-20
6.35598405911e-20
6.03818485616e-20
5.73627561335e-20
5.44946183268e-20
5.17698874105e-20
4.91813930399e-20
4.67223233879e-20
4.43862072185e-20
4.21668968576e-20
4.00585520147e-20
3.8055624414e-20
3.61528431933e-20
3.43452010336e-20
3.2627940982e-20
3.09965439329e-20
2.94467167362e-20
2.79743808994e-20
2.65756618544e-20
2.52468787617e-20
2.39845348236e-20
2.27853080824e-20
2.16460426783e-20
2.05637405444e-20
1.95355535172e-20
1.85587758413e-20
1.76308370493e-20
1.67492951968e-20
1.5911830437e-20
1.51162389151e-20
1.43604269694e-20
1.36424056209e-20
1.29602853398e-20
1.23122710729e-20
1.16966575192e-20
1.11118246432e-20
1.05562334111e-20
1.00284217405e-20
9.5270006535e-21
9.05065062083e-21
8.59811808979e-21
8.1682121853e-21
7.75980157603e-21
7.37181149723e-21
7.00322092237e-21
6.65305987625e-21
6.32040688244e-21
6.00438653832e-21
5.7041672114e-21
5.41895885083e-21
5.14801090829e-21
4.89061036288e-21
4.64607984473e-21
4.41377585249e-21
4.19308705987e-21
3.98343270688e-21
3.78426107153e-21
3.59504801796e-21
3.41529561706e-21
3.24453083621e-21
3.0823042944e-21
2.92818907968e-21
2.78177962569e-21
2.64269064441e-21
2.51055611219e-21
2.38502830658e-21
2.26577689125e-21
2.15248804669e-21
2.04486364435e-21
1.94262046213e-21
1.84548943903e-21
1.75321496708e-21
1.66555421872e-21
1.58227650779e-21
1.5031626824e-21
1.42800454828e-21
1.35660432086e-21
1.28877410482e-21
1.22433539958e-21
1.1631186296e-21
1.10496269812e-21
1.04971456321e-21
9.97228835053e-22
9.47367393301e-22
8.99999023636e-22
8.54999072454e-22
8.12249118831e-22
7.7163666289e-22
7.33054829745e-22
6.96402088258e-22
6.61581983845e-22
6.28502884653e-22
5.9707774042e-22
5.67223853399e-22
5.38862660729e-22
5.11919527693e-22
4.86323551308e-22
4.62007373743e-22
4.38907005056e-22
4.16961654803e-22
3.96113572063e-22
3.76307893459e-22
3.57492498786e-22
3.39617873847e-22
3.22636980155e-22
3.06505131147e-22
2.9117987459e-22
2.7662088086e-22
2.62789836817e-22
2.49650344976e-22
2.37167827728e-22
2.25309436341e-22
2.14043964524e-22
2.03341766298e-22
1.93174677983e-22
1.83515944084e-22
1.7434014688e-22
1.65623139536e-22
1.57341982559e-22
1.49474883431e-22
1.42001139259e-22
1.34901082296e-22
1.28156028182e-22
1.21748226773e-22
1.15660815434e-22
1.09877774662e-22
1.04383885929e-22
9.91646916326e-23
9.4206457051e-23
8.94961341985e-23
8.50213274885e-23
8.07702611141e-23
7.67317480584e-23
7.28951606555e-23
6.92504026227e-23
6.57878824916e-23
6.2498488367e-23
5.93735639486e-23
5.64048857512e-23
5.35846414637e-23
5.09054093905e-23
4.83601389209e-23
4.59421319749e-23
4.36450253762e-23
4.14627741073e-23
3.9389635402e-23
3.74201536319e-23
3.55491459503e-23
3.37716886528e-23
3.20831042201e-23
3.04789490091e-23
2.89550015587e-23
2.75072514807e-23
2.61318889067e-23
2.48252944614e-23
2.35840297383e-23
2.24048282514e-23
2.12845868388e-23
2.02203574969e-23
1.9209339622e-23
1.82488726409e-23
1.73364290089e-23
1.64696075584e-23
1.56461271805e-23
1.48638208215e-23
1.41206297804e-23
1.34145982914e-23
1.27438683768e-23
1.2106674958e-23
1.15013412101e-23
1.09262741496e-23
1.03799604421e-23
9.86096242e-24
9.367914299e-24
8.89951858405e-24
8.45454265484e-24
8.0318155221e-24
7.630224746e-24
7.2487135087e-24
6.88627783326e-24
6.5419639416e-24
6.21486574452e-24
5.90412245729e-24
5.60891633443e-24
5.32847051771e-24
5.06204699182e-24
4.80894464223e-24
4.56849741012e-24
4.34007253961e-24
4.12306891263e-24
3.916915467e-24
3.72106969365e-24
3.53501620897e-24
3.35826539852e-24
3.19035212859e-24
3.03083452216e-24
2.87929279606e-24
2.73532815625e-24
2.59856174844e-24
2.46863366102e-24
2.34520197797e-24
2.22794187907e-24
2.11654478512e-24
2.01071754586e-24
1.91018166857e-24
1.81467258514e-24
1.72393895588e-24
1.63774200809e-24
1.55585490768e-24
1.4780621623e-24
1.40415905418e-24
1.33395110147e-24
1.2672535464e-24
1.20389086908e-24
1.14369632563e-24
1.08651150935e-24
1.03218593388e-24
9.80576637184e-25
9.31547805325e-25
8.84970415059e-25
8.40721894306e-25
7.98685799591e-25
7.58751509611e-25
7.20813934131e-25
6.84773237424e-25
6.50534575553e-25
6.18007846775e-25
5.87107454436e-25
5.57752081715e-25
5.29864477629e-25
5.03371253747e-25
4.7820269106e-25
4.54292556507e-25
4.31577928682e-25
4.09999032248e-25
3.89499080635e-25
3.70024126604e-25
3.51522920273e-25
3.3394677426e-25
3.17249435547e-25
3.01386963769e-25
2.86317615581e-25
2.72001734802e-25
2.58401648062e-25
2.45481565659e-25
2.33207487376e-25
2.21547113007e-25
2.10469757357e-25
1.99946269489e-25
1.89948956014e-25
1.80451508214e-25
1.71428932803e-25
1.62857486163e-25
1.54714611855e-25
1.46978881262e-25
1.39629937199e-25
1.32648440339e-25
1.26016018322e-25
1.19715217406e-25
1.13729456536e-25
1.08042983709e-25
1.02640834523e-25
9.75087927972e-26
9.26333531573e-26
8.80016854994e-26
8.36016012245e-26
7.94215211632e-26
7.54504451051e-26
7.16779228498e-26
6.80940267073e-26
6.4689325372e-26
6.14548591034e-26
5.83821161482e-26
5.54630103408e-26
5.26898598238e-26
5.00553668326e-26
4.75525984909e-26
4.51749685664e-26
4.29162201381e-26
4.07704091312e-26
3.87318886746e-26
3.67952942409e-26
3.49555295288e-26
3.32077530524e-26
3.15473653998e-26
2.99699971298e-26
2.84714972733e-26
2.70479224096e-26
2.56955262891e-26
2.44107499747e-26
2.3190212476e-26
2.20307018522e-26
2.09291667596e-26
1.98827084216e-26
1.88885730005e-26
1.79441443505e-26
1.70469371329e-26
1.61945902763e-26
1.53848607625e-26
1.46156177244e-26
1.38848368381e-26
1.31905949962e-26
1.25310652464e-26
1.19045119841e-26
1.13092863849e-26
1.07438220657e-26
1.02066309624e-26
9.69629941425e-27
9.21148444354e-27
8.75091022136e-27
8.31336471029e-27
7.89769647478e-27
7.50281165104e-27
7.12767106849e-27
6.77128751506e-27
6.43272313931e-27
6.11108698234e-27
5.80553263323e-27
5.51525600157e-27
5.23949320149e-27
4.97751854141e-27
4.72864261434e-27
4.49221048363e-27
4.26759995944e-27
4.05421996147e-27
3.8515089634e-27
3.65893351523e-27
3.47598683947e-27
3.30218749749e-27
3.13707812262e-27
2.98022421649e-27
2.83121300566e-27
2.68965235538e-27
2.55516973761e-27
2.42741125073e-27
2.30604068819e-27
2.19073865378e-27
2.0812017211e-27
1.97714163504e-27
1.87828455329e-27
1.78437032562e-27
1.69515180934e-27
1.61039421888e-27
1.52987450793e-27
1.45338078254e-27
1.38071174341e-27
1.31167615624e-27
1.24609234843e-27
1.183787731e-27
1.12459834445e-27
1.06836842723e-27
1.01495000587e-27
9.64202505577e-28
9.15992380298e-28
8.70192761283e-28
8.26683123219e-28
7.85348967058e-28
7.46081518705e-28
7.0877744277e-28
6.73338570631e-28
6.396716421e-28
6.07688059995e-28
5.77303656995e-28
5.48438474145e-28
5.21016550438e-28
4.94965722916e-28
4.7021743677e-28
4.46706564932e-28
4.24371236685e-28
4.03152674851e-28
3.82995041108e-28
3.63845289053e-28
3.456530246e-28
3.2837037337e-28
3.11951854702e-28
2.96354261967e-28
2.81536548868e-28
2.67459721425e-28
2.54086735354e-28
2.41382398586e-28
2.29313278657e-28
2.17847614724e-28
2.06955233988e-28
1.96607472288e-28
1.86777098674e-28
1.7743824374e-28
1.68566331553e-28
1.60138014976e-28
1.52131114227e-28
1.44524558515e-28
1.3729833059e-28
1.3043341406e-28
1.23911743357e-28
1.17716156189e-28
1.1183034838e-28
1.06238830961e-28
1.00926889413e-28
9.58805449422e-29
9.10865176951e-29
8.65321918103e-29
8.22055822198e-29
7.80953031088e-29
7.41905379534e-29
7.04810110557e-29
6.69569605029e-29
6.36091124778e-29
6.04286568539e-29
5.74072240112e-29
5.45368628106e-29
5.18100196701e-29
4.92195186866e-29
4.67585427523e-29
4.44206156146e-29
4.21995848339e-29
4.00896055922e-29
3.80851253126e-29
3.6180869047e-29
3.43718255946e-29
3.26532343149e-29
3.10205725991e-29
2.94695439692e-29
2.79960667707e-29
2.65962634322e-29
2.52664502606e-29
2.40031277476e-29
2.28029713602e-29
2.16628227922e-29
2.05796816526e-29
1.95506975699e-29
1.85731626914e-29
1.76445045569e-29
1.6762279329e-29
1.59241653626e-29
1.51279570944e-29
1.43715592397e-29
1.36529812777e-29
1.29703322138e-29
1.23218156032e-29
1.1705724823e-29
1.11204385818e-29
1.05644166528e-29
1.00361958201e-29
9.53438602911e-30
9.05766672766e-30
8.60478339127e-30
8.17454422171e-30
7.76581701062e-30
7.37752616009e-30
7.00864985209e-30
6.65821735948e-30
6.32530649151e-30
6.00904116693e-30
5.70858910859e-30
5.42315965316e-30
5.1520016705e-30
4.89440158697e-30
4.64968150763e-30
4.41719743224e-30
4.19633756063e-30
3.9865206826e-30
3.78719464847e-30
3.59783491605e-30
3.41794317025e-30
3.24704601173e-30
3.08469371115e-30
2.93045902559e-30
2.78393607431e-30
2.64473927059e-30
2.51250230706e-30
2.38687719171e-30
2.26753333213e-30
2.15415666552e-30
2.04644883224e-30
1.94412639063e-30
1.8469200711e-30
1.75457406754e-30
1.66684536417e-30
1.58350309596e-30
1.50432794116e-30
1.4291115441e-30
1.3576559669e-30
1.28977316855e-30
1.22528451013e-30
1.16402028462e-30
1.10581927039e-30
1.05052830687e-30
9.98001891525e-31
9.48101796949e-31
9.00696707102e-31
8.55661871746e-31
8.12878778159e-31
7.72234839251e-31
7.33623097289e-31
6.96941942424e-31
6.62094845303e-31
6.28990103038e-31
5.97540597886e-31
5.67663567992e-31
5.39280389592e-31
5.12316370112e-31
4.86700551607e-31
4.62365524026e-31
4.39247247825e-31
4.17284885434e-31
3.96420641162e-31
3.76599609104e-31
3.57769628649e-31
3.39881147216e-31
3.22887089856e-31
3.06742735363e-31
2.91405598595e-31
2.76835318665e-31
2.62993552732e-31
2.49843875095e-31
2.3735168134e-31
2.25484097273e-31
2.1420989241e-31
2.03499397789e-31
1.933244279e-31
1.83658206505e-31
1.7447529618e-31
1.65751531371e-31
1.57463954802e-31
1.49590757062e-31
1.42111219209e-31
1.35005658248e-31
1.28255375336e-31
1.21842606569e-31
1.15750476241e-31
1.09962952429e-31
1.04464804807e-31
9.92415645669e-32
9.42794863385e-32
8.95655120216e-32
8.50872364205e-32
8.08328745995e-32
7.67912308695e-32
7.2951669326e-32
6.93040858597e-32
6.58388815668e-32
6.25469374884e-32
5.9419590614e-32
5.64486110833e-32
5.36261805291e-32
5.09448715027e-32
4.83976279275e-32
4.59777465312e-32
4.36788592046e-32
4.14949162444e-32
3.94201704322e-32
3.74491619105e-32
3.5576703815e-32
3.37978686243e-32
3.21079751931e-32
3.05025764334e-32
2.89774476117e-32
2.75285752311e-32
2.61521464696e-32
2.48445391461e-32
2.36023121888e-32
2.24221965794e-32
2.13010867504e-32
2.02360324129e-32
1.92242307922e-32
1.82630192526e-32
1.734986829e-32
1.64823748755e-32
1.56582561317e-32
1.48753433251e-32
1.41315761589e-32
1.34249973509e-32
1.27537474834e-32
1.21160601092e-32
1.15102571038e-32
1.09347442486e-32
1.03880070361e-32
9.86860668433e-33
9.37517635011e-33
8.90641753261e-33
8.46109665598e-33
8.03804182318e-33
7.63613973202e-33
7.25433274542e-33
6.89161610815e-33
6.54703530274e-33
6.2196835376e-33
5.90869936072e-33
5.61326439269e-33
5.33260117305e-33
5.0659711144e-33
4.81267255868e-33
4.57203893075e-33
4.34343698421e-33
4.126265135e-33
3.91995187825e-33
3.72395428434e-33
3.53775657012e-33
3.36086874161e-33
3.19282530453e-33
3.03318403931e-33
2.88152483734e-33
2.73744859547e-33
2.6005761657e-33
2.47054735742e-33
2.34701998954e-33
2.22966899007e-33
2.11818554056e-33
2.01227626354e-33
1.91166245036e-33
1.81607932784e-33
1.72527536145e-33
1.63901159338e-33
1.55706101371e-33
1.47920796302e-33
1.40524756487e-33
1.33498518663e-33
1.2682359273e-33
1.20482413093e-33
1.14458292438e-33
1.08735377817e-33
1.03298608926e-33
9.81336784794e-34
9.32269945555e-34
8.85656448277e-34
8.41373625863e-34
7.9930494457e-34
7.59339697341e-34
7.21372712474e-34
6.85304076851e-34
6.51038873008e-34
6.18486929358e-34
5.8756258289e-34
5.58184453745e-34
5.30275231058e-34
5.03761469505e-34
4.7857339603e-34
4.54644726228e-34
4.31912489917e-34
4.10316865421e-34
3.8980102215e-34
3.70310971043e-34
3.5179542249e-34
3.34205651366e-34
3.17495368798e-34
3.01620600358e-34
2.8653957034e-34
2.72212591823e-34
2.58601962232e-34
2.4567186412e-34
2.33388270914e-34
2.21718857368e-34
2.106329145e-34
2.00101268775e-34
1.90096205336e-34
1.80591395069e-34
1.71561825316e-34
1.6298373405e-34
1.54834547348e-34
1.4709281998e-34
1.39738178981e-34
1.32751270032e-34
1.26113706531e-34
1.19808021204e-34
1.13817620144e-34
1.08126739137e-34
1.0272040218e-34
9.75843820708e-35
9.27051629673e-35
8.80699048189e-35
8.3666409578e-35
7.94830890991e-35
7.55089346441e-35
7.17334879119e-35
6.81468135163e-35
6.47394728405e-35
6.15024991985e-35
5.84273742386e-35
5.55060055266e-35
5.27307052503e-35
5.00941699878e-35
4.75894614884e-35
4.5209988414e-35
4.29494889933e-35
4.08020145436e-35
3.87619138164e-35
3.68238181256e-35
3.49826272193e-35
3.32334958584e-35
3.15718210654e-35
2.99932300122e-35
2.84935685116e-35
2.7068890086e-35
2.57154455817e-35
2.44296733026e-35
2.32081896375e-35
2.20477801556e-35
2.09453911478e-35
1.98981215904e-35
1.89032155109e-35
1.79580547354e-35
1.70601519986e-35
1.62071443987e-35
1.53967871787e-35
1.46269478198e-35
1.38956004288e-35
1.32008204074e-35
1.2540779387e-35
1.19137404176e-35
1.13180533968e-35
1.07521507269e-35
1.02145431906e-35
9.70381603105e-36
9.2186252295e-36
8.75769396802e-36
8.31980926962e-36
7.90381880614e-36
7.50862786583e-36
7.13319647254e-36
6.77653664892e-36
6.43770981647e-36
6.11582432565e-36
5.81003310936e-36
5.5195314539e-36
5.2435548812e-36
4.98137713714e-36
4.73230828028e-36
4.49569286627e-36
4.27090822296e-36
4.05736281181e-36
3.85449467122e-36
3.66176993766e-36
3.47868144077e-36
3.30474736874e-36
3.1395100003e-36
2.98253450028e-36
2.83340777527e-36
2.69173738651e-36
2.55715051718e-36
2.42929299132e-36
2.30782834176e-36
2.19243692467e-36
2.08281507843e-36
1.97867432451e-36
1.87974060829e-36
1.78575357787e-36
1.69646589898e-36
1.61164260403e-36
1.53106047383e-36
1.45450745014e-36
1.38178207763e-36
1.31269297375e-36
1.24705832506e-36
1.18470540881e-36
1.12547013837e-36
1.06919663145e-36
1.01573679988e-36
9.64949959883e-37
9.16702461889e-37
8.70867338795e-37
8.27323971855e-37
7.85957773262e-37
7.46659884599e-37
7.09326890369e-37
6.73860545851e-37
6.40167518558e-37
6.0815914263e-37
5.77751185499e-37
5.48863626224e-37
5.21420444913e-37
4.95349422667e-37
4.70581951534e-37
4.47052853957e-37
4.24700211259e-37
4.03465200696e-37
3.83291940661e-37
3.64127343628e-37
3.45920976447e-37
3.28624927624e-37
3.12193681243e-37
2.96583997181e-37
2.81754797322e-37
2.67667057456e-37
2.54283704583e-37
2.41569519354e-37
2.29491043386e-37
2.18016491217e-37
2.07115666656e-37
1.96759883323e-37
1.86921889157e-37
1.77575794699e-37
1.68697004964e-37
1.60262154716e-37
1.5224904698e-37
1.44636594631e-37
1.374047649e-37
1.30534526655e-37
1.24007800322e-37
1.17807410306e-37
1.11917039791e-37
1.06321187801e-37
1.01005128411e-37
9.59548719905e-38
9.11571283909e-38
8.65992719714e-38
8.22693083728e-38
7.81558429542e-38
7.42480508065e-38
7.05356482662e-38
6.70088658528e-38
6.36584225602e-38
6.04755014322e-38
5.74517263606e-38
5.45791400426e-38
5.18501830404e-38
4.92576738884e-38
4.6794790194e-38
4.44550506843e-38
4.22322981501e-38
4.01206832426e-38
3.81146490804e-38
3.62089166264e-38
3.43984707951e-38
3.26785472553e-38
3.10446198926e-38
2.94923888979e-38
2.8017769453e-38
2.66168809804e-38
2.52860369314e-38
2.40217350848e-38
2.28206483306e-38
2.1679615914e-38
2.05956351183e-38
1.95658533624e-38
1.85875606943e-38
1.76581826596e-38
1.67752735266e-38
1.59365098503e-38
1.51396843578e-38
1.43827001399e-38
1.36635651329e-38
1.29803868762e-38
1.23313675324e-38
1.17147991558e-38
1.1129059198e-38
1.05726062381e-38
1.00439759262e-38
9.5417771299e-39
9.0646882734e-39
8.61145385973e-39
8.18088116674e-39
7.77183710841e-39
7.38324525299e-39
7.01408299034e-39
6.66337884082e-39
6.33020989878e-39
6.01369940384e-39
5.71301443365e-39
5.42736371197e-39
5.15599552637e-39
4.89819575005e-39
4.65328596255e-39
4.42062166442e-39
4.1995905812e-39
3.98961105214e-39
3.79013049953e-39
3.60062397456e-39
3.42059277583e-39
3.24956313704e-39
3.08708498018e-39
2.93273073117e-39
2.78609419462e-39
2.64678948489e-39
2.51445001064e-39
2.38872751011e-39
2.2692911346e-39
2.15582657787e-39
2.04803524898e-39
1.94563348653e-39
1.8483518122e-39
1.75593422159e-39
1.66813751051e-39
1.58473063499e-39
1.50549410324e-39
1.43021939808e-39
1.35870842817e-39
1.29077300676e-39
1.22623435643e-39
1.16492263861e-39
1.10667650667e-39
1.05134268134e-39
9.98775547274e-40
9.4883676991e-40
9.01394931415e-40
8.56325184844e-40
8.13508925602e-40
7.72833479322e-40
7.34191805356e-40
6.97482215088e-40
6.62608104334e-40
6.29477699117e-40
5.98003814161e-40
5.68103623453e-40
5.3969844228e-40
5.12713520166e-40
4.87077844158e-40
4.6272395195e-40
4.39587754353e-40
4.17608366635e-40
3.96727948303e-40
3.76891550888e-40
3.58046973344e-40
3.40144624676e-40
3.23137393443e-40
3.06980523771e-40
2.91631497582e-40
2.77049922703e-40
2.63197426568e-40
2.50037555239e-40
2.37535677477e-40
2.25658893604e-40
2.14375948923e-40
2.03657151477e-40
1.93474293903e-40
1.83800579208e-40
1.74610550248e-40
1.65880022735e-40
1.57586021599e-40
1.49706720519e-40
1.42221384493e-40
1.35110315268e-40
1.28354799505e-40
1.21937059529e-40
1.15840206553e-40
1.10048196225e-40
1.04545786414e-40
9.93184970934e-41
9.43525722387e-41
8.96349436268e-41
8.51531964454e-41
8.08955366231e-41
7.6850759792e-41
7.30082218024e-41
6.93578107123e-41
6.58899201767e-41
6.25954241678e-41
5.94656529594e-41
5.64923703115e-41
5.36677517959e-41
5.09843642061e-41
4.84351459958e-41
4.6013388696e-41
4.37127192612e-41
4.15270832981e-41
3.94507291332e-41
3.74781926766e-41
3.56042830427e-41
3.38240688906e-41
3.21328654461e-41
3.05262221738e-41
2.89999110651e-41
2.75499155118e-41
2.61724197362e-41
2.48637987494e-41
2.3620608812e-41
2.24395783714e-41
2.13175994528e-41
2.02517194801e-41
1.92391335061e-41
1.82771768308e-41
1.73633179893e-41
1.64951520898e-41
1.56703944853e-41
1.48868747611e-41
1.4142531023e-41
1.34354044719e-41
1.27636342483e-41
1.21254525359e-41
1.15191799091e-41
1.09432209136e-41
1.03960598679e-41
9.87625687454e-42
9.38244403081e-42
8.91332182927e-42
8.4676557378e-42
8.04427295091e-42
7.64205930337e-42
7.2599563382e-42
6.89695852129e-42
6.55211059523e-42
6.22450506546e-42
5.91327981219e-42
5.61761582158e-42
5.3367350305e-42
5.06989827898e-42
4.81640336503e-42
4.57558319678e-42
4.34680403694e-42
4.12946383509e-42
3.92299064334e-42
3.72684111117e-42
3.54049905561e-42
3.36347410283e-42
3.19530039769e-42
3.0355353778e-42
2.88375860891e-42
2.73957067847e-42
2.60259214455e-42
2.47246253732e-42
2.34883941045e-42
2.23139743993e-42
2.11982756793e-42
2.01383618954e-42
1.91314438006e-42
1.81748716106e-42
1.726612803e-42
1.64028216285e-42
1.55826805471e-42
1.48035465198e-42
1.40633691938e-42
1.33602007341e-42
1.26921906974e-42
1.20575811625e-42
1.14547021044e-42
1.08819669992e-42
1.03378686492e-42
9.82097521674e-43
9.32992645591e-43
8.86343013311e-43
8.42025862646e-43
7.99924569513e-43
7.59928341038e-43
7.21931923986e-43
6.85835327786e-43
6.51543561397e-43
6.18966383327e-43
5.88018064161e-43
5.58617160953e-43
5.30686302905e-43
5.0415198776e-43
4.78944388372e-43
4.54997168953e-43
4.32247310506e-43
4.1063494498e-43
3.90103197731e-43
3.70598037845e-43
3.52068135953e-43
3.34464729155e-43
3.17741492697e-43
3.01854418062e-43
2.86761697159e-43
2.72423612301e-43
2.58802431686e-43
2.45862310102e-43
2.33569194597e-43
2.21890734867e-43
2.10796198124e-43
2.00256388217e-43
1.90243568807e-43
1.80731390366e-43
1.71694820848e-43
1.63110079806e-43
1.54954575815e-43
1.47206847024e-43
1.39846504673e-43
1.3285417944e-43
1.26211470468e-43
1.19900896944e-43
1.13905852097e-43
1.08210559492e-43
1.02800031518e-43
9.76600299417e-44
9.27770284446e-44
8.81381770224e-44
8.37312681712e-44
7.95447047627e-44
7.55674695246e-44
7.17890960483e-44
6.81996412459e-44
6.47896591836e-44
6.15501762244e-44
5.84726674132e-44
5.55490340426e-44
5.27715823404e-44
5.01330032234e-44
4.76263530622e-44
4.52450354091e-44
4.29827836387e-44
4.08336444567e-44
3.87919622339e-44
3.68523641222e-44
3.50097459161e-44
3.32592586203e-44
3.15962956893e-44
3.00164809048e-44
2.85156568596e-44
2.70898740166e-44
2.57353803158e-44
2.44486113e-44
2.3226180735e-44
2.20648716982e-44
2.09616281133e-44
1.99135467076e-44
1.89178693723e-44
1.79719759037e-44
1.70733771085e-44
1.6219708253e-44
1.54087228404e-44
1.46382866984e-44
1.39063723635e-44
1.32110537453e-44
1.2550501058e-44
1.19229760051e-44
1.13268272049e-44
1.07604858446e-44
1.02224615524e-44
9.71133847477e-45
9.22577155103e-45
8.76448297348e-45
8.3262588248e-45
7.90994588356e-45
7.51444858939e-45
7.13872615992e-45
6.78178985192e-45
6.44270035932e-45
6.12056534136e-45
5.81453707429e-45
5.52381022058e-45
5.24761970955e-45
4.98523872407e-45
4.73597678787e-45
4.49917794847e-45
4.27421905105e-45
4.0605080985e-45
3.85748269357e-45
3.66460855889e-45
3.48137813095e-45
3.3073092244e-45
3.14194376318e-45
2.98484657502e-45
2.83560424627e-45
2.69382403396e-45
2.55913283226e-45
2.43117619065e-45
2.30961738111e-45
2.19413651206e-45
2.08442968646e-45
1.98020820213e-45
1.88119779203e-45
1.78713790242e-45
1.6977810073e-45
1.61289195694e-45
1.53224735909e-45
1.45563499114e-45
1.38285324158e-45
1.3137105795e-45
1.24802505053e-45
1.185623798e-45
1.1263426081e-45
1.07002547769e-45
1.01652420381e-45
9.6569799362e-46
9.17413093939e-46
8.71542439242e-46
8.2796531728e-46
7.86567051416e-46
7.47238698845e-46
7.09876763903e-46
6.74382925707e-46
6.40663779422e-46
6.08630590451e-46
5.78199060928e-46
5.49289107882e-46
5.21824652488e-46
4.95733419864e-46
4.7094674887e-46
4.47399411427e-46
4.25029440855e-46
4.03777968813e-46
3.83589070372e-46
3.64409616853e-46
3.46189136011e-46
3.2887967921e-46
3.1243569525e-46
2.96813910487e-46
2.81973214963e-46
2.67874554215e-46
2.54480826504e-46
2.41756785179e-46
2.2966894592e-46
2.18185498624e-46
2.07276223693e-46
1.96912412508e-46
1.87066791883e-46
1.77713452289e-46
1.68827779674e-46
1.6038639069e-46
1.52367071156e-46
1.44748717598e-46
1.37511281718e-46
1.30635717632e-46
1.24103931751e-46
1.17898735163e-46
1.12003798405e-46
1.06403608485e-46
1.0108342806e-46
9.60292566574e-47
9.12277938246e-47
8.66664041333e-47
8.23330839267e-47
7.82164297303e-47
7.43056082438e-47
7.05903278316e-47
6.70608114401e-47
6.37077708681e-47
6.05223823247e-47
5.74962632084e-47
5.4621450048e-47
5.18903775456e-47
4.92958586683e-47
4.68310657349e-47
4.44895124482e-47
4.22650368257e-47
4.01517849845e-47
3.81441957352e-47
3.62369859485e-47
3.44251366511e-47
3.27038798185e-47
3.10686858276e-47
2.95152515362e-47
2.80394889594e-47
2.66375145114e-47
2.53056387858e-47
2.40403568466e-47
2.28383390042e-47
2.1696422054e-47
2.06116009513e-47
1.95810209037e-47
1.86019698586e-47
1.76718713656e-47
1.67882777974e-47
1.59488639075e-47
1.51514207121e-47
1.43938496765e-47
1.36741571927e-47
1.2990449333e-47
1.23409268664e-47
1.17238805231e-47
1.11376864969e-47
1.05808021721e-47
1.00517620635e-47
9.5491739603e-48
9.07171526228e-48
8.61812949917e-48
8.18722302421e-48
7.777861873e-48
7.38896877935e-48
7.01952034038e-48
6.66854432336e-48
6.33511710719e-48
6.01836125183e-48
5.71744318924e-48
5.43157102978e-48
5.15999247829e-48
4.90199285438e-48
4.65689321166e-48
4.42404855108e-48
4.20284612352e-48
3.99270381735e-48
3.79306862648e-48
3.60341519515e-48
3.4232444354e-48
3.25208221363e-48
3.08947810295e-48
2.9350041978e-48
2.78825398791e-48
2.64884128851e-48
2.51639922409e-48
2.39057926288e-48
2.27105029974e-48
2.15749778475e-48
2.04962289551e-48
1.94714175074e-48
1.8497846632e-48
1.75729543004e-48
1.66943065854e-48
1.58595912561e-48
1.50666116933e-48
1.43132811087e-48
1.35976170532e-48
1.29177362006e-48
1.22718493905e-48
1.1658256921e-48
1.1075344075e-48
1.05215768712e-48
9.99549802765e-49
9.49572312626e-49
9.02093696995e-49
8.56989012145e-49
