1.65069858137
-0.419505194771
0.770759864055
-0.181508793826
0.081172142674
-0.104620409297
-0.181043784135
0.516809482504
0.182265632339
0.283273267432
-0.432478670259
0.422797638033
-0.306758618837
-0.00574431533135
0.120239508232
-0.301510198484
1.12836630114
-0.661604369476
0.581715644817
-0.0194918099359
0.174594516113
-0.106687800542
-0.427501760875
0.50177154688
-0.146273800327
0.595305629526
-0.677769288943
0.833874074883
-0.330242873719
-0.294466308453
0.207965056675
-0.561467799702
1.1026100197
-0.798826218548
0.537934234651
-0.0633981497179
0.213422670029
-0.144037118371
-0.413606662673
0.594593469388
-0.463197392689
0.655311730959
-0.767827736851
0.802292582498
-0.131528089101
38.7335337786
-10.9828878463
16.443962194
-4.17174369222
0.763417967908
-3.0662175726
-3.51446714909
10.6709018424
4.66102648307
2.26999543721
-9.67109138942
4.56306058527
-5.5129624114
-2.01518008428
2.19732581681
-6.5975436482
22.9743745949
-12.6715396957
9.7225415762
-0.488433329903
3.50661438255
-1.57419014411
-4.33630799068
8.00406724018
1.9776298158
5.27502937103
-8.3865416952
7.15461134577
-4.12635734905
-3.78345429368
2.1233759636
-5.74066301483
14.2360389753
-10.1587378443
4.60645211633
-1.36368958875
2.80558701949
-1.41685496427
-2.53077930438
5.90613386928
-0.206768515353
4.07312557943
-6.13415703198
5.91199337072
-1.42154597836
141.01419725
-37.028307992
53.8032889953
-7.99631257168
4.096726026
-10.0141496318
2.20539327821
30.1857858608
17.8352718355
-0.487462272974
-20.58909198
4.1389340861
-9.41035513502
-1.94605587668
4.81359148287
-10.1240375617
57.7638555114
-26.4687332973
22.6942424428
0.155746316297
10.9831579002
-6.2996336199
1.00974089588
16.2590111374
13.1295507985
4.82842680759
-10.5715946761
5.34443337478
-6.99004826494
-2.65066977558
1.70744339516
-3.12961090645
23.7235230764
-14.2003028628
5.45718343008
-2.18208055829
6.7531334916
-3.26038842062
1.9976597715
7.37005109703
6.46586688995
2.04629533441
-4.00599712145
4.08635877254
-1.83948602754
210.759934079
-52.1848565963
70.7453821323
-19.4942565989
18.7856010378
-25.5672900387
14.5142950268
33.854312263
21.895587084
12.5243568625
-21.8382197146
5.13846194501
-9.86478866737
7.78884579002
2.13750253785
-8.10746122477
63.7308341408
-16.9484039942
26.9703720003
-8.55432309591
16.5337364636
-9.32781139061
3.93025161
14.7797157499
10.7602860312
14.0302253025
-6.73335881874
5.90539358795
-7.38798364541
3.43583290305
2.15239817537
-1.93746036258
19.406351909
-5.67822519447
10.1726088268
-4.73252723442
6.52984262761
-2.23796974132
1.54360041631
6.0032129779
2.16742539302
7.08976272037
-1.70426509694
4.65622926432
-2.18782304657
225.450641938
-37.7090589422
55.2767568297
-36.3362148921
32.2472814608
-23.9092951572
14.4923419576
33.5177592159
14.4460230519
39.3827976557
-21.7167698942
8.57212845793
-9.21804394538
8.07687972746
11.9367162648
-14.5332834936
59.3431260957
-3.105507213
29.9360178865
-20.6003909356
11.6959710044
-2.44998539008
0.619985939344
19.7200043296
-0.494590537057
27.7578600135
-8.48933530682
8.39272485641
-7.36269865965
0.292976908109
11.0327769444
-7.35061542279
22.1887183714
-5.32106999525
17.2928777568
-8.55136688921
2.82743107942
0.519346462971
-2.18799523705
12.0501872699
-4.32386106991
14.4121038743
-4.65179537752
5.62167984388
-2.47745649119
215.887318831
-21.966731106
40.9368968117
-36.1642047841
18.9102011008
0.0716523762032
7.75532150226
39.0992619306
17.429500071
38.2983830435
-11.0087483766
2.49465219593
1.43485067596
-8.16056723957
22.0993996345
-16.3711476677
63.2561654342
-4.54738583932
28.237150556
-15.8742425894
1.05691520325
2.23344116118
-3.54744993981
24.0635417499
4.15968147135
22.2332172842
-0.397900802282
0.332083768082
3.68113507167
-12.9504841527
16.29517778
-9.18704343445
26.4114028936
-4.75154496019
15.2700114547
-3.35652863302
-1.61602619608
0.458020064658
-4.34627989192
10.9868769238
1.45856701469
8.81093077627
3.91735717274
-1.02466539031
4.95390309566
193.74615392
-18.9566288367
30.6149758725
-28.3761730909
6.65098734647
7.49245028819
6.84376895264
49.5319954993
30.0878576024
28.045243522
4.31974590159
-3.30423190376
15.5107150732
-19.1059882913
15.1800298604
-3.48114303048
66.2408471925
-5.21514471243
25.1779668154
-7.81105751237
3.73055293083
-6.86638853656
-1.87501579988
21.375363623
16.0440034836
13.8386128841
9.19508778155
-1.61108750019
12.3827692704
-19.2937898119
11.4773559103
-5.84976900575
27.6962398447
-3.53771236623
16.1624167311
-0.0472146204553
4.10522945113
-6.98367562783
-0.662388200732
4.7052002764
8.71152799968
2.72097853005
9.79928594124
-0.959433229033
9.00986806942
187.846283261
-10.8117026963
25.6143360812
-26.0540592461
15.9310339231
2.37005673353
-4.12483696961
50.4134653382
30.5197188201
31.4712373708
9.13625673133
-0.780652306101
21.8854554028
-20.7341289913
7.27870006132
-3.83527707188
67.4376839061
-7.06709495044
24.2353095355
-4.88017697379
16.3032913423
-9.68180957974
-8.32479718203
17.0157617634
14.6972932588
14.6879898894
5.65107059151
2.7141098754
17.9224732188
-16.5619542851
8.28773613526
-10.2007584439
29.9737403229
-9.46936730167
15.6757814874
-0.61251402516
11.9243342524
-5.44323646984
-3.97156236331
5.22696145952
5.66181348936
3.56597141631
3.24620398299
1.61452309121
12.5752359252
199.623036499
-9.81089264102
29.0931812719
-9.70384557743
31.2306342474
-4.81223646013
-17.4258122319
37.8985025453
22.3968447308
38.0260688394
15.0048704164
-1.32130670728
27.3848219576
-23.5475827853
11.6404126421
-3.46893910968
75.6388697265
-22.8465536544
31.6691710048
0.570380175396
18.0989789109
-15.2233346307
-6.2037588393
14.1693366046
11.8183550266
19.6788325515
7.69935483328
-1.05302685023
22.1512368671
-22.9972207309
14.4210123199
-10.925505465
36.1999144112
-18.5902709828
26.9407688421
-3.90998444615
8.37172174999
-10.1516771632
1.3699360294
1.7160381023
8.61173214694
6.47845702153
7.29736579059
-2.48813725937
14.450767496
237.970392784
-57.9790351106
45.9822421125
-3.68519942332
27.7758189309
-33.4130572966
-5.98660054244
37.2981283328
2.8827132223
37.6267883923
21.2462961692
-0.756977841118
17.2597947938
-28.1022657367
22.3843551615
0.369189860175
75.9567332427
-42.5609375479
55.0318554201
-13.2253684863
11.7626835097
-26.257748244
17.1489280939
1.26283450532
8.51929306809
21.4604420093
14.8627727561
-8.25859298812
14.4093028539
-18.6331544493
18.1335427224
-14.2488589622
34.3968539821
-18.8939368703
34.3380644425
-17.7226088737
14.2341625336
-15.4941980206
12.5073809821
-10.3848915518
15.060434482
2.25672400499
10.2881234096
-6.85434726628
13.0963783205
306.081233333
-107.428882057
71.4512373068
-4.86806100178
35.2644079496
-70.3987001294
9.84438374262
56.233389676
8.22597564902
15.4801608707
39.2682831947
22.1572610096
-0.758355065708
-27.6989792569
46.7268036177
-14.9695930712
65.8946715561
-46.9383404625
74.5988016794
-29.6641154346
21.8403647752
-20.3511679056
31.6094885103
-9.34502904751
14.5579491814
9.47112323943
22.0243987843
-10.7268010383
16.704586808
-12.6120658086
26.7123627479
-23.1955209925
36.8634656222
-22.3233677309
35.086594664
-23.4365567612
25.6584064579
-15.5707673889
18.704656102
-13.4645929736
19.5363639834
-8.22155474692
15.8680120567
-11.3311003176
18.4266438441
325.46284911
-77.5731948774
48.3875271147
3.82098905074
48.9550771209
-50.5614535371
-14.5385225345
55.0249272259
15.7285778619
-2.58157268106
48.1370766439
39.9835992566
1.34314355406
-14.0520066654
49.1687879038
-16.6160642775
60.3521296394
-29.6552743256
50.0631050591
-20.6816867621
30.4218671646
-5.10581059672
13.8826333563
-0.618004695932
16.4539391816
-2.01496802774
21.8724402423
-0.147912864857
18.4315140541
-11.0691565879
26.9956787066
-14.1102287534
28.2893094536
-16.6755955376
24.3533333521
-14.5423362288
20.5673643957
-8.43000696678
13.444620465
-7.46933340169
15.066504185
-8.22471677368
14.7797792471
-7.23950150191
15.495413152
-11.4175873034
16.5827607969
-10.3793762668
15.5281419347
-11.8366694511
14.8069332845
-10.1564796393
12.5938736506
-8.46254984414
11.30552575
-8.09216091946
10.7037309182
-7.80098324231
10.5489804305
-7.79343170264
10.4754757974
-8.35904721134
10.1758342757
-7.77856684476
9.37588742576
-7.81274468294
8.8290545446
-7.00216540948
7.92403324764
-6.41191284871
7.46780129544
-6.05111924154
6.82876723533
-5.6944108475
6.56293897502
-5.51297178342
6.2144505686
-5.29243578641
5.82248896273
-4.92979181061
5.30092693916
-4.63987661068
4.89225586262
-4.21934575035
4.46549109334
-3.88502418442
4.14279867544
361.643907102
-22.4881325157
103.139822732
-80.5459515368
156.346138352
-87.1758004222
22.8592671667
-16.0986550828
47.7636479493
-44.3037088141
52.5711639173
25.8298445686
42.9649899744
-30.6760989356
40.9683797509
-16.5602587319
82.9956023292
-32.8419734068
78.1224768757
-53.9267780871
88.4804406348
-53.8071629335
64.3162367137
-52.2518814739
58.308411257
-43.2107935015
48.0800905433
-21.8026617258
50.0297587974
-27.9082895447
38.195259491
-24.4396542703
45.0347486516
-33.5991838227
43.8997609993
-34.1922415748
50.4363065251
-38.2336301766
49.1464707469
-36.4215491997
44.3051687668
-36.6176705356
40.2277504014
-29.4619970038
36.111077711
623.369676658
-197.52399749
268.760712852
-170.164017145
256.745146654
-188.698295798
144.757186553
-58.3140066498
153.979203129
-141.572846412
246.781653376
-10.797909
71.335214098
-32.5737432369
50.3977283439
-34.6884182473
64.1462202162
11.375009118
36.2307928961
0.399316034178
31.2021051115
86.3023644073
-19.3911907152
74.8778416587
-34.0781127026
57.4657579965
-71.5791592171
109.175222218
-78.9565692797
85.7643227503
-73.0219815445
97.4860057188
-46.9827706399
78.1368202072
-27.9960165406
49.8506762073
-31.2529984998
36.1024832566
-2.17078064812
-1.54942929609
12.2492010918
-14.0985524252
29.3118541637
-18.850835794
51.9316295981
2224.91927843
-1520.8140695
1005.10896075
-972.732198907
467.145858522
-738.690261967
840.060942406
-481.753313713
727.987886328
-663.595781813
1087.10641495
-398.311489561
299.653504557
-92.572819031
172.837557235
-358.312055557
296.806998966
-151.776343741
-51.6300747339
67.6767520475
9.54234128951
313.910581485
-54.4141800477
277.344443385
-106.460943987
102.066272209
-221.730703524
268.276009078
-332.927686865
247.214986399
-197.646916052
219.455680958
-117.657835894
247.67120434
-109.374775582
193.235457227
-124.338942275
132.604505702
-97.0940654861
23.5024583408
-41.647765677
8.18495396095
-6.45122045693
41.5007305827
44.3780577581
5431.51068286
-4143.98212583
2711.26474444
-2776.76939921
1331.79519226
-2107.43880068
2311.08594007
-1793.81895868
2004.12311452
-1172.68433035
1479.96720591
-608.318210908
508.163183571
254.198990168
195.675211329
-396.764670652
315.60180967
-441.58627605
-1.51817729944
-186.087596797
328.270564308
9.23988102552
607.716484944
-260.608358323
460.258719877
-365.630968842
290.455209683
-69.0691807727
-47.3752274677
46.0227707713
-52.2041441551
66.0294753458
-150.25787066
242.754333338
-107.685912903
290.059593094
-52.6101618104
80.5085110294
10.0990244008
-59.6488336132
98.1675691526
-155.752917084
183.264531104
-126.927910973
175.073973127
7820.27628835
-6949.4183171
5559.57963779
-4785.82950609
3249.26650181
-3964.07498974
4413.84786532
-4280.49973976
3814.8314956
-1076.85789624
-370.746931921
554.297501522
293.414814473
652.987679422
90.5535652794
710.478838332
-714.771161227
229.710020945
631.917993264
-1833.8094373
1770.21119732
-746.618820086
959.751634271
-913.231920848
1250.55869127
-1244.56868471
865.747484113
374.05269123
-983.421557888
1111.53733498
-260.431629252
-15.8921179722
-326.793434144
697.156651743
-696.235451278
432.936282097
523.767321365
-996.596559429
886.560804918
-197.02324119
-156.017230413
-65.6173846955
548.703596349
-532.249427213
209.052634913
9100.42064885
-10256.691555
9112.43607967
-5830.73362212
4045.51850745
-4574.21242113
6089.16117224
-6680.03387653
5177.67669638
188.65373761
-4112.71440572
3032.74935481
-151.932240863
-581.856754869
832.160448521
1727.17306121
-2571.79080044
1932.44107765
1651.39663961
-4432.60765949
3589.74315203
-638.550295085
-676.527926575
626.844059432
973.83705476
-2255.22900739
1532.55572687
1270.30042157
-3330.75557396
2860.97793676
-311.715037508
-952.200582637
914.279021677
529.57316318
-1746.94982538
1332.47811777
875.820359598
-2452.33296051
2035.82013723
-91.1294843121
-1113.11535889
1051.81626967
137.566182633
-1292.65988753
1074.48687531
8990.26592513
-11977.6016631
10000.0
-4145.01978402
1661.93674608
-2073.97568532
5012.66329019
-7368.86305673
6441.65887364
1288.71084098
-6663.05135918
5008.93087275
-347.394629049
-2141.60456768
2179.41553897
1718.08318672
-4902.86319917
5441.84458061
-12.3588558963
-4340.58716129
3527.71865207
388.773018893
-2789.52461617
3309.56349554
-525.775849449
-2785.54804481
3653.42452545
-303.075304767
-2927.59974315
2620.76208456
302.909793638
-2253.63550566
3104.07942406
-1444.45572435
-1011.76924339
1888.87612786
216.3022439
-2393.96162451
2347.69594636
-435.745566637
-1002.62334817
1736.00829982
-971.121252928
-559.747439726
1138.70517287
7593.69954417
-10368.8470396
7748.93071893
-2637.72643689
887.142213241
-1134.27619936
3347.95057103
-5980.27841093
5469.46473184
1636.48083383
-6043.1211045
4353.2495341
-698.109209094
-592.210140364
246.907685913
2481.96997958
-5495.02482917
6055.35323536
-1712.96823986
-1603.91720325
864.936873601
1331.53561745
-2080.92957614
2037.98703373
-301.50579379
-2180.3605977
3294.89623434
-1394.63568049
-273.085255329
-201.242877797
1543.51590931
-1906.61279593
2315.22728547
-1695.09813184
409.69347499
555.997332674
198.255995936
-772.645012213
380.940413126
308.658926351
-564.012222866
1005.00155191
-1150.24481157
705.093231218
-307.841939497
6463.39772778
-6985.27365481
4210.34736579
-1634.95659544
1702.96515728
-1634.83869404
2344.34453702
-3213.65965983
2380.97623379
2659.13321024
-3831.73663244
2312.04013503
-791.866175405
1514.86446479
-1491.27372744
2478.03459624
-3327.30952627
2960.44040815
-179.276224902
-524.094755399
-250.7055685
561.936747485
234.611792545
-271.099664463
811.086352866
-1582.75075798
1601.92145923
-451.088849674
447.756485235
-969.446422954
847.388374623
-290.343740859
401.049640198
-149.663507858
-231.520336543
360.100141857
147.162662016
226.528949363
-529.447132357
414.626724329
-87.4310777396
338.635902902
-236.398313292
64.9447457403
-91.8197982197
4963.26159792
-4198.06082524
1853.54313556
-1232.96499164
1507.83716976
-1464.31570004
1583.62213513
-2209.38249166
1268.43808393
2408.75172394
-1913.11436171
532.519587967
-543.301890374
1254.73088304
-1009.06456517
1363.44349526
-1959.02016079
1101.68452591
1015.16512861
-313.043140513
-403.386845714
-127.771968927
805.807033241
-432.659542198
902.004298393
-1359.68607631
627.970067404
421.346647303
349.722839597
-749.919119904
7.74848108223
336.232954027
23.1685797797
491.321912005
-826.051639729
206.31874031
219.304787928
553.306838553
-646.830383892
-10.69428594
43.1213722039
265.541794359
253.741783577
-441.027298238
-43.4635154336
4496.62255996
-3019.75118464
1004.94299488
-1210.27733401
896.607105524
-824.904996444
1264.76689843
-1938.51581231
920.288618003
2116.49265374
-863.503939662
207.874006061
-826.062733422
1060.60760832
-554.209156507
878.602992302
-1446.51622325
357.166756906
857.091043448
284.076028361
-370.838020533
-555.70483961
833.406302991
-288.896324128
823.251800746
-1049.86578004
166.219373616
206.271874465
650.150868931
-481.971765767
-267.361734806
263.413032918
91.2793578301
555.716796599
-653.101397253
78.7738681451
-84.5219866912
645.452756971
-333.674020352
-121.433337142
-95.4693055658
248.009605231
281.369936309
-271.222920671
-46.0371769435
4279.02388991
-3296.71883954
1139.82328253
-1108.35706471
433.903558813
-467.578327648
1321.97673725
-1705.369581
866.152331966
1150.54876084
-322.641133442
192.78312154
-713.592206196
791.038255196
-420.993596733
552.719128824
-776.115492996
238.837371062
168.966622943
708.42402931
-361.270925996
-136.045364223
237.107954389
7.45865051252
204.689875924
-221.718629397
-155.557783611
157.394476706
228.764707117
23.23625128
-158.635523894
107.50685786
11.9543319187
217.136052836
-194.168325424
-1.41754965818
-33.2265087147
131.424919916
71.6405694345
-92.5756908226
70.1992660593
-35.2518278224
203.81969194
-156.316538081
111.777744569
4778.74802436
-4489.53611791
1715.45339825
-1820.22404181
1457.58980112
-1356.69664993
2241.95553086
-2138.09234662
1764.5775602
-204.107774643
785.443923961
-746.861391177
279.135923663
-398.940697374
333.835164121
170.95143538
-406.104301211
117.400581551
-27.9214783048
831.239471449
-473.708321868
571.98429389
-714.056864931
594.542767132
-486.158761248
521.057100226
-665.987621279
574.025659499
-422.731465669
630.001469774
-294.622114923
309.676165608
-327.352788003
323.752439847
-201.590268268
147.960638229
-129.280702735
11.0100625207
49.8067873757
42.8939997761
110.874935398
-97.9235275916
149.595850807
-145.589136756
188.752173502
5484.70062761
-5047.19012244
1855.90982342
-2844.25506086
2755.20489799
-2241.34274732
2558.63706609
-1980.01382639
1583.92981709
-514.146470805
1385.49093757
-857.020844998
344.911370497
-944.367952356
875.529468899
-140.411243162
-48.3880340516
-182.370501879
-118.577955395
560.676428137
-58.2195009728
793.960935518
-937.119348649
630.393990204
-593.440739764
689.932430351
-611.393294937
525.328659371
-599.970087729
471.930334106
-114.879634054
413.98264786
-337.138021716
219.032213974
-199.791794612
223.91434034
-97.2599109638
121.715327242
-153.314157606
-22.4510282937
87.9641205613
49.5661312424
94.1508161695
-131.221314417
113.693000382
5178.64195088
-3963.47388645
1163.02621649
-2871.2628408
2753.43889812
-1912.25185844
2030.94712204
-1096.25236412
438.515775753
-97.9692406202
1278.15368733
-56.1371041588
-449.3970014
-400.351838527
539.227693523
-21.2020348593
366.494282824
-122.649836035
-524.320828942
156.5221097
377.666462729
761.811294068
-718.58199255
368.127296286
-464.442039614
556.365273132
-172.04710539
430.759357242
-592.732996764
-2.7694070724
167.712076738
372.822851479
-111.261242936
-37.0191136075
-114.669492266
31.908314304
171.27866119
207.578306633
-174.086025164
-230.829463673
99.5163417392
135.010462604
112.365839477
-92.3761277002
1.26712326445
4233.92512473
-2492.15736361
410.204629937
-2585.68027803
1861.27780452
-780.638200186
1577.94047531
-731.756360668
-216.540202269
123.197558609
1194.06228994
172.713998938
-967.146129532
-471.087458652
219.388362302
435.315779643
541.473881402
7.52117200393
-885.266191866
122.606230946
354.160471347
647.620722226
-624.896209053
85.4788011737
-337.546596118
453.630372987
71.7752838079
311.881676522
-508.138994465
-112.728574813
159.137130771
292.160579192
-5.69631599294
-22.4216501942
-94.5747824407
-142.574096985
200.913214252
141.848907269
37.4098961895
-246.212137982
55.9040519007
-10.9382336084
192.447827535
17.3782778123
17.196343541
3281.94525029
-1152.83306948
-89.2343373258
-2046.49699785
580.618359767
108.197749902
1313.78995654
-225.918582995
-299.883201237
132.784123333
1071.74004404
195.12978011
-699.564439384
-625.768456124
187.501261045
532.56577042
473.021629584
138.200901196
-760.919315256
179.372782178
178.154885304
484.690107036
-356.112593646
109.239146593
-26.3629596405
312.763739504
25.5735651058
24.2121744197
-323.005772485
-29.2153416001
147.230824797
227.843156322
26.2011703242
24.1668786571
3.46354904632
-112.135958619
93.4974180608
25.2813114729
119.131415854
-96.3815060508
48.4211966332
-66.8416225912
83.6998214561
25.9342048814
50.6969737762
3196.17250792
476.756769946
-292.505340347
-2245.20657139
-791.266503908
-567.690069736
1183.41778179
1100.69233815
203.715155458
-176.811052174
263.852662737
155.978699404
-336.474628926
137.773892189
183.214667426
89.8227412966
-275.883359525
201.901389077
-318.548493872
140.697945896
-19.7027679764
135.634828944
-220.234993875
326.148591673
605.783420974
350.680441356
-165.020667457
-487.411567637
-435.11531057
-209.161671518
361.643721914
441.415047543
172.122109489
-183.902915045
-92.0196813179
-64.2770019186
143.780669091
207.919775267
135.556720699
-169.968464159
-179.846412235
-23.097870938
63.0297847348
69.9777293831
13.3126611363
4348.61895528
1891.08153953
15.1935022652
-3238.62105886
-1700.23750207
-2095.85374827
1408.75442555
2485.85370827
1199.86841196
-191.000415147
-394.853840232
141.475582341
-432.972072498
1177.70138637
282.183041105
-81.7605233809
-1004.62036206
225.275651235
-61.7632292161
261.830523346
124.600965372
-117.305637861
-191.156558779
336.544102435
1167.00833731
460.390145588
-34.7010911384
-789.153293871
-646.109170193
-467.487394892
484.854723619
678.812758811
292.037093642
-128.588117648
-219.543166129
-24.9927533785
128.497935858
426.80365701
115.778479948
-179.69261784
-307.844062675
-52.3150383493
66.1535598242
139.132127853
109.517596214
5112.22576412
2759.01885538
533.713173769
-3335.86402467
-2550.09479094
-3137.61602535
1064.38931204
2901.09328848
1956.34468794
577.025663774
-427.274545007
-147.027782227
-533.296098635
1439.40371629
465.410094379
0.0398235748688
-1188.43600313
-366.030148249
-213.769711268
463.723318197
730.443028515
126.575546699
-73.0982637993
-35.2781921734
873.938531043
561.695153956
475.267507708
-455.934103766
-848.153176959
-893.333203051
-28.5987482187
669.371318101
730.226533588
512.361411686
-95.8118387708
-233.20402607
-196.849326877
315.347698316
288.667945406
113.520621378
-277.78136454
-405.137052864
-241.849972576
118.357608169
432.622795206
5733.89459554
3969.57994536
849.480610192
-3063.34948574
-3931.67819038
-3886.31579415
428.371653278
3319.93198305
2594.5974619
1297.59353362
-454.512984746
-566.439978704
-275.45710919
1650.82022269
988.860256676
-172.575136724
-1535.38564001
-1340.32452566
-485.057448148
814.270119198
1505.22618139
619.731849962
-77.807039044
-389.713729573
395.862528633
724.714506187
854.15070047
-138.806469816
-1102.99861368
-1322.86458708
-455.652459901
671.547571952
1177.78936315
967.282037534
23.3126432275
-490.160743596
-410.793625878
218.842827244
472.280962089
293.756216441
-310.512106895
-700.166759852
-491.141566331
145.727394237
678.16482686
5802.86033141
3963.27323045
574.471907624
-2441.47857239
-4407.75803859
-3564.0668286
695.911041168
3038.02993967
2439.21313432
1223.2147182
-652.203809433
-450.787603831
170.428775471
1803.67780784
1159.62246966
-453.751863657
-1542.15896063
-1527.48098562
-585.634915449
1032.92973697
1649.90912017
753.27521481
76.7055306003
-371.520951476
125.192061425
537.798291905
757.618445905
-27.8508733366
-906.584600264
-1029.20120941
-411.480842691
460.07909918
1052.29111217
918.795556144
140.54184477
-277.934891322
-322.47244425
66.4180141945
271.314864113
224.169799167
-178.67385265
-489.380432418
-324.626157918
111.571445098
483.020559511
5610.14528158
3320.57091088
315.155987359
-1420.36414961
-4704.68320232
-3305.21597039
1061.17980535
2456.64752441
2455.81027813
1381.7353688
-906.018667714
-427.131729256
121.784698577
1788.47482728
1269.78303739
-582.70090024
-1399.19397705
-1830.81178404
-871.52418117
1147.48447799
1790.35396847
1033.01141591
374.884512214
-541.930190636
-228.674331092
212.430930919
664.756010554
172.045112803
-757.892860556
-889.487574947
-565.240568962
266.695052631
1110.97077561
1108.301963
317.088933983
-188.372641312
-529.846842322
-217.707662512
125.44393578
242.035292941
-11.7670497387
-410.675441615
-324.209229586
22.7334860987
445.571084624
5622.31783419
3527.77194403
413.72717417
-1472.75499275
-5118.58680903
-3528.3421253
740.905264572
2490.93445289
2827.60324435
1569.27019585
-658.284529215
-384.749201923
-44.4279711555
1545.58333112
1055.12652658
-691.84525819
-1418.3390775
-1874.99138686
-669.396193662
1201.09664521
1825.56545572
1221.52065223
352.328854601
-541.113008495
-201.132225272
189.083085423
547.855091544
65.7877097518
-856.78761048
-976.008434454
-571.595894995
430.209309251
1219.40211094
1173.89949015
421.078714533
-248.17612423
-591.259808408
-300.065635883
37.7791997725
140.466281105
-72.8651911423
-386.749590886
-270.39342963
99.6168265611
555.762746848
5705.38654277
4347.68969732
882.396627171
-1983.6103844
-5556.47625605
-4153.65270707
13.7788856214
2968.68477576
3545.45614139
2090.7560229
-17.5241804964
-351.987670036
-157.603256652
1255.16344542
872.642136416
-615.432642073
-1605.64492333
-2005.97660563
-537.19938025
1126.73264272
2122.46153262
1626.48779606
373.567282902
-544.314287917
-374.589712662
151.705706626
595.016680851
132.208713328
-871.841108137
-1255.87329196
-841.729816248
473.616539888
1450.01845936
1584.12097922
742.260488761
-321.234094007
-815.932682817
-555.2588838
21.765670279
286.759311065
62.1993480106
-395.11609453
-456.873575979
-37.033786837
657.904190537
6201.18119071
4921.47892204
945.732784493
-2341.58413184
-6157.24073996
-4532.82896906
-9.89727706505
3318.81743287
3820.16380227
2075.64182705
-149.932943168
-735.642268412
-76.1455253124
1415.98453847
1090.18271831
-486.760161031
-2032.18887757
-2361.02911162
-700.49593904
1180.03482876
2576.68447057
1865.04351327
265.637543682
-706.086129909
-703.281988242
149.140705377
780.059273597
307.298669456
-797.608264892
-1414.37266539
-967.277032961
414.24094096
1580.81750817
1742.09751179
760.002095622
-457.075745577
-1024.15871882
-661.637386953
86.3952013418
444.56397659
200.516771105
-393.047831984
-575.97362393
-131.549081988
599.938797439
6382.08265845
4811.35154471
355.95090824
-2234.4388678
-6216.38303831
-4404.35674552
578.473653195
3300.08771053
3876.10786308
1985.59813782
-327.10553628
-1244.70965594
-157.686213675
1484.25038454
1378.42588923
-99.8550856104
-2084.87579076
-2452.49642318
-1090.26983657
1083.7877749
2854.20360164
2066.94194394
537.548558209
-653.319229856
-1078.83037851
-101.236271997
630.762420059
345.186605481
-591.407649221
-1296.59884101
-944.253468551
299.831070316
1607.14216795
1829.87604272
887.049849889
-421.867839034
-1179.69377568
-893.864878748
-115.377685162
457.040038416
325.269387854
-258.100267648
-498.496580125
-169.95123434
566.19286815
6605.92229302
4844.33350679
162.631078082
-2157.78754532
-6315.13956269
-4379.43332593
831.823880326
3362.77761825
3998.77048762
2034.46138727
-396.4517982
-1453.29278659
-86.2921969361
1638.80926636
1599.66704109
32.885032506
-2072.38315458
-2587.52161722
-1377.71001364
1059.98042592
2783.51984664
2135.99599586
802.545021147
-558.100288477
-1054.40892302
-175.069431522
478.426321244
263.994710709
-527.717999956
-1134.09174384
-860.31518877
258.99007449
1437.76199297
1646.65204558
872.282846557
-233.087183451
-889.869729608
-731.939135123
-130.608692707
308.58346534
177.271245236
-226.272199484
-373.513132893
-87.1696953275
501.540310418
6292.21571501
4310.87377609
-9.4187546951
-1965.65697767
-5762.49404179
-3969.06838374
826.907606161
3086.54792642
3340.72005363
1822.65393032
-474.658316399
-1563.65224632
-66.4544375327
1510.81184359
1498.82273345
185.534195777
-1690.25443938
-2451.32695423
-1498.02786259
731.050694646
2256.85899955
2007.63886801
1005.275602
-266.09825526
-857.654056698
-298.944704671
274.483139299
151.390780456
-384.079272808
-834.89840286
-755.945482428
104.878435032
1101.9816828
1366.67768789
859.09232276
3.22360116784
-643.2555755
-675.507490654
-249.91988939
98.8997695161
58.5649775555
-188.670447257
-309.360918714
-86.291670714
416.423431622
6445.87087925
4070.87959118
45.9550707465
-1928.12266129
-5832.53445388
-3952.80666713
846.809437654
3200.6261322
3333.78225927
2014.17615403
-527.840753481
-1597.45055426
2.43548069889
1600.80529184
1621.32090953
286.995507291
-1603.06858712
-2559.957086
-1466.82988256
748.876103006
2214.5559869
2037.26916872
964.246273128
-311.477800772
-776.753522705
-127.372882961
382.044778528
166.910785373
-517.523078721
-1044.45964172
-870.948894156
178.934892726
1248.79370966
1452.07482705
839.459416369
-125.405733646
-718.503256561
-600.553600514
-59.4672108015
246.247806829
75.4321582436
-305.090452375
-468.355103937
-138.158829414
469.362570416
6604.91074549
3864.86782196
95.6073615818
-1856.65691535
-6102.42416159
-3736.25984007
830.610105912
3107.37058161
3375.34055502
2145.60194125
-664.778868132
-1422.88658538
-81.2398209036
1253.31581821
1503.07232752
31.886804647
-1356.42331576
-2386.83061243
-1136.4101957
801.19327569
1828.15135836
1771.37054287
613.455828627
-278.227228891
-498.267740409
173.395053705
424.873545539
67.2497979169
-793.94039968
-1234.20206602
-801.145050597
270.116714886
1421.02265342
1406.01416436
775.108076597
-250.860317292
-738.713159517
-504.502373401
-3.0915525132
306.34688159
16.6470972634
-351.364619134
-541.810549077
-127.214507628
466.674566441
6781.74858699
4335.29014114
238.200553456
-1639.38839493
-6705.20843919
-4195.1224555
579.993458516
3066.25141447
3625.22784324
2390.31032084
-628.171644582
-1369.90830348
-101.02732631
1196.83306898
1678.43785151
-71.0202942504
-1332.66820468
-2637.25407459
-1325.67264379
802.12119588
1901.30724086
2077.51964971
712.084372434
-228.782121008
-572.261369157
145.084385438
513.350407758
232.093176012
-717.985041436
-1314.26771395
-992.584373476
50.1646003258
1405.13260036
1529.16330639
1002.13931388
-115.989754239
-743.508923348
-602.910211393
-93.0909767159
312.674199403
60.534345742
-329.827816474
-610.272148667
-245.127864514
391.906715135
6421.67737255
4589.4998282
605.645843132
-1491.22588328
-6367.60576022
-4306.63858265
559.669195963
3192.22446574
3570.34560255
2246.08601654
-696.546837502
-1440.30436499
-9.8334162624
1572.83443543
1913.27653111
215.347635468
-1306.11950167
-2689.28930948
-1532.59937025
624.022832947
1912.7667847
2009.44719786
878.927308826
-166.178812773
-532.081322743
142.119037347
533.82488645
224.547012381
-647.608655237
-1190.40191263
-987.435153947
49.1672380195
1216.86453746
1404.03187983
883.014984031
-13.2704525795
-510.671762673
-394.292767884
74.0302152755
272.787375011
-32.7969572849
-455.934783637
-611.326835244
-230.450607726
425.819178678
6424.04242751
4758.76048522
750.662724113
-1709.95417588
-6349.73079575
-4600.82484048
638.022188862
3461.71336376
3532.46479795
2080.35443569
-1081.22178748
-1693.64579398
-1.21486141314
1994.5307463
2167.31090853
299.609846869
-1557.17036086
-3043.55955011
-1752.27123635
569.155289497
2074.09108289
1918.73043132
821.84490779
-297.548661538
-477.148533196
406.918993996
799.291939688
324.720567518
-892.183137063
-1483.74496716
-1257.89760669
89.475910761
1359.33580053
1536.82786538
829.809691632
-188.217524481
-537.488235625
-277.456427675
378.4498276
402.94098363
-118.122523532
-802.231958865
-922.948880119
-318.199872819
554.985581428
6624.67011329
4773.63437823
726.556821684
-2055.33474845
-6293.34449767
-4149.59439453
945.352049057
3691.18013091
3077.30244703
1360.49969951
-1580.72452985
-1421.2824737
625.080912855
2573.60595186
2289.00373834
-157.390322422
-1942.18164293
-3147.39944329
-1134.03678654
933.740540119
2167.19405003
1530.50672098
167.057268519
-475.134917322
-173.087419482
1030.78535306
1019.89880193
323.851636029
-1331.85268214
-1671.28946524
-1102.0136319
419.221520084
1521.55920975
1244.77419823
502.541286544
-536.156289829
-297.966939555
77.2960076642
713.271434278
338.04947018
-427.634181445
-1014.71919192
-930.655680361
42.2452279803
719.34803835
6795.05276879
4438.90492477
437.012338627
-2388.49199962
-6110.38846994
-3416.5052341
1200.5127763
3983.54561184
2565.90285826
896.533779629
-1778.61758059
-984.391016279
1196.73920357
2888.46666148
2223.93022881
-751.28093918
-2233.19306176
-3339.39112933
-653.508754762
1185.67451741
2377.34972636
1376.33227005
-128.599849016
-550.423076722
-163.164989405
1323.75989981
983.102795397
310.633288848
-1678.77802353
-1798.66793394
-1143.81442023
618.047286131
1770.9839243
1335.8211844
555.125103039
-704.824032018
-284.427342199
7.70976584812
833.247237885
296.216252156
-473.491218708
-1156.71650469
-1018.466185
123.942409653
856.41692814
7219.56045607
4571.01178498
286.793459436
-2944.42782707
-6244.30349358
-3420.39228611
1563.55200736
4278.0235713
2196.21905296
335.148795627
-2285.97941224
-898.422714853
1542.443347
3525.15244277
2296.00142955
-1076.63482647
-2739.63436991
-3525.89112697
-659.606977588
1457.23629429
2639.56460072
1137.12593057
-205.21609389
-809.750874708
-61.9400804976
1401.37982754
1249.45754817
379.594909197
-1635.18338713
-1778.64493293
-1247.18982024
555.473975871
1475.43426513
1281.590012
350.094101628
-521.748574572
-231.771973116
144.977843998
811.086191947
240.154242645
-381.39687808
-1115.45486277
-822.386113944
-46.9400303303
698.312186839
6892.18277625
4865.09883287
1.8086075092
-3063.56771173
-5888.95542368
-3502.0043004
2308.91786755
4729.78468522
2120.25349861
-360.130182884
-2731.92082164
-1175.15416949
1753.43620743
4244.34756547
2693.86853987
-1026.13393926
-2951.09828771
-3437.43073445
-863.383239487
1794.23540545
2744.17840672
990.061580881
-431.663041707
-1137.74175784
-109.30970667
1438.32574678
1720.73491872
615.824959695
-1445.22717463
-1891.3419153
-1354.35357368
381.662937786
1444.93188034
1333.55279336
210.715871966
-537.408231305
-351.697013817
300.23238491
990.90573044
553.622067765
-280.36772276
-1186.54959851
-984.502774249
-210.522856548
698.886337413
7303.30275893
5507.07322384
-229.825691015
-3268.94103323
-6058.80439902
-3509.50203126
2752.01177596
5155.22857539
2068.72908866
-1015.87359717
-3017.21624332
-1301.74020738
2023.19136482
4643.10598561
2795.11461416
-1321.18298707
-3184.9100299
-3282.11599829
-591.422630328
2110.31514558
2568.86482728
548.443778679
-1014.6219471
-1154.17541144
257.828153178
1836.36184238
1902.38321765
355.575359199
-1685.49009671
-1923.86718475
-927.885721858
709.483204096
1475.90132533
919.300786457
-260.353842276
-740.790893222
-148.992425505
715.619914526
1114.48751684
460.304437226
-538.060019279
-1168.52489913
-750.7985132
114.427625414
737.431783398
6565.21708273
4779.1742412
-731.612670317
-2875.2957086
-5183.47154303
-2725.5330655
2317.99343174
4311.38740491
1551.61504156
-1108.85907972
-1863.18993004
-638.330471924
1831.64781806
3459.72695402
1745.97817135
-1603.1766844
-2424.4431802
-1837.43833383
86.7886781353
1741.44876697
1494.94949869
-36.1506967847
-1040.54396736
-114.672675234
1130.33755613
1668.74232118
1004.5005623
-625.78727608
-1802.93442806
-1275.48860671
228.401503642
1055.01213014
915.840847445
41.5148238458
-611.001761798
-354.957895799
623.606914805
1171.74686227
574.254296333
-376.710818748
-1042.81175622
-852.997415657
-7.39963613218
701.02764448
611.849640043
6004.36160147
4472.39880308
-826.69105465
-2228.01417889
-4649.2544821
-2582.76364355
1828.57443941
3793.67597695
1356.01363273
-906.44843041
-969.403131035
9.61005174394
1937.54856236
2930.55918381
1301.86156604
-1901.48770491
-2088.70339478
-1174.71393929
221.701023784
1352.28484149
861.954312508
-247.016783643
-804.12304542
583.573566427
1478.45163404
1373.84133741
409.310204874
-918.407593164
-1587.20877813
-825.475324551
539.174345127
744.913932232
441.01110941
-168.440884557
-288.947608252
146.71810725
877.666787523
972.263873675
125.05325518
-547.1395271
-830.251127073
-463.908205386
104.685379426
499.427191443
262.413956847
5886.10815432
4622.21160966
-885.76715856
-2406.09629934
-4756.15529844
-2448.37912351
2203.33748635
4023.04378064
969.352460017
-1683.43426531
-1411.90545416
502.965549542
2502.25802704
2970.35045889
884.301736544
-2729.58237695
-2149.3237617
-545.350866765
769.913864004
1209.80348787
161.50367797
-518.223455541
-431.372925874
1232.38981503
1749.87184437
794.991416033
-551.81933001
-1058.57236008
-922.763829834
-54.2682907015
698.8045793
99.9935351872
-262.768752199
-322.495227503
439.707280565
851.491949548
754.438337165
300.341327286
-527.83586307
-599.666904445
-248.503047637
126.305526382
28.1751742045
-66.0339805307
-163.680006219
6573.89707688
5550.03452405
-1178.21262285
-3079.54450783
-5491.06789613
-2639.0349544
3117.88097841
4818.35040665
751.041068617
-2573.9696077
-1791.76667769
1178.03164085
3312.20227012
3408.24877257
515.35810562
-3730.54931914
-2424.32440067
-9.82095608207
1424.16061555
1329.83098629
-390.326422983
-997.039092544
-382.753387728
1853.52702028
2554.24722238
836.547159485
-1196.79379521
-1628.02773504
-1112.10809942
330.466712844
1172.47004094
156.001025933
-679.787714914
-761.649036806
559.944600927
1416.0111943
1288.17491479
407.211787011
-950.848927408
-1167.6947275
-345.772282374
438.944095875
387.81404278
-52.8468752592
-521.298739037
6191.67651665
5517.81997542
-1035.18726675
-2725.97016179
-4773.44342964
-2421.98973339
2711.51039352
4035.79742794
474.612607107
-2260.96158567
-1328.31777334
1495.60893024
2966.89120523
2825.98169396
339.7608053
-3187.78544622
-2078.48299575
14.5589682512
1196.68295116
1003.02203077
-431.990623371
-857.432075054
-147.787340096
1588.25162017
2216.50243714
756.955578815
-1013.39749264
-1339.11562809
-835.766000428
326.952401441
826.554725834
43.5802265352
-576.033961795
-504.103193668
549.478474178
1203.95259236
927.032234849
120.123712956
-713.310664232
-745.689087912
-103.021199576
326.949406887
159.628325439
-203.320935938
-363.498054696
6642.27148718
5346.88496228
-2348.60703318
-3662.64817849
-4032.89513058
-1065.0674049
3449.65677864
3300.20464498
-965.804446237
-2997.8834126
-592.289696492
3067.40734906
3359.54441677
1571.01382397
-1207.70089343
-3545.69550668
-1195.46526729
1399.86901877
1634.35430495
-47.9566384651
-1597.18412696
-789.772181796
1053.72592355
2513.38057608
2023.46590377
-506.94261655
-2163.12045354
-1120.88499719
411.374998313
1120.52735371
315.487641867
-1053.01972532
-1151.70873167
111.46883648
1775.63904541
1697.61902655
131.579068398
-1068.16506751
-1023.79118122
-31.5541972735
811.875295099
439.337695623
-654.251987069
-1049.6437423
-251.305598563
8108.18508525
5938.20996201
-3069.39471689
-4609.42400012
-4283.95382105
-162.690708629
4409.34460827
3298.48377835
-2109.95334476
-3886.29781832
-109.879726569
4313.34198171
3922.30479406
1122.39809681
-2027.23057531
-3740.47536274
-439.938013524
2261.52829802
1703.08284579
-1102.01100888
-2368.61088741
-621.002232549
1644.69433194
2983.88559487
1800.2198558
-1080.09724419
-2289.21660921
-463.924557424
1157.39849571
1148.12679723
-288.397419919
-1531.65959264
-1147.36351371
492.789568009
2034.0271167
1354.68744748
-343.995881967
-1076.98396812
-440.206616856
543.273618353
828.451409937
81.2530015924
-985.762709876
-1000.02517157
57.5890260016
8015.72391136
4750.77872121
-3819.72331839
-3935.67687518
-2950.73518402
745.042581804
3707.93178742
1897.68562278
-2911.51441457
-2957.45504589
1546.21258384
4293.42417777
2111.67745936
-675.077379073
-1744.34254621
-1802.28195658
1008.04854753
1937.62792995
53.118458587
-2505.64632524
-1588.70698633
1291.29907708
1951.42835542
1688.7364464
276.746530745
-1258.68319597
-934.041855406
1131.37603629
1209.68468707
-582.839650584
-1545.47517173
-923.298860535
292.489617495
1034.508696
1186.45394054
-172.222814197
-877.59412308
142.857877721
1174.44694134
666.512690487
-518.159619197
-893.377122595
-724.486673573
98.7921212177
792.036769965
8168.02422111
2999.96808778
-5084.97605466
-2640.1918147
-1287.98753938
1378.16920747
2627.89870508
261.07617408
-3541.37949993
-1614.16511291
3441.21733753
4109.27301124
341.763616545
-1807.68565519
-989.748334295
-32.0096800625
1906.35917682
1303.10620301
-1605.84024714
-3209.88549305
-305.188220546
2555.83571339
1695.46274304
470.696366785
-676.936881745
-967.429439789
443.422986204
2020.12353328
612.843880414
-1774.2343269
-1717.27697611
-65.437377104
1042.97923638
1026.63853096
303.913553647
-913.804573261
-581.938766297
1090.40574242
1513.64358718
118.159439755
-1063.64859403
-925.832245248
-216.659964377
617.883937512
696.51632925
7318.21342823
2010.75293642
-4749.31263111
-1643.7173358
-165.512380162
1602.25700673
1682.92009933
-657.211103529
-3086.88790984
-672.827351616
3733.93401095
3221.49007003
-568.698774679
-1610.24452253
-203.353891986
782.135352043
1364.49791123
398.218952296
-1745.17519663
-2253.39472376
589.268070571
2210.83639653
821.378656008
-214.951573456
-360.051538553
-64.3750422079
818.123509178
1307.52397872
-54.3336281349
-1554.72159094
-918.859599617
526.38038483
718.872241733
190.723722305
-166.527428547
-346.137346428
157.785823581
1010.82841153
809.593198292
-360.740438993
-744.402483897
-113.246811648
246.955243138
128.356668215
-74.052154184
7223.65715338
3141.6583888
-5102.5809864
-2155.26290662
423.251380216
1434.64715816
1455.95400907
-1102.73018909
-3009.66706309
-627.277321565
4072.40495756
3419.04436376
-1391.92916801
-1748.52773642
760.213932171
1509.96682482
927.996436668
-419.557120747
-2046.5069665
-1874.42564414
1163.59221452
2322.62175918
-182.651848209
-1081.46740663
357.241623751
1089.84600375
1093.52031012
633.883591489
-707.907825676
-1484.10251372
-158.302080522
1089.33913219
15.2626661526
-1026.26333165
-318.29300489
536.047478145
838.547880915
841.293395722
169.890196487
-604.051234571
-146.036335714
719.620936855
198.567313103
-799.712974812
-682.36890001
7489.4736672
3672.16527784
-5664.55029403
-1901.12444138
1012.90820031
1291.43099456
1656.68304204
-1301.37304746
-2938.14839706
-295.380638086
3856.09087373
2858.63202228
-1904.0431437
-1329.67195754
1468.47776722
1438.40861453
659.155327363
-610.944768763
-1864.08479948
-1180.64758677
1346.66677856
1699.60837335
-865.690555684
-1043.90545154
834.176913501
1185.77893753
895.109168898
356.723484265
-695.175861038
-788.246690692
398.482412297
794.798129288
-534.18478495
-1091.4134327
-11.152064808
582.167214903
499.237605312
396.584977288
-16.6757694176
-173.396071124
390.507998664
665.022826654
-77.5184887413
-664.567480556
-259.895731294
7977.03988643
2342.99222981
-7268.58339048
-364.977839915
2487.98192384
781.465163414
463.676839259
-2293.47439002
-1739.69569125
1411.1314818
3275.77029967
1094.05403118
-2691.15289486
311.716775421
3210.15189262
550.429324061
-1005.38710268
-943.958165681
-624.439377411
-61.052484775
662.567546423
283.106862426
-1371.80830381
57.5753538566
2009.16457369
539.306956642
-159.553325189
436.992998273
223.527380549
-72.975969806
-14.502885727
-20.6644357429
-817.693583225
-666.553977808
547.204859488
173.555808448
-264.981822891
436.91867561
544.804280023
242.789423971
313.632334717
394.233875636
-123.689622672
-450.609223104
38.8405014603
8442.36462225
898.9470112
-7982.90040574
1289.37901074
2925.46921603
35.300197936
-294.068809608
-2510.03231126
-697.340064617
2212.88218077
2668.98205356
-106.331424574
-2739.487815
1811.80230809
3281.32551567
-607.303323457
-1311.50071202
-674.118714866
75.528832512
230.450470239
-21.2582944739
-307.784258211
-933.498859971
940.567934513
1775.55364051
-270.328071692
-83.6928199252
706.525055274
316.058042227
-16.8771016183
-343.786284195
-279.240316762
-485.179585501
-201.22979198
348.592815629
-201.064981208
-24.6580229828
618.565043066
396.242704182
238.76164975
205.74846892
174.657732198
-28.6709432429
-243.769955634
-89.5292056373
8296.09799595
-258.801642357
-7196.51011563
3275.16670655
2573.83891745
-1466.53870074
-662.826203401
-1672.04126543
228.969600698
1621.09963956
1161.10354376
-566.953054767
-1389.58623239
3077.55328659
1977.35465994
-1863.21526228
-68.0658370885
466.313287923
-248.47483894
-301.540631043
-485.788952336
-412.379138262
-221.807032061
1008.04123706
572.051375884
-617.087007265
876.253331576
1114.1631381
-144.436046436
-74.0669736449
48.8447478191
-199.548669479
-326.002358017
-159.68586455
-283.52141324
-419.698494357
368.573674441
463.556759966
-106.56909892
298.521789749
600.913298331
229.66524006
31.7531150865
25.6608180978
-117.48685503
9341.07484456
-742.596519426
-8189.6946831
4753.70718117
2751.2695475
-2871.79646422
-1136.79184066
-1309.13546309
1161.72726104
1198.64570225
410.760697005
-622.514966152
-643.331395703
4043.89010793
1632.45851718
-2840.28674797
271.055970169
1456.53832894
-431.301240938
-983.986683589
-765.028917317
-425.714870354
334.684783471
1063.61799134
-189.857511633
-655.234271147
1567.86125184
1585.19972357
-438.597500579
-426.912251305
460.813195245
125.742394662
-413.607891434
-510.422798692
-668.26180315
-191.225711001
609.868724404
118.953973714
-409.537425958
493.991536084
1049.513398
317.398518756
-161.329126755
88.5020830162
139.673518035
9366.75281538
-2020.15830787
-7439.10170707
5699.6234257
2190.50040893
-3122.1212571
-1292.01101897
-451.219615557
1370.59072587
556.128140285
474.727118231
-1001.05978442
215.184770342
4195.93251847
688.824014884
-2766.39133146
738.509288209
1998.27581836
-876.311253386
-1345.46141786
-332.4164605
-290.796924646
626.658895508
640.052887595
-743.473881678
-68.4419729136
1981.8092228
1133.01101547
-946.151133583
-46.5198702644
992.706410923
-86.8592817627
-664.872739622
-453.098341761
-420.312754276
74.6550312927
412.034924145
-324.235066564
-257.541862134
942.793089055
832.613317633
-162.640239801
-26.3666652201
480.851918631
124.771392686
-268.547385275
-268.463145514
-350.426281041
-136.565542604
146.108228658
-154.469259034
-225.945927511
353.271712995
500.8976377
65.5433762919
44.8218150387
282.013540656
137.526757667
-59.8018101978
-106.279269528
-198.390515733
-157.007094451
-2.98726753094
-92.1514508337
-169.439315812
89.4504746687
237.303512385
82.3716038599
58.3536306326
168.451805265
118.301355141
15.2715196208
-16.1105961409
-79.5203008044
-104.009115714
-41.4287023836
-62.4252291423
-108.941236587
-6.86297106935
87.781578972
47.206803235
38.2911644446
96.6726925099
85.3953464473
37.3032308439
20.7543778184
-11.6290839611
-41.2155490053
-28.7517847148
-36.6313159655
-62.6634566023
-29.5319013907
18.9785000854
16.0496206744
16.0677470718
47.5599888878
9438.54281835
-2470.28343491
-6340.50220839
7701.41050888
931.536993189
-3820.7267036
-839.363481098
782.958741517
316.632976504
-1176.54883655
754.504413698
-1097.41427481
725.40909691
3733.50025166
-457.711491377
-1518.30684842
2242.5123301
1920.24834245
-1856.67212856
-828.077855572
830.354022815
-767.978298442
-429.466369148
95.7937358908
-607.116075407
146.412440866
1420.01069425
383.221292076
-546.787562479
1108.8743512
1099.83811958
-528.36718066
-231.541364267
287.286557375
-365.328790487
-459.388403615
-43.4197473057
-349.742339234
-221.550112915
503.931422584
240.439881492
-82.734689965
499.188582116
594.105152426
14.5510097779
8994.04347048
-2148.76067891
-6140.54860058
7720.75567979
794.25803452
-4014.27932266
-1074.79033225
1161.02927691
796.258457161
-1671.03276757
879.64577683
-350.471208372
1145.55033445
3315.30740668
-893.234275712
-654.626488933
2408.85434073
1443.155736
-2069.53448151
-801.439838872
1437.9322462
-944.944212111
-883.285472376
205.136286332
-58.455593453
455.157244286
834.053741228
373.832685678
-13.1451809182
1301.8496915
805.09833539
-843.28903671
103.955978629
459.304325685
-526.465062065
-732.744204673
-36.9495307303
7.52916947036
-264.943869398
327.282888424
203.565199051
187.943426327
701.351012013
368.820242582
-17.6057879544
9860.9199716
-2821.03101099
-6654.36546253
8595.15345281
755.71828033
-4446.38872588
-1163.81273782
1434.65422675
801.041508546
-2007.53066201
918.145004312
-517.943890707
1724.83108384
3267.20191087
-1553.36635122
-186.983840624
2793.22252269
1311.86767182
-2549.27865995
-532.249377905
1583.34528865
-1392.17969304
-633.313545182
-164.931316728
-227.577497059
911.683903349
712.615298738
46.7152141625
112.629342882
1823.67660159
525.253059246
-969.464855595
453.359948009
247.536866854
-505.91480579
-648.874704201
-282.689093324
-177.691310462
-30.5736200159
353.368217042
-218.440003198
404.77254383
922.857227404
197.909724522
59.1194359447
9403.6978756
-2811.50801583
-6246.61875433
8067.78098921
881.677575268
-4471.45840824
-1076.99826362
1548.32423795
195.860350564
-1761.06998094
993.586050432
-998.005235091
1935.75252992
3226.48637546
-1747.29464804
-154.867997513
2750.52809344
1208.3168622
-2413.5070989
-343.194487156
1155.38880226
-1371.53047637
-206.649734091
-466.099437556
-608.523990768
1021.23995113
903.126182687
-210.301491523
-86.0798194028
1891.07024799
564.589436701
-842.674958222
356.715123996
116.958819722
-346.510587611
-473.730011875
-423.577889544
-395.768758506
70.5314111473
435.802442863
-351.055479189
213.78475775
924.339696425
334.654268607
15.1420609044
9371.93640711
-2534.63522846
-6274.57974565
7885.4771697
1167.58172229
-4409.26452365
-1433.21909762
1643.45013179
355.675773081
-2134.66753539
1006.82025964
-941.69865064
1560.24410093
3354.81611763
-1510.45104942
-341.549029732
2687.15443282
1518.50594218
-2255.90926508
-624.270702779
1318.09446592
-1278.27766225
-461.82123683
-381.138657258
-602.359263527
770.02172853
877.110022651
58.255352794
-242.197915422
1771.02775361
941.781438608
-902.076065156
348.430804823
329.700580111
-366.766436639
-555.776238475
-363.168419241
-317.473942031
-214.831832869
417.144931335
-214.093101747
13.9645753386
937.403336352
415.126966507
24.0278264507
8576.66236314
-2199.80407237
-5250.89943505
6778.27498896
1216.41750906
-3185.69278062
-1669.1488345
741.751193908
1073.91590803
-1868.89187538
708.874600346
-725.405427081
884.053362881
3298.88013952
-618.892854072
-575.332496741
1844.0525483
1738.0873454
-1130.47566382
-933.470653806
896.953349414
-970.134094028
-212.627292385
1.40940920011
-757.389221542
268.265005953
699.875886279
733.40895344
-155.279127434
605.432204766
1108.53391057
-235.191455915
298.118173899
100.658562811
-466.561962158
-177.115568584
-114.411760876
-153.443446613
-508.50215322
84.8525337521
359.196527713
42.7968762723
375.125128575
207.751634684
244.071054787
8180.50971417
-2007.47746117
-5050.48406965
5705.8828833
1823.71681057
-2036.77175691
-2211.04374223
-376.906422634
1972.41710379
-1178.50308929
231.790940993
-887.729357267
24.7756298127
3507.90635398
520.059862618
-1144.73335618
432.197103436
2096.283899
510.920811808
-1352.65957301
-125.388191647
-637.346486441
282.527459382
380.840132895
-1107.95184368
-511.281739835
547.882310882
1569.79760207
58.7005390476
-690.395643477
993.614412055
762.673193098
422.919125412
-296.609081389
-702.99137716
74.201398948
207.20119891
-20.1120513166
-901.633087306
-486.705863104
755.037615794
417.401589043
-100.99047352
-189.196405219
425.467158923
7475.92530196
-1181.22544111
-4393.8391023
4193.11328204
1972.08586269
-869.783088773
-2235.72834341
-1094.28109997
1616.50218942
-520.905265191
193.247987956
-1171.09491107
-533.363275377
3006.40784844
1230.5939499
-872.968314973
-292.3827211
1745.91834367
1237.28996964
-813.150635718
-616.880821001
-637.676223091
340.923109176
463.762179209
-854.312165451
-884.415857921
153.36878775
1427.02730629
333.043802535
-668.290849058
416.96761887
846.901165885
679.335468721
-145.166798216
-554.990211642
-36.1904936524
274.998051437
135.318666214
-674.72905697
-579.010588292
355.046466495
440.218897218
-28.129138624
-274.381123674
194.317315477
4173.24023612
-19.3845063185
-1885.01379273
1626.37923818
1122.23620502
153.570915547
-1047.93016611
-666.003317286
603.132793326
2.78543762111
159.294445513
-722.002833848
-291.266408057
1268.76216129
685.77860591
-162.215199527
-75.4853985489
670.558204223
639.561405069
-64.6991556927
-179.487059298
-189.265116142
185.079387188
216.749618388
-199.377178288
-307.546543874
11.7940675241
429.377186987
169.181580725
-120.978454424
57.0458561962
259.285011105
267.184684957
13.3152769455
-90.2755309577
16.3880911361
115.021525933
78.3514178542
-110.133074129
-108.832778707
57.0903147304
108.53211321
15.7181401599
-55.4896686719
42.0370174084
1913.78923929
237.248287456
-603.827178469
593.068426276
533.296211572
187.090730661
-270.908026501
72.49851403
414.340601106
132.915903072
24.6044256719
-121.724597807
131.571003637
454.379859756
95.5360038668
-13.9301444196
186.532180691
210.382575449
126.334507807
-19.4981386374
91.1050305804
142.793328227
91.1976807875
47.9247942569
8.34804109987
76.9107815435
93.1767268747
44.3474228736
26.1609906931
52.8678941102
88.2227351591
60.9169894571
11.0257073924
34.4088107191
80.8763644457
67.9066474735
10.9447795384
16.0338151937
57.8431629202
53.9474676346
25.3860282254
3.23032672005
33.6351384851
57.5895270024
32.6369565513
1374.41427935
148.194470996
-443.750388318
506.752949057
332.045158854
52.9606339254
-147.254590554
245.530694848
304.862202346
-40.2974671285
6.60192977565
-101.281528106
72.9492093752
347.284957532
-0.62487585578
-43.619627748
113.273271596
220.381140801
72.5025840704
-115.742991632
152.350954717
175.151556957
90.3786821832
1.53364901665
-69.2831432317
98.0037594833
99.2597000875
8.41286358821
-27.5578446187
20.8049032158
134.452730053
6.18910633922
-58.0488591678
25.8603426992
80.2388123735
103.06064874
-20.8897282255
-19.9969107087
63.2189330225
53.679825322
18.8264044545
-33.8645736837
29.9916537891
75.0644128753
7.90327290577
1236.11592637
200.327148359
-272.588254782
473.063828998
380.704526388
92.6627149278
-95.2362800481
314.059432912
231.636137476
-66.4763822497
42.2701014497
-194.645441648
-30.4796622443
342.752623355
-4.45904386339
-29.223596159
64.9777467803
205.227781492
78.5135564282
-82.7828121535
169.660415882
141.434841391
152.572915654
79.1115409883
-87.8341304906
67.2121552969
108.277510185
25.0559546255
-15.8091345538
-0.242863672257
116.3240693
1.47439575886
-45.5086547084
12.5473201628
18.8492198955
93.6546961206
20.6265353015
-13.4286182696
32.8799723858
41.9806829021
48.9747345906
-11.7566582026
14.8182160415
68.5295945953
25.8135294406
1158.37646528
189.608084494
-227.680147053
421.623479709
407.731063771
156.927051106
-45.277478117
276.202596779
199.704223186
-17.1560496427
75.656139448
-229.652800176
-114.227169947
289.596312661
5.05711542557
-84.4193360003
-9.40629970121
172.673819544
84.3993862119
-61.5086045649
156.904760173
124.983388941
140.974380779
160.354183752
-0.90015626717
42.5433990554
109.493320207
103.733364428
5.26228159465
-39.51776504
95.5909358539
14.2918598421
-57.4312868134
-7.52758438223
-10.1130517757
19.3132665895
11.1559106119
8.90492943506
-3.12898145126
12.1271486167
75.199017046
22.1191315009
3.18689253272
65.1879229338
57.7868096334
1104.03250504
292.313574149
-235.807076154
338.886467647
450.57969254
303.403316689
-43.613471711
238.934929404
213.334371146
-47.8664901371
67.0176452997
-147.347701086
-156.461371016
123.931031861
41.508164145
-94.9894955693
-61.1393964821
104.617198353
76.253740525
-47.1531569927
159.028570712
162.571433303
66.6363381531
162.066762183
119.897225338
57.4232485339
61.3410706958
127.718009023
59.5406300577
-38.5037679041
46.2297089433
32.7421350024
-52.6983639909
-28.3198327042
6.45395098715
-24.2265284857
-15.8228833492
19.0718409467
3.30422481751
-7.62598247345
42.5589054366
49.3686927895
8.1489010436
42.5274195767
65.5150483437
973.109173804
405.208362038
-147.717998368
231.102516569
429.357513977
335.43589497
-2.94044748208
289.830088685
213.720397564
-74.8452266273
23.3068816833
16.0481259581
-124.573168523
-18.8791530543
48.5914806304
-24.5257506616
-14.610599248
23.149286949
29.5459515064
-41.522809216
139.217850925
172.37106494
46.2959981668
119.72644207
151.798919331
65.6119091605
37.3719362014
121.768774164
96.9425899194
5.49660262149
29.7887823578
56.6785973452
-30.5188964763
-37.5766145601
11.2368305072
-12.8720839754
-20.0099506441
8.49110156762
6.51861384908
-21.6270112277
4.21070378222
35.1067569698
18.6152579712
29.269736247
58.9448643745
939.866400094
347.486424456
-113.386715055
192.052632529
381.564673309
229.033296585
85.7509418602
424.504709885
131.946532273
-123.701177843
13.8165512489
69.7197296948
-195.523375049
-35.928459441
77.5388486546
-25.3921589279
-70.0179761805
-12.8585472203
-26.6982183145
-117.833664262
139.324362672
168.258623598
85.7353391583
86.7887280898
154.525533086
42.4647933138
31.9698141677
146.527716235
130.672451973
59.8295465593
58.4310188931
71.8884689433
-58.6732293006
-40.690898661
-4.65361601425
2.83229552994
-26.5030405102
11.648468672
-11.9779728845
-65.6914467272
-34.1260459162
-3.30157488477
13.7506852334
20.6162985342
67.1673535923
978.121160296
318.869962448
-108.306767143
216.85633588
400.719688225
168.634450118
158.287536324
534.988206058
139.307550295
-84.0874797603
51.6395360381
48.327623582
-240.894085259
30.1721848058
126.021420234
-14.6779267059
-91.3471760042
-0.362453667575
-60.0481184527
-148.323072046
118.28508986
134.510628425
104.106344906
89.6811875893
137.324897346
9.52469435206
24.8383546241
108.767808855
113.953505335
84.2534787728
94.3635012553
67.6614653917
-41.8373845077
-17.8531850764
-13.6095311848
10.1204509377
4.13387077193
43.5045005214
2.52679384875
-28.8177696568
-24.4512097217
-15.5539480446
1.31988435156
25.070699862
54.2352884027
920.936816558
358.879431315
-68.5487642041
183.231453282
363.85497322
103.504791521
94.6113671564
496.45658359
172.444970901
-40.7466006052
47.3849010384
17.9016312629
-244.888397805
32.4064919356
131.420925611
56.8109415895
-21.1115053224
50.3077631688
-20.8698705386
-106.203219712
99.4224201967
110.121889732
152.212104611
121.899346727
131.214873879
18.1040004457
17.9079213593
28.0912871253
53.952537065
79.6281476839
79.0874952839
45.6557681862
-24.6049051221
-17.3234071511
-66.5975837142
-5.24986178435
13.5173010518
51.376362124
26.2114585057
24.4427114954
2.90351072836
-23.4243680411
10.0734798946
27.6400535471
57.6425226421
959.626286714
439.487187077
-26.8627607428
162.430280124
306.473621671
67.4944147948
69.9167757317
506.841563045
169.53973697
-40.1887860157
42.5600893434
-1.36359355321
-288.978770217
-14.6056213415
116.660352626
92.4293448929
19.0222458073
60.1943848889
-6.64358241026
-135.344925646
77.8707648064
88.8393578311
184.605488173
134.052465346
157.433888939
35.4599810255
2.72442843328
-1.17371726776
32.3414082014
87.4489404061
79.1506568746
87.209310219
-12.6405960908
-9.04614661443
-92.0882517344
-13.5223008401
-9.4597628806
54.5577793372
46.8113952986
33.5781312593
9.24196973996
-39.2994996464
-2.5451258924
-9.08473044743
60.0810987022
926.700290033
428.984998008
-0.787169274496
150.941153278
247.983521961
69.5288961219
108.090019806
482.285796139
181.125469245
17.9529317408
46.9093588792
9.50804764836
-253.792173651
-12.9355781401
106.952590976
83.5112707535
50.1966720047
65.0806242072
-18.2133651868
-154.887312518
55.9265284445
82.5520347911
152.063612073
132.207753225
173.140164837
32.7782577659
-10.1318578004
19.2622702746
35.0226454937
76.0320188241
93.7740696723
116.010453258
-5.61827389961
-10.8156353342
-61.3823909346
-26.8633879505
-16.2402377859
56.7703318558
56.2566901101
21.3837715111
8.07291239596
-30.9382119637
-18.3898724836
-11.8483565145
57.7795040259
906.514243901
472.00456923
-8.06403667849
116.031108339
267.292645315
90.0956405856
124.388008626
464.344740934
215.528651841
35.4016043091
38.4068122278
14.1124118264
-254.413692883
-34.0529358017
105.544154066
75.3111828943
60.3844740035
64.8777775511
-41.1983671684
-160.276945843
38.3599959925
82.1821796161
126.198763386
160.808247903
187.543654131
32.3195197656
-5.06974378172
20.2520021085
18.9722816478
66.845552664
122.062409183
124.508477881
6.58490068504
-5.75370939884
-55.6898689678
-60.4140626933
-18.1930927042
54.1843800896
54.998270248
35.7469002116
19.3867031226
-32.6244983548
-45.1694924691
-16.8316731718
38.5477299891
832.053580864
525.905254063
37.7847272642
105.520607331
250.124800813
111.159234596
89.9206502473
388.58317404
249.339915108
82.0699711258
83.0976055097
15.5601754059
-241.744404694
-46.2715825992
62.9255313631
83.2435912387
104.918093371
89.877970473
-19.8271698595
-128.056103014
29.5344530956
39.7682758078
84.3400772916
171.014577466
182.290734341
48.7297179729
27.1732577488
-3.56555292514
-17.1267853175
31.3527222846
100.54444122
106.500051035
29.901389424
35.6401116116
-47.6829510481
-60.5830980744
-20.3285886693
29.9414633213
39.3327924028
62.6457034137
46.7219305521
-4.86969775586
-26.0070952215
-13.6303628507
10.3716830691
750.087198707
514.242451912
70.2342359266
89.535045189
230.198151013
131.700921254
33.2871034406
285.47771299
215.42634686
99.665694042
84.9928350188
11.6067085383
-200.602406366
-36.7911777111
-6.51408470691
61.225518786
138.800506481
120.655791424
-3.02399295246
-74.7313736579
68.4156066805
5.04917621782
62.3317108007
163.134294558
176.684628416
60.1527228274
68.6432438227
11.3203791594
-37.6899916223
4.98610159148
67.1076309121
75.3664939812
43.2000028871
65.1269053499
-40.3314970105
-44.689877809
-22.7938371369
4.68229045813
11.8439402827
71.1167015624
65.6797141083
12.1495970192
5.629100971
-4.7590019136
-9.59080905767
716.777439038
499.633136875
120.681618641
103.259836644
252.065762646
139.052056623
29.8286733714
263.836067258
179.591885018
114.066775357
95.5955803695
31.5548143486
-150.398913895
-49.0593435045
-33.3637143293
36.9372711279
123.834110428
120.359485209
5.50943167911
-37.9094681436
59.520652205
-8.13804274952
49.0382998042
130.123929483
154.502792016
78.1618596268
80.0803078922
32.0997950506
-24.5515988746
3.27886446163
47.3251873568
60.129689146
52.1504892781
58.484820604
-14.0206362171
-29.2591084345
-24.1394330153
-9.82820452138
2.35939487637
46.4102584692
51.1575596057
19.1500615882
10.7611655815
-2.88238736147
-9.43412843945
594.211036227
406.730901747
143.920457119
109.600913536
217.906182952
125.035714647
81.3533715196
217.939137999
138.985544719
122.665961609
92.0904409078
18.7890127961
-102.782770611
-48.9565751504
-38.5917874036
29.1963844718
93.6023716861
80.1707150233
5.9980104269
-12.5056419529
18.8884685131
0.0585883974321
54.8434543886
98.8421174148
116.923704496
89.2570936408
71.0783408716
23.9670173177
-2.59700224561
12.5256083661
32.798046776
53.7506840132
56.7484845899
38.036583575
-3.85090052841
-19.4587510378
-25.463485712
-15.0594014777
7.37078650675
30.2503201739
33.8295559522
21.8721655161
7.63349385606
-7.96646007451
-6.85756968704
625.044807742
431.704433016
227.613577248
129.193571137
150.973366208
57.6986523901
70.7299635376
150.47305078
114.682454784
141.22179334
69.275476402
36.6437078181
-65.8363857889
7.06070155066
-10.7231031472
71.3224438044
145.357494337
109.367449549
50.5491811953
4.10450761784
-0.845251903783
-41.0434377059
23.5093088043
39.2409126934
88.5076713832
79.85888581
72.569152873
40.3731985338
19.4516221528
38.2465643669
33.8545390263
66.8211572755
57.779569052
49.4972582349
0.486176298642
-9.48545724569
-29.893975009
-23.9486083605
-0.950017083475
16.6043681474
39.1288979743
33.1094689016
37.6691575769
16.5707919798
21.1299038679
13.9482696616
21.7207254574
20.1903268551
18.1000385039
9.73674209031
-5.37271189557
-5.70072281415
-12.1081633481
0.637314311523
5.27388550683
20.1249208377
20.2874914499
22.6233219007
16.5738513235
10.5146427607
7.59619223355
2.67145479587
4.52309654691
-0.0668076942777
2.15296140305
-3.25109662589
-1.482511487
-2.76968304917
1.39420934914
4.73765350645
8.51688742369
11.7957991158
10.4284823297
10.3667287058
5.37663157216
4.11969554083
-0.0579233273728
-0.0494412359989
-1.74402730245
-1.04092719899
-0.891365187498
-0.340587241959
1.16915897327
1.7100035169
1261.59144813
1028.7596751
744.217342852
179.029554817
-563.036359742
-704.703083123
-284.438078098
-4.02769521764
137.090608203
285.549623696
-33.8098794156
20.6822503259
-90.4225079552
341.014861421
439.248198076
497.293153416
425.599523233
24.1132365862
-253.250117751
-261.957917625
-207.987417123
-161.203118485
92.0028148098
-43.0913565229
34.669515666
34.01037636
156.86799506
231.55884772
279.994847858
252.330512965
75.3874181374
-58.1039290962
-130.011325539
-126.335308327
-136.088994382
1.86362401804
-60.2725906252
-18.2275958033
17.4100631812
65.7705762143
132.944469456
180.59915451
157.570686135
66.0237957961
-1.76893917879
1204.36002978
983.642313635
712.661773601
195.152150773
-693.343769018
-769.284151375
-237.689621388
66.2580644154
279.443717969
313.688441959
11.3263243637
4.75579701552
32.9496633852
428.636171782
483.784110886
420.20198068
247.834745992
-180.900393672
-334.706932441
-199.408518535
-114.616095247
31.3855896514
151.58900175
15.6611546057
55.5953446036
86.5967678643
193.036460079
236.829270494
212.670732916
105.916985907
-53.996184202
-133.689296521
-110.849922579
-76.9868767697
-12.6816816942
57.0562496201
20.4685960433
49.7908164708
67.4203553625
86.5494296551
109.783148264
97.7170991806
44.9173676947
-14.5901700222
-55.0070636258
944.849377838
674.493430876
661.913473767
263.371134201
-390.205824369
-331.793147906
-72.4507934803
72.0834511447
182.164283654
60.10801602
-68.037660663
-2.70213074961
204.225886733
405.27567904
403.745797296
231.298949892
64.3556433687
-130.634658682
-110.90843781
-17.5867943348
-22.1435213716
11.0174827029
-0.482154122825
-5.26434490332
99.1060754447
151.984959476
183.322218882
137.992727583
71.9172199706
13.0211392641
-16.8623866744
-25.5568379434
-29.1907896539
-38.4719001322
-20.437213549
13.0840070036
48.2579665917
77.6648114384
76.2763541303
54.9764265533
42.6028605508
30.0590547222
21.2972981233
5.32912584812
-17.5923603724
829.659459274
438.211999788
495.444267339
191.6812617
-243.024833382
-101.080398271
29.5221921619
31.3417244113
23.5276320401
-74.7923338878
-56.7168225708
61.2579527806
330.186118804
304.377723337
241.943205714
60.0796643701
-35.3985851482
-5.02287665771
39.5154336088
62.8839140731
-34.1636250496
-88.1097446553
-52.6783361967
42.4788969693
162.5714881
174.823772218
108.722151954
13.6396888306
-1.88956426541
43.1982686978
55.0114696053
55.3884674578
-22.6644333339
-82.5233295005
-40.1957116053
25.8498045939
83.7620132055
90.7087247266
40.2012410052
-11.4283051743
2.47002466066
42.3939688875
55.4930150079
38.7318275284
-14.0106714771
902.912563252
259.685929796
423.081445265
18.2844917515
-374.073156111
-155.416049639
172.94567933
56.0570962562
29.884120162
-45.7447289236
-124.430720939
53.2184806805
467.296358167
269.775004086
179.952133209
-5.93828764343
-171.192534112
-23.9888801818
79.8891071764
128.553973584
-62.216236449
-98.697916863
-78.7789406716
23.2980137473
198.473527783
228.746198182
79.6065332769
-33.470658103
-31.0756357734
0.961332584346
32.9990584884
110.836536353
-39.6562222689
-104.594069497
-32.9434792426
5.89360265741
78.0566167869
130.535722429
58.4921417092
-37.9573935156
0.978851985109
21.7523792356
18.9484028827
54.0179356732
-1.19240238242
1088.9888542
151.878105768
553.41876446
-160.504637031
-497.936886671
-252.221953294
191.416328416
64.9621874649
55.6033485028
28.1754835729
-123.497782089
60.1309817434
536.128819168
202.562469711
128.794380973
-20.5657553429
-199.813731436
-68.1771778152
73.2754400009
124.138376695
-98.3572161296
-3.73174857948
-22.5246376085
6.66015992451
185.574543923
186.569892508
35.6909320448
-9.41885149804
4.66351258879
-54.1816691851
-6.15292102893
94.984922928
-47.6788132243
-36.5494206858
23.0448857139
-2.87557115728
40.1076154088
107.458774884
45.9197218376
-32.5158177515
22.7903798692
-4.31411476589
-22.8985424414
51.0235906431
9.3340861705
1193.1183097
11.5128512665
598.101906379
-430.843674948
-407.19746433
-154.718626842
154.83540355
93.2853463361
-29.3533673732
51.7992015298
110.294402613
209.566273272
396.943628104
27.2370348843
-160.634609996
57.9221169071
-115.664297921
91.7971110353
-10.4499489096
0.00949279115538
-6.77399486222
137.256461767
130.152168816
-15.3697984763
-7.48521369528
32.0390553503
38.3058714198
64.2564794525
17.868057037
-135.15892668
39.295522797
75.2330459563
113.474329778
4.00877682915
-55.0822437471
-41.4859896257
35.9589678163
113.613017914
10.8222825634
-73.9815203494
-25.8212473715
44.1301588478
87.0997316645
63.1050513161
-68.737984721
1282.44595851
-237.002093905
596.645404892
-710.689614335
-373.485016309
63.4753120105
307.04450741
251.50640555
-157.674376349
-80.606636952
158.228075184
369.818355384
394.33738443
-109.198265234
-468.354389141
55.5868007489
-75.7362730411
377.251577526
-24.2125062069
-118.222561505
6.43256834904
192.412819289
275.776145601
-48.9621809547
-163.32181301
-136.570381048
61.9048395511
215.279196643
27.4260088995
-178.363020134
-1.48777722592
80.2119026309
276.362046473
43.9173051264
-156.29713314
-174.621378104
19.3852541248
196.079518553
70.0655403033
-70.7277932964
-133.141185981
16.3418942073
191.484657007
118.637280804
-76.750550191
1184.38248046
-302.972342943
517.600943824
-739.152784333
-324.633260712
65.8013968765
439.198547323
358.31214413
-182.16106178
-73.6860024203
0.0824225460341
343.381044671
428.458572145
-135.521283086
-407.536911315
-93.9695976538
10.0708965729
384.840700341
133.877528161
-83.2415064921
-115.527743146
119.158727751
232.740940682
32.1681252916
-78.6985365326
-197.22614225
-40.1496430682
203.433413409
136.221846792
-21.6611370617
-44.4346038742
-32.6758073044
107.747694009
105.183148889
0.491904825263
-120.987196404
-51.2796155663
57.5857964478
74.6088454647
70.1692384229
-20.2097322073
-46.7388160677
27.7877624682
48.905922056
16.2966401585
1117.46259177
-128.335632217
265.601571113
-725.365992704
-259.697617415
22.4731752082
497.07242046
235.555103472
-212.433117719
12.5608151882
-1.59637063654
376.944606984
274.981293643
-131.689687598
-351.243950328
-119.3477953
99.5993348356
279.083688335
166.721206788
-29.0212820382
-169.875176094
51.7210663474
118.582508041
112.489642389
2.03740442908
-121.943099047
-97.6534947147
53.8083042169
174.353263436
80.3891813481
19.069128265
-102.419710149
-55.9149051236
33.8679985322
109.661415548
34.6198162645
-26.127024809
-59.8254305287
-16.1106934769
66.5951671236
85.8956471807
17.7950772132
-46.8174396177
-50.4051644194
-8.00211550623
1045.62730215
7.93777764935
287.781571545
-598.622825983
-245.381220367
-84.3589057422
420.627608572
94.7700841547
-129.155087488
-1.1862861313
-37.1641972903
367.244015773
202.653068905
22.4765317893
-249.498975363
-64.585259553
-15.1988160943
201.975166771
93.1071956387
-4.05339670061
-125.074829661
-1.81305900036
59.9240814746
121.344716278
66.7307831628
-53.9199803595
-38.4929257899
-4.65171269678
106.920219906
59.4417884229
29.5444267725
-89.1751298387
-50.9914329623
-0.0564283103438
62.5467018006
63.462754606
13.199416532
-25.7979454648
-13.3716891055
35.5454885519
42.6901301143
36.7094836653
-11.0299772009
-40.7954646665
-22.1768589048
924.890071234
-77.4349428918
330.562593106
-486.848811481
-101.231131054
-86.6894174666
346.793079446
-47.0715530096
-80.9916374624
-47.1306001077
-52.5959402057
304.251957488
174.256344718
85.7893415214
-121.921506608
109.196204039
-82.2126806825
108.013028135
-64.1959346455
-101.209153326
10.3008753775
78.9914544583
66.7126816923
-30.0688160902
20.4536699644
-49.8727428694
175.797738289
104.146212251
22.3343771303
-98.6727339104
-43.2649813568
-37.5392274122
62.157596146
34.589328193
-80.9963736468
3.64422019879
28.115081715
76.5228352267
30.3387154922
17.3605118107
-39.3972212995
61.5650993651
61.7797791791
-25.4303119601
-71.091131119
923.065357731
-223.197332991
414.661081518
-632.502782271
-21.5140291669
-31.8791445323
460.547661272
-52.6346835092
-115.719112296
-165.812655849
-44.1775060418
346.020303979
225.838835799
76.3871498336
-163.268762074
139.802381342
-66.6024613807
155.895163208
-132.370398724
-171.233868468
0.15982527413
133.89981617
131.875175334
-53.1505400627
-45.2000957499
-78.7134308968
243.59848054
190.137594926
45.6108458819
-176.266443868
-125.060888016
-36.6401049091
136.414012767
72.0261653928
-109.336233696
-88.0712814076
-3.36040129357
140.957031712
116.418222176
31.7367607457
-88.0763907736
-1.00138222249
65.6110883523
51.0988845781
-38.9494571782
884.790227566
-297.685157114
390.242783821
-700.882077464
57.8825137297
-22.223690816
419.407600141
-80.9911021799
-127.804810423
-170.326037541
16.4552881531
327.670542048
161.452340404
61.9565433515
-147.294689434
79.5955395703
6.10201661517
132.926859113
-108.258632292
-146.210371187
-52.7707990487
80.1547179913
129.065063843
17.0988677043
-39.9074506265
-55.841870832
120.40075405
133.436671918
72.6518975104
-78.2178392415
-103.556225731
-48.9806207738
68.3692876273
54.9633052252
-24.4024575032
-67.685243549
-31.9324575746
64.4230510167
101.388841203
53.672465277
-27.758490376
-37.9140442067
-2.50466970838
41.7176362031
25.9329608371
788.958409417
-181.046410238
243.769536265
-542.054555195
11.6647582639
16.3432419153
330.827471953
-53.181311153
-75.653728534
-109.007235271
2.54287961728
248.698319588
132.693369165
8.1955286891
-61.4873520579
7.18463797673
67.1545294332
113.523593839
-14.8117381956
-142.525629211
-47.8277138505
22.5651084779
111.765008328
90.8362500149
-17.0103628996
-72.029968214
16.4102308209
63.7643514362
78.0886105638
35.6741185008
-54.3767819268
-60.0058364953
15.7287355673
31.223941853
34.5115348532
1.20590491833
-36.5254192292
-10.7066331132
45.251818529
35.3485476612
22.311516871
-5.99660151584
-29.1049889515
1.44483794737
29.479685888
712.06083302
-100.010465918
208.182389713
-434.425119627
-71.6798112703
19.8266005495
322.3042124
15.8264849065
16.4117549955
-127.034909536
-80.4440351976
140.133536243
145.158761408
23.6680344312
-12.5178650422
-54.2241825244
-0.401461117509
117.93659681
62.2603423716
-59.2833596436
-35.099746175
-41.8164959752
54.5848340654
108.518186033
36.9610115247
-51.2839067457
-31.5167855295
-17.5395238195
47.8652200613
80.0592230447
3.79460832171
-35.0192061928
-21.9835533263
-1.3472115522
38.3087538214
46.7045479041
-9.02645827167
-23.9470817328
-3.10923643944
7.04190938014
34.776811755
19.8342642374
-13.0026360449
-18.7936034398
3.43342429234
634.543867509
-66.8169656669
213.439485184
-393.718627805
-79.3871382904
-31.7088255541
294.959808661
51.0843192872
65.0953921687
-90.4964278096
-66.6253440773
111.79161301
72.7130744793
56.3853183852
-39.8551455231
-14.4160834285
0.713294111178
86.740402059
46.684005141
-35.5361424477
-3.62302833188
-28.7015229333
78.459151475
34.6359857683
45.1640852732
-50.6638377113
-1.78498040548
-5.58809419306
31.7040103153
36.7838175654
-1.8919064013
7.74458766901
-7.16154632874
27.5361207424
-0.554595937918
21.2742954619
-9.17914520408
6.02135556058
11.3289567693
1.24017681173
12.9600324295
-5.99275582069
15.3104825648
-4.21350257966
17.7542174181
521.165289191
-36.6551138413
110.045907028
-316.313744755
-45.3810291148
-41.5705780033
208.419103377
31.4804190216
39.7597720753
-32.3812974345
-2.36117845681
123.396309909
10.9819440805
24.3234541412
-66.1317482698
22.4571026094
42.0768361158
40.9609915075
-9.34449979403
-51.4863474789
21.3375358344
23.5027252629
91.0665766008
-15.0429095336
1.92937430789
-40.9442096103
32.4689250769
31.2239648261
16.0610981615
-16.735340009
-21.6764728225
23.8874102191
25.4624473964
29.1825873588
-23.2603041864
-7.74165495439
3.09959877311
30.9196061388
18.6035020386
-11.3813173128
-15.178707426
-5.07442724098
28.3643395359
14.7011612958
2.79894758736
409.457423842
20.141018199
54.8476681163
-192.562834657
-43.0026504571
24.0544916346
91.376361235
45.5776148659
-12.4127327838
1.72176613275
1.25998617356
107.910900027
47.5570892914
6.53489548478
-35.7854752117
8.50302346697
57.2759302217
20.6645280206
-18.2125228237
-49.4757217869
23.9972813763
47.4560550044
57.6163410124
3.06052769313
-22.4218605783
-11.5464851
23.1556120399
44.8114353412
10.5334712411
-20.8528408389
-24.1675160638
15.1828306758
38.5351756089
18.8414063292
-12.8546199152
-17.0858911596
10.5787404977
26.996757498
17.920862877
-8.49768148847
-16.8639932794
-0.940428411438
19.1194457539
20.75748691
-0.119673919006
354.129902853
25.3107954636
63.8939992891
-124.480402997
-38.5825649945
65.1016574786
25.394450621
55.8513808222
-24.2765123524
39.2997767461
0.503587766819
94.9805170573
46.843177167
-3.04298879861
-17.5600137475
12.5243184621
54.3083642984
14.470830745
-11.6147659803
-34.1359180773
36.0959957303
40.5701049703
42.0064291456
6.49185247177
-15.0427753891
-1.44717109881
22.0407617309
31.8960992824
3.20922347288
-11.8608432648
-9.62981260249
23.1741422786
30.4231595635
9.51838088149
-10.354276034
-7.13296317445
11.8984672022
22.3335716159
11.8095726782
-7.54224893877
-9.07684573494
5.65098255303
17.145088697
14.4941261243
-2.74504123778
-8.52803110089
1.35341376617
13.4631014114
11.8153993543
-0.290923460826
-7.92334908567
-2.56856113424
10.3083279804
10.9337891818
2.81771975726
-6.11143960963
-3.34951535755
5.37105668754
10.1476015018
3.61309826175
-3.87094371602
-3.95000379096
2.55196940235
7.88637182606
4.40331250509
-2.28097229874
-4.53969699666
0.98510252954
5.54521706955
5.14764753292
-0.861317810379
-3.62667937007
-0.683224632595
4.13783506294
4.56966346171
0.626374738493
-2.75630569038
-1.67831308214
2.5157654988
3.76275962469
1.36234517205
-2.00226435866
-1.81439318615
1.0392535456
3.25691440253
1.70634522188
-0.997899364093
-1.78368767269
0.193883365429
2.28532049136
1.89892580904
-0.276771947685
-1.51128811065
-0.332204329341
1.39980990233
1.76643305586
0.209802375512
-1.04629952523
-0.665890315096
0.819652749595
1.3945856815
0.562427687957
-0.642021954874
-0.704087417371
0.315351496517
1.0419631023
0.670027565142
-0.277911841074
-0.587669470928
-0.0145363138983
0.707155158138
0.627851509405
-0.00440918550179
-0.431893184576
-0.14590947477
0.395686682933
0.53444436537
0.130540491552
-0.26137109666
-0.193456277748
0.181398399915
0.390220935127
0.188690663917
-0.119249084323
-0.172436857204
0.0644260472067
0.257626741027
0.202334096862
-0.0179569810835
-0.113364050436
0.000423030274
0.158243003586
0.162358244845
0.0298735772206
-0.0694289547668
-0.035628788623
0.0718862485178
0.109792846605
0.0463349683749
-0.0331850738425
-0.0310639807538
0.0344265660149
0.0758586902185
0.0565702698217
0.00858684744099
-0.0101735126967
0.0170796484381
0.0501869073459
0.0471349517107
0.0148026355805
9.82085393422e-05
0.00478539144396
0.0193188786461
0.0251594706122
0.0147281811441
0.00210871461705
0.00141408461026
0.0125773043837
0.0119484391645
0.0113510172063
0.010783466346
0.0102442930287
0.00973207837723
0.00924547445837
0.00878320073545
0.00834404069868
0.00792683866374
0.00753049673056
0.00715397189403
0.00679627329933
0.00645645963436
0.00613363665264
0.00582695482001
0.00553560707901
0.00525882672506
0.00499588538881
0.00474609111937
0.0045087865634
0.00428334723523
0.00406917987347
0.00386572087979
0.0036724348358
0.00348881309401
0.00331437243931
0.00314865381735
0.00299122112648
0.00284166007016
0.00269957706665
0.00256459821332
0.00243636830265
0.00231454988752
0.00219882239314
0.00208888127348
0.00198443720981
0.00188521534932
0.00179095458185
0.00170140685276
0.00161633651012
0.00153551968462
0.00145874370039
0.00138580651537
0.0013165161896
0.00125069038012
0.00118815586111
0.00112874806806
0.00107231066465
0.00101869513142
0.00096776037485
0.000919372356108
0.000873403738302
0.000829733551387
0.000788246873818
0.000748834530127
0.000711392803621
0.00067582316344
0.000642032005268
0.000609930405004
0.000579433884754
0.000550462190516
0.000522939080991
0.000496792126941
0.000471952520594
0.000448354894564
0.000425937149836
0.000404640292344
0.000384408277727
0.000365187863841
0.000346928470649
0.000329582047116
0.00031310294476
0.000297447797522
0.000282575407646
0.000268446637264
0.000255024305401
0.000242273090131
0.000230159435624
0.000218651463843
0.000207718890651
0.000197332946118
0.000187466298812
0.000178092983872
0.000169188334678
0.000160728917944
0.000152692472047
0.000145057848445
0.000137804956022
0.000130914708221
0.00012436897281
0.00011815052417
0.000112242997961
0.000106630848063
0.00010129930566
9.6234340377e-05
9.14226233582e-05
8.68514921903e-05
8.25089175808e-05
7.83834717017e-05
7.44642981166e-05
7.07410832108e-05
6.72040290503e-05
6.38438275977e-05
6.06516362179e-05
5.7619054407e-05
5.47381016866e-05
5.20011966023e-05
4.94011367722e-05
4.69310799336e-05
4.45845259369e-05
4.235529964e-05
4.0237534658e-05
3.82256579251e-05
3.63143750289e-05
3.44986562774e-05
3.27737234636e-05
3.11350372904e-05
2.95782854259e-05
2.80993711546e-05
2.66944025968e-05
2.5359682467e-05
2.40916983437e-05
2.28871134265e-05
2.17427577551e-05
2.06556198674e-05
1.9622838874e-05
1.86416969303e-05
1.77096120838e-05
1.68241314796e-05
1.59829249056e-05
1.51837786604e-05
1.44245897273e-05
1.3703360241e-05
1.30181922289e-05
1.23672826175e-05
1.17489184866e-05
1.11614725623e-05
1.06033989342e-05
1.00732289874e-05
9.56956753808e-06
9.09108916117e-06
8.63653470311e-06
8.20470796796e-06
7.79447256956e-06
7.40474894108e-06
7.03451149403e-06
6.68278591933e-06
6.34864662336e-06
6.03121429219e-06
5.72965357758e-06
5.4431708987e-06
5.17101235377e-06
4.91246173608e-06
4.66683864928e-06
4.43349671681e-06
4.21182188097e-06
4.00123078692e-06
3.80116924758e-06
3.6111107852e-06
3.43055524594e-06
3.25902748364e-06
3.09607610946e-06
2.94127230399e-06
2.79420868879e-06
2.65449825435e-06
2.52177334163e-06
2.39568467455e-06
2.27590044082e-06
2.16210541878e-06
2.05400014784e-06
1.95130014045e-06
1.85373513343e-06
1.76104837676e-06
1.67299595792e-06
1.58934616002e-06
1.50987885202e-06
1.43438490942e-06
1.36266566395e-06
1.29453238075e-06
1.22980576171e-06
1.16831547363e-06
1.10989969995e-06
1.05440471495e-06
1.0016844792e-06
9.51600255242e-07
9.04020242479e-07
8.58819230356e-07
8.15878268838e-07
7.75084355396e-07
7.36330137626e-07
6.99513630745e-07
6.64537949208e-07
6.31311051747e-07
5.9974549916e-07
5.69758224202e-07
5.41270312992e-07
5.14206797342e-07
4.88496457475e-07
4.64071634601e-07
4.40868052871e-07
4.18824650228e-07
3.97883417716e-07
3.7798924683e-07
3.59089784489e-07
3.41135295264e-07
3.24078530501e-07
3.07874603976e-07
2.92480873777e-07
2.77856830089e-07
2.63963988584e-07
2.50765789155e-07
2.38227499697e-07
2.26316124712e-07
2.15000318477e-07
2.04250302553e-07
1.94037787425e-07
1.84335898054e-07
1.75119103151e-07
1.66363147994e-07
1.58044990594e-07
1.50142741064e-07
1.42635604011e-07
1.35503823811e-07
1.2872863262e-07
1.22292200989e-07
1.1617759094e-07
1.10368711393e-07
1.04850275823e-07
9.96077620318e-08
9.46273739302e-08
8.98960052337e-08
8.5401204972e-08
8.11311447234e-08
7.70745874872e-08
7.32208581129e-08
6.95598152072e-08
6.60818244469e-08
6.27777332245e-08
5.96388465633e-08
5.66569042351e-08
5.38240590234e-08
5.11328560722e-08
4.85762132686e-08
4.61474026052e-08
4.38400324749e-08
4.16480308512e-08
3.95656293086e-08
3.75873478432e-08
3.5707980451e-08
3.39225814285e-08
3.2226452357e-08
3.06151297392e-08
2.90843732522e-08
2.76301545896e-08
2.62486468601e-08
2.49362145171e-08
2.36894037913e-08
2.25049336017e-08
2.13796869216e-08
2.03107025755e-08
1.92951674468e-08
1.83304090744e-08
1.74138886207e-08
1.65431941897e-08
1.57160344802e-08
1.49302327562e-08
1.41837211184e-08
1.34745350625e-08
1.28008083093e-08
1.21607678939e-08
1.15527294992e-08
1.09750930242e-08
1.0426338373e-08
9.90502145435e-09
9.40977038163e-09
8.93928186255e-09
8.49231776942e-09
8.06770188095e-09
7.66431678691e-09
7.28110094756e-09
6.91704590018e-09
6.57119360517e-09
6.24263392491e-09
5.93050222867e-09
5.63397711723e-09
5.35227826137e-09
5.0846643483e-09
4.83043113089e-09
4.58890957434e-09
4.35946409563e-09
4.14149089085e-09
3.9344163463e-09
3.73769552899e-09
3.55081075254e-09
3.37327021491e-09
3.20460670417e-09
3.04437636896e-09
2.89215755051e-09
2.74754967298e-09
2.61017218934e-09
2.47966357987e-09
2.35568040088e-09
2.23789638083e-09
2.12600156179e-09
2.0197014837e-09
1.91871640952e-09
1.82278058904e-09
1.73164155959e-09
1.64505948161e-09
1.56280650753e-09
1.48466618215e-09
1.41043287304e-09
1.33991122939e-09
1.27291566792e-09
1.20926988453e-09
1.1488063903e-09
1.09136607078e-09
1.03679776725e-09
9.84957878883e-10
9.35709984939e-10
8.88924485692e-10
8.44478261408e-10
8.02254348337e-10
7.6214163092e-10
7.24034549374e-10
6.87832821906e-10
6.5344118081e-10
6.2076912177e-10
5.89730665681e-10
5.60244132397e-10
5.32231925777e-10
5.05620329489e-10
4.80339313014e-10
4.56322347363e-10
4.33506229995e-10
4.11830918495e-10
3.91239372571e-10
3.71677403942e-10
3.53093533745e-10
3.35438857058e-10
3.18666914205e-10
3.02733568495e-10
2.8759689007e-10
2.73217045566e-10
2.59556193288e-10
2.46578383624e-10
2.34249464443e-10
2.2253699122e-10
2.11410141659e-10
2.00839634576e-10
1.90797652848e-10
1.81257770205e-10
1.72194881695e-10
1.6358513761e-10
1.5540588073e-10
1.47635586693e-10
1.40253807359e-10
1.33241116991e-10
1.26579061141e-10
1.20250108084e-10
1.1423760268e-10
1.08525722546e-10
1.03099436419e-10
9.79444645976e-11
9.30472413677e-11
8.83948792993e-11
8.39751353344e-11
7.97763785677e-11
7.57875596393e-11
7.19981816573e-11
6.83982725744e-11
6.49783589457e-11
6.17294409984e-11
5.86429689485e-11
5.57108205011e-11
5.2925279476e-11
5.02790155022e-11
4.77650647271e-11
4.53768114908e-11
4.31079709162e-11
4.09525723704e-11
3.89049437519e-11
3.69596965643e-11
3.51117117361e-11
3.33561261493e-11
3.16883198418e-11
3.01039038497e-11
2.85987086572e-11
2.71687732244e-11
2.58103345632e-11
2.4519817835e-11
2.32938269433e-11
2.21291355961e-11
2.10226788163e-11
1.99715448755e-11
1.89729676317e-11
1.80243192501e-11
1.71231032876e-11
1.62669481232e-11
1.54536007171e-11
1.46809206812e-11
1.39468746472e-11
1.32495309148e-11
1.25870543691e-11
1.19577016506e-11
1.13598165681e-11
1.07918257397e-11
1.02522344527e-11
9.73962273005e-12
9.25264159355e-12
8.79000951387e-12
8.35050903818e-12
7.93298358627e-12
7.53633440695e-12
7.15951768661e-12
6.80154180228e-12
6.46146471216e-12
6.13839147655e-12
5.83147190273e-12
5.53989830759e-12
5.26290339221e-12
4.9997582226e-12
4.74977031147e-12
4.5122817959e-12
4.2866677061e-12
4.0723343208e-12
3.86871760476e-12
3.67528172452e-12
3.49151763829e-12
3.31694175638e-12
3.15109466856e-12
2.99353993513e-12
2.84386293838e-12
2.70166979146e-12
2.56658630188e-12
2.43825698679e-12
2.31634413745e-12
2.20052693058e-12
2.09050058405e-12
1.98597555485e-12
1.8866767771e-12
1.79234293825e-12
1.70272579134e-12
1.61758950177e-12
1.53671002668e-12
1.45987452535e-12
1.38688079908e-12
1.31753675913e-12
1.25165992117e-12
1.18907692511e-12
1.12962307886e-12
1.07314192491e-12
1.01948482867e-12
9.68510587233e-13
9.20085057872e-13
8.74080804978e-13
8.30376764729e-13
7.88857926493e-13
7.49415030168e-13
7.1194427866e-13
6.76347064727e-13
6.4252971149e-13
6.10403225916e-13
5.7988306462e-13
5.50888911389e-13
5.2334446582e-13
4.97177242529e-13
4.72318380402e-13
4.48702461382e-13
4.26267338313e-13
4.04953971397e-13
3.84706272828e-13
3.65470959186e-13
3.47197411227e-13
3.29837540665e-13
3.13345663632e-13
2.97678380451e-13
2.82794461428e-13
2.68654738357e-13
2.55222001439e-13
2.42460901367e-13
2.30337856299e-13
2.18820963484e-13
2.07879915309e-13
1.97485919544e-13
1.87611623567e-13
1.78231042388e-13
1.69319490269e-13
1.60853515756e-13
1.52810839968e-13
1.45170297969e-13
1.37911783071e-13
1.31016193917e-13
1.24465384222e-13
1.1824211501e-13
1.1233000926e-13
1.06713508797e-13
1.01377833357e-13
9.63089416892e-14
9.14934946048e-14
8.69188198745e-14
8.25728788808e-14
7.84442349368e-14
7.45220231899e-14
7.07959220304e-14
6.72561259289e-14
6.38933196325e-14
6.06986536508e-14
5.76637209683e-14
5.47805349199e-14
5.20415081739e-14
4.94394327652e-14
4.69674611269e-14
4.46190880706e-14
4.23881336671e-14
4.02687269837e-14
3.82552906345e-14
3.63425261028e-14
3.45253997977e-14
3.27991298078e-14
3.11591733174e-14
2.96012146515e-14
2.81211539189e-14
2.6715096223e-14
2.53793414118e-14
2.41103743412e-14
2.29048556242e-14
2.1759612843e-14
2.06716322008e-14
1.96380505908e-14
1.86561480612e-14
1.77233406582e-14
1.68371736253e-14
1.5995314944e-14
1.51955491968e-14
1.4435771737e-14
1.37139831501e-14
1.30282839926e-14
1.2376869793e-14
1.17580263033e-14
1.11701249882e-14
1.06116187388e-14
1.00810378018e-14
9.57698591173e-15
9.09813661614e-15
8.64322978534e-15
8.21106829607e-15
7.80051488127e-15
7.4104891372e-15
7.03996468034e-15
6.68796644633e-15
6.35356812401e-15
6.03588971781e-15
5.73409523192e-15
5.44739047032e-15
5.17502094681e-15
4.91626989947e-15
4.67045640449e-15
4.43693358427e-15
4.21508690505e-15
4.0043325598e-15
3.80411593181e-15
3.61391013522e-15
3.43321462846e-15
3.26155389704e-15
3.09847620219e-15
2.94355239208e-15
2.79637477247e-15
2.65655603385e-15
2.52372823216e-15
2.39754182055e-15
2.27766472952e-15
2.16378149305e-15
2.05559241839e-15
1.95281279747e-15
1.8551721576e-15
1.76241354972e-15
1.67429287223e-15
1.59057822862e-15
1.51104931719e-15
1.43549685133e-15
1.36372200876e-15
1.29553590833e-15
1.23075911291e-15
1.16922115726e-15
1.1107600994e-15
1.05522209443e-15
1.00246098971e-15
9.52337940224e-16
9.04721043213e-16
8.59484991052e-16
8.165107415e-16
7.75685204425e-16
7.36900944204e-16
7.00055896993e-16
6.65053102144e-16
6.31800447037e-16
6.00210424685e-16
5.7019990345e-16
5.41689908278e-16
5.14605412864e-16
4.88875142221e-16
4.6443138511e-16
4.41209815854e-16
4.19149325062e-16
3.98191858809e-16
3.78282265868e-16
3.59368152575e-16
3.41399744946e-16
3.24329757699e-16
3.08113269814e-16
2.92707606323e-16
2.78072226007e-16
2.64168614707e-16
2.50960183971e-16
2.38412174773e-16
2.26491566034e-16
2.15166987732e-16
2.04408638346e-16
1.94188206428e-16
1.84478796107e-16
1.75254856302e-16
1.66492113487e-16
1.58167507812e-16
1.50259132422e-16
1.42746175801e-16
1.35608867011e-16
1.2882842366e-16
1.22387002477e-16
1.16267652353e-16
1.10454269735e-16
1.04931556249e-16
9.96849784363e-17
9.47007295145e-17
8.99656930387e-17
8.54674083868e-17
8.11940379675e-17
7.71343360691e-17
7.32776192656e-17
6.96137383024e-17
6.61330513872e-17
6.28263988179e-17
5.9685078877e-17
5.67008249331e-17
5.38657836865e-17
5.11724945021e-17
4.8613869777e-17
4.61831762882e-17
4.38740174738e-17
4.16803166001e-17
3.95963007701e-17
3.76164857316e-17
3.5735661445e-17
3.39488783728e-17
3.22514344541e-17
3.06388627314e-17
2.91069195948e-17
2.76515736151e-17
2.62689949343e-17
2.49555451876e-17
2.37077679282e-17
2.25223795318e-17
2.13962605552e-17
2.03264475275e-17
1.93101251511e-17
1.83446188935e-17
1.74273879489e-17
1.65560185514e-17
1.57282176239e-17
1.49418067427e-17
1.41947164055e-17
1.34849805853e-17
1.2810731556e-17
1.21701949782e-17
1.15616852293e-17
1.09836009678e-17
1.04344209194e-17
9.91269987346e-18
9.41706487978e-18
8.94621163579e-18
8.498901054e-18
8.0739560013e-18
7.67025820124e-18
7.28674529118e-18
6.92240802662e-18
6.57628762529e-18
6.24747324402e-18
5.93509958182e-18
5.63834460273e-18
5.35642737259e-18
5.08860600396e-18
4.83417570377e-18
4.59246691858e-18
4.36284357265e-18
4.14470139402e-18
3.93746632432e-18
3.7405930081e-18
3.55356335769e-18
3.37588518981e-18
3.20709093032e-18
3.0467363838e-18
2.89439956461e-18
2.74967958638e-18
2.61219560706e-18
2.48158582671e-18
2.35750653537e-18
2.23963120861e-18
2.12764964818e-18
2.02126716577e-18
1.92020380748e-18
1.8241936171e-18
1.73298393625e-18
1.64633473944e-18
1.56401800247e-18
1.48581710234e-18
1.41152624722e-18
1.34094993486e-18
1.27390243812e-18
1.21020731621e-18
1.1496969504e-18
1.09221210288e-18
1.03760149774e-18
9.85721422852e-19
9.3643535171e-19
8.89613584124e-19
8.45132904918e-19
8.02876259672e-19
7.62732446689e-19
7.24595824354e-19
6.88366033136e-19
6.5394773148e-19
6.21250344906e-19
5.9018782766e-19
5.60678436277e-19
5.32644514463e-19
5.0601228874e-19
4.80711674303e-19
4.56676090588e-19
4.33842286059e-19
4.12150171756e-19
3.91542663168e-19
3.7196553001e-19
3.53367253509e-19
3.35698890834e-19
3.18913946292e-19
3.02968248977e-19
2.87819836528e-19
2.73428844702e-19
2.59757402467e-19
2.46769532344e-19
2.34431055726e-19
2.2270950294e-19
2.11574027793e-19
2.00995326403e-19
1.90945560083e-19
1.81398282079e-19
1.72328367975e-19
1.63711949576e-19
1.55526352098e-19
1.47750034493e-19
1.40362532768e-19
1.3334440613e-19
1.26677185823e-19
1.20343326532e-19
1.14326160205e-19
1.08609852195e-19
1.03179359585e-19
9.80203916061e-20
9.31193720258e-20
8.84634034245e-20
8.40402332533e-20
7.98382215906e-20
7.58463105111e-20
7.20539949855e-20
6.84512952363e-20
6.50287304745e-20
6.17772939507e-20
5.86884292532e-20
5.57540077905e-20
5.2966307401e-20
5.0317992031e-20
4.78020924294e-20
4.54119878079e-20
4.31413884175e-20
4.09843189967e-20
3.89351030468e-20
3.69883478945e-20
3.51389304998e-20
3.33819839748e-20
3.1712884776e-20
3.01272405372e-20
2.86208785104e-20
2.71898345849e-20
2.58303428556e-20
2.45388257128e-20
2.33118844272e-20
2.21462902058e-20
2.10389756955e-20
1.99870269108e-20
1.89876755652e-20
1.8038291787e-20
1.71363771976e-20
1.62795583377e-20
1.54655804208e-20
1.46923013998e-20
1.39576863298e-20
1.32598020133e-20
1.25968119127e-20
1.1966971317e-20
1.13686227512e-20
1.08001916136e-20
1.02601820329e-20
9.74717293129e-21
9.25981428472e-21
8.79682357049e-21
8.35698239196e-21
7.93913327236e-21
7.54217660875e-21
7.16506777831e-21
6.80681438939e-21
6.46647366992e-21
6.14314998643e-21
5.83599248711e-21
5.54419286275e-21
5.26698321961e-21
5.00363405863e-21
4.7534523557e-21
4.51577973792e-21
4.28999075102e-21
4.07549121347e-21
3.8717166528e-21
3.67813082016e-21
3.49422427915e-21
3.31951306519e-21
3.15353741193e-21
2.99586054133e-21
2.84606751427e-21
2.70376413855e-21
2.56857593163e-21
2.44014713505e-21
2.31813977829e-21
2.20223278938e-21
2.09212114991e-21
1.98751509241e-21
1.88813933779e-21
1.7937323709e-21
1.70404575236e-21
1.61884346474e-21
1.5379012915e-21
1.46100622693e-21
1.38795591558e-21
1.3185581198e-21
1.25263021381e-21
1.18999870312e-21
1.13049876797e-21
1.07397382957e-21
1.02027513809e-21
9.69261381185e-22
9.20798312126e-22
8.74758396519e-22
8.31020476693e-22
7.89469452859e-22
7.49995980216e-22
7.12496181205e-22
6.76871372145e-22
6.43027803538e-22
6.10876413361e-22
5.80332592693e-22
5.51315963058e-22
5.23750164905e-22
4.9756265666e-22
4.72684523827e-22
4.49050297636e-22
4.26597782754e-22
4.05267893616e-22
3.85004498935e-22
3.65754273988e-22
3.47466560289e-22
3.30093232275e-22
3.13588570661e-22
2.97909142128e-22
2.83013685021e-22
2.6886300077e-22
2.55419850732e-22
2.42648858195e-22
2.30516415285e-22
2.18990594521e-22
2.08041064795e-22
1.97639011555e-22
1.87757060978e-22
1.78369207929e-22
1.69450747532e-22
1.60978210156e-22
1.52929299648e-22
1.45282834666e-22
1.38018692932e-22
1.31117758286e-22
1.24561870371e-22
1.18333776853e-22
1.1241708801e-22
1.0679623361e-22
1.01456421929e-22
9.63836008327e-23
9.15644207911e-23
8.69861997515e-23
8.26368897639e-23
7.85050452757e-23
7.45797930119e-23
7.08508033613e-23
6.73082631933e-23
6.39428500336e-23
6.07457075319e-23
5.77084221553e-23
5.48230010476e-23
5.20818509952e-23
4.94777584454e-23
4.70038705232e-23
4.4653676997e-23
4.24209931472e-23
4.02999434898e-23
3.82849463153e-23
3.63706989995e-23
3.45521640496e-23
3.28245558471e-23
3.11833280547e-23
2.9624161652e-23
2.81429535694e-23
2.67358058909e-23
2.53990155964e-23
2.41290648166e-23
2.29226115757e-23
2.17764809969e-23
2.06876569471e-23
1.96532740997e-23
1.86706103948e-23
1.7737079875e-23
1.68502258813e-23
1.60077145872e-23
1.52073288578e-23
1.4446962415e-23
1.37246142942e-23
1.30383835795e-23
1.23864644005e-23
1.17671411805e-23
1.11787841215e-23
1.06198449154e-23
1.00888526696e-23
9.58441003614e-24
9.10518953434e-24
8.64993005762e-24
8.21743355474e-24
7.806561877e-24
7.41623378315e-24
7.04542209399e-24
6.69315098929e-24
6.35849343983e-24
6.04056876784e-24
5.73854032945e-24
5.45161331297e-24
5.17903264733e-24
4.92008101496e-24
4.67407696421e-24
4.440373116e-24
4.2183544602e-24
4.00743673719e-24
3.80706490033e-24
3.61671165531e-24
3.43587607255e-24
3.26408226892e-24
3.10087815548e-24
2.9458342477e-24
2.79854253532e-24
2.65861540855e-24
2.52568463812e-24
2.39940040622e-24
2.27943038591e-24
2.16545886661e-24
2.05718592328e-24
1.95432662712e-24
1.85661029576e-24
1.76377978097e-24
1.67559079192e-24
1.59181125233e-24
1.51222068971e-24
1.43660965523e-24
1.36477917246e-24
1.29654021384e-24
1.23171320315e-24
1.17012754299e-24
1.11162116584e-24
1.05604010755e-24
1.00323810217e-24
9.53076197064e-25
9.05422387211e-25
8.6015126785e-25
8.17143704458e-25
7.76286519235e-25
7.37472193273e-25
7.00598583609e-25
6.65568654429e-25
6.32290221707e-25
6.00675710622e-25
5.70641925091e-25
5.42109828836e-25
5.15004337395e-25
4.89254120525e-25
4.64791414499e-25
4.41551843774e-25
4.19474251585e-25
3.98500539006e-25
3.78575512055e-25
3.59646736453e-25
3.4166439963e-25
3.24581179649e-25
3.08352120666e-25
2.92934514633e-25
2.78287788901e-25
2.64373399456e-25
2.51154729483e-25
2.38596993009e-25
2.26667143359e-25
2.15333786191e-25
2.04567096881e-25
1.94338742037e-25
1.84621804935e-25
1.75390714689e-25
1.66621178954e-25
1.58290120006e-25
1.50375614006e-25
1.42856833306e-25
1.3571399164e-25
1.28928292058e-25
1.22481877456e-25
