1.60583820494
0.465685821541
0.607594120221
0.156726514171
0.581719099174
0.334057912421
0.257309922378
0.385619006387
0.00332365026084
-0.00286843124522
-0.227340700982
0.193868362772
0.147202862202
-0.629614049333
-0.23802113117
-0.346535021736
0.3862619193
0.029826728934
0.332214490802
0.217410353527
0.0751905744116
0.410955397922
0.396926744478
0.837480122804
0.152064282975
0.0971748924002
0.279820507645
0.268694081288
0.419568337171
-0.26186610472
-0.0563157396315
-0.515623047831
-0.226956586279
-0.119682164641
-0.110361135362
-0.0995183089294
-0.558638814023
-0.0326224584465
0.0231833221784
0.303686037251
0.155508086413
0.0166925000981
0.268469044812
0.130219757853
0.535461385572
0.281201072762
0.258838400787
-0.0249979556974
-0.0675877958873
0.190996275897
-0.00280800816344
0.0331889196233
-0.311886269373
-0.197265490271
61.8489429048
17.4877842605
22.1991692299
6.21145171397
24.9278718376
19.3828617248
8.27673247132
16.4919017114
1.14642536196
-4.60317041075
-5.50766717725
10.5899538189
6.99413819157
-24.0399513138
-10.0165009049
-10.6790000005
7.9955165714
-2.44012280212
3.65754572631
3.19564225319
-5.28828273984
9.00248943897
14.6636730526
18.4482265085
0.832121420951
-0.60559834469
10.9564361558
9.3414545813
11.6410695558
0.0783555580018
0.881351078013
-7.12203336194
-1.73484562899
6.17017685061
0.488955041666
-5.40059916145
-11.1307312594
-0.30820631371
2.86566957198
2.36775863343
1.00129070317
-3.49704948395
-0.520393086924
1.32985821229
9.11956661392
5.63285476397
-0.597914628892
-1.60694660667
1.53968149679
6.51004075422
3.20998766859
1.10655123107
-2.52435051624
-2.67760591275
191.683866431
61.7188454611
69.6586439628
27.6856185545
77.6411617346
69.4366872082
29.8884704215
63.4957867484
16.3480265738
-5.41171789558
7.00272080854
45.7263033719
35.048128753
-40.8810898099
-10.8537507099
-10.2663145103
24.4968997639
2.35440756319
13.9535490028
8.2345211222
-12.0465215906
19.1831093785
33.4352877812
36.9345209382
-0.0751440635873
-2.29020562348
21.9159830935
22.0217438319
25.2302916826
6.22125665986
7.17745471617
-6.26219966638
5.93740049469
19.1842541765
10.392982748
-3.62654248446
-12.8949105435
5.02791502272
10.3874295632
9.34723717575
2.54822018727
-4.0367097056
-0.467352257587
3.67141371302
14.2788281069
7.94496095496
-0.190407497591
-3.84149535608
3.09700331834
10.6477613563
7.38564740266
2.60078752759
-3.11035639598
-0.494282609802
191.558427979
46.4470076424
57.6927480591
26.5219590996
71.7104643574
56.7078324082
20.7444822749
79.49963524
16.156713372
3.50894118793
23.344246383
54.8168898817
39.8247909601
-19.0881523826
9.32235151319
3.55099170257
34.5892196629
6.4378820429
20.6273219569
6.95851670431
-1.43549937176
15.5935192607
18.1582801208
35.8131077631
-1.21116594959
2.19618321115
13.2239359502
20.9484061933
20.6046027669
2.33335438877
14.6345104666
2.44520542015
12.2189648075
11.5842784366
15.2639430734
4.71232250922
-3.69090447825
7.42648775171
7.48905333345
12.801624338
-0.457410337313
2.34612390656
2.20915374462
3.20177318395
7.74708397732
2.1430651926
5.92552218242
-1.50664449931
3.44569305174
5.03866166269
5.99431358528
3.39833484777
-0.404841470662
3.90747582217
172.091533885
16.7319509274
46.7954363298
21.6367283666
56.1005823201
53.9130632398
9.31305615231
87.6693631847
28.4764580346
9.25819895927
27.5237942014
36.490994573
17.930813756
-13.4136762796
6.21245808776
10.9381395547
20.0641254147
-11.6768382734
17.5369561562
-9.75505243701
-6.02936828345
9.55834023593
3.41939938012
24.3320949583
-4.6842882676
11.3441304885
16.8134025301
7.60893088348
15.9499215303
8.73858118562
13.3454511144
11.6449454308
13.8761803695
12.2220179296
10.1075854581
0.874548547983
8.64087256394
7.081088405
1.38407760297
8.20589648857
-0.727283992699
3.41600324487
0.339872087552
1.07794469359
4.65255712998
-3.79823340942
2.19639059178
3.79487633156
1.72229618198
1.70861167614
1.71861383165
2.57867966283
2.58421951416
1.88708288215
242.185754512
14.5205136906
58.7153401095
31.4878597883
65.1808345092
106.734807614
-15.2101118463
100.299934669
22.0266842479
-5.19289138304
40.4159036462
43.0422934645
0.869246098388
-46.1579733328
-1.22580412758
41.2789963989
14.8763537988
-11.934128846
24.90573345
2.44991543325
0.952213856562
31.5686235289
39.804987166
4.78595318186
-16.2206920809
26.6606350748
41.4038683766
2.6982432773
-10.2203511366
11.9055111865
2.31364372265
0.012208749111
15.9380097248
15.5088547394
-10.3142937673
-15.2815452457
26.3535119508
26.0781085646
-5.51890948782
-3.13011525396
13.4069355905
12.4062927535
2.97349697097
11.9449508425
10.4410255474
-12.4575214787
-4.74444546938
18.8422893832
9.74754979048
-13.4835105972
-8.2588678324
10.2523473013
4.56769503594
-2.92519646807
366.622434029
38.3014598478
54.8708222628
50.8131241605
92.3674118311
148.472563612
-68.0848064052
93.9908532449
-15.5528469156
-46.2517799843
38.7815747384
53.9170760937
-13.12103293
-102.233719683
10.2340427231
83.1740639124
13.2083053516
4.05145653215
42.5161157842
28.4699197447
15.514610513
55.142060712
81.2063568817
-23.3282897733
-30.396441758
46.61723538
47.4126162984
-11.8311855526
-29.9923462644
16.832903389
-6.91190257741
-10.3219039696
31.4940508183
18.3108412381
-27.9160193538
-9.39499116875
50.0962041169
30.2355833827
-16.0296949943
2.41860479897
24.5251730309
4.43015885224
3.35275941734
21.6968431578
1.82347764826
-24.8859019469
4.17551159767
28.867154951
-1.62539240601
-19.4470498782
4.49273094146
14.0180785287
-2.32760715029
3.69756093182
333.983460406
14.3497635785
58.3878540356
54.0186964684
100.003494698
57.3815428405
-45.1124249203
97.2116765306
-22.0956300279
-40.3199695195
44.4445949563
53.4175445407
-42.0220275797
-56.8684627399
44.540001205
53.074465361
-8.51949907333
19.1246377491
68.4022493439
-5.55334400577
13.779729344
48.9906559019
41.3905571471
-24.1338476316
-2.10035374113
55.0699778036
5.71485465948
-17.5128466047
9.28771841182
16.1523741639
-16.8444345454
-0.341194747719
30.6267834277
1.72360012691
-14.0892602563
12.1569130952
30.8844002818
-6.3988495252
-2.13637343976
19.736079734
8.04753264368
-2.55370663906
8.38256231891
17.4340576207
-6.32676439232
-4.96644405618
14.2861517228
6.37994303895
-6.88201883322
1.74658012078
11.0505101692
-1.42798842425
-1.2885144217
7.22448280146
231.034091104
-4.16557688642
66.5697613997
51.5960838859
85.7931746525
28.3297054232
-15.1426089411
79.9492628195
10.2088595177
-8.10156199399
23.534552622
20.8085166901
-29.073587901
-26.4206020599
25.8410160812
13.2358326208
9.06459122912
-8.49570073573
57.9364248844
1.03973240573
15.2553297176
23.840888805
20.0924765063
26.8186024742
1.60564842959
30.8778608866
10.1626524237
1.33681869013
5.95290145159
3.32568068166
5.83790961804
-5.68485158278
6.68438256902
-0.301305847235
9.28938467239
-4.45144920325
8.29835202408
5.38663167855
4.92080344153
8.90134018828
1.39623441427
13.9344232938
2.48432907379
5.18305752463
5.27659761525
3.47436201197
4.91845020315
-1.70187263051
6.0318154948
0.924472473644
2.0190436932
-0.656655942165
4.11567831495
1.75361654584
216.621065591
-3.81356104837
81.5300304395
35.3566225186
96.8028645008
38.2985495252
-0.911121907819
84.1630328465
31.1475172036
6.32449487715
17.212152982
29.8688774267
-5.86756672774
-35.8397834134
16.9062468023
9.15657525619
20.0868109048
-18.1585636295
46.4448042503
1.55073039887
4.67660247982
14.1850675402
20.3843669226
25.6206209816
-0.991598843284
27.973738587
19.6366010533
11.1587708231
10.8906291167
5.69622255944
9.88743512634
-2.44845698423
14.7223189309
5.40107032658
10.0368063801
-0.0958071750967
5.2054297438
3.53454520603
1.38376884967
6.65283870306
-0.885879495029
5.34550718413
4.40501983406
6.55606043567
4.0278485924
1.3188247197
4.67588804396
-0.323198130706
4.22245259032
4.28146800651
5.89194503807
1.51078198328
2.64576429297
4.49585169259
206.486877094
-17.9742871039
64.6544518341
5.79469696174
94.1284901482
18.4204860613
7.05950353263
81.7952131129
20.6829747291
6.898021641
20.7433899563
46.5251876491
0.547680706142
-25.1879916988
26.5935588368
8.20204818414
18.2765635454
-8.10646597631
36.8938203788
-4.55682191214
2.53251985538
15.3674689895
13.6145956174
12.7435444907
-1.19011071218
22.9497285203
9.66176949201
10.1455960592
12.3438374303
7.24589571834
7.83764218234
0.627509743561
16.0148348228
4.1530250104
7.771462008
3.85760269264
6.64901606273
4.24631873214
1.8597943229
7.93006566409
0.908928293552
4.23631168281
3.06746860681
5.86655724223
3.24339168695
1.45630896392
4.87950695872
1.22164464971
3.78573483701
2.1394178328
4.39031973419
1.78274936689
1.95109330537
3.33821164104
179.713442137
-8.10654915247
33.5795857556
19.2934047718
67.3566856562
23.0985347378
7.52638311231
69.2050270569
9.221879568
16.8899390327
20.3969483327
31.6065878455
16.4112778193
4.68117853065
29.8839572507
11.0815057688
23.5663950921
3.80750367232
24.1458834968
10.3696521705
11.9543998641
13.7981169581
11.0777392619
15.7814118733
4.5962493196
13.2585746298
9.08444028071
9.8436349403
9.320760474
6.20081896233
11.5552983494
4.20289433379
8.80988181805
5.96963368183
7.88578902087
5.30868601869
5.04039253058
7.45458222629
3.59922081725
6.3078071095
3.76119663585
5.33083709005
4.00218011632
4.02789382371
4.27028730011
3.07602075796
4.50753476134
2.20850235884
3.86626306109
2.82608462318
2.97709778842
2.49217065306
2.66322216019
2.68575660637
195.391528765
-44.1673756965
29.966051275
15.470282922
42.6967972365
8.72483070258
19.0965047977
45.4468537139
-9.62166653704
26.1576528031
3.59862658307
33.1801932938
10.02533349
18.7807744999
-3.07614360922
35.1607418229
10.292892331
14.1701172307
8.05160913377
19.3835238736
3.78713823805
8.43056273048
17.6831125351
2.56518973225
12.5346082562
1.08413760944
14.1927360334
-0.134166511191
14.4902769895
-2.87232240713
15.0328225929
0.479288070227
10.6005039906
4.09910722305
7.40766248
4.47892537555
3.7491640283
6.92549913669
1.87938650628
7.92722634711
-1.46554303831
8.08658646942
-0.631851287761
5.82816599056
-0.829829184214
6.32006615788
0.179874511612
4.16298786836
1.94246717654
3.61207043507
1.98880178874
2.02640531738
3.52321639665
0.460101536146
297.146749827
-153.54464817
83.6306071312
-2.6062866843
51.2044553568
-44.0498534438
59.3496779047
-17.6168270236
4.00208125212
50.9628295349
-57.5772995244
22.5607191725
-2.20611766102
41.443627792
-39.3821614974
50.1565494974
22.610565009
29.1435322488
-20.1637258896
36.3384018519
-4.04469901829
7.36100188732
23.9929620322
-4.35024042091
-5.56995713703
17.9909299304
4.11383319421
-32.3136820131
25.1937184788
-0.330450903917
4.10661572775
-1.87858494302
23.5234734143
-8.93633962568
13.7639143578
4.07450535269
2.23320130434
3.23657367234
14.4450424731
0.86723752618
-7.31661778279
10.8444689333
-0.0888590191828
-5.641579567
-0.278006261211
9.06495570481
-5.81715304364
4.5093297469
3.97857184817
-1.53494157459
1.45731636643
7.60513247081
-1.70881796607
0.486733052246
522.444175212
-278.139403138
69.3499602698
163.349316964
89.861979624
-166.858515122
138.530680902
-15.1749735285
4.6065069655
99.2557593326
-109.597775481
-53.6370321459
88.8237761035
9.60535639337
-111.433519833
30.9573611184
126.071662795
-36.6477479268
-38.8307415435
67.3457510998
57.9463978609
-47.0434121699
52.062545626
21.5192415002
-8.11352738013
56.9903123627
3.01056531456
-57.6960209957
64.1827197863
35.8407247106
-73.9769653533
5.09738312681
73.6707956003
-45.5157405109
-26.0821115986
35.281136254
6.31182809892
-23.4352007713
20.444794593
-2.00777223938
-4.64634811584
27.3513993505
0.932247566542
-25.9961102488
35.2021076549
26.5530240106
-34.5496106212
5.70023518217
42.9393708788
-16.0712934139
-16.8018926856
24.4903884315
2.90919544118
-14.0962398496
1353.62861738
-1050.1675356
259.262937939
1387.22957279
-907.622033412
248.269565154
440.576724009
-160.983658626
179.844978562
-49.8962153101
-40.406373167
-98.1345085228
311.025932967
-430.598268528
-157.503236285
540.872688605
-440.171642937
3.97436760675
274.718252368
-63.7629492766
166.3783572
-116.736943271
301.171392301
117.288606696
-149.555444387
304.854312151
-64.0510900869
94.1725502425
38.6514845422
-159.280432025
197.653001189
-134.760393573
-47.6770394287
-45.7911915485
19.7189559208
33.8968248597
-230.089018108
203.697820851
-15.5347570775
-71.5256556285
141.572638168
-54.8097143548
159.079368145
-5.89207113432
-18.5126294415
144.881569475
-19.1279631782
25.914815696
-34.7734763316
43.8882173094
24.0332150382
-121.290768824
50.105047555
-25.8334176978
4618.23475049
-4927.06701454
1667.51909863
6049.7749064
-5937.53743153
2880.57090283
1416.87986793
-1124.65423464
1229.35206565
-880.522330951
296.69416648
-185.328349757
1143.71811694
-2469.46964848
176.795478527
2635.27309237
-3302.40553176
511.728962122
1635.85712058
-1120.13867498
560.593007113
-206.651850917
899.772783887
497.408481906
-365.747616037
687.85128092
-58.7334289182
1226.65581209
-763.752990279
-479.301481227
1658.04804103
-996.122537318
-279.153722528
40.0212576178
146.506315992
-50.8358371318
-981.354954116
606.578121373
-204.641354091
-23.5556600857
-50.6244586928
-427.729405212
1082.40843841
-352.249231058
-285.592644901
693.106106937
171.293346503
140.63367969
-308.833785712
522.008832563
250.616728446
-361.783235149
178.632702586
-163.200619377
7238.65758342
-7835.05796658
2872.42816338
8677.63395807
-8774.97776139
4787.29015372
1424.31226383
-1164.27147576
2264.84820444
-1753.92758193
578.327970495
585.399375935
1100.15509217
-3468.08592947
793.827915255
3359.34606912
-4569.76305903
866.783137221
1765.77826572
-1453.08927854
1076.22429304
-1119.13028303
1431.63149501
977.634476717
-936.459000611
987.792401061
185.929288172
1602.36665174
-891.766626873
-313.090760282
2062.7129189
-901.733525235
-193.348628165
-21.0149630033
423.438558794
-55.1395031747
-1199.63340446
641.631100165
-267.668467048
-146.299965513
-233.321161638
-541.945088321
1077.95803358
-535.358060286
-363.962428552
788.491765875
84.1799040968
161.559504891
-125.866727263
546.158506182
365.241989825
-203.729707794
264.546319819
64.9442987191
7504.56028633
-8251.64203218
3752.23790476
8473.85804086
-9306.61813215
5808.39946066
1282.97362666
-1696.65909259
3385.00936384
-2411.54022335
324.765959127
2167.21752957
-722.004628913
-3266.71038913
2465.89963547
1424.7151138
-4601.46654599
2103.92965864
623.348337884
-1590.82017199
1629.14315864
-1897.191153
1892.37179617
1286.16810093
-2065.11087997
1832.68319877
1112.24622696
222.613903902
-385.395286372
928.960661427
1323.55728865
-718.438729768
232.040098124
80.0309350797
803.879800847
-435.229062275
-1244.25370736
1232.00452657
-374.503472078
-910.575177668
-39.4577603237
-40.2428689128
331.418709024
-881.14019399
-45.6486547377
758.096881975
-133.736607231
-220.531774918
168.895062857
911.951510483
-23.9408442045
-227.133905929
726.3889722
383.772152035
6814.36126232
-7735.69846282
4574.16477586
7194.16787844
-8174.88511853
5622.10461369
902.968910844
-864.853014204
2524.2668744
-2099.56097801
817.553118534
1772.73391816
-1298.09695585
-2483.84485714
2663.43024906
140.27118658
-3863.79901938
2178.3500461
13.8854819286
-1265.68206668
805.555250434
-1228.73790435
1802.22361294
248.577330053
-1292.95063845
1658.13554745
986.675630809
-74.7522967764
-216.651353751
1432.45919387
687.625255718
-577.766417919
509.078224815
340.835909101
444.925377202
-562.921832195
-409.185480243
777.243594709
-537.60210584
-659.300348435
-7.48967698787
81.7423783323
-286.353364937
-630.642433571
250.790503115
154.241450395
-283.517239611
-45.492492621
274.390473596
381.95171823
-133.441365486
143.90918724
517.111037645
153.851278617
5469.05960502
-5945.38517697
4025.47341749
4871.3848511
-5594.00349219
4814.50460245
255.837643232
-158.480017719
2059.13402767
-1474.29664368
912.096054335
1271.37537766
-1265.90298249
-1126.5333792
1946.31247187
-818.258299384
-1932.26318724
1593.12949738
-697.683703608
-395.970179489
223.317277673
-728.402096095
1494.41750232
-423.349683154
-453.738009221
1560.82872779
320.350203803
-51.3517604209
508.226910337
995.616478257
328.488042385
29.9332608065
432.162278794
507.203552477
300.843372655
-554.917981634
294.548034484
475.7760816
-735.301987311
-134.400363409
83.1398599082
-160.666808352
-305.074438233
-389.943254648
232.632207558
-8.96548419799
-388.51496517
64.7675298776
370.212047744
18.7995906945
-134.136958577
395.836591373
333.543250874
61.0807364728
4704.90579195
-4484.08964269
3303.4474805
3880.00975582
-3789.32992897
3677.14031264
464.969743442
70.6409386052
1761.2086902
-1118.44866065
889.341340346
1103.33699051
-1211.0708443
-642.232463782
1456.95330629
-827.332214531
-1469.25008434
1176.51350309
-703.581084441
-195.613295388
61.8225636688
-720.435575287
1527.64957713
-536.756972244
-486.173973954
1656.55333156
76.1147709901
-41.6279789142
619.035282742
678.486359853
437.130899943
-64.649812909
232.170361351
640.337822892
105.643121793
-649.23858526
382.13001722
354.346929
-784.321714622
-93.8869820503
61.4535141859
-112.901115822
-266.280497248
-441.842280907
409.752227826
31.7059761366
-496.931519374
271.916729332
391.001564383
-38.5144052325
-57.2874322095
343.105038921
379.828842417
-10.4837348128
3660.50978394
-2555.11286219
1360.56299756
4108.20211464
-2419.94927793
1806.1788539
1797.58661082
-355.940928831
1681.14532464
-796.143889586
761.186101212
1310.72693863
-1291.80878743
-261.87755239
1151.52569978
-476.50753717
-1328.59086637
727.408127758
16.2248184871
-588.167335774
-66.9300579168
-248.768123209
1073.31523988
-443.201188203
-494.784605519
1572.39562909
104.651172211
-221.697549616
636.29813551
786.115910834
351.700571607
-282.954730373
589.418965568
674.598837013
-219.86724884
-287.021061273
459.742785697
299.908236381
-736.712416449
-99.3027805434
366.347633296
-290.698014036
-465.129260295
-88.441267119
352.934042749
-282.871967166
-435.083362215
419.249721524
219.282955151
-255.987578965
20.0917522218
473.008993694
211.142905439
-201.108415808
4128.53505941
-2753.91872709
1357.5525093
4765.00440815
-3409.0603606
2904.78498239
1345.79572048
-621.741395893
2759.27363342
-2025.38689167
1575.50220619
1402.89607153
-2246.17660198
659.654977575
727.639683484
-918.490449359
-900.245986926
389.447145728
-43.1463353561
-542.925156891
-536.656263829
343.778694262
870.996533496
-1144.39820178
534.622192874
1243.06001509
-237.494675233
303.594705733
428.459205686
1230.93671313
-53.3917852626
-333.42380713
1398.5324101
77.1635252894
-434.534793059
204.407479006
428.805054635
-109.372479342
-785.161329265
190.298053034
278.788031514
-667.593868356
-528.787128155
425.47590666
39.718129347
-726.881696185
158.691492026
454.514589174
-57.6124642887
-257.897617523
328.351248814
687.967380493
-260.704514616
-25.0281520255
5679.09289899
-4614.78169504
2520.49783538
5774.9980976
-5370.6885903
4985.66653705
290.951100113
-607.48925108
4203.60391219
-4093.16170052
3027.16987517
1628.19477215
-3660.37556861
1873.1079907
501.421105572
-1329.27766308
-417.383174316
149.607233005
-27.4764562559
-113.357055338
-1099.39760241
541.214908654
1542.63287804
-2048.97610956
981.89937922
1633.74616392
-905.392821868
886.61827749
158.411096504
1216.14477467
400.609791742
-944.174384498
1771.43897929
282.065413991
-805.486512713
481.01414143
460.181008947
-86.7306654817
-715.941907131
129.279165106
401.585509512
-555.501070888
-666.194235255
420.055338347
266.422308596
-921.730310185
101.94670981
548.718082404
-191.272329839
-186.294588336
122.713454807
691.890591067
-99.796138801
-335.306282538
5292.28585253
-3775.17951062
2065.76052735
4924.90910994
-4129.15977545
4301.28612254
248.5911796
-412.989347265
3696.90027732
-3100.00523853
2428.24811616
1363.55183988
-2760.21189125
1775.91601926
-11.7266006145
-805.391741639
0.285895803848
-493.480887464
396.584444777
-103.443243874
-1076.73218428
685.241154608
958.52294027
-1378.32922672
772.449750636
1159.57087487
-527.403379082
794.88824197
123.132694458
877.0589321
673.97289574
-880.943318947
1422.35869054
483.468822845
-822.385257263
712.748894511
176.721788725
-26.971665769
-236.111547519
-287.813844694
608.704699063
-423.231912641
-675.990759047
577.630528848
5.01179692863
-578.403784353
126.457007925
282.156647446
43.8726538456
-183.097114501
58.9190689151
640.629418545
-78.5649379395
-270.738562257
4972.42278212
-3628.69203838
1857.49653928
4865.55588629
-3990.77534825
3983.84740572
558.838671327
-608.984837077
3586.78299126
-2934.49679345
2425.89583681
1335.82940783
-2912.7665022
2238.41201986
-299.078414885
-862.831491403
321.822992401
-874.495385188
721.984232008
-371.14553823
-1243.55726819
1073.16118256
462.456598825
-1416.68717773
928.218284109
933.793157389
-652.98647297
785.671804064
84.074686031
858.362814619
614.242585195
-997.322505873
1744.75930342
329.471708073
-1004.7274205
1152.12621766
-0.00936177012838
-35.9230431522
-102.360233158
-336.972243661
796.56080797
-688.065968003
-631.593893423
773.961775411
-319.51077552
-627.751344222
189.488875217
180.002886391
-143.808902927
-270.492879195
126.832237155
519.978074975
-252.397087323
-245.938303052
4847.06531745
-3822.74047933
1949.80047377
4782.7069748
-4053.24547873
4031.2327841
343.676306887
-389.610828286
3608.38685844
-3342.47621955
2912.48016443
1169.41338305
-3169.22092671
2502.36958243
-490.604259514
-887.110903027
147.367870148
-756.498200175
648.28130303
-703.592216432
-994.459818029
897.911338348
335.961076283
-1433.31197077
874.485295042
1030.7909263
-927.406770824
850.146588414
233.595842457
674.087995337
491.39011968
-858.584759342
1786.60184808
2.2493648441
-918.247131644
1219.69304456
-152.896016899
-141.601020235
-202.759670683
-90.5702733596
494.445710748
-862.379701562
-267.275690047
576.642507356
-412.875730213
-547.701149239
312.743053569
212.819450371
-364.433602985
-13.164019655
278.352701316
313.73756105
-235.23689938
-22.2194303371
5056.08272143
-4420.20487364
2314.51603728
5230.27008045
-4842.05504671
4686.62156817
178.986012108
-318.95571557
3807.03574979
-3888.95597666
3695.45038236
870.658937436
-3505.73455448
3162.45332715
-709.680160787
-876.30549339
190.241834056
-589.60117531
767.89254997
-925.006423781
-815.827908406
1139.02001506
219.716263472
-1602.84655574
1301.92327115
917.771872529
-1155.31303056
1138.32616385
85.4314932377
808.49930628
318.091348822
-876.306131931
2197.30208314
-443.295999998
-788.18104371
1561.6301625
-415.326686716
9.82324206044
-122.15445392
-4.07719850171
613.301354789
-1011.86636003
-32.9429550093
723.282321229
-662.412465762
-409.387364896
483.415936442
3.79749856319
-345.928963443
33.4814291124
227.973128079
293.577852135
-387.511050349
86.7904135213
5084.38880399
-4954.43615556
3438.0692545
4062.6072372
-4646.88869161
5190.46999607
-865.657403834
788.350754799
2874.37839335
-3546.42135014
4341.74769105
-103.710187153
-3001.49039656
3705.06071295
-1490.2376704
-436.676221399
651.029599976
-1225.39397801
1493.96600518
-1282.84965896
-825.784235355
1899.42611958
-858.239578013
-904.852817887
1613.09957556
-56.8714945653
-237.565576812
769.435235926
-2.28787019913
1191.43311084
-289.702427793
-241.564569452
1987.32336419
-792.567603076
-155.597548041
1335.01168342
-588.446401075
308.109345281
-140.276793122
-77.5395674991
733.097141551
-1107.924141
199.538476419
701.916293296
-979.040092698
155.577887096
256.612960366
-218.922136698
150.201217347
-287.503330239
385.253044726
308.970954653
-539.205495822
512.083551014
5384.16487765
-6335.24999354
5432.09604299
3095.51823814
-5393.08293165
6923.08397764
-2408.27122352
1685.59927521
2733.02913521
-4322.79800611
5813.61337966
-1529.92716752
-2682.8233138
4588.277281
-2754.67952722
190.450923325
645.75951274
-1591.98363267
1870.93592191
-1802.82455465
-620.443092954
2209.2906033
-1643.57799307
-577.304972173
1961.73088962
-780.076012552
34.0626746182
882.398480058
-280.704054682
1448.05925946
-690.206756346
115.506486228
2190.23416629
-1536.1729741
524.504351968
1339.67047481
-1016.81338714
709.020527875
-282.273698849
127.321992561
575.025112781
-1306.0995963
722.611345863
333.19019215
-1199.6856057
509.120631528
111.992208327
-436.723826206
106.405833995
-184.521812005
325.506520325
4.88662153817
-482.186505536
697.532300582
4571.43384172
-5556.41583831
4768.77524186
3284.92516366
-5223.06375276
6190.40180322
-1859.89122739
1420.16189874
2389.99707648
-4046.33658002
5905.14869485
-1990.96192872
-2329.24330827
4258.87148843
-2511.96380789
27.2437262726
216.791102677
-643.161082505
1062.89465976
-1834.51917652
25.2970570507
1541.43599421
-1411.74755555
-723.942224918
1916.89659374
-485.93043264
-723.511466904
1237.78847539
-45.92949914
662.83033507
-467.061439942
195.41047987
1852.09082838
-1617.39853803
376.36155026
1446.12239845
-1111.08743235
262.472957162
-13.9901323943
238.526268879
33.6225376457
-1058.05620479
871.060123179
83.8168196061
-1058.87612856
386.232170197
329.680835204
-415.277540147
-239.173896585
277.368468667
255.754538519
-245.447937428
-229.292433728
576.074613822
4635.67783024
-5588.87895329
4472.79099154
3765.91121337
-5501.05941362
6029.34318754
-1735.50286008
1661.51339222
1943.59919624
-4289.50758843
6568.27442945
-2650.96007584
-2142.48535313
4226.08377176
-2592.63030783
556.824288094
-807.172421304
134.431487871
1172.58606282
-2488.85446841
667.620528796
1221.44227
-964.852155123
-1031.90123811
1739.1773531
230.183598344
-1306.19351485
1378.7459495
-92.0432616962
918.631516321
-592.75034617
-331.061503019
2677.04744786
-2145.56432173
331.239950273
1595.57454605
-1320.36516945
788.654995369
-854.025159948
766.852324317
366.958912998
-1820.70073592
1456.73692365
-99.3441714945
-863.209819774
297.327158963
95.6291989787
286.715421123
-730.312753075
294.287910206
505.90222686
-300.020230624
-214.015804449
304.048563168
4641.61726687
-5226.06422536
4316.81351673
2620.88523158
-3618.22796594
4890.06827684
-1891.05509537
2547.51090622
1111.746414
-3473.02786953
5919.99438965
-2535.36191568
-1163.97918175
3197.14719116
-2092.98525595
1163.21163917
-1209.1729857
503.860494258
1210.49181673
-2078.15776727
844.97312353
879.250348862
-313.988979554
-825.944903709
1340.18190534
651.077659371
-1181.17148753
1325.28217489
-102.183949273
727.656227237
-133.737370715
-683.573103958
2370.44558278
-1538.53278475
-68.4520756634
1619.10960181
-1221.69528887
693.290902508
-420.634724928
280.178906134
710.123149873
-1397.81427762
1012.93773887
357.158880128
-806.669416899
427.83437358
236.009075467
142.576543705
-277.958828408
157.305612376
431.227801047
-108.332580717
-216.726413573
259.2624764
4195.37910711
-4706.28699445
4149.5103849
1785.2312565
-2532.34183199
3928.52537994
-1391.65861136
2146.94147674
951.106830973
-2819.89460319
4827.4921262
-1778.72653432
-1229.31360293
2937.93168608
-1676.04247641
784.865775108
-648.403228205
215.206525125
1200.74762391
-1557.74854693
402.27858261
1330.83069326
-572.393973253
-551.180364416
1404.32453112
278.27589417
-585.053993437
840.813103693
75.964488187
839.001802046
-445.786815502
-254.028543357
1985.65889878
-1425.27873294
113.715144197
1178.99171329
-845.945137218
492.23172553
-476.023450921
402.438473739
500.743108044
-1303.97400624
910.623254446
312.474578952
-808.188975217
400.449016766
159.104625893
111.527588201
-199.72256172
-9.19326706179
542.875251107
-88.777737281
-360.996067322
514.114603721
3429.65081453
-3819.40385184
3695.09177791
1015.39678917
-1318.89347511
2483.9907268
-956.314233491
2085.52556958
17.2466273002
-1605.46711469
3404.33097589
-1491.14370144
-792.492975263
1756.13378698
-1086.64537203
584.644291438
-1080.12920097
781.480760968
357.986919652
-1114.25917286
411.180269993
713.308460183
-204.275889551
-603.981895306
1047.46174698
349.407819764
-636.121959128
629.442751835
236.223139257
371.736024381
-300.529593274
-138.56887315
1331.29725101
-1085.91051356
91.1292988056
716.331338956
-457.442424821
89.8806523939
-341.758029662
517.364582082
-37.5439984902
-718.001360945
676.248782551
45.4944371691
-356.933508098
47.6956987324
251.172703705
160.737260538
-485.615299164
335.747553831
244.23686724
-217.361477724
-73.3447500876
142.360335776
3308.42517324
-3601.24515569
3333.65505387
955.34048703
-1369.08846942
2330.36241804
-836.012108482
1845.40300209
-202.205398153
-1181.25720362
2829.28791454
-1421.32992547
-548.510633172
1326.51411084
-761.90356747
358.064124823
-1144.69187234
1085.53444743
-128.051073691
-916.633362921
589.345202692
230.902647715
187.725541064
-859.238988005
1054.54683644
490.516767225
-983.780995462
956.829211604
119.635433824
248.588375924
-123.944760396
-180.557458132
1291.55195601
-1053.14008776
74.8324005328
787.691982791
-547.571257687
73.8516501972
-279.59306773
512.420371421
-212.920103525
-627.669989647
686.265325737
-139.006798272
-293.974773498
-7.02764218336
314.489402994
61.9090141033
-507.383217425
502.769370059
138.234511859
-235.952566401
68.3194369287
172.66026309
3410.57844023
-3893.91708887
4024.17843184
638.788061885
-1579.97404558
3165.14287818
-1479.95984601
2495.57678759
-624.285667258
-818.217971076
3182.91590501
-2256.16750557
293.418033552
1223.71719412
-1239.56830393
977.62023534
-1578.13527886
1372.7697588
-199.386164388
-1310.077909
1305.49086582
-253.597189447
97.8508039125
-442.38373525
925.746957599
337.891102052
-683.478444041
842.641302054
289.923546866
212.304193275
-301.424432601
378.220513423
911.951495065
-1106.54776011
638.415287896
308.709207354
-316.157986388
159.959203893
-488.770854634
956.113107901
-682.992806718
-320.015320553
867.498752127
-537.914787111
90.5389381254
-74.5530321434
279.552033074
197.818333712
-617.716227836
647.274034207
91.3414927739
-302.772918425
179.818093251
149.474941023
4391.95163379
-5798.37511397
6341.50277773
-247.484439737
-1994.29813058
4889.75446725
-3042.43518585
3878.40119498
-1222.72038054
-959.844774855
4550.97641907
-3943.69658366
1563.89523005
1156.51709277
-1970.85510483
1992.6331926
-2469.79191125
2073.97441072
-443.39365532
-1541.6739839
1813.97018518
-490.634921028
87.394249142
-395.419168419
1343.57794956
-128.34077533
-371.157183975
1074.04275501
-76.0224851255
807.506208526
-883.898669251
1028.54307029
819.755424536
-1698.15539258
1676.45364866
-501.446025464
-76.2143129284
294.812111521
-838.190648418
1409.87869821
-1365.69075265
117.187564062
877.137994399
-1023.39421176
488.628669901
-224.232190304
366.434533992
-53.6273047984
-371.173377691
801.150953747
-231.312035404
-6.56342897487
171.280632723
339.349005196
4478.42665283
-6054.44846286
6700.09776857
117.565240864
-2678.4403142
5179.5713149
-2648.34130921
3184.28773193
-880.776346026
-1002.00787384
4586.1659814
-4287.16048112
1618.37672205
1175.00890711
-1845.84718286
1024.16075039
-1346.69429768
1513.78087494
-1028.68181771
-555.686458382
1050.79980345
-123.657460399
-107.036092384
-438.719705206
2020.66351493
-1133.67395415
211.224261167
1550.59464878
-991.615427513
1422.62268229
-903.351638573
997.788570503
708.361516907
-1707.47317987
2007.17911297
-779.017975166
-250.159345376
600.603977578
-688.765966766
764.748613128
-917.034714313
330.642563897
283.472308792
-597.371184768
322.334903379
-106.611187218
369.98389816
-470.466293304
407.352678894
266.303512805
-405.538010864
640.490235356
-370.90596523
494.105304338
4075.0805827
-5292.49085345
6070.34831171
22.929406682
-1932.45329472
4521.70860184
-2310.57739662
3079.82722008
-621.787657214
-1068.69379917
4174.50916061
-3440.41880324
1115.48849999
1105.90645003
-1490.10309609
735.503030529
-1183.12454032
1127.47893835
-847.407358907
-434.769218583
530.356938787
-67.3303925473
159.644002332
-860.502008024
1793.02700138
-663.210042751
-197.18957309
1573.58203336
-963.882762183
1381.42345281
-575.761187966
311.946538802
1330.90532504
-1666.77272313
1408.6925576
-154.318234347
-538.570945049
688.227015261
-886.955482367
778.62414741
-651.291363263
-315.330154535
622.363629325
-714.011755125
200.414731411
-209.177225175
251.516281063
-48.8922870094
-296.402704437
638.822236837
-263.805900413
235.643104476
29.9095129729
175.107343524
4577.45592286
-5933.96891162
6536.75362615
-27.8426172798
-2172.44500135
5092.0191284
-2807.66221226
3534.77022347
-785.457727947
-1101.38000142
4450.55313143
-3769.04116226
1267.2918763
1131.36996349
-1886.49478052
1519.20531653
-2290.7701382
1936.07138936
-951.618870342
-1081.72809241
1317.53484601
-533.723377359
321.382645507
-741.230017426
1466.9964288
99.7906962504
-642.498899888
1478.35847176
-78.567712828
697.691472812
-229.649171255
406.856443217
1442.75362843
-1666.48082187
1297.41180936
87.2697446441
-414.970306816
338.764788221
-744.130830511
1079.46741372
-984.583591072
-352.192583731
860.702894075
-750.478136685
-3.40817342726
-49.8323837771
208.638845241
169.882770936
-692.34165507
884.236033065
-23.1586282593
-163.18210269
224.110016941
308.312843248
4014.76254774
-5047.50798884
5650.72872752
-194.305844453
-820.631967066
3306.92766951
-1375.59669113
2988.63565156
-876.033200889
-413.295748485
3472.1372241
-2333.11388535
463.595706206
1438.40222838
-1481.08560433
1354.6712047
-2060.17642492
1823.93718464
-644.467288565
-983.785117399
759.777259492
207.490458895
-250.398512738
-445.592993123
1120.57071412
63.0235615663
-230.15978051
437.013962549
701.358954711
206.933395163
-122.2745796
283.5848604
1359.15942486
-1256.24653172
856.329099093
279.502403127
-71.2166110241
98.9946229208
-427.847004373
882.480342431
-531.184307963
-408.842836687
560.745024105
-63.3816920379
-463.441998481
231.569214292
-13.34649158
277.908613805
-563.326853397
416.939673655
235.729533529
-178.973991534
-29.9749513872
354.640048664
3496.63018964
-4070.43031257
4470.27864829
200.00074652
-867.449323402
2658.18717287
-826.884027231
2228.25516373
-277.426500972
-883.595869447
3326.39194362
-1966.81043106
-258.325306889
2105.74212316
-2046.19480394
1309.93529038
-1471.22350752
868.115678178
36.8614426413
-1334.21367488
733.025115064
392.858163123
-668.415558743
-44.6616818333
941.997423711
-115.386340642
-78.5445105938
547.285152413
416.264409789
400.465725266
-141.720947886
252.924214412
1435.83939698
-1461.57226077
1000.1788717
460.029374056
-732.905559135
701.53100987
-717.468641875
686.652889115
-218.992083537
-939.46901681
1137.49643909
-591.954979032
-488.524105021
611.44224697
-430.50276375
319.00160682
-409.938619646
259.90115145
418.601440272
-457.781840495
218.839946044
432.692029489
4461.09866646
-6082.24036412
6947.65181838
-167.856802514
-2293.7039868
4961.0702821
-2248.02144317
3272.1720047
-849.639320697
-1086.63706913
5141.78589453
-4360.69756182
802.323461671
2881.81771955
-3609.82974147
2151.75584899
-1974.29972186
1382.98690298
-510.965391439
-1692.77839869
1591.16014124
-103.610598367
-938.798083745
-15.1085539438
1811.20953524
-1198.09167992
158.284875774
1358.7107186
-523.029692283
1188.04698169
-930.842100874
1063.97068539
1514.18521295
-2788.31514863
2808.35950478
-507.135580999
-911.110544425
1344.26813778
-1356.65684823
1437.83246308
-1188.77685217
-405.269446657
1465.91151947
-1483.19082614
73.2871413497
494.59232196
-270.362832887
-204.569650275
-15.699013199
457.769186467
-233.671216447
102.080917554
-152.102970603
837.641395171
4599.80522772
-7108.18178867
9048.08731114
-1759.64452886
-1659.84786708
5619.46061288
-3087.05622674
4270.97724935
-1896.7521867
148.827972638
4684.12354293
-4928.06980538
2034.4921181
2025.3264811
-3176.78422945
1763.33818628
-1408.37277212
1469.58280034
-1641.81421317
98.710129278
377.499839449
316.070136735
-701.820322064
-477.239954991
2968.55398489
-2730.32126546
1416.83627018
1452.64674807
-1617.25440239
2386.36625126
-1516.37696991
1268.05840899
1399.01035746
-2963.69259544
3514.89867461
-1412.35161401
-489.539573024
1408.43209534
-1400.80175121
1187.91689711
-1062.54099774
81.027362796
619.401420687
-834.445777657
-39.1997325808
421.168645256
1.49076259
-648.180079316
727.321363124
53.4891633127
-494.099626065
957.124081117
-887.362056518
1136.79252903
4866.304159
-7720.62012905
10000.0
-2727.95798358
-816.013501403
5545.27766205
-3392.53620762
4695.4076096
-1858.95359374
-94.546087364
5030.63008496
-4918.96301875
1966.33379768
2367.73430047
-3540.02553564
2351.10730856
-1886.08299928
1868.62804069
-1656.53840577
0.0504550203555
445.399348285
470.219051296
-922.960151441
-296.059256129
2801.06811829
-2422.64458593
1010.43442681
1654.99521076
-1344.653327
1907.99284423
-996.299668344
861.285525442
2009.89132072
-3516.95751301
3789.07424433
-1008.16924282
-928.382189366
1807.27327985
-1453.33404504
1379.52125214
-1023.39089388
-290.763112204
1555.84484858
-1591.81489039
177.136644928
808.01851138
-598.970710424
66.1813714161
-168.303386481
868.237240578
-678.210847314
279.307212833
151.218908168
414.579360705
4529.07845841
-6631.68013169
8559.98280098
-1725.56481416
-1303.50843224
5174.43379568
-2491.65020387
3468.47291491
-949.713387665
-441.89192916
4862.30017811
-4622.87769486
1748.46087033
2378.20221117
-3335.40932178
2240.8605482
-2028.37959165
2358.35488118
-2013.02781237
-201.217569719
1445.6657829
-760.836177129
-115.233009952
-292.298341546
1937.03978389
-1010.09078828
-678.876879257
2725.76845584
-1397.85902232
540.004746575
587.300928005
-321.228349867
1960.94090519
-2905.66250314
2728.53450796
-169.208651682
-1642.78990487
1725.00614248
-812.13365024
513.758448564
-691.550680615
-100.638455168
1353.30196232
-1762.08760605
621.18591188
526.84546141
-506.088716557
166.838580559
-459.17371303
1480.07567086
-1370.00021014
446.013353524
676.827898449
-538.876648413
4797.10576113
-6068.74474346
7117.58460303
-596.375441404
-1859.2626005
4919.95743026
-1972.48820204
2575.19901513
-383.762667599
-760.736715434
4417.06669686
-3976.8129349
1205.32072966
2299.42962134
-2854.17017604
1667.26141702
-1812.30578205
2477.5980707
-2305.59150808
130.069013398
1242.55339152
-751.787173524
144.136176179
-677.155930467
2112.79636808
-951.795686788
-956.723210287
2789.93666839
-1430.00238868
437.923713804
567.643465369
-427.939490573
2023.15253829
-2935.07011597
2560.74016478
-83.9517690242
-1521.55297993
1488.65881444
-704.236067927
623.18604523
-832.939300328
-20.9257627059
1220.94942079
-1468.98203315
355.077186369
523.922204737
-325.532245922
-6.61514644021
-458.192089544
1358.07194709
-1164.59245319
294.260508758
470.680833799
-217.425020459
4549.69155677
-6075.84886822
7182.66945417
-864.769318657
-1746.73440061
4520.30250371
-1793.61888943
2605.84356833
-660.135154506
-463.50988754
4116.59974675
-3778.79955803
1177.40393667
2097.22632322
-2525.7589388
1464.42584045
-1498.54177084
2118.34296962
-1920.3985231
118.463204583
905.010920975
-306.36198761
-34.0315103139
-600.508139538
2115.67080938
-1006.96567386
-468.102254495
2285.88112328
-1230.0582428
919.274227119
-38.182317489
92.7087491244
1664.6771787
-2429.1706806
2268.96265084
-212.903539636
-1002.52062181
1132.19453382
-712.890397353
730.390173453
-765.494238297
-45.6871769217
942.385390827
-1085.60535556
349.520951966
143.792042116
144.139895083
-239.144199898
-109.178477752
919.737730129
-783.599412858
490.939537886
28.5192786314
160.594199965
240.965478792
-627.004751058
1054.22126572
-445.402191998
-219.356975024
693.502568002
-541.000618108
430.733064
-381.371726688
148.928597803
341.181542391
-686.705299583
534.69817216
-115.376137494
-91.025542726
86.2057144401
-78.8172152496
307.574291639
-322.231619551
184.119395493
116.735828375
-104.642968136
116.49406688
-108.874350323
310.668441764
-234.769540813
41.6643894501
232.280019527
-245.062489119
192.918702171
-132.258564188
101.284659695
37.4979781775
-226.922174012
280.881143422
-150.23073678
-15.7968894727
91.436549848
-88.0496513854
118.806418159
-133.942622107
97.2243081668
36.2135819244
-92.1532300221
93.7232094503
-30.331251216
49.9758198768
-42.7758168914
25.4617508681
61.7628495119
-78.6010212364
63.8408243019
-18.7266611619
15.9358480924
1.03967401972
-34.6069860028
75.4078794311
-64.1641284174
17.1679840123
25.3563462892
-32.6920296084
31.0399410846
-32.0233742505
30.83805721
-3.18510986057
-24.9060880172
37.4799437008
-18.0200808953
7.96583316554
0.590914375385
2.77824206705
11.7909877964
-16.4725877223
17.7575214632
-1.83012418106
-2.07646049496
4.48007970669
-1.91997176829
8.8797332849
-9.5144384808
6.46412876052
3.69066244511
-6.14114770639
4.48266537374
-3.53312026809
3.24176237481
-2.47981197038
-1.8695237008
5.15482949181
-5.11801098872
1.79463647743
0.822385406349
-0.0240132954688
1.11140186929
-1.0341623793
2.41312549361
-0.603024784812
-0.214947308176
1.66385330082
1.58066063578
1.50162760399
1.42654622379
1.3552189126
1.28745796697
1.22308506862
1.16193081519
1.10383427443
1.04864256071
0.996210432675
0.946399911041
0.899079915489
0.854125919715
0.811419623729
0.770848642543
0.732306210416
0.695690899895
0.6609063549
0.627861037155
0.596467985297
0.566644586032
0.538312356731
0.511396738894
0.48582690195
0.461535556852
0.438458779009
0.416535840059
0.395709048056
0.375923595653
0.357127415871
0.339271045077
0.322307492823
0.306192118182
0.290882512273
0.276338386659
0.262521467326
0.24939539396
0.236925624262
0.225079343049
0.213825375896
0.203134107102
0.192977401747
0.183328531659
0.174162105076
0.165453999822
0.157181299831
0.14932223484
0.141856123098
0.134763316943
0.128025151096
0.121623893541
0.115542698864
0.109765563921
0.104277285725
0.0990634214385
0.0941102503665
0.0894047378482
0.0849345009558
0.080687775908
0.0766533871126
0.072820717757
0.0691796818691
0.0657206977757
0.0624346628869
0.0593129297425
0.0563472832554
0.0535299190926
0.050853423138
0.0483107519811
0.0458952143821
0.043600453663
0.0414204309798
0.0393494094308
0.0373819389593
0.0355128420113
0.0337371999107
0.0320503399152
0.0304478229194
0.0289254317735
0.0274791601848
0.0261052021756
0.0247999420668
0.0235599449634
0.0223819477153
0.0212628503295
0.020199707813
0.0191897224224
0.0182302363013
0.0173187244862
0.0164527882619
0.0156301488488
0.0148486414064
0.014106209336
0.0134008988692
0.0127308539258
0.0120943112295
0.011489595668
0.0109151158846
0.0103693600904
0.00985089208586
0.00935834748157
0.00889043010749
0.00844590860211
0.00802361317201
0.00762243251341
0.00724131088774
0.00687924534335
0.00653528307618
0.00620851892237
0.00589809297626
0.00560318832744
0.00532302891107
0.00505687746552
0.00480403359224
0.00456383191263
0.004335640317
0.00411885830115
0.00391291538609
0.00371726961679
0.00353140613595
0.00335483582915
0.00318709403769
0.00302773933581
0.00287635236902
0.00273253475057
0.00259590801304
0.00246611261239
0.00234280698177
0.00222566663268
0.00211438330104
0.00200866413599
0.00190823092919
0.00181281938273
0.0017221784136
0.00163606949292
0.00155426601827
0.00147655271736
0.00140272508149
0.00133258882741
0.00126595938604
0.00120266141674
0.0011425283459
0.00108540192861
0.00103113183218
0.00097957524057
0.000930596478542
0.000884066654614
0.000839863321884
0.00079787015579
0.000757976648
0.0007200778156
0.00068407392482
0.000649870228579
0.00061737671715
0.000586507881293
0.000557182487228
0.000529323362867
0.000502857194723
0.000477714334987
0.000453828618238
0.000431137187326
0.00040958032796
0.000389101311562
0.000369646245983
0.000351163933684
0.000333605737
0.00031692545015
0.000301079177643
0.00028602521876
0.000271723957822
0.000258137759931
0.000245230871935
0.000232969328338
0.000221320861921
0.000210254818825
0.000199742077884
0.00018975497399
0.00018026722529
0.000171253864026
0.000162691170824
0.000154556612283
0.000146828781669
0.000139487342586
0.000132512975456
0.000125887326683
0.000119592960349
0.000113613312332
0.000107932646715
0.000102536014379
9.74092136605e-05
9.25387529775e-05
8.79118153286e-05
8.35162245622e-05
7.9340413334e-05
7.53733926673e-05
7.1604723034e-05
6.80244868823e-05
6.46232625382e-05
6.13920994113e-05
5.83224944407e-05
5.54063697187e-05
5.26360512327e-05
5.00042486711e-05
4.75040362375e-05
4.51288344257e-05
4.28723927044e-05
4.07287730692e-05
3.86923344157e-05
3.67577176949e-05
3.49198318102e-05
3.31738402197e-05
3.15151482087e-05
2.99393907982e-05
2.84424212583e-05
2.70203001954e-05
2.56692851856e-05
2.43858209264e-05
2.316652988e-05
2.2008203386e-05
2.09077932167e-05
1.98624035559e-05
1.88692833781e-05
1.79258192092e-05
1.70295282487e-05
1.61780518363e-05
1.53691492445e-05
1.46006917823e-05
1.38706571932e-05
1.31771243335e-05
1.25182681168e-05
1.1892354711e-05
1.12977369754e-05
1.07328501267e-05
1.01962076203e-05
9.68639723931e-06
9.20207737734e-06
8.74197350848e-06
8.30487483305e-06
7.8896310914e-06
7.49514953683e-06
7.12039205999e-06
6.76437245699e-06
6.42615383414e-06
6.10484614243e-06
5.79960383531e-06
5.50962364355e-06
5.23414246137e-06
4.9724353383e-06
4.72381357138e-06
4.48762289282e-06
4.26324174817e-06
4.05007966077e-06
3.84757567773e-06
3.65519689384e-06
3.47243704915e-06
3.29881519669e-06
3.13387443686e-06
2.97718071501e-06
2.82832167926e-06
2.6869055953e-06
2.55256031554e-06
2.42493229976e-06
2.30368568477e-06
2.18850140053e-06
2.07907633051e-06
1.97512251398e-06
1.87636638828e-06
1.78254806887e-06
1.69342066542e-06
1.60874963215e-06
1.52831215054e-06
1.45189654302e-06
1.37930171587e-06
1.31033663007e-06
1.24481979857e-06
1.18257880864e-06
1.12344986821e-06
1.0672773748e-06
1.01391350606e-06
9.63217830756e-07
9.15056939218e-07
8.69304092257e-07
8.25838887644e-07
7.84546943262e-07
7.45319596099e-07
7.08053616294e-07
6.72650935479e-07
6.39018388705e-07
6.0706746927e-07
5.76714095807e-07
5.47878391016e-07
5.20484471465e-07
4.94460247892e-07
4.69737235498e-07
4.46250373723e-07
4.23937855037e-07
4.02740962285e-07
3.82603914171e-07
3.63473718462e-07
3.45300032539e-07
3.28035030912e-07
3.11633279366e-07
2.96051615398e-07
2.81249034628e-07
2.67186582897e-07
2.53827253752e-07
2.41135891064e-07
2.29079096511e-07
2.17625141686e-07
2.06743884601e-07
1.96406690371e-07
1.86586355853e-07
1.7725703806e-07
1.68394186157e-07
1.59974476849e-07
1.51975753007e-07
1.44376965356e-07
1.37158117089e-07
1.30300211234e-07
1.23785200672e-07
1.17595940639e-07
1.11716143607e-07
1.06130336426e-07
1.00823819605e-07
9.57826286249e-08
9.09934971937e-08
8.6443822334e-08
8.21216312173e-08
7.80155496564e-08
7.41147721736e-08
7.04090335649e-08
6.68885818867e-08
6.35441527923e-08
6.03669451527e-08
5.73485978951e-08
5.44811680003e-08
5.17571096003e-08
4.91692541203e-08
4.67107914143e-08
4.43752518436e-08
4.21564892514e-08
4.00486647888e-08
3.80462315494e-08
3.61439199719e-08
3.43367239733e-08
3.26198877747e-08
3.09888933859e-08
2.94394487166e-08
2.79674762808e-08
2.65691024668e-08
2.52406473434e-08
2.39786149762e-08
2.27796842274e-08
2.16407000161e-08
2.05586650153e-08
1.95307317645e-08
1.85541951763e-08
1.76264854175e-08
1.67451611466e-08
1.59079030893e-08
1.51125079348e-08
1.43568825381e-08
1.36390384111e-08
1.29570864906e-08
1.23092321661e-08
1.16937705578e-08
1.11090820299e-08
1.05536279284e-08
1.0025946532e-08
9.52464920536e-09
9.04841674509e-09
8.59599590784e-09
8.16619611245e-09
7.75788630682e-09
7.36999199148e-09
7.00149239191e-09
6.65141777231e-09
6.3188468837e-09
6.00290453951e-09
5.70275931254e-09
5.41762134691e-09
5.14674027956e-09
4.88940326559e-09
4.64493310231e-09
4.41268644719e-09
4.19205212483e-09
3.98244951859e-09
3.78332704266e-09
3.59416069053e-09
3.414452656e-09
3.2437300232e-09
3.08154352204e-09
2.92746634594e-09
2.78109302864e-09
2.64203837721e-09
2.50993645835e-09
2.38443963543e-09
2.26521765366e-09
2.15195677098e-09
2.04435893243e-09
1.94214098581e-09
1.84503393652e-09
1.75278223969e-09
1.66514312771e-09
1.58188597132e-09
1.50279167276e-09
1.42765208912e-09
1.35626948466e-09
1.28845601043e-09
1.22403320991e-09
1.16283154941e-09
1.10468997194e-09
1.04945547334e-09
9.96982699677e-10
9.47133564693e-10
8.99776886458e-10
8.54788042135e-10
8.12048640029e-10
7.71446208027e-10
7.32873897626e-10
6.96230202745e-10
6.61418692607e-10
6.28347757977e-10
5.96930370078e-10
5.67083851574e-10
5.38729658996e-10
5.11793176046e-10
4.86203517243e-10
4.61893341381e-10
4.38798674312e-10
4.16858740597e-10
3.96015803567e-10
3.76215013388e-10
3.57404262719e-10
3.39534049583e-10
3.22557347104e-10
3.06429479749e-10
2.91108005761e-10
2.76552605473e-10
2.627249752e-10
2.4958872644e-10
2.37109290118e-10
2.25253825612e-10
2.13991134331e-10
2.03291577615e-10
1.93126998734e-10
1.83470648797e-10
1.74297116357e-10
1.65582260539e-10
1.57303147512e-10
1.49437990137e-10
1.4196609063e-10
1.34867786098e-10
1.28124396794e-10
1.21718176954e-10
1.15632268106e-10
1.09850654701e-10
1.04358121966e-10
9.91402158675e-11
9.41832050742e-11
8.94740448205e-11
8.50003425794e-11
8.07503254505e-11
7.67128091779e-11
7.2877168719e-11
6.92333102831e-11
6.57716447689e-11
6.24830625305e-11
5.9358909404e-11
5.63909639338e-11
5.35714157371e-11
5.08928449502e-11
4.83482027027e-11
4.59307925676e-11
4.36342529392e-11
4.14525402922e-11
3.93799132776e-11
3.74109176137e-11
3.55403717331e-11
3.37633531464e-11
3.20751854891e-11
3.04714262146e-11
2.89478549039e-11
2.75004621587e-11
2.61254390508e-11
2.48191670982e-11
2.35782087433e-11
2.23992983062e-11
2.12793333908e-11
2.02153667213e-11
1.92045983852e-11
1.8244368466e-11
1.73321500427e-11
1.64655425405e-11
1.56422654135e-11
1.48601521428e-11
1.41171445357e-11
1.34112873089e-11
1.27407229435e-11
1.21036867963e-11
1.14985024565e-11
1.09235773337e-11
1.0377398467e-11
9.85852854362e-12
9.36560211644e-12
8.89732201062e-12
8.45245591009e-12
8.02983311459e-12
7.62834145886e-12
7.24692438591e-12
6.88457816662e-12
6.54034925829e-12
6.21333179537e-12
5.9026652056e-12
5.60753194532e-12
5.32715534806e-12
5.06079758065e-12
4.80775770162e-12
4.56736981654e-12
4.33900132571e-12
4.12205125943e-12
3.91594869646e-12
3.72015126163e-12
3.53414369855e-12
3.35743651362e-12
3.18956468794e-12
3.03008645355e-12
2.87858213087e-12
2.73465302433e-12
2.59792037311e-12
2.46802435445e-12
2.34462313673e-12
2.22739197989e-12
2.1160223809e-12
2.01022126185e-12
1.90971019876e-12
1.81422468882e-12
1.72351345438e-12
1.63733778166e-12
1.55547089258e-12
1.47769734795e-12
1.40381248055e-12
1.33362185653e-12
1.2669407637e-12
1.20359372551e-12
1.14341403924e-12
1.08624333728e-12
1.03193117041e-12
9.80334611893e-13
9.31317881298e-13
8.84751987233e-13
8.40514387871e-13
7.98488668478e-13
7.58564235054e-13
7.20636023301e-13
6.84604222136e-13
6.50374011029e-13
6.17855310478e-13
5.86962544954e-13
5.57614417706e-13
5.29733696821e-13
5.0324701198e-13
4.78084661381e-13
4.54180428312e-13
4.31471406896e-13
4.09897836552e-13
3.89402944724e-13
3.69932797488e-13
3.51436157613e-13
3.33864349733e-13
3.17171132246e-13
3.01312575634e-13
2.86246946852e-13
2.71934599509e-13
2.58337869534e-13
2.45420976057e-13
2.33149927254e-13
2.21492430892e-13
2.10417809347e-13
1.9989691888e-13
1.89902072936e-13
1.80406969289e-13
1.71386620825e-13
1.62817289783e-13
1.54676425294e-13
1.46942604029e-13
1.39595473828e-13
1.32615700137e-13
1.2598491513e-13
1.19685669373e-13
1.13701385905e-13
1.08016316609e-13
1.02615500779e-13
9.74847257399e-14
9.26104894529e-14
8.79799649803e-14
8.35809667313e-14
7.94019183947e-14
7.5431822475e-14
7.16602313512e-14
6.80772197837e-14
6.46733587945e-14
6.14396908548e-14
5.8367706312e-14
5.54493209964e-14
5.26768549466e-14
5.00430121993e-14
4.75408615893e-14
4.51638185098e-14
4.29056275844e-14
4.07603462051e-14
3.87223288949e-14
3.67862124501e-14
3.49469018276e-14
3.31995567362e-14
3.15395788994e-14
2.99625999545e-14
2.84644699567e-14
2.70412464589e-14
2.5689184136e-14
2.44047249292e-14
2.31844886827e-14
2.20252642486e-14
2.09240010361e-14
1.98778009843e-14
1.88839109351e-14
1.79397153884e-14
1.70427296189e-14
1.6190593138e-14
1.53810634811e-14
1.4612010307e-14
1.38814097917e-14
1.31873393021e-14
1.2527972337e-14
1.19015737201e-14
1.13064950341e-14
1.07411702824e-14
1.02041117683e-14
9.6939061799e-15
9.2092108709e-15
8.74875032736e-15
8.31131281099e-15
7.89574717044e-15
7.50095981192e-15
7.12591182132e-15
6.76961623026e-15
6.43113541874e-15
6.10957864781e-15
5.80409971542e-15
5.51389472964e-15
5.23819999316e-15
4.9762899935e-15
4.72747549383e-15
4.49110171914e-15
4.26654663318e-15
4.05321930152e-15
3.85055833645e-15
3.65803041962e-15
3.47512889864e-15
3.30137245371e-15
3.13630383102e-15
2.97948863947e-15
2.8305142075e-15
2.68898849712e-15
2.55453907227e-15
2.42681211865e-15
2.30547151272e-15
2.19019793709e-15
2.08068804023e-15
1.97665363822e-15
1.87782095631e-15
1.78392990849e-15
1.69473341307e-15
1.60999674242e-15
1.52949690529e-15
1.45302206003e-15
1.38037095703e-15
1.31135240918e-15
1.24578478872e-15
1.18349554928e-15
1.12432077182e-15
1.06810473323e-15
1.01469949657e-15
9.63964521738e-16
9.15766295651e-16
8.69977980868e-16
8.26479081825e-16
7.85155127734e-16
7.45897371347e-16
7.0860250278e-16
6.73172377641e-16
6.39513758759e-16
6.07538070821e-16
5.7716116728e-16
5.48303108916e-16
5.2088795347e-16
4.94843555796e-16
4.70101378007e-16
4.46596309106e-16
4.24266493651e-16
4.03053168968e-16
3.8290051052e-16
3.63755484994e-16
3.45567710744e-16
3.28289325207e-16
3.11874858947e-16
2.96281115999e-16
2.81467060199e-16
2.67393707189e-16
2.5402402183e-16
2.41322820738e-16
2.29256679702e-16
2.17793845716e-16
2.06904153431e-16
1.96558945759e-16
1.86730998471e-16
1.77394448548e-16
1.6852472612e-16
1.60098489814e-16
1.52093565323e-16
1.44488887057e-16
1.37264442704e-16
1.30401220569e-16
1.23881159541e-16
1.17687101564e-16
1.11802746486e-16
1.06212609161e-16
1.00901978703e-16
9.5856879768e-17
9.10640357796e-17
8.65108339906e-17
8.21852922911e-17
7.80760276766e-17
7.41722262927e-17
7.04636149781e-17
6.69404342292e-17
6.35934125177e-17
6.04137418918e-17
5.73930547973e-17
5.45234020574e-17
5.17972319545e-17
4.92073703568e-17
4.6747001839e-17
4.4409651747e-17
4.21891691597e-17
4.00797107017e-17
3.80757251666e-17
3.61719389083e-17
3.43633419628e-17
3.26451748647e-17
3.10129161215e-17
2.94622703154e-17
2.79891567996e-17
2.65896989596e-17
2.52602140117e-17
2.39972033111e-17
2.27973431455e-17
2.16574759882e-17
2.05746021888e-17
1.95458720794e-17
1.85685784754e-17
1.76401495517e-17
1.67581420741e-17
1.59202349704e-17
1.51242232218e-17
1.43680120608e-17
1.36496114577e-17
1.29671308848e-17
1.23187743406e-17
1.17028356236e-17
1.11176938424e-17
1.05618091503e-17
1.00337186928e-17
9.53203275811e-18
9.05543112021e-18
8.6026595642e-18
8.17252658599e-18
7.76390025669e-18
7.37570524385e-18
7.00691998166e-18
6.65657398258e-18
6.32374528345e-18
6.00755801928e-18
5.70718011831e-18
5.4218211124e-18
5.15073005678e-18
4.89319355394e-18
4.64853387624e-18
4.41610718243e-18
4.19530182331e-18
3.98553673214e-18
3.78625989554e-18
3.59694690076e-18
3.41709955572e-18
3.24624457793e-18
3.08393234904e-18
2.92973573159e-18
2.78324894501e-18
2.64408649776e-18
2.51188217287e-18
2.38628806423e-18
2.26697366101e-18
2.15362497796e-18
2.04594372907e-18
1.94364654261e-18
1.84646421548e-18
1.75414100471e-18
1.66643395447e-18
1.58311225675e-18
1.50395664391e-18
1.42875881172e-18
1.35732087113e-18
1.28945482757e-18
1.22498208619e-18
1.16373298188e-18
1.10554633279e-18
1.05026901615e-18
9.97755565343e-19
9.47867787076e-19
9.00474397722e-19
8.55450677836e-19
8.12678143944e-19
7.72044236747e-19
7.3344202491e-19
6.96769923664e-19
6.61931427481e-19
6.28834856107e-19
5.97393113302e-19
5.67523457637e-19
5.39147284755e-19
5.12189920517e-19
4.86580424491e-19
4.62251403267e-19
4.39138833103e-19
4.17181891448e-19
3.96322796876e-19
3.76506657032e-19
3.5768132418e-19
3.39797257971e-19
3.22807395073e-19
3.06667025319e-19
2.91333674053e-19
2.76766990351e-19
2.62928640833e-19
2.49782208791e-19
2.37293098352e-19
2.25428443434e-19
2.14157021262e-19
2.03449170199e-19
1.93276711689e-19
1.83612876105e-19
1.744322323e-19
1.65710620685e-19
1.5742508965e-19
1.49553835168e-19
1.4207614341e-19
1.34972336239e-19
1.28223719427e-19
1.21812533456e-19
1.15721906783e-19
1.09935811444e-19
1.04439020872e-19
9.9217069828e-20
9.42562163366e-20
8.95434055198e-20
8.50662352438e-20
8.08129234816e-20
7.67722773076e-20
7.29336634422e-20
6.92869802701e-20
6.58226312566e-20
6.25314996937e-20
5.9404924709e-20
5.64346784736e-20
5.36129445499e-20
5.09322973224e-20
4.83856824563e-20
4.59663983335e-20
4.36680784168e-20
4.1484674496e-20
3.94104407712e-20
3.74399187326e-20
3.5567922796e-20
3.37895266562e-20
3.21000503234e-20
3.04950478072e-20
2.89702954168e-20
2.7521780646e-20
2.61456916137e-20
2.4838407033e-20
2.35964866814e-20
2.24166623473e-20
2.12958292299e-20
2.02310377684e-20
1.921948588e-20
1.8258511586e-20
1.73455860067e-20
1.64783067064e-20
1.56543913711e-20
1.48716718025e-20
1.41280882124e-20
1.34216838018e-20
1.27505996117e-20
1.21130696311e-20
1.15074161495e-20
1.09320453421e-20
1.0385443075e-20
9.86617092121e-21
9.37286237515e-21
8.90421925639e-21
8.45900829357e-21
8.03605787889e-21
7.63425498495e-21
7.2525422357e-21
6.88991512391e-21
6.54541936772e-21
6.21814839933e-21
5.90724097937e-21
5.6118789304e-21
5.33128498388e-21
5.06472073468e-21
4.81148469795e-21
4.57091046305e-21
4.3423649399e-21
4.1252466929e-21
3.91898435826e-21
3.72303514035e-21
3.53688338333e-21
3.36003921416e-21
3.19203725345e-21
3.03243539078e-21
2.88081362124e-21
2.73677294018e-21
2.59993429317e-21
2.46993757851e-21
2.34644069959e-21
2.22911866461e-21
2.11766273138e-21
2.01177959481e-21
1.91119061507e-21
1.81563108431e-21
1.7248495301e-21
1.63860705359e-21
1.55667670091e-21
1.47884286587e-21
1.40490072258e-21
1.33465568645e-21
1.26792290212e-21
1.20452675702e-21
1.14430041917e-21
1.08708539821e-21
1.0327311283e-21
9.81094571883e-22
9.32039843289e-22
8.85437851125e-22
8.41165958569e-22
7.9910766064e-22
7.59152277608e-22
7.21194663728e-22
6.85134930541e-22
6.50878184014e-22
6.18334274814e-22
5.87417561073e-22
5.58046683019e-22
5.30144348868e-22
5.03637131425e-22
4.78455274854e-22
4.54532511111e-22
4.31805885555e-22
4.10215591278e-22
3.89704811714e-22
3.70219571128e-22
3.51708592572e-22
3.34123162943e-22
3.17417004796e-22
3.01546154556e-22
2.86468846828e-22
2.72145404487e-22
2.58538134263e-22
2.45611227549e-22
2.33330666172e-22
2.21664132863e-22
2.1058092622e-22
2.00051879909e-22
1.90049285914e-22
1.80546821618e-22
1.71519480537e-22
1.6294350651e-22
1.54796331185e-22
1.47056514626e-22
1.39703688894e-22
1.3271850445e-22
1.26082579227e-22
1.19778450266e-22
1.13789527752e-22
1.08100051365e-22
1.02695048797e-22
9.75602963567e-23
9.26822815389e-23
8.8048167462e-23
8.36457590889e-23
7.94634711344e-23
7.54902975777e-23
7.17157826988e-23
6.81299935639e-23
6.47234938857e-23
6.14873191914e-23
5.84129532318e-23
5.54923055702e-23
5.27176902917e-23
5.00818057771e-23
4.75777154883e-23
4.51988297139e-23
4.29388882282e-23
4.07919438168e-23
3.87523466259e-23
3.68147292946e-23
3.49739928299e-23
3.32252931884e-23
3.1564028529e-23
2.99858271025e-23
2.84865357474e-23
2.706220896e-23
2.5709098512e-23
2.44236435864e-23
2.32024614071e-23
2.20423383368e-23
2.09402214199e-23
1.98932103489e-23
1.88985498315e-23
1.79536223399e-23
1.70559412229e-23
1.62031441618e-23
1.53929869537e-23
1.4623337606e-23
1.38921707257e-23
1.31975621894e-23
1.25376840799e-23
1.19107998759e-23
1.13152598821e-23
1.0749496888e-23
1.02120220436e-23
9.70142094145e-24
9.21634989438e-24
8.75553239966e-24
8.31775577968e-24
7.90186799069e-24
7.50677459116e-24
7.1314358616e-24
6.77486406852e-24
6.43612086509e-24
6.11431482184e-24
5.80859908075e-24
5.51816912671e-24
5.24226067037e-24
4.98014763686e-24
4.73114025501e-24
4.49458324226e-24
4.26985408015e-24
4.05636137614e-24
3.85354330733e-24
3.66086614197e-24
3.47782283487e-24
3.30393169313e-24
3.13873510847e-24
2.98179835305e-24
2.83270843539e-24
2.69107301362e-24
2.55651936294e-24
2.4286933948e-24
2.30725872506e-24
2.1918957888e-24
2.08230099936e-24
1.97818594939e-24
1.87927665193e-24
1.78531281933e-24
1.69604717836e-24
1.61124481944e-24
1.53068257847e-24
1.45414844955e-24
1.38144102707e-24
1.31236897572e-24
1.24675052693e-24
1.18441300059e-24
1.12519235056e-24
1.06893273303e-24
1.01548609638e-24
9.64711791558e-25
9.1647620198e-25
8.70652391881e-25
8.27119772287e-25
7.85763783673e-25
7.46475594489e-25
7.09151814764e-25
6.73694224026e-25
6.40009512825e-25
6.08009037184e-25
5.77608585324e-25
5.48728156058e-25
5.21291748255e-25
4.95227160843e-25
4.704658028e-25
4.4694251266e-25
4.24595387027e-25
4.03365617676e-25
3.83197336792e-25
3.64037469953e-25
3.45835596455e-25
3.28543816632e-25
3.12116625801e-25
2.96510794511e-25
2.81685254785e-25
2.67600992046e-25
2.54220942444e-25
2.41509895321e-25
2.29434400555e-25
2.17962680528e-25
2.07064546501e-25
1.96711319176e-25
1.86875753217e-25
1.77531965556e-25
1.68655367279e-25
1.60222598915e-25
1.52211468969e-25
1.4460089552e-25
1.37370850744e-25
1.30502308207e-25
1.23977192797e-25
1.17778333157e-25
1.11889416499e-25
1.06294945674e-25
1.00980198391e-25
9.5931188471e-26
9.11346290474e-26
8.65778975951e-26
8.22490027153e-26
7.81365525795e-26
7.42297249506e-26
7.0518238703e-26
6.69923267679e-26
6.36427104295e-26
6.0460574908e-26
5.74375461626e-26
5.45656688545e-26
5.18373854118e-26
4.92455161412e-26
4.67832403341e-26
4.44440783174e-26
4.22218744015e-26
4.01107806815e-26
3.81052416474e-26
3.6199979565e-26
3.43899805868e-26
3.26704815574e-26
3.10369574796e-26
2.94851096056e-26
2.80108541253e-26
2.6610311419e-26
2.52797958481e-26
2.40158060557e-26
2.28150157529e-26
2.16742649653e-26
2.0590551717e-26
1.95610241311e-26
1.85829729246e-26
1.76538242784e-26
1.67711330644e-26
1.59325764112e-26
1.51359475907e-26
1.43791502111e-26
1.36601927006e-26
1.29771830655e-26
1.23283239123e-26
1.17119077166e-26
1.11263123308e-26
1.05699967143e-26
1.00414968786e-26
9.53942203463e-27
9.0624509329e-27
8.60932838626e-27
8.17886196694e-27
7.7699188686e-27
7.38142292517e-27
7.01235177891e-27
6.66173418996e-27
6.32864748046e-27
6.01221510644e-27
5.71160435112e-27
5.42602413356e-27
5.15472292688e-27
4.89698678054e-27
4.65213744151e-27
4.41953056944e-27
4.19855404097e-27
3.98862633892e-27
3.78919502197e-27
3.59973527087e-27
3.41974850733e-27
3.24876108196e-27
3.08632302786e-27
2.93200687647e-27
2.78540653265e-27
2.64613620602e-27
2.51382939571e-27
2.38813792593e-27
2.26873102963e-27
2.15529447815e-27
2.04752975424e-27
1.94515326653e-27
1.8478956032e-27
1.75550082304e-27
1.66772578189e-27
1.5843394928e-27
1.50512251816e-27
1.42986639225e-27
1.35837307264e-27
1.29045441901e-27
1.22593169806e-27
1.16463511315e-27
1.10640335749e-27
1.05108318962e-27
9.98529030139e-28
9.48602578632e-28
9.01172449701e-28
8.56113827215e-28
8.13308135855e-28
7.72642729062e-28
7.34010592609e-28
6.97310062978e-28
6.6244455983e-28
6.29322331838e-28
5.97856215246e-28
5.67963404484e-28
5.3956523426e-28
5.12586972547e-28
4.86957623919e-28
4.62609742723e-28
4.39479255587e-28
4.17505292808e-28
3.96630028167e-28
3.76798526759e-28
3.57958600421e-28
3.400606704e-28
3.2305763688e-28
3.06904755036e-28
2.91559517284e-28
2.7698154142e-28
2.63132464349e-28
2.49975841132e-28
2.37477049075e-28
2.25603196621e-28
2.1432303679e-28
2.03606884951e-28
1.93426540703e-28
1.83755213668e-28
1.74567452985e-28
1.65839080335e-28
1.57547126319e-28
1.49669770003e-28
1.42186281503e-28
1.35076967427e-28
1.28323119056e-28
1.21906963103e-28
1.15811614948e-28
1.10021034201e-28
1.04519982491e-28
9.92939833661e-29
9.43292841978e-29
8.96128199879e-29
8.51321789885e-29
8.08755700391e-29
7.68317915371e-29
7.29902019603e-29
6.93406918623e-29
6.58736572691e-29
6.25799744057e-29
5.94509756854e-29
5.64784269011e-29
5.36545055561e-29
5.09717802783e-29
4.84231912644e-29
4.60020317011e-29
4.37019301161e-29
4.15168336103e-29
3.94409919298e-29
3.74689423333e-29
3.55954952166e-29
3.38157204558e-29
3.2124934433e-29
3.05186877113e-29
2.89927533258e-29
2.75431156595e-29
2.61659598765e-29
2.48576618827e-29
2.36147787886e-29
2.24340398491e-29
2.13123378567e-29
2.02467209638e-29
1.92343849156e-29
1.82726656699e-29
1.73590323864e-29
1.64910807671e-29
1.56665267287e-29
1.48832003923e-29
1.41390403727e-29
1.3432088354e-29
1.27604839363e-29
1.21224597395e-29
1.15163367525e-29
1.09405199149e-29
1.03934939192e-29
9.8738192232e-30
9.38012826204e-30
8.91112184894e-30
8.46556575649e-30
8.04228746866e-30
7.64017309523e-30
7.25816444047e-30
6.89525621845e-30
6.55049340752e-30
6.22296873715e-30
5.91182030029e-30
5.61622928528e-30
5.33541782101e-30
5.06864692996e-30
4.81521458346e-30
4.57445385429e-30
4.34573116158e-30
4.1284446035e-30
3.92202237332e-30
3.72592125466e-30
3.53962519192e-30
3.36264393233e-30
3.19451173571e-30
3.03478614892e-30
2.88304684148e-30
2.7388944994e-30
2.60194977443e-30
2.47185228571e-30
2.34825967143e-30
2.23084668786e-30
2.11930435346e-30
2.01333913579e-30
1.912672179e-30
1.81703857005e-30
1.72618664155e-30
1.63987730947e-30
1.557883444e-30
1.4799892718e-30
1.40598980821e-30
1.3356903178e-30
1.26890580191e-30
1.20546051181e-30
1.14518748622e-30
1.08792811191e-30
1.03353170631e-30
9.81855120999e-31
9.32762364949e-31
8.86124246701e-31
8.41818034366e-31
7.99727132648e-31
7.59740776016e-31
7.21753737215e-31
6.85666050354e-31
6.51382747836e-31
6.18813610445e-31
5.87872929922e-31
5.58479283426e-31
5.30555319255e-31
5.04027553292e-31
4.78826175628e-31
4.54884866846e-31
4.32140623504e-31
4.10533592329e-31
3.90006912712e-31
3.70506567077e-31
3.51981238723e-31
3.34382176787e-31
3.17663067947e-31
3.0177991455e-31
2.86690918822e-31
2.72356372881e-31
2.58738554237e-31
2.45801626525e-31
2.33511545199e-31
2.21835967939e-31
2.10744169542e-31
2.00206961065e-31
1.90196613012e-31
1.80686782361e-31
1.71652443243e-31
1.63069821081e-31
1.54916330027e-31
1.47170513526e-31
1.39811987849e-31
1.32821388457e-31
1.26180319034e-31
1.19871303082e-31
1.13877737928e-31
1.08183851032e-31
1.0277465848e-31
9.76359255562e-32
9.27541292784e-32
8.81164228145e-32
8.37106016738e-32
7.95250715901e-32
7.55488180106e-32
7.177137711e-32
6.81828082545e-32
6.47736678418e-32
6.15349844497e-32
5.84582352272e-32
5.55353234659e-32
5.27585572926e-32
5.01206294279e-32
4.76145979566e-32
4.52338680587e-32
4.29721746558e-32
4.0823565923e-32
3.87823876268e-32
3.68432682455e-32
3.50011048332e-32
3.32510495916e-32
3.1588497112e-32
3.00090722564e-32
2.85086186436e-32
2.70831877114e-32
2.57290283258e-32
2.44425769095e-32
2.32204480641e-32
2.20594256609e-32
2.09564543778e-32
1.99086316589e-32
1.8913200076e-32
1.79675400722e-32
1.70691630686e-32
1.62157049151e-32
1.54049196694e-32
1.46346736859e-32
1.39029400016e-32
1.32077930015e-32
1.25474033515e-32
1.19200331839e-32
1.13240315247e-32
1.07578299485e-32
1.0219938451e-32
9.70894152848e-33
9.22349445206e-33
8.76231972946e-33
8.32420374298e-33
7.90799355583e-33
7.51259387804e-33
7.13696418414e-33
6.78011597493e-33
6.44111017619e-33
6.11905466738e-33
5.81310193401e-33
5.52244683731e-33
5.24632449544e-33
4.98400827067e-33
4.73480785714e-33
4.49806746428e-33
4.27316409107e-33
4.05950588651e-33
3.85653059219e-33
3.66370406258e-33
3.48051885945e-33
3.30649291648e-33
3.14116827065e-33
2.98410985712e-33
2.83490436426e-33
2.69315914605e-33
2.55850118875e-33
2.43057612931e-33
2.30904732285e-33
2.1935949567e-33
2.08391520887e-33
1.97971944842e-33
1.880733476e-33
1.7866968022e-33
1.69736196209e-33
1.61249386399e-33
1.53186917079e-33
1.45527571225e-33
1.38251192664e-33
1.31338633031e-33
1.24771701379e-33
1.1853311631e-33
1.12606460495e-33
1.0697613747e-33
1.01627330596e-33
9.65459640665e-34
9.17186658632e-34
8.713273257e-34
8.27760959415e-34
7.86372911444e-34
7.47054265872e-34
7.09701552579e-34
6.7421647495e-34
6.40505651202e-34
6.08480368642e-34
5.7805635021e-34
5.49153532699e-34
5.21695856064e-34
4.95611063261e-34
4.70830510098e-34
4.47288984593e-34
4.24924535364e-34
4.03678308595e-34
3.83494393166e-34
3.64319673507e-34
3.46103689832e-34
3.2879850534e-34
3.12358580073e-34
2.9674065107e-34
2.81903618516e-34
2.6780843759e-34
2.54418015711e-34
2.41697114925e-34
2.29612259179e-34
2.1813164622e-34
2.07225063909e-34
1.96863810714e-34
1.87020620178e-34
1.77669589169e-34
1.68786109711e-34
1.60346804225e-34
1.52329464014e-34
1.44712990813e-34
1.37477341272e-34
1.30603474209e-34
1.24073300498e-34
1.17869635474e-34
1.119761537e-34
1.06377346015e-34
1.01058478714e-34
9.60055547784e-35
9.12052770395e-35
8.66450131875e-35
8.23127625281e-35
7.81971244017e-35
7.42872681816e-35
7.05729047725e-35
6.70442595339e-35
6.36920465572e-35
6.05074442294e-35
5.74820720179e-35
5.4607968417e-35
5.18775699962e-35
4.92836914963e-35
4.68195069215e-35
4.44785315754e-35
4.22546049967e-35
4.01418747468e-35
3.81347810095e-35
3.6228041959e-35
3.44166398611e-35
3.2695807868e-35
3.10610174746e-35
2.95079666009e-35
2.80325682708e-35
2.66309398573e-35
2.52993928644e-35
2.40344232212e-35
2.28327020602e-35
2.16910669571e-35
2.06065136093e-35
1.95761879288e-35
1.85973785324e-35
1.76675096058e-35
1.67841341255e-35
1.59449274192e-35
1.51476810482e-35
1.43902969958e-35
1.3670782146e-35
1.29872430387e-35
1.23378808868e-35
1.17209868425e-35
1.11349375003e-35
1.05781906253e-35
1.00492810941e-35
9.54681703935e-36
9.06947618738e-36
8.61600237801e-36
8.18520225911e-36
7.77594214616e-36
7.38714503885e-36
7.01778778691e-36
6.66689839756e-36
6.33355347768e-36
6.0168758038e-36
5.71603201361e-36
5.43023041293e-36
5.15871889228e-36
4.90078294767e-36
4.65574380029e-36
4.42295661027e-36
4.20180877976e-36
3.99171834077e-36
3.79213242373e-36
3.60252580254e-36
3.42239951242e-36
3.2512795368e-36
3.08871555996e-36
2.93427978196e-36
2.78756579286e-36
2.64818750322e-36
2.51577812806e-36
2.38998922165e-36
2.27048976057e-36
2.15696527254e-36
2.04911700892e-36
1.94666115847e-36
1.84932810055e-36
1.75686169552e-36
1.66901861074e-36
1.58556768021e-36
1.5062892962e-36
1.43097483139e-36
1.35942608982e-36
1.29145478533e-36
1.22688204606e-36
1.16553794376e-36
1.10726104657e-36
1.05189799424e-36
9.99303094528e-37
9.49337939802e-37
9.01871042812e-37
8.56777490671e-37
8.13938616138e-37
7.73241685331e-37
7.34579601064e-37
6.97850621011e-37
6.6295808996e-37
6.29810185462e-37
5.98319676189e-37
5.6840369238e-37
5.39983507761e-37
5.12984332373e-37
4.87335115754e-37
4.62968359966e-37
4.39819941968e-37
4.1782894487e-37
3.96937497626e-37
3.77090622745e-37
3.58236091608e-37
3.40324287027e-37
3.23308072676e-37
3.07142669042e-37
2.9178553559e-37
2.77196258811e-37
2.6333644587e-37
2.50169623576e-37
2.37661142398e-37
2.25778085278e-37
2.14489181014e-37
2.03764721963e-37
1.93576485865e-37
1.83897661572e-37
1.74702778493e-37
1.65967639569e-37
1.5766925759e-37
1.49785794711e-37
1.42296504975e-37
1.35181679726e-37
1.2842259574e-37
1.22001465953e-37
1.15901392655e-37
1.10106323023e-37
1.04601006871e-37
9.93709565279e-38
9.44024087015e-38
8.96822882664e-38
8.51981738531e-38
8.09382651604e-38
7.68913519024e-38
7.30467843073e-38
6.93944450919e-38
6.59247228373e-38
6.26284866955e-38
5.94970623607e-38
5.65222092427e-38
5.36960987805e-38
5.10112938415e-38
4.84607291494e-38
4.6037692692e-38
4.37358080574e-38
4.15490176545e-38
3.94715667718e-38
3.74979884332e-38
3.56230890115e-38
3.38419345609e-38
3.21498378329e-38
3.05423459413e-38
2.90152286442e-38
2.7564467212e-38
2.61862438514e-38
2.48769316588e-38
2.36330850759e-38
2.24514308221e-38
2.1328859281e-38
2.02624163169e-38
1.92492955011e-38
1.8286830726e-38
1.73724891897e-38
1.65038647302e-38
1.56786714937e-38
1.4894737919e-38
1.41500010231e-38
1.34425009719e-38
1.27703759233e-38
1.21318571272e-38
1.15252642708e-38
1.09490010573e-38
1.04015510044e-38
9.88147345419e-39
9.38739978148e-39
8.9180297924e-39
8.47212830278e-39
8.04852188764e-39
7.64609579326e-39
7.2637910036e-39
6.90060145342e-39
6.55557138075e-39
6.22779281171e-39
5.91640317112e-39
5.62058301257e-39
5.33955386194e-39
5.07257616884e-39
4.8189473604e-39
4.57799999238e-39
4.34909999276e-39
4.13164499312e-39
3.92506274347e-39
3.72880960629e-39
3.54236912598e-39
3.36525066968e-39
3.1969881362e-39
3.03713872939e-39
2.88528179292e-39
2.74101770327e-39
2.60396681811e-39
2.4737684772e-39
2.35008005334e-39
2.23257605068e-39
2.12094724814e-39
2.01489988573e-39
1.91415489145e-39
1.81844714688e-39
1.72752478953e-39
1.64114855005e-39
1.55909112255e-39
1.48113656642e-39
1.4070797381e-39
1.3367257512e-39
1.26988946364e-39
1.20639499046e-39
1.14607524093e-39
1.08877147889e-39
1.03433290494e-39
9.82616259695e-40
9.33485446711e-40
8.86811174375e-40
8.42470615656e-40
8.00347084874e-40
7.6032973063e-40
7.22313244098e-40
6.86197581893e-40
6.51887702799e-40
6.19293317659e-40
5.88328651776e-40
5.58912219187e-40
5.30966608228e-40
5.04418277816e-40
4.79197363926e-40
4.55237495729e-40
4.32475620943e-40
4.10851839896e-40
3.90309247901e-40
3.70793785506e-40
3.52254096231e-40
3.34641391419e-40
3.17909321848e-40
3.02013855756e-40
2.86913162968e-40
2.72567504819e-40
2.58939129579e-40
2.459921731e-40
2.33692564445e-40
2.22007936222e-40
2.10907539411e-40
2.00362162441e-40
1.90344054319e-40
1.80826851603e-40
1.71785509023e-40
1.63196233571e-40
1.55036421893e-40
1.47284600798e-40
1.39920370758e-40
1.3292435222e-40
1.26278134609e-40
1.19964227879e-40
1.13966016485e-40
1.08267715661e-40
1.02854329878e-40
9.77116133838e-41
9.28260327146e-41
8.81847310789e-41
8.37754945249e-41
7.95867197987e-41
7.56073838088e-41
7.18270146183e-41
6.82356638874e-41
6.4823880693e-41
6.15826866584e-41
5.85035523255e-41
5.55783747092e-41
5.27994559737e-41
5.0159483175e-41
4.76515090163e-41
4.52689335655e-41
4.30054868872e-41
4.08552125428e-41
3.88124519157e-41
3.68718293199e-41
3.50282378539e-41
3.32768259612e-41
3.16129846632e-41
3.003233543e-41
2.85307186585e-41
2.71041827256e-41
2.57489735893e-41
2.44615249098e-41
2.32384486643e-41
2.20765262311e-41
2.09726999196e-41
1.99240649236e-41
1.89278616774e-41
1.79814685935e-41
1.70823951639e-41
1.62282754057e-41
1.54168616354e-41
1.46460185536e-41
1.39137176259e-41
1.32180317446e-41
1.25571301574e-41
1.19292736495e-41
1.13328099671e-41
1.07661694687e-41
1.02278609953e-41
9.71646794551e-42
9.23064454823e-42
8.76911232082e-42
8.33065670478e-42
7.91412386954e-42
7.51841767606e-42
7.14249679226e-42
6.78537195265e-42
6.44610335502e-42
6.12379818727e-42
5.8176082779e-42
5.52672786401e-42
5.25039147081e-42
4.98787189727e-42
4.7384783024e-42
4.50155438728e-42
4.27647666792e-42
4.06265283452e-42
3.8595201928e-42
3.66654418316e-42
3.483216974e-42
3.3090561253e-42
3.14360331903e-42
2.98642315308e-42
2.83710199543e-42
2.69524689566e-42
2.56048455087e-42
2.43246032333e-42
2.31083730716e-42
2.19529544181e-42
2.08553066972e-42
1.98125413623e-42
1.88219142942e-42
1.78808185795e-42
1.69867776505e-42
1.6137438768e-42
1.53305668296e-42
1.45640384881e-42
1.38358365637e-42
1.31440447355e-42
1.24868424987e-42
1.18625003738e-42
1.12693753551e-42
1.07059065873e-42
1.0170611258e-42
9.66208069508e-43
9.17897666033e-43
8.72002782731e-43
8.28402643595e-43
7.86982511415e-43
7.47633385844e-43
7.10251716552e-43
6.74739130724e-43
6.41002174188e-43
6.08952065479e-43
5.78504462205e-43
5.49579239095e-43
5.2210027714e-43
4.95995263283e-43
4.71195500119e-43
4.47635725113e-43
4.25253938857e-43
4.03991241914e-43
3.83791679819e-43
3.64602095828e-43
3.46371991036e-43
3.29053391484e-43
3.1260072191e-43
2.96970685815e-43
2.82122151524e-43
2.68016043948e-43
2.5461524175e-43
2.41884479663e-43
2.2979025568e-43
2.18300742896e-43
2.07385705751e-43
1.97016420463e-43
1.8716559944e-43
1.77807319468e-43
1.68916953495e-43
1.6047110582e-43
1.52447550529e-43
1.44825173003e-43
1.37583914352e-43
1.30704718635e-43
1.24169482703e-43
1.17961008568e-43
1.1206295814e-43
1.06459810233e-43
1.01136819721e-43
9.60799787349e-44
9.12759797982e-44
8.67121808083e-44
8.23765717678e-44
7.82577431794e-44
7.43448560205e-44
7.06276132195e-44
6.70962325585e-44
6.37414209306e-44
6.0554349884e-44
5.75266323898e-44
5.46503007703e-44
5.19177857318e-44
4.93218964452e-44
4.6855801623e-44
4.45130115418e-44
4.22873609647e-44
4.01729929165e-44
3.81643432707e-44
3.62561261071e-44
3.44433198018e-44
3.27211538117e-44
3.10850961211e-44
2.9530841315e-44
2.80542992493e-44
2.66515842868e-44
2.53190050725e-44
2.40530548189e-44
2.28504020779e-44
2.1707881974e-44
2.06224878753e-44
1.95913634816e-44
1.86117953075e-44
1.76812055421e-44
1.6797145265e-44
1.59572880018e-44
1.51594236017e-44
1.44014524216e-44
1.36813798005e-44
1.29973108105e-44
1.234744527e-44
1.17300730065e-44
1.11435693561e-44
1.05863908883e-44
1.00570713439e-44
9.55421777671e-45
9.07650688788e-45
8.62268154348e-45
8.19154746631e-45
7.78197009299e-45
7.39287158834e-45
7.02322800893e-45
6.67206660848e-45
6.33846327806e-45
6.02154011415e-45
5.72046310845e-45
5.43443995302e-45
5.16271795537e-45
4.9045820576e-45
4.65935295472e-45
4.42638530699e-45
4.20506604164e-45
3.99481273956e-45
3.79507210258e-45
3.60531849745e-45
3.42505257258e-45
3.25379994395e-45
3.09110994675e-45
2.93655444941e-45
2.78972672694e-45
2.6502403906e-45
2.51772837107e-45
2.39184195251e-45
2.27224985489e-45
2.15863736214e-45
2.05070549404e-45
1.94817021933e-45
1.85076170837e-45
1.75822362295e-45
1.6703124418e-45
1.58679681971e-45
1.50745697873e-45
1.43208412979e-45
1.3604799233e-45
1.29245592713e-45
1.22783313078e-45
1.16644147424e-45
1.10811940053e-45
1.0527134305e-45
1.00007775898e-45
9.50073871027e-46
9.02570177476e-46
8.57441668602e-46
8.14569585172e-46
7.73841105913e-46
7.35149050618e-46
6.98391598087e-46
6.63472018182e-46
6.30298417273e-46
5.9878349641e-46
5.68844321589e-46
5.4040210551e-46
5.13382000234e-46
4.87712900222e-46
4.63327255211e-46
4.40160892451e-46
4.18152847828e-46
3.97245205437e-46
3.77382945165e-46
3.58513797907e-46
3.40588108011e-46
3.23558702611e-46
3.0738076748e-46
2.92011729106e-46
2.77411142651e-46
2.63540585518e-46
2.50363556242e-46
2.3784537843e-46
2.25953109509e-46
2.14655454033e-46
2.03922681332e-46
1.93726547265e-46
1.84040219902e-46
1.74838208907e-46
1.66096298461e-46
1.57791483538e-46
1.49901909361e-46
1.42406813893e-46
1.35286473199e-46
1.28522149539e-46
1.22096042062e-46
1.15991239959e-46
1.10191677961e-46
1.04682094063e-46
9.94479893596e-47
9.44755898916e-47
8.97518103971e-47
8.52642198772e-47
8.10010088834e-47
7.69509584392e-47
7.31034105172e-47
6.94482399914e-47
6.59758279918e-47
6.26770365922e-47
5.95431847626e-47
5.65660255245e-47
5.37377242482e-47
5.10508380358e-47
4.8498296134e-47
4.60733813273e-47
4.3769712261e-47
4.15812266479e-47
3.95021653155e-47
3.75270570497e-47
3.56507041973e-47
3.38681689874e-47
3.2174760538e-47
3.05660225111e-47
2.90377213856e-47
2.75858353163e-47
2.62065435505e-47
2.4896216373e-47
2.36514055543e-47
2.24688352766e-47
2.13453935128e-47
2.02781238371e-47
1.92642176453e-47
1.8301006763e-47
1.73859564249e-47
1.65166586036e-47
1.56908256734e-47
1.49062843898e-47
1.41609701703e-47
1.34529216618e-47
1.27802755787e-47
1.21412617997e-47
1.15341987097e-47
1.09574887743e-47
1.04096143355e-47
9.88913361877e-48
9.39467693783e-48
8.92494309094e-48
8.47869593639e-48
8.05476113957e-48
7.6520230826e-48
7.26942192847e-48
6.90595083204e-48
6.56065329044e-48
6.23262062592e-48
5.92098959462e-48
5.62494011489e-48
5.34369310915e-48
5.07650845369e-48
4.822683031e-48
4.58154887945e-48
4.35247143548e-48
4.13484786371e-48
3.92810547052e-48
3.731700197e-48
3.54511518715e-48
3.36785942779e-48
3.1994664564e-48
3.03949313358e-48
2.8875184769e-48
2.74314255306e-48
2.6059854254e-48
2.47568615413e-48
2.35190184643e-48
2.2343067541e-48
2.1225914164e-48
2.01646184558e-48
1.9156387533e-48
1.81985681564e-48
1.72886397485e-48
1.64242077611e-48
1.56029973731e-48
1.48228475044e-48
1.40817051292e-48
1.33776198727e-48
1.27087388791e-48
1.20733019351e-48
1.14696368384e-48
1.08961549965e-48
1.03513472466e-48
9.8337798843e-49
9.34209089009e-49
8.87498634558e-49
8.4312370283e-49
8.00967517689e-49
7.60919141804e-49
7.22873184714e-49
6.86729525479e-49
6.52393049205e-49
6.19773396744e-49
5.88784726907e-49
5.59345490562e-49
5.31378216034e-49
5.04809305232e-49
4.7956883997e-49
4.55590397972e-49
4.32810878073e-49
4.1117033417e-49
3.90611817461e-49
3.71081226588e-49
3.52527165259e-49
3.34900806996e-49
3.18155766646e-49
3.02247978314e-49
2.87135579398e-49
2.72778800428e-49
2.59139860407e-49
2.46182867386e-49
2.33873724017e-49
2.22180037816e-49
2.11071035925e-49
2.00517484129e-49
1.90491609923e-49
1.80967029427e-49
1.71918677955e-49
1.63322744057e-49
1.55156606855e-49
1.47398776512e-49
1.40028837686e-49
1.33027395802e-49
1.26376026012e-49
1.20057224711e-49
1.14054363476e-49
1.08351645302e-49
1.02934063037e-49
9.7787359885e-50
9.28979918907e-50
8.82530922962e-50
8.38404376814e-50
7.96484157973e-50
7.56659950074e-50
7.18826952571e-50
6.82885604942e-50
6.48741324695e-50
6.1630425846e-50
5.85489045537e-50
5.5621459326e-50
5.28403863597e-50
5.01983670417e-50
4.76884486897e-50
4.53040262552e-50
4.30388249424e-50
4.08868836953e-50
3.88425395105e-50
3.6900412535e-50
3.50553919083e-50
3.33026223128e-50
3.16374911972e-50
3.00556166373e-50
2.85528358055e-50
2.71251940152e-50
2.57689343144e-50
2.44804875987e-50
2.32564632188e-50
2.20936400578e-50
2.0988958055e-50
1.99395101522e-50
1.89425346446e-50
1.79954079124e-50
1.70956375167e-50
1.62408556409e-50
1.54288128589e-50
1.46573722159e-50
1.39245036051e-50
1.32282784249e-50
1.25668645036e-50
1.19385212784e-50
1.13415952145e-50
1.07745154538e-50
1.02357896811e-50
9.72400019705e-51
9.2378001872e-51
8.77591017784e-51
8.33711466895e-51
7.9202589355e-51
7.52424598872e-51
7.14803368929e-51
6.79063200482e-51
6.45110040458e-51
6.12854538435e-51
5.82211811513e-51
5.53101220938e-51
5.25446159891e-51
4.99173851896e-51
4.74215159302e-51
4.50504401336e-51
4.2797918127e-51
4.06580222206e-51
3.86251211096e-51
3.66938650541e-51
3.48591718014e-51
3.31162132113e-51
3.14604025508e-51
2.98873824232e-51
2.83930133021e-51
2.6973362637e-51
2.56246945051e-51
2.43434597799e-51
2.31262867909e-51
2.19699724513e-51
2.08714738288e-51
1.98279001373e-51
1.88365051305e-51
1.78946798739e-51
1.69999458802e-51
1.61499485862e-51
1.53424511569e-51
1.45753285991e-51
1.38465621691e-51
1.31542340607e-51
1.24965223576e-51
1.18716962397e-51
1.12781114278e-51
1.07142058564e-51
1.01784955635e-51
9.66957078537e-52
9.1860922461e-52
8.7267876338e-52
8.29044825211e-52
7.8759258395e-52
7.48212954753e-52
7.10802307015e-52
6.75262191664e-52
6.41499082081e-52
6.09424127977e-52
5.78952921578e-52
5.50005275499e-52
5.22505011724e-52
4.96379761138e-52
4.71560773081e-52
4.47982734427e-52
4.25583597706e-52
4.04304417821e-52
3.84089196929e-52
3.64884737083e-52
3.46640500229e-52
3.29308475217e-52
3.12843051457e-52
2.97200898884e-52
2.8234085394e-52
2.68223811243e-52
2.5481262068e-52
2.42071989646e-52
2.29968390164e-52
2.18469970656e-52
2.07546472123e-52
1.97169148517e-52
1.87310691091e-52
1.77945156537e-52
1.6904789871e-52
1.60595503774e-52
1.52565728586e-52
1.44937442156e-52
1.37690570048e-52
1.30806041546e-52
1.24265739469e-52
1.18052452495e-52
1.12149829871e-52
1.06542338377e-52
1.01215221458e-52
9.61544603852e-53
9.1346737366e-53
8.67794004977e-53
8.24404304728e-53
7.83184089491e-53
7.44024885017e-53
7.06823640766e-53
6.71482458728e-53
6.37908335791e-53
6.06012919002e-53
5.75712273052e-53
5.46926659399e-53
5.19580326429e-53
4.93601310108e-53
4.68921244602e-53
4.45475182372e-53
4.23201423254e-53
4.02041352091e-53
3.81939284486e-53
3.62842320262e-53
3.44700204249e-53
3.27465194036e-53
3.11091934335e-53
2.95537337618e-53
2.80760470737e-53
2.667224472e-53
2.5338632484e-53
2.40717008598e-53
2.28681158168e-53
2.1724710026e-53
2.06384745247e-53
1.96065507985e-53
1.86262232585e-53
1.76949120956e-53
1.68101664908e-53
1.59696581663e-53
1.5171175258e-53
1.44126164951e-53
1.36919856703e-53
1.30073863868e-53
1.23570170675e-53
1.17391662141e-53
1.11522079034e-53
1.05945975082e-53
1.00648676328e-53
9.56162425116e-54
9.0835430386e-54
8.62936588667e-54
8.19789759234e-54
7.78800271272e-54
7.39860257709e-54
7.02867244823e-54
6.67723882582e-54
6.34337688453e-54
6.0262080403e-54
5.72489763829e-54
5.43865275637e-54
5.16672011855e-54
4.90838411263e-54
4.662964907e-54
4.42981666165e-54
4.20832582856e-54
3.99790953714e-54
3.79801406028e-54
3.60811335726e-54
3.4277076894e-54
3.25632230493e-54
3.09350618968e-54
2.9388308802e-54
2.79188933619e-54
2.65229486938e-54
2.51968012591e-54
2.39369611962e-54
2.27401131364e-54
2.16031074795e-54
2.05229521056e-54
1.94968045003e-54
1.85219642753e-54
1.75958660615e-54
1.67160727584e-54
1.58802691205e-54
1.50862556645e-54
1.43319428813e-54
1.36153457372e-54
1.29345784503e-54
1.22878495278e-54
1.16734570514e-54
1.10897841989e-54
1.05352949889e-54
1.00085302395e-54
9.5081037275e-55
9.03269854112e-55
8.58106361406e-55
8.15201043336e-55
7.74440991169e-55
7.35718941611e-55
6.9893299453e-55
6.63986344804e-55
6.30787027564e-55
5.99247676185e-55
5.69285292376e-55
5.40821027757e-55
5.13779976369e-55
4.88090977551e-55
4.63686428673e-55
4.4050210724e-55
4.18477001878e-55
3.97553151784e-55
3.77675494195e-55
3.58791719485e-55
3.40852133511e-55
3.23809526835e-55
3.07619050493e-55
2.92238097969e-55
2.7762619307e-55
2.63744883417e-55
2.50557639246e-55
2.38029757284e-55
2.26128269419e-55
2.14821855949e-55
2.04080763151e-55
1.93876724994e-55
1.84182888744e-55
1.74973744307e-55
1.66225057091e-55
1.57913804237e-55
1.50018114025e-55
1.42517208324e-55
1.35391347907e-55
1.28621780512e-55
1.22190691487e-55
1.16081156912e-55
1.10277099067e-55
1.04763244113e-55
9.95250819076e-56
9.45488278122e-56
8.98213864216e-56
8.53303171005e-56
8.10638012455e-56
7.70106111832e-56
7.31600806241e-56
6.95020765929e-56
6.60269727632e-56
6.2725624125e-56
5.95893429188e-56
5.66098757729e-56
5.37793819842e-56
5.1090412885e-56
4.85358922408e-56
4.61090976287e-56
4.38036427473e-56
