1.54837607872
-0.301077117433
0.184391774335
-0.256120287337
0.35894574847
-0.0626849308698
-0.384793891726
0.089796208193
0.545569273469
0.315585435078
0.150365542522
0.317329604531
-0.176718473298
0.310896109564
-0.623553991645
0.253419713381
-0.19818006815
0.040989609881
0.396012098721
0.292101016722
0.316618793424
-0.0496809636417
-0.0119435708518
-0.0453624776662
-0.0668766710492
-0.531756337426
0.335162194871
-0.0802421117603
0.490212126965
0.0789969855243
0.131759464484
0.266664899065
-0.249490675886
-0.0749819704439
-0.227913193971
-0.0635189634617
-0.0363901494016
0.225741265286
0.0719684064809
0.398861859862
31.083089963
-7.91586942122
3.41468655835
-7.86126667282
9.00973883435
-1.63849739719
-10.7871107995
3.58410084047
9.37229563319
6.33522819512
0.675025184566
5.23898532945
-1.60150550683
3.021521562
-6.83289149873
2.10721520323
-1.7568001341
-0.231096431391
7.68791481935
2.22975960963
2.08611678755
-0.032296377855
1.82121185446
-0.0759636206295
-3.35081016092
-2.04109865797
3.62526417207
0.284834664795
1.92492816838
1.86910201807
1.7415566148
1.10844361326
-1.430059941
-0.0113973202679
-0.861247969599
-0.604978532747
0.991993620787
1.44681766869
0.272066086882
1.60958192014
121.437169023
-29.3968675593
14.6495718944
-26.6433146222
39.4451149411
-0.624732386521
-34.5782348713
17.206804864
23.8419417519
20.5817646124
-5.41294223569
20.3886846054
-3.15337046255
7.1711925483
-2.28951871367
2.36591085999
2.10861851984
-3.95999348644
24.2064526464
4.31206340956
-2.76612277272
4.61357371769
9.37689905626
3.37008461223
-10.4667049391
5.50557159048
7.21889584229
2.05577735283
0.5515659759
4.917186566
6.73393626337
-3.2566303553
4.25269629557
1.64644606534
-0.579933962618
-0.463450297195
4.85644832132
3.82427883424
-2.96279618479
3.54814786835
203.750080179
-47.635266624
26.9848121998
-35.7188627958
68.6807105336
3.57545902932
-43.6937080486
27.3425745683
24.9544367644
24.593981025
-11.9827742427
42.8417909826
-6.81373674099
11.8357279145
21.4023560933
-3.78561091817
13.0170334269
-16.0861300342
38.6793632521
1.4338738349
-9.70309864555
10.0709225979
17.9245392485
6.72651030271
-10.8134098886
19.8088561598
1.88443267065
8.81841776867
-3.73078170884
8.22516669662
9.5593479744
-11.7457978873
16.4652764592
-0.759899091626
3.0639847061
-0.652768304712
10.2333191705
3.53608879247
-2.6984402785
5.33926701778
219.136431179
-43.4751378314
41.3044225424
-25.925328694
53.7496764254
2.09471098722
-26.4937644559
19.0044295466
11.0819620001
19.4394023086
-7.96560032071
52.916142498
-12.0167336615
12.113308508
33.6003613397
-14.2395841934
28.163657071
-19.3479977309
36.9767551168
-2.13858303194
-2.65971105671
7.0011008121
12.6601098701
7.58011747862
-6.84908642358
25.7403439852
-6.52736887189
16.3365312719
-3.15390029933
4.72183888064
9.11802246552
-12.8824720503
18.3906327103
-4.56166583225
9.47355561526
-0.822658426643
10.2339029445
1.96501998132
-0.920562561497
6.53364704989
219.255131475
-34.5252717133
72.9038946915
-12.124553949
30.7132344036
-6.19353781549
-4.44434817985
17.6643635868
-3.86699741503
36.0366950172
-15.7517047423
51.1634217997
-20.2713208813
6.25379070757
20.3587291863
-15.6625491909
39.4652231232
-5.57644200425
32.5686012454
-2.10967748682
13.167173503
0.613475272246
1.36583992693
14.2704722532
-5.14480487711
26.3204338895
-4.15394128334
16.0747750716
1.4223973257
-1.16332243962
6.36936468306
-8.24942883866
14.759203885
-3.56614027307
13.545084235
0.753655181153
6.14434784245
3.73330834739
-3.3269545426
7.13052545912
231.500830877
-40.3016668065
90.7436182339
-6.65375772736
36.2380471435
-13.0272766714
9.69525490871
35.0773575132
-2.42022187616
52.8187621222
-37.9529932412
49.7172241352
-23.1432879335
0.275338680919
7.17711333156
-4.78335594036
42.1975346628
9.07547465864
22.3019374289
4.0795438074
14.7030498344
1.31586449139
-3.9811761243
25.5125811611
2.22773627076
20.5770314902
-2.26806839256
5.72077385566
8.71959937767
-7.57862092016
7.88950994176
-1.41213473598
15.0462688203
-0.319586672084
7.3823725136
4.67031095449
2.70401227394
4.57815002491
-3.22821645154
10.1964472532
233.263810687
-47.0303667035
74.7316947503
-24.897652243
44.1159043653
-16.6221969368
11.8874714402
50.7441244624
11.6252627896
31.0699731665
-50.3696132977
37.10692735
-11.8604153621
-5.90110993113
5.25994644062
9.24616369386
47.646310684
12.8335592203
6.62107762512
11.2719665593
3.19541633209
3.50056734117
-4.03351639215
36.3197955678
14.4700479666
7.61678686768
-10.2617882915
-4.03858097941
7.63869680156
-12.6646650456
8.11764674254
8.11561963608
16.378374087
0.881936751849
-0.762719801341
6.75798995388
0.435147315326
0.309792582768
1.32647391555
15.9115277601
221.309715536
-43.7873968877
52.1519656148
-38.9716410801
38.3459353413
-22.2846379035
10.2683443328
50.314848501
20.2768805102
0.907418256654
-41.6620981121
15.8262488158
-5.66103012835
-19.1887156403
5.6468533856
17.0879541523
58.5251345583
6.67088655875
4.76414153234
6.65168478525
0.372902420489
-3.43979214936
1.17846482985
38.28973871
17.7875788113
1.46032029786
-14.0189469117
-2.48285282705
-4.02583699502
-16.7096379647
3.94433992239
12.9190578621
19.8404251596
-0.996588432169
1.59737303799
1.62973204877
-1.32051151857
-5.48556325294
4.64013096031
18.6743325864
212.898145511
-42.095146293
43.8755134482
-31.1203530602
37.0981671834
-24.6365616797
5.78287065471
45.4774510162
26.4060477698
3.00386881334
-23.2617009089
7.0200495401
-8.60307855207
-27.5604960195
2.73286908734
17.9388981572
64.899433181
-4.22438491554
13.3799910307
-4.48499234952
6.90961046934
-13.8611121958
1.82808066256
31.3151683976
18.7510820965
8.00196837049
-7.72875104982
4.32661229019
-8.98540586565
-16.8720110173
-0.354568053944
12.0275988523
22.987511513
-0.796993129158
6.88974654731
-2.22880387124
-1.15474044809
-10.4475904937
1.2513930478
14.2724658802
217.991311829
-47.1107120905
46.5807253161
-21.2545020319
38.3135332041
-18.6976219702
-4.16525635793
50.2081680147
36.1834540157
26.2918035841
-13.8514959221
12.2606860439
-6.49050410881
-22.6531195149
0.503689412844
16.782749671
63.3834673293
-6.25297033845
18.597466492
-7.59632842104
8.9044266915
-15.8767772255
-1.95400557555
25.8623724018
19.2064785028
17.2305966735
-3.35571143811
8.62670886287
-6.05940132085
-10.8145832583
-0.446020574131
9.73846670678
21.9268628954
2.00997900851
8.91045372385
-1.94722583108
0.629543467574
-8.49732408562
-0.937208573966
10.0418333674
220.90833393
-48.4669913377
46.7938841476
-20.9555239574
24.0953918946
-8.84925101916
-8.32199101896
57.6124175203
27.6548876126
41.5388892828
-18.1815704245
29.5478707649
-10.5224275059
-10.9589804194
11.3080022993
8.26000941125
51.5521831202
-5.08083225221
26.0924058839
-8.37609405604
6.65978501361
-6.69578120613
1.17369757093
20.8447206473
5.14494761372
26.2221471593
-6.32674236794
9.75356631269
-1.4717239081
-1.60708629602
4.63572950531
0.62635777809
19.7899928844
-0.681565354581
10.1058020031
-2.67192771911
5.36205690225
-0.950922181252
-3.58530370941
11.8144471228
217.373793713
-35.2304520513
46.1264268258
-30.8018566433
16.6284389055
-9.30269233328
-4.92563704162
58.8323646191
4.33003806779
43.5893268863
-27.443260229
54.7609887948
-29.2847160487
0.590471340571
22.6844083895
2.0667758933
31.397119526
-4.49454935092
37.9044237324
-13.7313060811
6.19754340053
-0.0984590770492
8.94867209751
9.06100473372
-4.0406359311
29.9824289625
-7.86425543972
5.63088278318
4.15513553224
4.75641003573
2.7776857338
-3.90566427393
18.6972439029
-2.31777603637
5.43145262762
0.774972900131
7.60313441278
0.693798917426
-5.35950877519
13.6127102803
213.301635018
-15.3042273993
54.2539803598
-35.9204814031
27.198306441
-16.3093869645
-3.13415874032
56.6474144256
-6.98507450356
46.6320101442
-25.6131235566
59.1839265004
-38.5915933588
9.31875378622
25.1224138942
5.62119599359
21.3194829944
-1.29499701384
40.1779451718
-16.100158135
9.43723086335
2.62204082217
10.9744599182
4.61637715481
0.0952122620758
25.433931524
-6.52903082242
5.72963091271
4.93716494322
7.03077417289
1.09513272017
0.193213908582
15.6318273194
-1.96663088125
5.29519678009
1.8828724686
7.31701034663
0.0121503376202
-0.551791130671
9.99211869825
204.680414193
-2.6748840778
59.0696025484
-30.9781330348
36.2828762176
-1.33738245297
-4.95448297115
54.1459019093
-7.26400504074
44.7674445777
-14.7794172979
37.3776249474
-23.1595988584
10.3233566352
23.9297819931
3.25675315348
30.3916271894
-2.74102713814
36.0492654439
-13.5956126733
12.9620052507
7.75644448025
6.45917718383
16.3794282982
-3.38272814643
23.8168906587
-5.96303319331
10.8643891063
0.641652412155
4.79623570434
7.79880010796
-1.85587767852
16.2336566976
-4.76559593001
12.8232697682
-2.6325774634
7.10607424019
2.06983056327
-0.0363640413136
11.3289781228
202.760938537
-5.34261068287
58.3694726514
-30.5691551911
37.0426440652
21.047298739
-5.48012372125
48.9920694623
-8.7486848112
46.1253191402
-7.46328306461
14.2855026962
-15.3098577409
9.57779975292
18.2308591155
-4.7737974978
41.9335959941
2.42125576973
34.2767153229
-11.2810941112
9.60392541122
8.4142413862
2.39967207981
23.8968012245
-5.86999384145
24.5330359321
0.428306110672
11.3253699143
-4.13013318117
-2.38660324046
9.06116608934
-2.51787436365
15.7140524375
-0.929674500352
15.2777353469
-0.155017253699
3.73589807916
0.811665938403
-2.53011318095
10.2943518501
216.358321353
-26.3553292435
67.7325755448
-35.8843037615
40.1828273533
14.7858958263
-5.23756552401
26.5665727732
-3.53511595416
57.8265989987
-14.3072053802
6.61335832857
-22.3262203946
6.12957148943
15.4040104559
-9.97487025411
45.4927595014
13.71964576
35.7196357859
-9.00352344569
7.46136552614
2.41518681444
1.88680935931
19.3829157517
-5.75485550955
23.2967225787
3.41718709503
5.2404668203
-7.2031264701
-6.01200410972
6.06848521426
-0.0900749584113
14.5882935885
2.69142844337
16.0921321921
1.83016185004
2.96054542989
0.898888248144
-0.875996820028
7.50092653992
228.073592169
-45.5634943107
77.0352244419
-41.6273187653
47.7398647613
-11.1644275619
6.44087835943
-6.35151217714
22.0112449331
49.0257481608
-29.5865805906
4.90543344471
-19.70394175
2.13421819668
20.59191314
-6.75189600087
53.4533393966
12.3824927516
32.590135029
-20.0101078637
20.5055483714
-9.52696569751
11.1947350605
8.33311330798
3.84686280921
17.6479353575
-6.78159023679
0.189455826321
-8.42417476236
0.941843599277
3.83386181567
4.90118562593
18.4823665973
-0.863220778571
15.5129141444
-9.83093121942
12.3831017934
-6.13107008926
9.20804072862
1.3011264306
241.320624429
-48.2948688501
75.1800637432
-52.6210097537
45.041503046
-17.6782004876
7.91028162535
-11.6258835185
45.9395267873
30.7275154431
-33.2244088695
9.50205493681
-4.77952416152
-8.6332968664
26.7519484846
-9.44773650973
75.385697514
-10.9605338432
29.0049061692
-30.8008663057
33.6738997145
-22.8988117301
15.9863188626
4.50825499563
15.9202385576
13.4727659175
-12.7901006677
5.79696344442
-1.49321370171
-3.64546203992
8.55014659837
1.45084866215
26.7931638814
-13.2946449992
18.2763794181
-17.8446726684
21.0975980521
-16.9869129177
13.8926996884
0.509235100484
244.311375298
-37.6870942251
66.1134267159
-55.8892220354
35.9987217557
-24.8632201145
4.66415257668
-12.2057244555
58.6437815909
15.1863014307
-17.2524596753
14.9779531989
13.1134578029
-20.467785988
30.0831279265
-6.61159249994
83.0836709255
-23.3368335104
25.869081237
-31.4981476164
37.198264582
-34.4474824956
16.5700675551
-0.91514272713
28.7463338553
3.0833830914
-2.00786758837
4.0711356812
11.7316234859
-11.1963412243
12.96705465
-0.705120349787
31.0812409399
-16.3512706673
15.9322771488
-17.7488783593
22.920603301
-20.6081849854
13.4720628457
-2.76866303004
247.954628744
-29.636816447
59.5814822363
-56.7774228263
45.4669230665
-34.9422201052
11.2291122971
-22.3200456836
60.4587672851
15.8476250205
-14.6774249159
5.45024578489
27.9726771513
-24.1034239238
23.366799242
-1.27669271356
84.1450028854
-20.8399510426
24.8253812986
-39.6372495167
46.8741592761
-31.7984424087
12.2675839814
-10.1832648409
39.4412896875
-0.325393161027
-0.639926258669
-3.11450914204
17.2372750614
-8.01244126962
7.40315280079
-2.94796191795
35.4138037875
-12.1433201412
10.7150816243
-20.534885741
29.1338798696
-18.6639826602
10.5496406869
-9.64068362156
244.826841414
-20.1672988588
44.3021355523
-52.5228419915
58.2630087787
-22.2387815026
18.9058728325
-21.4383722582
58.8238203061
25.9649038837
-13.3355471202
-4.55016885877
27.8371136909
-17.8843484102
10.3925759819
0.952092718102
81.7714168584
-16.0554335325
22.2470648394
-38.8618727412
47.0112412142
-19.5142433846
11.416571663
-12.5937711271
43.9367795751
2.09253333718
0.171645053135
-5.7182624454
12.0857847953
-2.25749056133
2.75708913282
0.583690123145
31.7649742383
-6.09596699318
7.57361245682
-15.7786479185
22.803499163
-11.9831203306
9.52751338648
-7.48805916224
226.109837068
-19.0938890318
43.0285792064
-41.9361392204
52.5863905226
-9.75326949955
27.2338438143
-3.65567564733
63.9522699783
25.7205108973
-4.00934633151
5.42733278004
4.71719668989
2.55443084476
-2.64632450498
19.1037005104
63.1647817723
-8.74287076046
17.7410831075
-22.5440018678
29.3126319867
-13.0606681033
19.2767725818
-5.51987284853
44.7777348628
-5.89364557628
10.02770837
-6.34590178062
5.7822383926
1.32886131582
1.65844105406
13.9518560363
16.1526510626
2.72245265336
0.303271464294
-0.557591706015
3.83234010273
0.393097305133
4.79561380306
4.12097195332
260.804862963
-70.5769960423
106.270487245
-43.8314973641
70.3094686049
-18.5737906646
39.3999543098
14.2124454562
81.7782145945
19.2422886334
12.3745653121
31.5760421219
-16.7640597004
60.2633886223
-31.6647749674
57.1454582216
33.102855643
15.0450031425
16.3473449942
-3.5137476381
21.1301768508
1.71711928393
27.5337923209
-2.81317477649
54.0166751252
-23.8931470889
39.4491387317
-13.3618496592
16.660270411
0.640738183413
11.8274027895
20.1295732061
4.78951804538
10.2697542457
1.60029869974
16.2807246682
-9.84338579785
18.7338417481
-4.49546893672
18.0401294737
1043.9114425
-1134.65287704
1085.05015964
-546.74931594
403.794818971
-188.209903787
113.856374959
-13.6361160394
364.170551566
-198.590611913
145.663559911
260.184457743
-370.071442047
831.005681896
-746.090108375
486.295251531
-210.306582794
260.319236452
-204.439939163
122.299507249
-9.57591185923
208.583644496
62.7078801242
-222.456524804
473.402883176
-425.571293512
527.089849678
-477.444511652
293.718881523
-207.847187616
258.312941062
-167.678422666
71.1608343
64.9029869351
36.7209534535
200.632396209
-321.944965144
371.845056158
-296.311818335
317.010038979
3981.77562522
-5691.5726591
4833.8893164
-2451.25083054
1216.29269963
-1013.52714785
557.92962491
-578.927248209
1827.96305346
-1250.37389264
109.338144966
1484.77990553
-1698.76156203
3012.13468395
-3053.3222505
2033.41480309
-1039.41448431
1051.79636125
-1229.05233185
515.848054947
-43.1918670854
577.247721163
175.120704314
-1128.51819414
1985.58222816
-1630.95377094
1874.78357827
-1960.51015879
1301.24208102
-657.728430365
689.493624093
-733.221125867
129.438678963
497.578696552
-333.465217824
775.444023915
-1324.9492947
1615.62099827
-1148.67526963
1083.03048177
8029.81912596
-11492.0131628
9631.56305291
-4490.10065385
1894.9633056
-2414.99596862
1904.69798563
-2471.15938196
4230.14054408
-2477.41907926
-670.250230247
3282.03018281
-2791.64394711
4390.49986703
-4829.29630763
3976.89650947
-2198.23103442
2197.40568622
-2333.92443574
857.0576675
16.4582751907
759.453790364
56.7572154397
-1919.82065313
3436.12660817
-2665.08541883
2707.31541686
-2843.12467652
2076.25053721
-871.529744942
983.677367692
-1211.34627264
148.128384517
1142.4219059
-971.018363357
1040.99265063
-1724.71365414
2280.87040971
-1530.39937545
1298.81565791
9368.91443225
-11834.1427099
10000.0
-3590.40008697
1845.98000982
-2593.61176735
2876.26841549
-3593.94245275
4478.70763276
-1696.42530795
-2031.57048425
3370.05466661
-2004.42421909
3054.47279522
-3870.19875535
3772.30391266
-1983.31178661
2263.1540571
-1699.74642526
604.015981406
389.67116127
601.754026094
280.887839867
-1754.64097936
2834.01310391
-1849.69381193
1737.0480547
-1969.37593312
1402.14628287
-573.781871998
556.49140389
-761.220563962
-153.775467228
1007.35695123
-758.824017282
699.533650051
-997.267403336
1472.28158855
-683.855488334
746.528346084
8409.28619252
-8110.82219249
5759.61270014
774.638866412
735.745282759
-1186.21788738
1898.83628317
-2178.18989976
2440.1005504
24.7448125891
-2892.19188537
1039.99221685
235.877240138
785.970194723
-2434.24224642
1543.08542611
-64.6869089141
1249.3586283
-410.772659227
541.691373607
620.73218516
1055.46313199
1021.4669025
-1114.73804592
1145.6775049
410.517825687
186.320870732
-1083.9667282
338.191233549
-374.107162834
-288.157858919
-325.776534154
-670.853792941
-37.1466460231
126.444800439
140.472017363
-442.871009044
701.03547562
505.57707059
334.082460575
8607.82452857
-5423.10351487
2114.077897
5164.74473492
-296.343288279
360.718666441
496.115919442
-694.007693006
818.207126682
849.290505291
-3053.860617
-1562.88804213
1201.83671875
-76.8506163561
-2175.46827012
-82.3290783101
996.680104691
678.697309058
631.16926742
1021.30040908
599.347386418
1659.30536254
2071.36875655
-280.353675318
383.073701238
1380.77727682
-115.502391535
-788.743329222
-187.496850607
-760.392058726
-947.542164037
-396.270470329
-966.986278564
-910.428257777
135.182995358
74.7795956136
-255.708008049
562.49915869
937.215657805
578.059932366
9258.17875091
-3090.90757122
286.11793211
6450.13984695
509.108839041
1100.12751471
72.7506486519
-987.64726502
90.9175644634
1337.22524042
-2666.83924798
-3219.67838128
338.789886371
298.066863088
-1629.25823992
-506.246252094
499.579753509
614.09436478
2002.72347763
1475.0579224
523.564573942
1614.0671111
2428.2215105
845.293510553
337.078431412
567.608926057
-245.950628302
-332.516511557
-391.715023802
-1264.56560934
-1434.63503885
-595.209885099
-633.989221939
-715.603026448
-250.22125959
33.0981567175
428.126753172
968.200265771
999.03988931
681.968739896
9331.95948022
-737.729418825
-955.242006256
5772.85709966
1348.42653964
1230.52529673
31.6704477294
-1941.12784113
-805.250801737
1757.98327158
-2002.83751977
-3711.51137952
-587.809043677
781.752198781
-303.256901437
-2.64427269842
181.468336717
588.02541669
3238.2386771
1976.30330568
472.112778143
1109.81788284
1834.72441788
1301.76240362
183.987627322
-654.336362786
-1078.58549375
-272.955159111
-464.869859205
-1443.3021255
-1577.34127294
-566.849408843
77.8735446314
233.970955872
131.344578504
244.659943854
1165.01958804
1554.885767
1169.91545957
578.677301746
8576.05186446
365.815270658
-1762.04462683
4382.67010611
1037.45355614
1050.96432967
-367.00503441
-2471.60650635
-1207.15740043
1515.84165022
-1134.93328007
-2676.77524304
-522.053015532
726.5518882
1214.27829544
1277.19820442
348.029873524
607.767884977
3087.36306457
2065.7250375
625.340763891
330.145304261
241.327916815
634.130372426
-9.0527998619
-1144.94158982
-1584.18198186
-860.960856756
-336.555991446
-356.543749531
-624.37750624
-276.676209175
610.63560776
1213.76612282
1184.0780275
819.920053781
799.427406039
1008.10523055
970.307660761
336.188557798
7118.55739396
504.379838803
-2941.55499173
3037.95584567
1284.15538377
1228.51042605
-669.917077008
-2414.73026907
-489.738494589
1529.63030677
85.171058518
-1358.52408737
-524.050141804
236.597196146
2294.97724219
2068.32178037
-318.935072421
128.827977929
1968.80948792
1823.13622189
815.213708002
-505.293262898
-1056.21614747
243.833341844
428.934239683
-690.904071761
-1295.80747518
-1148.25494784
108.646273375
997.144053236
307.144240787
-201.403224774
481.761904031
1322.57928134
1538.2365564
874.060707764
-87.5622583412
-15.7302219691
483.738607603
205.816314766
6579.41704012
1058.34400074
-3296.90189145
2527.40029182
2048.45550799
1969.88447675
-288.587328014
-2142.22535571
-488.677414773
1091.07730322
1116.99370748
-668.809503784
-1243.42643428
-673.076516916
2254.96575263
2503.01691359
-343.00260636
-64.9322213782
919.404338067
1493.06926357
1568.35931153
7.33321591898
-1202.63929075
-579.696285667
547.765756695
274.112608027
-730.808005494
-1126.5816709
-341.916865647
824.578605416
805.767816849
449.538741605
282.491105881
293.11278906
1075.59525701
1136.599286
225.059663029
-301.957005661
-251.886942685
-63.6468926472
6989.46598259
2561.91108619
-2560.87967634
1085.82576899
1845.33408586
2710.80631563
499.65281524
-1783.06032869
-2088.87628132
-338.97344025
2218.46802024
474.869146824
-1589.40591704
-1746.58445722
1566.93234104
3290.21984877
1003.65034253
474.198566383
-172.444077926
513.049361805
2194.28138298
1299.85509125
-935.79622615
-2184.95715074
-346.587662991
788.104944754
87.5071846113
-596.229472311
-1149.9515123
-91.9767636938
1189.96748988
1860.25954217
873.257595954
-640.97339896
278.353991381
1250.33988297
1034.80568247
-53.4491973271
-1044.49650141
-982.169502308
7071.45256581
3708.43401584
-1772.5939293
-355.144045159
971.252358481
2783.79351497
1442.00580226
-997.632335411
-3009.77895153
-1436.87928632
2673.27974606
1526.53328859
-1084.71654873
-2104.37153815
727.039428223
3003.85385614
1930.51106595
1147.80544766
-898.92741089
-584.791655105
1890.98514506
1726.04620426
-400.013780955
-2253.7862889
-1012.85591288
430.133353089
841.719873473
431.148103452
-970.780604057
-597.857158069
969.207740309
2043.11604779
1160.59134463
-512.270517285
-405.310042359
240.825093769
855.213449819
388.371109384
-889.133415987
-1216.4044685
7143.67924166
3699.99903782
-1200.01456822
64.5735986716
321.118866018
1622.23116427
1710.63778547
-753.001489535
-3203.7604049
-1977.39173618
2121.00108184
1323.14221718
-475.463361659
-1000.44013739
817.066387304
2129.04859333
2466.81339062
2175.0625428
-837.334306996
-1111.13592765
1218.93621563
603.379892065
-593.761371351
-1483.03563696
-1522.27353309
-792.082350344
865.647510908
1385.28154864
9.88973502907
-73.2168874838
1118.8522571
1654.06763454
1308.66278078
495.292677072
-387.587933899
-1165.50727472
-299.064701361
176.502036546
-841.803126633
-1101.23513168
7292.02759033
3296.24539632
-1052.27944761
1328.69375555
546.443248831
810.766013243
2080.80705776
-726.212473895
-3349.80224803
-2239.91613703
1556.26930152
648.344082578
-477.482051275
-172.952283663
838.522445403
1432.85884639
2874.27456258
2922.13934117
-403.526114392
-1058.9436474
948.884205493
-182.890890296
-757.798913579
-844.739244298
-1787.50827418
-1764.41016621
489.385216659
1622.02284617
576.254601216
458.589511211
1254.48027854
1192.50672682
1349.45579607
1303.4034755
-15.6739185391
-1579.38835559
-971.450560187
-283.685491756
-856.501258899
-799.596845744
7505.15994932
3541.42632473
-1078.81713891
1567.05244321
614.211367753
177.830815707
2744.444558
-300.040605625
-3673.98147378
-2669.53149441
1245.87024587
839.661860025
78.4384268013
424.647342332
372.693975467
573.377480218
3282.30351515
3350.0893616
-66.7164117448
-1210.17308979
4.05979441785
-577.306755092
-353.021556338
-121.22483199
-1438.4195719
-2199.84382509
164.749690457
1919.66666735
1229.01466532
966.625282348
1032.91470987
263.811565816
785.053679438
1440.88591444
217.053101695
-1533.99915804
-1416.96532571
-725.278386176
-568.84664638
30.6002279692
8556.10625002
4693.11728869
-1135.32938615
1085.6775564
225.540244377
-895.963100663
3199.40859139
-172.35585186
-4558.53238108
-3479.95908598
880.656833684
1679.1625189
1387.71780511
1562.14542533
424.603100392
-114.097472344
3772.5055738
3830.99034825
59.7897380168
-1618.1988734
-1617.07616326
-1728.46877905
-321.525772451
495.35509294
-811.410482799
-2121.96785324
91.0196767977
2349.48300063
2267.97637552
2092.12088157
1189.22210343
-652.678535656
-207.883864295
870.572458444
62.5290147564
-1451.45453622
-1835.06885676
-1433.07774584
-586.370536045
879.080517751
9620.12662094
5825.70803335
-708.879484365
628.864445922
-488.961046293
-1449.55278205
3271.68940099
-481.397848664
-4930.42492359
-3775.17163406
189.237973118
2008.33904756
2817.11641624
2550.58908909
699.716298231
-252.340294522
3283.17287854
3323.20910283
249.452690609
-1502.24107781
-2643.74390617
-2841.45421054
-420.704906173
864.162351633
78.6319925094
-845.376743316
340.74384646
1818.21480582
2530.76977869
2588.68165238
1128.13363873
-1041.16146131
-1098.41364522
-448.520620386
-459.557751283
-811.322311848
-1170.23921994
-1259.93229277
-265.237590883
1198.23618067
9681.03113348
6392.42857533
40.9474701743
-112.075145077
-2063.90650808
-2468.55190727
2660.60841577
-538.462919549
-3906.03525148
-3086.28296185
-545.031618061
1908.61314879
4139.61067043
3693.36763581
1463.84058399
-272.925102949
1652.96972847
1749.78902107
150.109805701
-998.389347804
-2833.49168953
-3637.13525267
-892.312104505
929.708563326
1238.50190678
1152.02100043
1019.88548393
1054.86923207
1959.79265009
2359.48777412
1210.31540991
-852.864275095
-1745.04277223
-1874.8154742
-1377.75373914
-355.144119619
-45.1280615259
-449.989282652
78.7868500921
1008.20243246
9450.01602587
6498.78938265
1097.61766047
-222.724117938
-3466.66222564
-3563.1760348
1817.85420676
-353.783809279
-2696.17988329
-2407.3752806
-1301.98916618
1572.14082295
4463.43136686
4818.32245249
2358.45841076
-264.839179761
335.372942038
590.470929521
-125.461404236
-311.126661661
-2464.53536324
-4010.13242215
-1608.51249777
624.07223211
1890.38948356
2435.55373743
1709.98691863
678.850205819
1112.37443989
1833.43728324
1393.46317693
-414.875666001
-1745.31464401
-2495.52268227
-2182.77254778
-453.503752657
643.558442597
396.148184819
430.378698483
799.841732307
9003.72718105
5651.0230806
1736.895191
207.422535388
-4201.22106222
-4274.86506779
1070.70128855
-342.176847568
-1615.73104673
-1434.78791741
-1514.23873722
1095.01312748
3863.68201546
5332.50110453
3030.02679588
-53.4294838151
-317.643032644
-436.956870525
-976.543145443
248.172796499
-1649.27124842
-3679.81498775
-1836.26411351
113.405040872
1676.49741489
3182.67864082
2571.55559664
828.773066139
367.292822977
929.43089091
1010.91304947
-121.19817519
-1073.23338311
-2272.5731141
-2849.04964967
-1011.93999529
751.740513565
970.122128451
1259.76996431
1080.18771788
8620.78941625
4894.13328348
1813.82285156
713.836166612
-4064.89756294
-4816.27758615
591.412850222
-1022.26246006
-1214.92402557
-652.967134639
-1241.39510682
717.422888065
3498.35691427
5083.26429648
3655.75389505
600.248552637
-53.6010150568
-939.819383221
-1714.68567758
128.347798808
-1356.95379949
-3302.31987362
-1724.74557038
-516.36628944
1000.88054211
3331.02773469
3018.57206698
1532.83647623
650.615274719
595.844973095
572.992556979
-106.299437943
-718.834659435
-1944.32847313
-3022.15539658
-1515.7534886
97.3150770403
793.41856016
1706.5920192
1464.92071982
8268.7606579
5293.29544744
1883.219396
918.375642187
-3213.25248247
-4947.70128371
149.303684837
-1534.42248395
-1455.15059932
-799.436930701
-871.214010106
628.487912771
3378.43935407
4618.82788703
4015.93273589
930.282085423
342.662509232
-822.89245431
-1802.08942319
-264.716583876
-1320.81344402
-3084.10128427
-1728.16002717
-838.194964386
720.84277948
3053.38994745
2987.59960218
2074.56903532
951.302914476
488.566691059
436.689269336
-190.535026508
-685.317052846
-1533.82930295
-2776.36159536
-1710.49477272
-390.98153423
545.207983781
1688.20650919
1659.49095848
7911.99179129
5737.62156904
1746.05285927
777.660103397
-2609.72468211
-4894.8506512
-64.8642130265
-1535.92045588
-1705.46988992
-922.839771068
-526.143881842
647.658700737
3267.2591143
4241.58433521
4041.85638653
1028.31236333
526.349399038
-628.366165168
-1776.77358035
-507.557304491
-1141.23119314
-2912.98671603
-1629.64655365
-862.962683273
509.414741531
2746.7712191
2933.78284516
2264.37013436
1165.00037917
437.526441834
327.934149969
-326.268425886
-698.968569126
-1203.01379507
-2518.91402676
-1800.3036057
-564.215030403
288.974918223
1614.78565728
1910.53624977
7682.63825271
5627.9655158
1940.98614949
606.127717384
-2459.23455991
-4467.85358824
-249.737098446
-1759.54035763
-1722.84559056
-965.950165103
-437.814246229
833.674715789
3127.91070137
4000.1869861
3945.82904826
1295.53824915
553.465235886
-589.771378267
-1881.21554173
-720.487175981
-1254.26048736
-2613.57995373
-1559.34378596
-797.388727937
362.022512047
2569.13427035
2817.67605445
2440.87218836
1398.16722125
544.12365204
172.414969675
-486.529221148
-837.127756281
-1154.41515888
-2232.66185558
-1721.04919409
-678.352892799
67.035084515
1442.37001354
1872.24400969
7547.06513461
5419.66593507
2487.73651277
495.803038659
-2576.12967402
-4176.12162106
-423.501811416
-1918.42857563
-1331.29815793
-1105.44282541
-712.543575275
677.649623356
2675.38616609
3888.27639406
4137.77844323
1708.96703903
720.772941778
-531.871246045
-1964.29507589
-554.732579016
-1198.81769546
-2229.73161932
-1694.07924058
-1243.75339436
-241.510967381
2240.37724068
2624.61618638
2841.8731525
1650.19376034
725.213462721
168.867937644
-366.037916893
-572.722172026
-724.288338538
-2063.74994345
-1828.68966307
-1280.2289306
-567.00229684
1135.00418191
1815.56425108
7734.46365633
5629.7415534
2864.25993725
765.793242697
-2322.94304264
-3968.80236009
-113.351462528
-1955.63366189
-1304.54668651
-1431.50369736
-1227.69618247
182.497953469
2556.59509478
3748.68485627
4384.62945111
1945.75651162
1044.3170779
-320.080103177
-1681.33268208
-481.033101886
-1101.50197395
-2304.84625352
-1750.52326236
-1518.82691336
-517.591751898
2010.39841575
2536.10696931
2837.41573791
1855.10151935
901.893141831
271.115451886
-231.732350136
-564.681923104
-716.276371248
-2009.83759817
-1782.30988586
-1332.20876974
-580.806573705
935.692305133
1756.21661196
7715.87381193
5526.81252343
2958.62205819
1190.94575712
-2336.32074514
-4344.48965052
-280.224789638
-2085.18338272
-1016.85669522
-943.54516211
-885.654668605
-103.054895982
2439.59952034
3500.32016546
4446.02904416
2041.50682536
1342.76569242
-678.539525445
-2009.25576386
-991.514728739
-1081.93901383
-2047.77609182
-1098.44192592
-1195.55475377
-467.716922837
1683.97609146
2509.13503304
2862.69300589
2049.46882381
1016.92839541
-83.8086986292
-804.934762029
-933.785703241
-741.196916056
-1697.76650192
-1214.86147558
-1150.01575125
-564.49471398
724.202256494
1825.83626075
8141.4009897
5661.21368747
3040.75694968
1179.95459102
-2985.5060817
-4900.84541295
-341.742992091
-2157.82887409
-493.262668028
-669.174141343
-823.401692218
-283.056622196
2488.91543715
3682.59820345
4935.91458932
2149.04447536
1482.99748128
-1312.11874874
-2436.70062409
-1170.41482209
-1044.47628092
-1791.85506628
-759.990511967
-1465.55835468
-548.489910801
1619.12019896
2714.68407121
3390.26791908
2360.17473683
1073.66508259
-412.901021554
-1267.02683291
-1088.11576592
-727.233674739
-1626.1911262
-996.219798192
-1470.39814174
-713.396619477
713.487758327
2001.77373955
8434.79322594
6086.32455386
3409.69434423
1251.47628839
-3321.25627645
-5035.6751419
-821.446956443
-2579.11586907
-360.983878629
-741.80424246
-743.338472258
43.0450018217
2414.11428314
3837.86530883
5169.8857737
2383.75975789
1703.16064365
-1519.94973099
-2747.79957361
-1470.44106923
-1534.36652653
-1489.91953361
-637.280041282
-1420.02478821
-381.71383855
1391.53937806
2443.75281248
3702.8690801
2501.70563938
1561.33669926
-284.099584696
-1486.61532515
-1439.4298671
-1149.83842116
-1609.19111987
-652.658517623
-1335.73794486
-522.006852766
463.586886681
1482.02011255
8056.7900203
6258.51207207
4206.5080784
1907.95344242
-3230.47272907
-5296.90207892
-1693.21144343
-3219.12976684
-121.788862671
-382.665967377
-290.294539211
129.540291327
1720.2502268
3327.23381304
5046.74232631
2982.01974707
2522.58445998
-1162.60761029
-2946.44961888
-1993.65544055
-2174.82964343
-1089.30553985
-276.509446
-980.956072105
-499.279913231
672.834677085
1620.13159538
3673.23512652
2774.00763975
2548.27898933
114.610384876
-1452.44491854
-1897.90768034
-1518.37911012
-1566.85859998
-148.564930165
-1142.65999791
-518.804192907
-200.423807433
834.119129279
7637.6989151
6523.96058801
5186.83932413
2657.27631261
-3047.02962696
-5494.05471115
-2246.6715196
-3430.13949409
196.404874035
-194.496514832
-268.78178665
-356.139893447
1207.18716458
3060.12194859
5268.79740382
3602.59623571
3070.78263438
-1101.48496114
-3124.08791304
-2377.35103425
-2272.7341798
-916.358690778
17.3564487991
-941.389250063
-866.283394797
355.278212279
1426.52203073
3743.87013939
3279.81451517
2829.19067776
86.2497525478
-1539.45768939
-2185.11206184
-1531.21027427
-1415.26804839
20.8619685315
-1078.1515711
-755.828786558
-394.284368879
793.579774668
7608.17035569
6825.18293189
5881.69587488
2612.94392374
-3011.07574236
-5812.94079948
-2532.91100927
-3334.68806521
463.995025502
-237.331321442
-339.54245643
-819.471304411
1129.58044282
3059.42559618
5577.37334202
3976.97000431
3246.35517286
-1123.4075369
-3264.58144253
-2568.41169798
-2265.84949225
-934.165815243
98.075560051
-975.510623038
-1203.62181119
279.522367777
1318.83220514
3839.3982909
3592.56186024
3097.69346794
149.814352289
-1469.26699944
-2323.04505864
-1505.81977327
-1504.92337159
127.507310518
-1148.32017072
-938.374884481
-604.629701113
681.996000934
7687.77258973
7179.63181728
6540.71295639
2953.59677901
-2894.2064337
-5951.98796288
-2718.50924131
-3460.79424148
647.995782016
-342.586053724
-428.810210135
-1231.05324564
826.499419659
2975.83253424
5885.21519548
4321.00587222
3866.67675826
-1033.89486536
-3178.42999772
-2695.38653105
-2333.05926687
-962.955089329
188.152344484
-1180.05050529
-1320.54296944
-110.784534575
1268.44252574
3921.62313259
3829.03568261
3447.81129607
338.573764551
-1514.66376911
-2276.51721069
-1576.92155096
-1476.51296736
213.847530996
-1277.3313036
-1020.52637747
-863.810436343
595.863708347
7747.6982044
7239.75489398
6463.99134148
3142.36501355
-2947.21347569
-5814.25084999
-2595.83582356
-3256.32416885
693.506594245
-270.281338798
-453.265265165
-1361.03538381
701.009037021
2987.43413259
5729.64138015
4177.54746069
3805.82589174
-1178.0333826
-3040.53630584
-2513.36747198
-2062.24197504
-838.656088066
265.980965991
-1202.67980999
-1304.10233753
-185.466806531
1322.71602795
3668.96422471
3621.72114555
3198.17293036
192.105944609
-1426.3962393
-2013.54466579
-1346.06274107
-1246.52838108
282.940244019
-1250.53596284
-964.742553969
-862.247917814
613.497952949
7556.97253366
7014.27514293
6094.13942993
3013.23501148
-2778.89774507
-5596.73788759
-2382.2228623
-2953.64621995
717.744729275
-188.120919998
-402.02043847
-1535.95089531
597.243899281
2657.14069477
5450.29448661
4069.71664466
3805.57955334
-1001.6065073
-2583.22340417
-2422.51123465
-1816.73535636
-853.248507964
263.387611455
-1294.20842032
-1288.57333771
-395.035842598
1170.29330002
3336.0934957
3640.04575594
3101.73417219
446.662374791
-1081.42097311
-1815.60542637
-1253.3721713
-1086.08509092
121.542574788
-1305.47505192
-979.668661061
-1064.00913634
435.274819555
1441.97329679
2945.2824103
1998.0286394
1385.73202168
-490.354991222
-684.194388415
-1156.14058919
-436.868544761
-491.045126146
-589.340420345
-1170.78676053
-790.355912822
-416.808462151
790.653672883
1577.56215456
1610.5794847
1110.68222769
236.339350452
-285.046172538
-518.730062703
-253.893312267
-340.142533969
-335.346198776
-831.138653726
-625.218386142
-579.855240895
310.44429086
666.742981571
1108.70678847
667.312656572
496.395918201
-140.424670271
-24.0994542793
-234.411664718
-8.74184315358
-320.952328518
-334.040372184
-592.131645554
-314.597195577
-126.559875854
357.42939002
442.206136788
494.979710706
249.411306052
100.98259573
-18.4314960748
-7.20922579541
-20.8636989523
-94.9487620962
-194.273275548
-303.653870882
-231.149171937
-136.750005692
105.774789136
168.350784697
248.503603764
120.789596223
112.33850008
-0.215773307458
66.2124468507
-12.9414162052
21.370969945
-109.72680544
-93.5681740975
-155.743805896
-47.7923806102
-25.3310734403
83.4066501932
57.7651144208
84.6903510635
22.9054258071
41.8241924845
14.8794978248
35.551886728
2.64082109598
-8.94673473151
-44.9432778082
-44.8662952084
-35.8071818615
-10.7820531509
8.75830483484
14.2401453494
16.3569473912
4.9959536339
9.94675250761
3.05317246583
12.7427532802
0.466156300581
1.7684412656
-15.4221213445
-9.73693464527
-16.7400818771
-1.61563458194
-4.46171889339
7.14991379691
0.344153187983
6.42749780023
0.454997631476
6.90746396938
2.32031999298
6.2570166544
-0.0409689879909
1.09238042327
-2.72967322272
-0.827058116038
-2.09845570533
0.321193632887
-0.288636071915
0.921704990164
0.224975416929
0.897506268116
0.875847110447
1.08465562972
1.14469957985
0.82646475208
0.675166369777
0.046320021375
0.163816777583
-0.253590629419
-0.240911097948
-0.228865543051
-0.217422265898
-0.206551152603
-0.196223594973
-0.186412415224
-0.177091794463
-0.16823720474
-0.159825344503
-0.151834077278
-0.144242373414
-0.137030254743
-0.130178742006
-0.123669804906
-0.11748631466
-0.111611998927
-0.106031398981
-0.100729829032
-0.0956933375804
-0.0909086707014
-0.0863632371663
-0.082045075308
-0.0779428215426
-0.0740456804655
-0.0703433964422
-0.0668262266201
-0.0634849152891
-0.0603106695246
-0.0572951360484
-0.054430379246
-0.0517088602837
-0.0491234172695
-0.046667246406
-0.0443338840857
-0.0421171898814
-0.0400113303874
-0.038010763868
-0.0361102256746
-0.0343047143909
-0.0325894786713
-0.0309600047378
-0.0294120045009
-0.0279414042758
-0.026544334062
-0.0252171173589
-0.023956261491
-0.0227584484164
-0.0216205259956
-0.0205394996958
-0.019512524711
-0.0185368984755
-0.0176100535517
-0.0167295508741
-0.0158930733304
-0.0150984196639
-0.0143434986807
-0.0136263237467
-0.0129450075593
-0.0122977571814
-0.0116828693223
-0.0110987258562
-0.0105437895634
-0.0100166000852
-0.00951577008095
-0.0090399815769
-0.00858798249806
-0.00815858337315
-0.0077506542045
-0.00736312149427
-0.00699496541956
-0.00664521714858
-0.00631295629115
-0.00599730847659
-0.00569744305276
-0.00541257090013
-0.00514194235512
-0.00488484523736
-0.0046406029755
-0.00440857282672
-0.00418814418538
-0.00397873697612
-0.00377980012731
-0.00359081012094
-0.0034112696149
-0.00324070613415
-0.00307867082744
-0.00292473728607
-0.00277850042177
-0.00263957540068
-0.00250759663065
-0.00238221679911
-0.00226310595916
-0.0021499506612
-0.00204245312814
-0.00194033047173
-0.00184331394815
-0.00175114825074
-0.0016635908382
-0.00158041129629
-0.00150139073148
-0.0014263211949
-0.00135500513516
-0.0012872548784
-0.00122289213448
-0.00116174752776
-0.00110366015137
-0.0010484771438
-0.00099605328661
-0.00094625062228
-0.000898938091166
-0.000853991186607
-0.000811291627277
-0.000770727045913
-0.000732190693618
-0.000695581158937
-0.00066080210099
-0.00062776199594
-0.000596373896143
-0.000566555201336
-0.000538227441269
-0.000511316069206
-0.000485750265746
-0.000461462752458
-0.000438389614835
-0.000416470134094
-0.000395646627389
-0.000375864296019
-0.000357071081219
-0.000339217527158
-0.0003222566508
-0.00030614381826
-0.000290836627347
-0.000276294795979
-0.00026248005618
-0.000249356053371
-0.000236888250703
-0.000225043838168
-0.000213791646259
-0.000203102063946
-0.000192946960749
-0.000183299612712
-0.000174134632076
-0.000165427900472
-0.000157156505449
-0.000149298680176
-0.000141833746167
-0.000134742058859
-0.000128004955916
-0.00012160470812
-0.000115524472714
-0.000109748249079
-0.000104260836625
-9.90477947934e-05
-9.40954050537e-05
-8.9390634801e-05
-8.4921103061e-05
-8.06750479079e-05
-7.66412955125e-05
-7.28092307369e-05
-6.91687692e-05
-6.571033074e-05
-6.2424814203e-05
-5.93035734929e-05
-5.63383948182e-05
-5.35214750773e-05
-5.08454013235e-05
-4.83031312573e-05
-4.58879746944e-05
-4.35935759597e-05
-4.14138971617e-05
-3.93432023036e-05
-3.73760421885e-05
-3.5507240079e-05
-3.37318780751e-05
-3.20452841713e-05
-3.04430199628e-05
-2.89208689646e-05
-2.74748255164e-05
-2.61010842406e-05
-2.47960300285e-05
-2.35562285271e-05
-2.23784171008e-05
-2.12594962457e-05
-2.01965214334e-05
-1.91866953618e-05
-1.82273605937e-05
-1.7315992564e-05
-1.64501929358e-05
-1.5627683289e-05
-1.48462991246e-05
-1.41039841683e-05
-1.33987849599e-05
-1.27288457119e-05
-1.20924034263e-05
-1.1487783255e-05
-1.09133940923e-05
-1.03677243876e-05
-9.84933816826e-06
-9.35687125984e-06
-8.88902769685e-06
-8.44457631201e-06
-8.02234749641e-06
-7.62123012159e-06
-7.24016861551e-06
-6.87816018473e-06
-6.5342521755e-06
-6.20753956672e-06
-5.89716258839e-06
-5.60230445897e-06
-5.32218923602e-06
-5.05607977422e-06
-4.80327578551e-06
-4.56311199623e-06
-4.33495639642e-06
-4.1182085766e-06
-3.91229814777e-06
-3.71668324038e-06
-3.53084907836e-06
-3.35430662444e-06
-3.18659129322e-06
-3.02726172856e-06
-2.87589864213e-06
-2.73210371003e-06
-2.59549852452e-06
-2.4657235983e-06
-2.34243741838e-06
-2.22531554746e-06
-2.11404977009e-06
-2.00834728159e-06
-1.90792991751e-06
-1.81253342163e-06
-1.72190675055e-06
-1.63581141302e-06
-1.55402084237e-06
-1.47631980025e-06
-1.40250381024e-06
-1.33237861973e-06
-1.26575968874e-06
-1.2024717043e-06
-1.14234811909e-06
-1.08523071313e-06
-1.03096917748e-06
-9.79420718604e-07
-9.30449682674e-07
-8.8392719854e-07
-8.39730838613e-07
-7.97744296683e-07
-7.57857081848e-07
-7.19964227756e-07
-6.83966016368e-07
-6.4976771555e-07
-6.17279329772e-07
-5.86415363284e-07
-5.5709459512e-07
-5.29239865364e-07
-5.02777872095e-07
-4.77638978491e-07
-4.53757029566e-07
-4.31069178088e-07
-4.09515719183e-07
-3.89039933224e-07
-3.69587936563e-07
-3.51108539735e-07
-3.33553112748e-07
-3.16875457111e-07
-3.01031684255e-07
-2.85980100042e-07
-2.7168109504e-07
-2.58097040288e-07
-2.45192188274e-07
-2.3293257886e-07
-2.21285949917e-07
-2.10221652421e-07
-1.997105698e-07
-1.8972504131e-07
-1.80238789245e-07
-1.71226849782e-07
-1.62665507293e-07
-1.54532231929e-07
-1.46805620332e-07
-1.39465339316e-07
-1.3249207235e-07
-1.25867468732e-07
-1.19574095296e-07
-1.13595390531e-07
-1.07915621004e-07
-1.02519839954e-07
-9.73938479565e-08
-9.25241555587e-08
-8.78979477807e-08
-8.35030503917e-08
-7.93278978721e-08
-7.53615029785e-08
-7.15934278296e-08
-6.80137564381e-08
-6.46130686162e-08
-6.13824151854e-08
-5.83132944261e-08
-5.53976297048e-08
-5.26277482196e-08
-4.99963608086e-08
-4.74965427682e-08
-4.51217156297e-08
-4.28656298483e-08
-4.07223483558e-08
-3.86862309381e-08
-3.67519193912e-08
-3.49143234216e-08
-3.31686072505e-08
-3.1510176888e-08
-2.99346680436e-08
-2.84379346414e-08
-2.70160379093e-08
-2.56652360139e-08
-2.43819742132e-08
-2.31628755025e-08
-2.20047317274e-08
-2.0904495141e-08
-1.9859270384e-08
-1.88663068648e-08
-1.79229915215e-08
-1.70268419455e-08
-1.61754998482e-08
-1.53667248558e-08
-1.4598388613e-08
-1.38684691823e-08
-1.31750457232e-08
-1.25162934371e-08
-1.18904787652e-08
-1.12959548269e-08
-1.07311570856e-08
-1.01945992313e-08
-9.68486926975e-09
-9.20062580627e-09
-8.74059451595e-09
-8.30356479016e-09
-7.88838655065e-09
-7.49396722312e-09
-7.11926886196e-09
-6.76330541886e-09
-6.42514014792e-09
-6.10388314052e-09
-5.7986889835e-09
-5.50875453432e-09
-5.23331680761e-09
-4.97165096723e-09
-4.72306841886e-09
-4.48691499792e-09
-4.26256924802e-09
-4.04944078562e-09
-3.84696874634e-09
-3.65462030903e-09
-3.47188929357e-09
-3.2982948289e-09
-3.13338008745e-09
-2.97671108308e-09
-2.82787552892e-09
-2.68648175248e-09
-2.55215766485e-09
-2.42454978161e-09
-2.30332229253e-09
-2.1881561779e-09
-2.07874836901e-09
-1.97481095056e-09
-1.87607040303e-09
-1.78226688288e-09
-1.69315353874e-09
-1.6084958618e-09
-1.52807106871e-09
-1.45166751527e-09
-1.37908413951e-09
-1.31012993253e-09
-1.24462343591e-09
-1.18239226411e-09
-1.12327265091e-09
-1.06710901836e-09
-1.01375356744e-09
-9.63065889071e-10
-9.14912594617e-10
-8.69166964886e-10
-8.25708616642e-10
-7.8442318581e-10
-7.45202026519e-10
-7.07941925193e-10
-6.72544828934e-10
-6.38917587487e-10
-6.06971708113e-10
-5.76623122707e-10
-5.47791966572e-10
-5.20402368243e-10
-4.94382249831e-10
-4.69663137339e-10
-4.46179980472e-10
-4.23870981449e-10
-4.02677432376e-10
-3.82543560758e-10
-3.6341638272e-10
-3.45245563584e-10
-3.27983285405e-10
-3.11584121134e-10
-2.96004915078e-10
-2.81204669324e-10
-2.67144435858e-10
-2.53787214065e-10
-2.41097853361e-10
-2.29042960693e-10
-2.17590812659e-10
-2.06711272026e-10
-1.96375708424e-10
-1.86556923003e-10
-1.77229076853e-10
-1.6836762301e-10
-1.5994924186e-10
-1.51951779767e-10
-1.44354190779e-10
-1.3713648124e-10
-1.30279657178e-10
-1.23765674319e-10
-1.17577390603e-10
-1.11698521073e-10
-1.06113595019e-10
-1.00807915268e-10
-9.57675195047e-11
-9.09791435295e-11
-8.6430186353e-11
-8.21086770353e-11
-7.80032431836e-11
-7.41030810244e-11
-7.03979269732e-11
-6.68780306245e-11
-6.35341290933e-11
-6.03574226386e-11
-5.73395515067e-11
-5.44725739314e-11
-5.17489452348e-11
-4.91614979731e-11
-4.67034230744e-11
-4.43682519207e-11
-4.21498393246e-11
-4.00423473584e-11
-3.80402299905e-11
-3.6138218491e-11
-3.43313075664e-11
-3.26147421881e-11
-3.09840050787e-11
-2.94348048248e-11
-2.79630645835e-11
-2.65649113543e-11
-2.52366657866e-11
-2.39748324973e-11
-2.27760908724e-11
-2.16372863288e-11
-2.05554220124e-11
-1.95276509118e-11
-1.85512683662e-11
-1.76237049479e-11
-1.67425197005e-11
-1.59053937154e-11
-1.51101240297e-11
-1.43546178282e-11
-1.36368869368e-11
-1.29550425899e-11
-1.23072904604e-11
-1.16919259374e-11
-1.11073296405e-11
-1.05519631585e-11
-1.00243650006e-11
-9.52314675056e-12
-9.04698941304e-12
-8.59463994238e-12
-8.16490794526e-12
-7.756662548e-12
-7.3688294206e-12
-7.00038794957e-12
-6.65036855209e-12
-6.31785012449e-12
-6.00195761826e-12
-5.70185973735e-12
-5.41676675048e-12
-5.14592841296e-12
-4.88863199231e-12
-4.6442003927e-12
-4.41199037306e-12
-4.19139085441e-12
-3.98182131169e-12
-3.7827302461e-12
-3.5935937338e-12
-3.41391404711e-12
-3.24321834475e-12
-3.08105742751e-12
-2.92700455614e-12
-2.78065432833e-12
-2.64162161192e-12
-2.50954053132e-12
-2.38406350475e-12
-2.26486032952e-12
-2.15161731304e-12
-2.04403644739e-12
-1.94183462502e-12
-1.84474289377e-12
-1.75250574908e-12
-1.66488046163e-12
-1.58163643854e-12
-1.50255461662e-12
-1.42742688579e-12
-1.3560555415e-12
-1.28825276442e-12
-1.2238401262e-12
-1.16264811989e-12
-1.1045157139e-12
-1.0492899282e-12
-9.96825431791e-13
-9.46984160202e-13
-8.99634952192e-13
-8.54653204582e-13
-8.11920544353e-13
-7.71324517135e-13
-7.32758291279e-13
-6.96120376715e-13
-6.61314357879e-13
-6.28248639985e-13
-5.96836207986e-13
-5.66994397586e-13
-5.38644677707e-13
-5.11712443822e-13
-4.86126821631e-13
-4.61820480549e-13
-4.38729456522e-13
-4.16792983696e-13
-3.95953334511e-13
-3.76155667785e-13
-3.57347884396e-13
-3.39480490176e-13
-3.22506465667e-13
-3.06381142384e-13
-2.91062085265e-13
-2.76508981002e-13
-2.62683531952e-13
-2.49549355354e-13
-2.37071887586e-13
-2.25218293207e-13
-2.13957378547e-13
-2.03259509619e-13
-1.93096534138e-13
-1.83441707431e-13
-1.7426962206e-13
-1.65556140957e-13
-1.57278333909e-13
-1.49414417214e-13
-1.41943696353e-13
-1.34846511535e-13
-1.28104185958e-13
-1.21698976661e-13
-1.15614027828e-13
-1.09833326436e-13
-1.04341660114e-13
-9.91245771086e-14
-9.41683482532e-14
-8.94599308405e-14
-8.49869342985e-14
-8.07375875836e-14
-7.67007082044e-14
-7.28656727942e-14
-6.92223891545e-14
-6.57612696967e-14
-6.24732062119e-14
-5.93495459013e-14
-5.63820686062e-14
-5.35629651759e-14
-5.08848169171e-14
-4.83405760713e-14
-4.59235472677e-14
-4.36273699043e-14
-4.14460014091e-14
-3.93737013387e-14
-3.74050162717e-14
-3.55347654581e-14
-3.37580271852e-14
-3.2070125826e-14
-3.04666195347e-14
-2.89432885579e-14
-2.749612413e-14
-2.61213179235e-14
-2.48152520274e-14
-2.3574489426e-14
-2.23957649547e-14
-2.1275976707e-14
-2.02121778716e-14
-1.9201568978e-14
-1.82414905291e-14
-1.73294160027e-14
-1.64629452025e-14
-1.56397979424e-14
-1.48578080453e-14
-1.4114917643e-14
-1.34091717609e-14
-1.27387131728e-14
-1.21017775142e-14
-1.14966886385e-14
-1.09218542066e-14
-1.03757614962e-14
-9.85697342142e-15
-9.36412475035e-15
-8.89591851283e-15
-8.45112258719e-15
-8.02856645783e-15
-7.62713813494e-15
-7.24578122819e-15
-6.88349216678e-15
-6.53931755844e-15
-6.21235168052e-15
-5.90173409649e-15
-5.60664739167e-15
-5.32631502208e-15
-5.05999927098e-15
-4.80699930743e-15
-4.56664934206e-15
-4.33831687496e-15
-4.12140103121e-15
-3.91533097965e-15
-3.71956443067e-15
-3.53358620913e-15
-3.35690689868e-15
-3.18906155374e-15
-3.02960847606e-15
-2.87812805225e-15
-2.73422164964e-15
-2.59751056716e-15
-2.4676350388e-15
-2.34425328686e-15
-2.22704062252e-15
-2.11568859139e-15
-2.00990416182e-15
-1.90940895373e-15
-1.81393850604e-15
-1.72324158074e-15
-1.6370795017e-15
-1.55522552662e-15
-1.47746425029e-15
-1.40359103777e-15
-1.33341148589e-15
-1.26674091159e-15
-1.20340386601e-15
-1.14323367271e-15
-1.08607198908e-15
-1.03176838962e-15
-9.80179970141e-16
-9.31170971634e-16
-8.84612423052e-16
-8.40381801899e-16
-7.98362711804e-16
-7.58444576214e-16
-7.20522347403e-16
-6.84496230033e-16
-6.50271418532e-16
-6.17757847605e-16
-5.86869955225e-16
-5.57526457464e-16
-5.2965013459e-16
-5.03167627861e-16
-4.78009246468e-16
-4.54108784144e-16
-4.31403344937e-16
-4.0983317769e-16
-3.89341518806e-16
-3.69874442866e-16
-3.51380720722e-16
-3.33811684686e-16
-3.17121100452e-16
-3.01265045429e-16
-2.86201793158e-16
-2.718917035e-16
-2.58297118325e-16
-2.45382262409e-16
-2.33113149288e-16
-2.21457491824e-16
-2.10384617233e-16
-1.99865386371e-16
-1.89872117052e-16
-1.803785112e-16
-1.7135958564e-16
-1.62791606358e-16
-1.5465202604e-16
-1.46919424738e-16
-1.39573453501e-16
-1.32594780826e-16
-1.25965041785e-16
-1.19666789695e-16
-1.13683450211e-16
-1.079992777e-16
-1.02599313815e-16
-9.74693481244e-17
-9.25958807182e-17
-8.79660866823e-17
-8.35677823481e-17
-7.93893932307e-17
-7.54199235692e-17
-7.16489273907e-17
-6.80664810212e-17
-6.46631569701e-17
-6.14299991216e-17
-5.83584991656e-17
-5.54405742073e-17
-5.26685454969e-17
-5.00351182221e-17
-4.7533362311e-17
-4.51566941954e-17
-4.28988594856e-17
-4.07539165114e-17
-3.87162206858e-17
-3.67804096515e-17
-3.49413891689e-17
-3.31943197105e-17
-3.1534603725e-17
-2.99578735387e-17
-2.84599798618e-17
-2.70369808687e-17
-2.56851318253e-17
-2.4400875234e-17
-2.31808314723e-17
-2.20217898987e-17
-2.09207004037e-17
-1.98746653836e-17
-1.88809321144e-17
-1.79368855087e-17
-1.70400412332e-17
-1.61880391716e-17
-1.5378637213e-17
-1.46097053523e-17
-1.38792200847e-17
-1.31852590805e-17
-1.25259961265e-17
-1.18996963201e-17
-1.13047115041e-17
-1.07394759289e-17
-1.02025021325e-17
-9.69237702585e-18
-9.20775817456e-18
-8.74737026583e-18
-8.31000175254e-18
-7.89450166491e-18
-7.49977658167e-18
-7.12478775258e-18
-6.76854836496e-18
-6.43012094671e-18
-6.10861489937e-18
-5.8031841544e-18
-5.51302494668e-18
-5.23737369935e-18
-4.97550501438e-18
-4.72672976366e-18
-4.49039327548e-18
-4.26587361171e-18
-4.05257993112e-18
-3.84995093456e-18
-3.65745338784e-18
-3.47458071844e-18
-3.30085168252e-18
-3.1358090984e-18
-2.97901864348e-18
-2.8300677113e-18
-2.68856432574e-18
-2.55413610945e-18
-2.42642930398e-18
-2.30510783878e-18
-2.18985244684e-18
-2.0803598245e-18
-1.97634183327e-18
-1.87752474161e-18
-1.78364850453e-18
-1.6944660793e-18
-1.60974277534e-18
-1.52925563657e-18
-1.45279285474e-18
-1.380153212e-18
-1.3111455514e-18
-1.24558827383e-18
-1.18330886014e-18
-1.12414341714e-18
-1.06793624628e-18
-1.01453943396e-18
-9.63812462267e-19
-9.15621839153e-19
-8.69840747196e-19
-8.26348709836e-19
-7.85031274344e-19
-7.45779710627e-19
-7.08490725095e-19
-6.73066188841e-19
-6.39412879399e-19
-6.07442235429e-19
-5.77070123657e-19
-5.48216617474e-19
-5.20805786601e-19
-4.94765497271e-19
-4.70027222407e-19
-4.46525861287e-19
-4.24199568222e-19
-4.02989589811e-19
-3.82840110321e-19
-3.63698104805e-19
-3.45513199564e-19
-3.28237539586e-19
-3.11825662607e-19
-2.96234379477e-19
-2.81422660503e-19
-2.67351527478e-19
-2.53983951104e-19
-2.41284753549e-19
-2.29220515871e-19
-2.17759490078e-19
-2.06871515574e-19
-1.96527939795e-19
-1.86701542805e-19
-1.77366465665e-19
-1.68498142382e-19
-1.60073235263e-19
-1.520695735e-19
-1.44466094825e-19
-1.37242790083e-19
-1.30380650579e-19
-1.2386161805e-19
-1.17668537148e-19
-1.1178511029e-19
-1.06195854776e-19
-1.00886062037e-19
-9.58417589352e-20
-9.10496709884e-20
-8.6497187439e-20
-8.2172328067e-20
-7.80637116637e-20
-7.41605260805e-20
-7.04524997765e-20
-6.69298747876e-20
-6.35833810483e-20
-6.04042119958e-20
-5.73840013961e-20
-5.45148013263e-20
-5.17890612599e-20
-4.91996081969e-20
-4.67396277871e-20
-4.44026463977e-20
-4.21825140779e-20
-4.0073388374e-20
-3.80697189553e-20
-3.61662330075e-20
-3.43579213571e-20
-3.26400252893e-20
-3.10080240248e-20
-2.94576228236e-20
-2.79847416824e-20
-2.65855045983e-20
-2.52562293684e-20
-2.39934178999e-20
-2.27937470049e-20
-2.16540596547e-20
-2.0571356672e-20
-1.95427888384e-20
-1.85656493964e-20
-1.76373669266e-20
-1.67554985803e-20
-1.59177236513e-20
-1.51218374687e-20
-1.43657455953e-20
-1.36474583155e-20
-1.29650853997e-20
-1.23168311297e-20
-1.17009895733e-20
-1.11159400946e-20
-1.05601430899e-20
-1.00321359354e-20
-9.53052913861e-21
-9.05400268168e-21
-8.60130254759e-21
-8.17123742021e-21
-7.7626755492e-21
-7.37454177174e-21
-7.00581468315e-21
-6.655523949e-21
-6.32274775155e-21
-6.00661036397e-21
-5.70627984577e-21
-5.42096585348e-21
-5.14991756081e-21
-4.89242168277e-21
-4.64780059863e-21
-4.4154105687e-21
-4.19464004026e-21
-3.98490803825e-21
-3.78566263634e-21
-3.59637950452e-21
-3.41656052929e-21
-3.24573250283e-21
-3.08344587769e-21
-2.9292735838e-21
-2.78280990461e-21
-2.64366940938e-21
-2.51148593891e-21
-2.38591164197e-21
-2.26661605987e-21
-2.15328525688e-21
-2.04562099403e-21
-1.94333994433e-21
-1.84617294711e-21
-1.75386429976e-21
-1.66617108477e-21
-1.58286253053e-21
-1.50371940401e-21
-1.42853343381e-21
-1.35710676212e-21
-1.28925142401e-21
-1.22478885281e-21
-1.16354941017e-21
-1.10537193966e-21
-1.05010334268e-21
-9.97598175543e-22
-9.47718266766e-22
-9.00332353428e-22
-8.55315735756e-22
-8.12549948969e-22
-7.7192245152e-22
-7.33326328944e-22
-6.96660012497e-22
-6.61827011872e-22
-6.28735661278e-22
-5.97298878215e-22
-5.67433934304e-22
-5.39062237589e-22
-5.12109125709e-22
-4.86503669424e-22
-4.62178485953e-22
-4.39069561655e-22
-4.17116083572e-22
-3.96260279394e-22
-3.76447265424e-22
-3.57624902153e-22
-3.39743657045e-22
-3.22756474193e-22
-3.06618650483e-22
-2.91287717959e-22
-2.76723332061e-22
-2.62887165458e-22
-2.49742807185e-22
-2.37255666826e-22
-2.25392883485e-22
-2.1412323931e-22
-2.03417077345e-22
-1.93246223478e-22
-1.83583912304e-22
-1.74404716688e-22
-1.65684480854e-22
-1.57400256811e-22
-1.49530243971e-22
-1.42053731772e-22
-1.34951045184e-22
-1.28203492924e-22
-1.21793318278e-22
-1.15703652364e-22
-1.09918469746e-22
-1.04422546259e-22
-9.92014189459e-23
-9.42413479986e-23
-8.95292805986e-23
-8.50528165687e-23
-8.08001757403e-23
-7.67601669533e-23
-7.29221586056e-23
-6.92760506753e-23
-6.58122481416e-23
-6.25216357345e-23
-5.93955539478e-23
-5.64257762504e-23
-5.36044874378e-23
-5.0924263066e-23
-4.83780499127e-23
-4.5959147417e-23
-4.36611900462e-23
-4.14781305439e-23
-3.94042240167e-23
-3.74340128158e-23
-3.5562312175e-23
-3.37841965663e-23
-3.2094986738e-23
-3.04902374011e-23
-2.8965725531e-23
-2.75174392545e-23
-2.61415672918e-23
-2.48344889272e-23
-2.35927644808e-23
-2.24131262568e-23
-2.12924699439e-23
-2.02278464467e-23
-1.92164541244e-23
-1.82556314182e-23
-1.73428498473e-23
-1.64757073549e-23
-1.56519219872e-23
-1.48693258878e-23
-1.41258595934e-23
-1.34195666137e-23
-1.27485882831e-23
-1.21111588689e-23
-1.15056009255e-23
-1.09303208792e-23
-1.03838048352e-23
-9.86461459346e-24
-9.37138386379e-24
-8.9028146706e-24
-8.45767393707e-24
-8.03479024022e-24
-7.6330507282e-24
-7.25139819179e-24
-6.8888282822e-24
-6.54438686809e-24
-6.21716752469e-24
-5.90630914846e-24
-5.61099369103e-24
-5.33044400648e-24
-5.06392180616e-24
-4.81072571585e-24
-4.57018943006e-24
-4.34167995855e-24
-4.12459596063e-24
-3.91836616259e-24
-3.72244785446e-24
-3.53632546174e-24
-3.35950918865e-24
-3.19153372922e-24
-3.03195704276e-24
-2.88035919062e-24
-2.73634123109e-24
-2.59952416954e-24
-2.46954796106e-24
-2.34607056301e-24
-2.22876703486e-24
-2.11732868311e-24
-2.01146224896e-24
-1.91088913651e-24
-1.81534467968e-24
-1.7245774457e-24
-1.63834857342e-24
-1.55643114474e-24
-1.47860958751e-24
-1.40467910813e-24
-1.33444515273e-24
-1.26772289509e-24
-1.20433675033e-24
-1.14411991282e-24
-1.08691391718e-24
-1.03256822132e-24
-9.80939810252e-25
-9.3189281974e-25
-8.85298178753e-25
-8.41033269815e-25
-7.98981606324e-25
-7.59032526008e-25
-7.21080899708e-25
-6.85026854722e-25
-6.50775511986e-25
-6.18236736387e-25
-5.87324899568e-25
-5.57958654589e-25
-5.3006072186e-25
-5.03557685767e-25
-4.78379801478e-25
-4.54460811405e-25
-4.31737770834e-25
-4.10150882293e-25
-3.89643338178e-25
-3.70161171269e-25
-3.51653112706e-25
-3.3407045707e-25
-3.17366934217e-25
-3.01498587506e-25
-2.86423658131e-25
-2.72102475224e-25
-2.58497351463e-25
-2.4557248389e-25
-2.33293859695e-25
-2.21629166711e-25
-2.10547708375e-25
-2.00020322956e-25
-1.90019306808e-25
-1.80518341468e-25
-1.71492424395e-25
-1.62917803175e-25
-1.54771913016e-25
-1.47033317365e-25
-1.39681651497e-25
-1.32697568922e-25
-1.26062690476e-25
-1.19759555952e-25
-1.13771578155e-25
-1.08082999247e-25
-1.02678849285e-25
-9.75449068204e-26
-9.26676614794e-26
-8.80342784054e-26
-8.36325644851e-26
-7.94509362609e-26
-7.54783894478e-26
-7.17044699754e-26
-6.81192464767e-26
-6.47132841528e-26
-6.14776199452e-26
-5.84037389479e-26
-5.54835520005e-26
-5.27093744005e-26
-5.00739056805e-26
-4.75702103964e-26
-4.51916998766e-26
-4.29321148828e-26
-4.07855091387e-26
-3.87462336817e-26
-3.68089219976e-26
-3.49684758978e-26
-3.32200521029e-26
-3.15590494977e-26
-2.99810970228e-26
-2.84820421717e-26
-2.70579400631e-26
-2.570504306e-26
-2.4419790907e-26
-2.31988013616e-26
-2.20388612935e-26
-2.09369182289e-26
-1.98900723174e-26
-1.88955687015e-26
-1.79507902665e-26
-1.70532507531e-26
-1.62005882155e-26
-1.53905588047e-26
-1.46210308645e-26
-1.38899793212e-26
-1.31954803552e-26
-1.25357063374e-26
-1.19089210206e-26
-1.13134749695e-26
-1.07478012211e-26
-1.021041116e-26
-9.699890602e-27
-9.2148960719e-27
-8.7541512683e-27
-8.31644370489e-27
-7.90062151964e-27
-7.50559044366e-27
-7.13031092148e-27
-6.77379537541e-27
-6.43510560664e-27
-6.1133503263e-27
-5.80768280999e-27
-5.51729866949e-27
-5.24143373601e-27
-4.97936204921e-27
-4.73039394675e-27
-4.49387424942e-27
-4.26918053694e-27
-4.0557215101e-27
-3.85293543459e-27
-3.66028866286e-27
-3.47727422972e-27
-3.30341051823e-27
-3.13823999232e-27
-2.98132799271e-27
-2.83226159307e-27
-2.69064851342e-27
-2.55611608775e-27
-2.42831028336e-27
-2.30689476919e-27
-2.19155003073e-27
-2.08197252919e-27
-1.97787390274e-27
-1.8789802076e-27
-1.78503119722e-27
-1.69577963736e-27
-1.61099065549e-27
-1.53044112272e-27
-1.45391906658e-27
-1.38122311325e-27
-1.31216195759e-27
-1.24655385971e-27
-1.18422616672e-27
-1.12501485839e-27
-1.06876411547e-27
-1.01532590969e-27
-9.6455961421e-28
-9.16331633499e-28
-8.70515051824e-28
-8.26989299233e-28
-7.85639834271e-28
-7.46357842558e-28
-7.0903995043e-28
-6.73587952908e-28
-6.39908555263e-28
-6.079131275e-28
-5.77517471125e-28
-5.48641597569e-28
-5.2120951769e-28
-4.95149041806e-28
-4.70391589715e-28
-4.4687201023e-28
-4.24528409718e-28
-4.03301989232e-28
-3.83136889771e-28
-3.63980045282e-28
-3.45781043018e-28
-3.28491990867e-28
-3.12067391324e-28
-2.96464021757e-28
-2.8164082067e-28
-2.67558779636e-28
-2.54180840654e-28
-2.41471798622e-28
-2.29398208691e-28
-2.17928298256e-28
-2.07031883343e-28
-1.96680289176e-28
-1.86846274717e-28
-1.77503960981e-28
-1.68628762932e-28
-1.60197324786e-28
-1.52187458546e-28
-1.44578085619e-28
-1.37349181338e-28
-1.30481722271e-28
-1.23957636158e-28
-1.1775975435e-28
-1.11871766632e-28
-1.06278178301e-28
-1.00964269386e-28
-9.59160559164e-29
-9.11202531205e-29
-8.65642404645e-29
-8.22360284413e-29
-7.81242270192e-29
-7.42180156683e-29
-7.05071148849e-29
-6.69817591406e-29
-6.36326711836e-29
-6.04510376244e-29
-5.74284857432e-29
-5.4557061456e-29
-5.18292083832e-29
-4.92377479641e-29
-4.67758605659e-29
-4.44370675376e-29
-4.22152141607e-29
-4.01044534527e-29
-3.809923078e-29
-3.6194269241e-29
-3.4384555779e-29
-3.266532799e-29
-3.10320615905e-29
-2.9480458511e-29
-2.80064355854e-29
-2.66061138062e-29
-2.52758081159e-29
-2.40120177101e-29
-2.28114168246e-29
-2.16708459833e-29
-2.05873036842e-29
-1.95579385e-29
-1.8580041575e-29
-1.76510394962e-29
-1.67684875214e-29
-1.59300631453e-29
-1.51335599881e-29
-1.43768819887e-29
-1.36580378892e-29
-1.29751359948e-29
-1.2326379195e-29
-1.17100602353e-29
-1.11245572235e-29
-1.05683293623e-29
-1.00399128942e-29
-9.53791724951e-30
-9.06102138704e-30
-8.60797031768e-30
-8.1775718018e-30
-7.76869321171e-30
-7.38025855112e-30
-7.01124562357e-30
-6.66068334239e-30
-6.32764917527e-30
-6.01126671651e-30
-5.71070338068e-30
-5.42516821165e-30
-5.15390980107e-30
-4.89621431101e-30
-4.65140359546e-30
-4.41883341569e-30
-4.1978917449e-30
-3.98799715766e-30
-3.78859729978e-30
-3.59916743479e-30
-3.41920906305e-30
-3.2482486099e-30
-3.0858361794e-30
-2.93154437043e-30
-2.78496715191e-30
-2.64571879431e-30
-2.5134328546e-30
-2.38776121187e-30
-2.26837315127e-30
-2.15495449371e-30
-2.04720676903e-30
-1.94484643057e-30
-1.84760410905e-30
-1.75522390359e-30
-1.66746270841e-30
-1.58408957299e-30
-1.50488509434e-30
-1.42964083963e-30
-1.35815879764e-30
-1.29025085776e-30
-1.22573831487e-30
-1.16445139913e-30
-1.10622882917e-30
-1.05091738772e-30
-9.9837151833e-31
-9.48452942413e-31
-9.01030295292e-31
-8.55978780528e-31
-8.13179841501e-31
-7.72520849426e-31
-7.33894806955e-31
-6.97200066607e-31
-6.62340063277e-31
-6.29223060113e-31
-5.97761907107e-31
-5.67873811752e-31
-5.39480121164e-31
-5.12506115106e-31
-4.86880809351e-31
-4.62536768883e-31
-4.39409930439e-31
-4.17439433917e-31
-3.96567462221e-31
-3.7673908911e-31
-3.57902134655e-31
-3.40007027922e-31
-3.23006676526e-31
-3.068563427e-31
-2.91513525565e-31
-2.76937849286e-31
-2.63090956822e-31
-2.49936408981e-31
-2.37439588532e-31
-2.25567609105e-31
-2.1428922865e-31
-2.03574767218e-31
-1.93396028857e-31
-1.83726227414e-31
-1.74539916043e-31
-1.65812920241e-31
-1.57522274229e-31
-1.49646160518e-31
-1.42163852492e-31
-1.35055659867e-31
-1.28302876874e-31
-1.2188773303e-31
-1.15793346379e-31
-1.1000367906e-31
-1.04503495107e-31
-9.92783203513e-32
-9.43144043337e-32
-8.9598684117e-32
-8.51187499112e-32
-8.08628124156e-32
-7.68196717948e-32
-7.29786882051e-32
-6.93297537948e-32
-6.58632661051e-32
-6.25701027998e-32
-5.94415976599e-32
-5.64695177769e-32
-5.3646041888e-32
-5.09637397936e-32
-4.84155528039e-32
-4.59947751637e-32
-4.36950364056e-32
-4.15102845853e-32
-3.9434770356e-32
-3.74630318382e-32
-3.55898802463e-32
-3.3810386234e-32
-3.21198669223e-32
-3.05138735762e-32
-2.89881798974e-32
-2.75387709025e-32
-2.61618323574e-32
-2.48537407395e-32
-2.36110537025e-32
-2.24305010174e-32
-2.13089759665e-32
-2.02435271682e-32
-1.92313508098e-32
-1.82697832693e-32
-1.73562941058e-32
-1.64884794005e-32
-1.56640554305e-32
-1.4880852659e-32
-1.4136810026e-32
-1.34299695247e-32
-1.27584710485e-32
-1.21205474961e-32
-1.15145201213e-32
-1.09387941152e-32
-1.03918544095e-32
-9.87226168898e-33
-9.37864860453e-33
-8.9097161743e-33
-8.46423036559e-33
-8.04101884731e-33
-7.63896790494e-33
-7.2570195097e-33
-6.89416853421e-33
-6.5494601075e-33
-6.22198710213e-33
-5.91088774702e-33
-5.61534335967e-33
-5.33457619168e-33
-5.0678473821e-33
-4.814455013e-33
-4.57373226235e-33
-4.34504564923e-33
-4.12779336677e-33
-3.92140369843e-33
-3.72533351351e-33
-3.53906683783e-33
-3.36211349594e-33
-3.19400782114e-33
-3.03430743009e-33
-2.88259205858e-33
-2.73846245565e-33
-2.60153933287e-33
-2.47146236623e-33
-2.34788924792e-33
-2.23049478552e-33
-2.11897004624e-33
-2.01302154393e-33
-1.91237046673e-33
-1.8167519434e-33
-1.72591434623e-33
-1.63961862892e-33
-1.55763769747e-33
-1.4797558126e-33
-1.40576802197e-33
-1.33547962087e-33
-1.26870563983e-33
-1.20527035783e-33
-1.14500683994e-33
-1.08775649795e-33
-1.03336867305e-33
-9.81700239396e-34
-9.32615227426e-34
-8.85984466055e-34
-8.41685242752e-34
-7.99600980614e-34
-7.59620931584e-34
-7.21639885004e-34
-6.85557890754e-34
-6.51279996217e-34
-6.18715996406e-34
-5.87780196585e-34
-5.58391186756e-34
-5.30471627418e-34
-5.03948046047e-34
-4.78750643745e-34
-4.54813111558e-34
-4.3207245598e-34
-4.10468833181e-34
-3.89945391522e-34
-3.70448121946e-34
-3.51925715848e-34
-3.34329430056e-34
-3.17612958553e-34
-3.01732310626e-34
-2.86645695094e-34
-2.7231341034e-34
-2.58697739823e-34
-2.45762852831e-34
-2.3347471019e-34
-2.2180097468e-34
-2.10710925946e-34
-2.00175379649e-34
-1.90166610667e-34
-1.80658280133e-34
-1.71625366127e-34
-1.6304409782e-34
-1.54891892929e-34
-1.47147298283e-34
-1.39789933369e-34
-1.328004367e-34
-1.26160414865e-34
-1.19852394122e-34
-1.13859774416e-34
-1.08166785695e-34
-1.0275844641e-34
-9.76205240898e-35
-9.27394978853e-35
-8.81025229911e-35
-8.36973968415e-35
-7.95125269994e-35
-7.55369006495e-35
-7.1760055617e-35
-6.81720528361e-35
-6.47634501943e-35
-6.15252776846e-35
-5.84490138004e-35
-5.55265631104e-35
-5.27502349548e-35
-5.01127232071e-35
-4.76070870467e-35
-4.52267326944e-35
-4.29653960597e-35
-4.08171262567e-35
-3.87762699439e-35
-3.68374564467e-35
-3.49955836243e-35
-3.32458044431e-35
-3.1583514221e-35
-3.00043385099e-35
-2.85041215844e-35
-2.70789155052e-35
-2.57249697299e-35
-2.44387212434e-35
-2.32167851813e-35
-2.20559459222e-35
-2.09531486261e-35
-1.99054911948e-35
-1.89102166351e-35
-1.79647058033e-35
-1.70664705131e-35
-1.62131469875e-35
-1.54024896381e-35
-1.46323651562e-35
-1.39007468984e-35
-1.32057095535e-35
-1.25454240758e-35
-1.1918152872e-35
-1.13222452284e-35
-1.0756132967e-35
-1.02183263186e-35
-9.70741000271e-36
-9.22203950257e-36
-8.76093752744e-36
-8.32289065107e-36
-7.90674611852e-36
-7.51140881259e-36
-7.13583837196e-36
-6.77904645336e-36
-6.44009413069e-36
-6.11808942416e-36
-5.81218495295e-36
-5.5215757053e-36
-5.24549692004e-36
-4.98322207404e-36
-4.73406097034e-36
-4.49735792182e-36
-4.27249002573e-36
-4.05886552444e-36
-3.85592224822e-36
-3.66312613581e-36
-3.47996982902e-36
-3.30597133757e-36
-3.14067277069e-36
-2.98363913215e-36
-2.83445717555e-36
-2.69273431677e-36
-2.55809760093e-36
-2.43019272088e-36
-2.30868308484e-36
-2.1932489306e-36
-2.08358648407e-36
-1.97940715986e-36
-1.88043680187e-36
-1.78641496178e-36
-1.69709421369e-36
-1.612239503e-36
-1.53162752785e-36
-1.45504615146e-36
-1.38229384389e-36
-1.31317915169e-36
-1.24752019411e-36
-1.1851441844e-36
-1.12588697518e-36
-1.06959262642e-36
-1.0161129951e-36
-9.65307345348e-37
-9.17041978081e-37
-8.71189879177e-37
-8.27630385218e-37
-7.86248865957e-37
-7.46936422659e-37
-7.09589601526e-37
-6.7411012145e-37
-6.40404615377e-37
-6.08384384608e-37
-5.77965165378e-37
-5.49066907109e-37
-5.21613561754e-37
-4.95532883666e-37
-4.70756239483e-37
-4.47218427509e-37
-4.24857506133e-37
-4.03614630826e-37
-3.83433899285e-37
-3.64262204321e-37
-3.46049094105e-37
-3.287466394e-37
-3.1230930743e-37
-2.96693842058e-37
-2.81859149955e-37
-2.67766192457e-37
-2.54377882835e-37
-2.41658988693e-37
-2.29576039258e-37
-2.18097237295e-37
-2.07192375431e-37
-1.96832756659e-37
-1.86991118826e-37
-1.77641562885e-37
-1.68759484741e-37
-1.60321510504e-37
-1.52305434978e-37
-1.44690163229e-37
-1.37455655068e-37
-1.30582872315e-37
-1.24053728699e-37
-1.17851042264e-37
-1.11958490151e-37
-1.06360565643e-37
-1.01042537361e-37
-9.59904104929e-38
-9.11908899683e-38
-8.66313454699e-38
-8.22997781964e-38
-7.81847892866e-38
-7.42755498222e-38
-7.05617723311e-38
-6.70336837146e-38
-6.36819995288e-38
-6.04978995524e-38
-5.74730045748e-38
-5.4599354346e-38
-5.18693866287e-38
-4.92759172973e-38
-4.68121214324e-38
-4.44715153608e-38
-4.22479395928e-38
-4.01355426131e-38
-3.81287654825e-38
-3.62223272084e-38
-3.44112108479e-38
-3.26906503055e-38
-3.10561177903e-38
-2.95033119008e-38
-2.80281463057e-38
-2.66267389904e-38
-2.52954020409e-38
-2.40306319389e-38
-2.28291003419e-38
-2.16876453248e-38
-2.06032630586e-38
-1.95730999057e-38
-1.85944449104e-38
-1.76647226649e-38
-1.67814865316e-38
-1.5942412205e-38
-1.51452915948e-38
-1.4388027015e-38
-1.36686256643e-38
-1.29851943811e-38
-1.2335934662e-38
-1.17191379289e-38
-1.11331810325e-38
-1.05765219808e-38
-1.00476958818e-38
-9.54531108771e-39
-9.06804553333e-39
-8.61464325666e-39
-8.18391109383e-39
-7.77471553914e-39
-7.38597976218e-39
-7.01668077407e-39
-6.66584673537e-39
-6.3325543986e-39
-6.01592667867e-39
-5.71513034474e-39
-5.4293738275e-39
-5.15790513612e-39
-4.90000987932e-39
-4.65500938535e-39
-4.42225891608e-39
-4.20114597028e-39
-3.99108867177e-39
-3.79153423818e-39
-3.60195752627e-39
-3.42185964996e-39
-3.25076666746e-39
-3.08822833409e-39
-2.93381691738e-39
-2.78712607151e-39
-2.64776976794e-39
-2.51538127954e-39
-2.38961221556e-39
-2.27013160478e-39
-2.15662502455e-39
-2.04879377332e-39
-1.94635408465e-39
-1.84903638042e-39
-1.7565845614e-39
-1.66875533333e-39
-1.58531756666e-39
-1.50605168833e-39
-1.43074910391e-39
-1.35921164872e-39
-1.29125106628e-39
-1.22668851297e-39
-1.16535408732e-39
-1.10708638295e-39
-1.05173206381e-39
-9.99145460615e-40
-9.49188187584e-40
-9.01728778205e-40
-8.56642339295e-40
-8.1381022233e-40
-7.73119711213e-40
-7.34463725653e-40
-6.9774053937e-40
-6.62853512402e-40
-6.29710836782e-40
-5.98225294942e-40
-5.68314030195e-40
-5.39898328686e-40
-5.12903412251e-40
-4.87258241639e-40
-4.62895329557e-40
-4.39750563079e-40
-4.17763034925e-40
-3.96874883179e-40
-3.7703113902e-40
-3.58179582069e-40
-3.40270602965e-40
-3.23257072817e-40
-3.07094219176e-40
-2.91739508217e-40
-2.77152532807e-40
-2.63294906166e-40
-2.50130160858e-40
-2.37623652815e-40
-2.25742470174e-40
-2.14455346666e-40
-2.03732579332e-40
-1.93545950366e-40
-1.83868652847e-40
-1.74675220205e-40
-1.65941459195e-40
-1.57644386235e-40
-1.49762166923e-40
-1.42274058577e-40
-1.35160355648e-40
-1.28402337866e-40
-1.21982220973e-40
-1.15883109924e-40
-1.10088954428e-40
-1.04584506706e-40
-9.9355281371e-41
-9.43875173025e-41
-8.96681414374e-41
-8.51847343655e-41
-8.09254976472e-41
-7.68792227648e-41
-7.30352616266e-41
-6.93834985453e-41
-6.5914323618e-41
-6.26186074371e-41
-5.94876770653e-41
-5.6513293212e-41
-5.36876285514e-41
-5.10032471238e-41
-4.84530847676e-41
-4.60304305293e-41
-4.37289090028e-41
-4.15424635526e-41
-3.9465340375e-41
-3.74920733563e-41
-3.56174696885e-41
-3.3836596204e-41
-3.21447663938e-41
-3.05375280741e-41
-2.90106516704e-41
-2.75601190869e-41
-2.61821131326e-41
-2.48730074759e-41
-2.36293571021e-41
-2.2447889247e-41
-2.13254947847e-41
-2.02592200454e-41
-1.92462590432e-41
-1.8283946091e-41
-1.73697487865e-41
-1.65012613471e-41
-1.56761982798e-41
-1.48923883658e-41
-1.41477689475e-41
-1.34403805001e-41
-1.27683614751e-41
-1.21299434014e-41
-1.15234462313e-41
-1.09472739197e-41
-1.03999102237e-41
-9.87991471256e-42
-9.38591897693e-42
-8.91662302809e-42
-8.47079187668e-42
-8.04725228285e-42
-7.6448896687e-42
-7.26264518527e-42
-6.89951292601e-42
-6.55453727971e-42
-6.22681041572e-42
-5.91546989493e-42
-5.61969640019e-42
-5.33871158018e-42
-5.07177600117e-42
-4.81818720111e-42
-4.57727784106e-42
-4.348413949e-42
-4.13099325155e-42
-3.92444358897e-42
-3.72822140953e-42
-3.54181033905e-42
-3.3647198221e-42
-3.19648383099e-42
-3.03665963944e-42
-2.88482665747e-42
-2.7405853246e-42
-2.60355605837e-42
-2.47337825545e-42
-2.34970934268e-42
-2.23222387554e-42
-2.12061268177e-42
-2.01458204768e-42
-1.91385294529e-42
-1.81816029803e-42
-1.72725228313e-42
-1.64088966897e-42
-1.55884518552e-42
-1.48090292625e-42
-1.40685777993e-42
-1.33651489094e-42
-1.26968914639e-42
-1.20620468907e-42
-1.14589445462e-42
-1.08859973189e-42
-1.03416974529e-42
-9.82461258027e-43
-9.33338195126e-43
-8.8667128537e-43
-8.42337721101e-43
-8.00220835046e-43
-7.60209793294e-43
-7.22199303629e-43
-6.86089338448e-43
-6.51784871525e-43
-6.19195627949e-43
-5.88235846552e-43
-5.58824054224e-43
-5.30882851513e-43
-5.04338708937e-43
-4.7912177349e-43
-4.55165684816e-43
-4.32407400575e-43
-4.10787030546e-43
-3.90247679019e-43
-3.70735295068e-43
-3.52198530315e-43
-3.34588603799e-43
-3.17859173609e-43
-3.01966214929e-43
-2.86867904182e-43
-2.72524508973e-43
-2.58898283524e-43
-2.45953369348e-43
-2.33655700881e-43
-2.21972915837e-43
-2.10874270045e-43
-2.00330556543e-43
-1.90314028715e-43
-1.8079832728e-43
-1.71758410916e-43
-1.6317049037e-43
-1.55011965851e-43
-1.47261367559e-43
-1.39898299181e-43
-1.32903384222e-43
-1.26258215011e-43
-1.1994530426e-43
-1.13948039047e-43
-1.08250637095e-43
-1.0283810524e-43
-9.76961999781e-44
-9.28113899792e-44
-8.81708204802e-44
-8.37622794562e-44
-7.95741654834e-44
-7.55954572093e-44
-7.18156843488e-44
-6.82249001314e-44
-6.48136551248e-44
-6.15729723685e-44
-5.84943237501e-44
-5.55696075626e-44
-5.27911271845e-44
-5.01515708253e-44
-4.7643992284e-44
-4.52617926698e-44
-4.29987030363e-44
-4.08487678845e-44
-3.88063294903e-44
-3.68660130158e-44
-3.5022712365e-44
-3.32715767467e-44
-3.16079979094e-44
-3.00275980139e-44
-2.85262181132e-44
-2.70999072076e-44
-2.57449118472e-44
-2.44576662548e-44
-2.32347829421e-44
-2.2073043795e-44
-2.09693916052e-44
-1.9920922025e-44
-1.89248759237e-44
-1.79786321275e-44
-1.70797005212e-44
-1.62257154951e-44
-1.54144297203e-44
-1.46437082343e-44
-1.39115228226e-44
-1.32159466815e-44
-1.25551493474e-44
-1.192739188e-44
-1.1331022286e-44
-1.07644711717e-44
-1.02262476131e-44
-9.71493523249e-45
-9.22918847086e-45
-8.76772904732e-45
-8.32934259495e-45
-7.91287546521e-45
-7.51723169194e-45
-7.14137010735e-45
-6.78430160198e-45
-6.44508652188e-45
-6.12283219579e-45
-5.816690586e-45
-5.5258560567e-45
-5.24956325386e-45
-4.98708509117e-45
-4.73773083661e-45
-4.50084429478e-45
-4.27580208004e-45
-4.06201197604e-45
-3.85891137724e-45
-3.66596580838e-45
-3.48266751796e-45
-3.30853414206e-45
-3.14310743496e-45
-2.98595206321e-45
-2.83665446005e-45
-2.69482173705e-45
-2.56008065019e-45
-2.43207661768e-45
-2.3104727868e-45
-2.19494914746e-45
-2.08520169009e-45
-1.98094160558e-45
-1.8818945253e-45
-1.78779979904e-45
-1.69840980909e-45
-1.61348931863e-45
-1.5328148527e-45
-1.45617411007e-45
-1.38336540456e-45
-1.31419713433e-45
-1.24848727762e-45
-1.18606291374e-45
-1.12675976805e-45
-1.07042177965e-45
-1.01690069066e-45
-9.66055656131e-46
-9.17752873325e-46
-8.71865229659e-46
-8.28271968176e-46
-7.86858369767e-46
-7.47515451279e-46
-7.10139678715e-46
-6.74632694779e-46
-6.4090106004e-46
-6.08856007038e-46
-5.78413206686e-46
-5.49492546352e-46
-5.22017919034e-46
-4.95917023082e-46
-4.71121171928e-46
-4.47565113332e-46
-4.25186857665e-46
-4.03927514782e-46
-3.83731139043e-46
-3.64544582091e-46
-3.46317352986e-46
-3.29001485337e-46
-3.1255141107e-46
-2.96923840517e-46
-2.82077648491e-46
-2.67973766066e-46
-2.54575077763e-46
-2.41846323875e-46
-2.29754007681e-46
-2.18266307297e-46
-2.07352991932e-46
-1.96985342336e-46
-1.87136075219e-46
-1.77779271458e-46
-1.68890307885e-46
-1.60445792491e-46
-1.52423502866e-46
-1.44802327723e-46
-1.37562211337e-46
-1.3068410077e-46
-1.24149895731e-46
-1.17942400945e-46
-1.12045280898e-46
-1.06443016853e-46
-1.0112086601e-46
-9.60648227095e-47
-9.12615815741e-47
-8.66985024954e-47
-8.23635773706e-47
-7.82453985021e-47
-7.4333128577e-47
-7.06164721481e-47
-6.70856485407e-47
-6.37313661137e-47
-6.0544797808e-47
-5.75175579176e-47
-5.46416800217e-47
-5.19095960206e-47
-4.93141162196e-47
-4.68484104086e-47
-4.45059898882e-47
-4.22806903938e-47
-4.01666558741e-47
-3.81583230804e-47
-3.62504069264e-47
-3.443788658e-47
-3.2715992251e-47
-3.10801926385e-47
-2.95261830066e-47
-2.80498738562e-47
-2.66473801634e-47
-2.53150111553e-47
-2.40492605975e-47
-2.28467975676e-47
-2.17044576892e-47
-2.06192348048e-47
-1.95882730645e-47
-1.86088594113e-47
-1.76784164407e-47
-1.67944956187e-47
-1.59547708378e-47
-1.51570322959e-47
-1.43991806811e-47
-1.3679221647e-47
-1.29952605647e-47
-1.23454975364e-47
-1.17282226596e-47
-1.11418115266e-47
-1.05847209503e-47
-1.00554849028e-47
-9.55271065766e-48
-9.07507512477e-48
-8.62132136853e-48
-8.19025530011e-48
-7.7807425351e-48
-7.39170540835e-48
-7.02212013793e-48
-6.67101413103e-48
-6.33746342448e-48
-6.02059025326e-48
-5.71956074059e-48
-5.43358270357e-48
-5.16190356839e-48
-4.90380838997e-48
-4.65861797047e-48
-4.42568707195e-48
-4.20440271835e-48
-3.99418258243e-48
-3.79447345331e-48
-3.60474978064e-48
-3.42451229161e-48
-3.25328667703e-48
-3.09062234318e-48
-2.93609122602e-48
-2.78928666472e-48
-2.64982233148e-48
-2.51733121491e-48
-2.39146465416e-48
-2.27189142146e-48
-2.15829685038e-48
-2.05038200786e-48
-1.94786290747e-48
-1.8504697621e-48
-1.75794627399e-48
-1.67004896029e-48
-1.58654651228e-48
-1.50721918666e-48
-1.43185822733e-48
-1.36026531596e-48
-1.29225205017e-48
-1.22763944766e-48
-1.16625747527e-48
-1.10794460151e-48
-1.05254737144e-48
-9.99920002864e-49
-9.49924002721e-49
-9.02427802585e-49
-8.57306412455e-49
-8.14441091833e-49
-7.73719037241e-49
-7.35033085379e-49
-6.9828143111e-49
-6.63367359554e-49
-6.30198991577e-49
-5.98689041998e-49
-5.68754589898e-49
-5.40316860403e-49
-5.13301017383e-49
-4.87635966514e-49
-4.63254168188e-49
-4.40091459779e-49
-4.1808688679e-49
-3.9718254245e-49
-3.77323415328e-49
-3.58457244561e-49
-3.40534382333e-49
-3.23507663217e-49
-3.07332280056e-49
-2.91965666053e-49
-2.7736738275e-49
-2.63499013613e-49
-2.50324062932e-49
-2.37807859786e-49
-2.25917466796e-49
-2.14621593457e-49
-2.03890513784e-49
-1.93695988095e-49
-1.8401118869e-49
-1.74810629255e-49
-1.66070097793e-49
-1.57766592903e-49
-1.49878263258e-49
-1.42384350095e-49
-1.3526513259e-49
-1.28501875961e-49
-1.22076782163e-49
-1.15972943054e-49
-1.10174295902e-49
-1.04665581107e-49
-9.94323020513e-50
-9.44606869487e-50
-8.97376526013e-50
-8.52507699712e-50
-8.09882314727e-50
-7.6938819899e-50
-7.30918789041e-50
-6.94372849589e-50
-6.59654207109e-50
-6.26671496754e-50
-5.95337921916e-50
-5.6557102582e-50
-5.37292474529e-50
-5.10427850803e-50
-4.84906458263e-50
-4.6066113535e-50
-4.37628078582e-50
-4.15746674653e-50
-3.9495934092e-50
-3.75211373874e-50
-3.56450805181e-50
-3.38628264922e-50
-3.21696851676e-50
-3.05612009092e-50
-2.90331408637e-50
-2.75814838205e-50
-2.62024096295e-50
-2.4892289148e-50
-2.36476746906e-50
-2.24652909561e-50
-2.13420264083e-50
-2.02749250879e-50
-1.92611788335e-50
-1.82981198918e-50
-1.73832138972e-50
-1.65140532024e-50
-1.56883505422e-50
-1.49039330151e-50
-1.41587363644e-50
-1.34507995462e-50
-1.27782595688e-50
-1.21393465904e-50
-1.15323792609e-50
-1.09557602978e-50
-1.04079722829e-50
-9.8875736688e-51
-9.39319498536e-51
-8.92353523609e-51
-8.47735847429e-51
-8.05349055057e-51
-7.65081602304e-51
-7.26827522189e-51
-6.9048614608e-51
-6.55961838776e-51
-6.23163746837e-51
-5.92005559495e-51
-5.6240528152e-51
-5.34285017444e-51
-5.07570766572e-51
-4.82192228244e-51
-4.58082616831e-51
-4.3517848599e-51
-4.1341956169e-51
-3.92748583606e-51
-3.73111154426e-51
-3.54455596704e-51
-3.36732816869e-51
-3.19896176026e-51
-3.03901367224e-51
-2.88706298863e-51
-2.7427098392e-51
-2.60557434724e-51
-2.47529562988e-51
-2.35153084838e-51
-2.23395430596e-51
-2.12225659067e-51
-2.01614376113e-51
-1.91533657308e-51
-1.81956974442e-51
-1.7285912572e-51
-1.64216169434e-51
-1.56005360962e-51
-1.48205092914e-51
-1.40794838269e-51
-1.33755096355e-51
-1.27067341537e-51
-1.20713974461e-51
-1.14678275737e-51
-1.08944361951e-51
-1.03497143853e-51
-9.83222866604e-52
-9.34061723274e-52
-8.8735863711e-52
-8.42990705255e-52
-8.00841169992e-52
-7.60799111493e-52
-7.22759155918e-52
-6.86621198122e-52
-6.52290138216e-52
-6.19675631305e-52
-5.8869184974e-52
-5.59257257253e-52
-5.3129439439e-52
-5.04729674671e-52
-4.79493190937e-52
-4.5551853139e-52
-4.32742604821e-52
-4.1110547458e-52
-3.90550200851e-52
-3.71022690808e-52
-3.52471556268e-52
-3.34847978454e-52
-3.18105579532e-52
-3.02200300555e-52
-2.87090285527e-52
-2.72735771251e-52
-2.59098982688e-52
-2.46144033554e-52
-2.33836831876e-52
-2.22144990283e-52
-2.11037740768e-52
-2.0048585373e-52
-1.90461561043e-52
-1.80938482991e-52
-1.71891558842e-52
-1.632969809e-52
-1.55132131855e-52
-1.47375525262e-52
-1.40006748999e-52
-1.33006411549e-52
-1.26356090971e-52
-1.20038286423e-52
-1.14036372102e-52
-1.08334553497e-52
-1.02917825822e-52
-9.77719345307e-53
-9.28833378042e-53
-8.8239170914e-53
-8.38272123683e-53
-7.96358517499e-53
-7.56540591624e-53
-7.18713562043e-53
-6.8277788394e-53
-6.48638989743e-53
-6.16207040256e-53
-5.85396688243e-53
-5.56126853831e-53
-5.2832051114e-53
-5.01904485583e-53
-4.76809261304e-53
-4.52968798238e-53
-4.30320358326e-53
-4.0880434041e-53
-3.8836412339e-53
-3.6894591722e-53
-3.50498621359e-53
-3.32973690291e-53
-3.16325005777e-53
-3.00508755488e-53
-2.85483317713e-53
-2.71209151828e-53
-2.57648694236e-53
-2.44766259525e-53
-2.32527946548e-53
-2.20901549221e-53
-2.0985647176e-53
-1.99363648172e-53
-1.89395465763e-53
-1.79925692475e-53
-1.70929407851e-53
-1.62382937459e-53
-1.54263790586e-53
-1.46550601057e-53
-1.39223071004e-53
-1.32261917454e-53
-1.25648821581e-53
-1.19366380502e-53
-1.13398061477e-53
-1.07728158403e-53
-1.02341750483e-53
-9.72246629586e-54
-9.23634298107e-54
-8.77452583201e-54
-8.33579954041e-54
-7.91900956339e-54
-7.52305908522e-54
-7.14690613096e-54
-6.78956082441e-54
-6.45008278319e-54
-6.12757864403e-54
-5.82119971183e-54
-5.53013972624e-54
-5.25363273993e-54
-4.99095110293e-54
-4.74140354779e-54
-4.5043333704e-54
-4.27911670188e-54
-4.06516086678e-54
-3.86190282344e-54
-3.66880768227e-54
-3.48536729816e-54
-3.31109893325e-54
-3.14554398659e-54
-2.98826678726e-54
-2.83885344789e-54
-2.6969107755e-54
-2.56206523673e-54
-2.43396197489e-54
-2.31226387614e-54
-2.19665068234e-54
-2.08681814822e-54
-1.98247724081e-54
-1.88335337877e-54
-1.78918570983e-54
-1.69972642434e-54
-1.61474010312e-54
-1.53400309797e-54
-1.45730294307e-54
-1.38443779591e-54
-1.31521590612e-54
-1.24945511081e-54
-1.18698235527e-54
-1.12763323751e-54
-1.07125157563e-54
-1.01768899685e-54
-9.66804547009e-55
-9.18464319658e-55
-8.72541103675e-55
-8.28914048492e-55
-7.87468346067e-55
-7.48094928764e-55
