2.08496155481
-1.0539359519
0.67802165225
-0.450292618832
0.547671295917
-0.132788100866
-0.0096006666459
0.214568617189
0.653078718481
-0.0607164657721
0.0521343600967
0.0375882903656
-0.485359976404
0.332705834702
-0.616811673443
0.723275141421
0.61699761561
0.0584792553839
-0.116723447698
-0.0293832963156
-0.23457032082
0.0338917106058
-0.497634916887
0.456725755944
0.816762287533
0.0422289490733
0.241790847295
-0.338580809853
-0.301470859501
-0.240999951867
-0.423037058633
0.401714047448
0.814724685979
0.143336805464
0.229420338161
-0.269259899328
-0.314435412442
-0.325377361396
-0.551805770314
0.367024478595
39.844099158
-19.3655529835
12.9785154128
-9.2179941588
6.40411045765
-5.15370073101
0.0440005531176
2.8441510569
12.0681615753
-1.86210377771
-0.0585011465216
0.346158724757
-9.27500488115
4.59733388566
-11.9122644628
14.3349138047
8.02610420295
3.70843458002
-1.85772892122
1.01774411686
-5.52643517327
-0.766369327037
-4.92742104897
6.35104073233
8.8305659277
-0.189019648391
3.35148094949
-5.14852795701
-1.91060888475
-5.43651065439
-1.59914826917
4.16293355123
8.22832656581
1.09288965815
2.64782463148
-2.57385112618
-3.00023896479
-3.36210815658
-2.6981269491
4.65829948434
149.550222212
-56.3393916809
47.4416251021
-24.9796136676
12.4351975322
-18.2425789095
1.06884888265
14.9115188947
31.28989864
0.32031518927
-6.93292042128
6.3237501473
-27.9264880651
12.7414674344
-26.5522895179
41.770532109
20.2370600904
16.6038549032
-2.19457108257
5.36757205802
-11.0041359234
-5.43940758612
-1.62101608602
11.1835122616
20.498540471
-3.98435535498
8.08077989993
-12.8249712604
-1.39134606398
-11.9961205444
3.62164630906
8.56320522176
14.8169565567
4.3460155979
3.49575704355
-0.677422065694
-6.2648099846
-1.12791535574
-2.63465085526
10.2533977882
248.538965851
-72.9853562977
84.9657892673
-34.5750462527
18.7104869685
-25.7704824885
-3.0347306426
30.1567623304
31.2087194113
16.1793182749
-28.3721387566
28.1255653547
-40.770531943
22.3278196771
-24.7236647756
60.3004660897
19.8994589997
28.4860595721
-3.26941892958
10.1064198083
-3.5232005823
-15.1814742608
15.6769797501
3.80583981161
29.7271549819
-14.0586148868
17.1400756609
-16.2632557515
6.43882910105
-11.9747560614
10.6327812408
12.2451804863
8.72143018567
8.67826629282
-1.37681345757
8.29529194729
-11.040963539
8.51434412328
-4.1725553856
14.5039805374
290.198939582
-76.716818431
123.564359083
-55.5320907981
38.556358363
-28.7851336412
-14.7946003907
36.7900614879
22.0577930055
45.0035190092
-41.3167391065
60.4350615668
-46.5510148343
28.3413729088
-19.0838742589
56.9939202123
15.0122596613
29.6310379622
0.942540460821
10.8063960692
7.48000164515
-23.2547214585
24.492527076
-5.22986121001
31.7153073717
-10.8516375943
22.7006568495
-7.51044839066
9.06145060768
-7.73802309133
8.17171319842
10.5497188441
3.34462896455
10.6997508959
0.160780810349
11.5046734287
-7.48285803466
8.253563467
-3.41124630901
10.6418903588
305.75793801
-92.3942371071
132.73831988
-71.5152648814
51.6777861754
-26.7064611787
-18.9076656092
35.8270638352
21.2168996476
59.0575152116
-28.2456204504
69.6411878737
-41.5775800232
23.1375692438
-4.60779996332
25.0612928604
34.3714547991
8.75159169057
19.4125024371
1.65201255832
15.5883482558
-15.3646499094
15.6112537113
-1.23231745733
20.6126059593
8.97064550785
10.3491624804
7.53736986414
5.26328679492
-1.47360702176
8.51121185844
-0.905824131379
13.7320099493
1.77737926638
9.87451215904
3.11052178266
3.85307867562
4.20133923602
-0.965610815457
6.90548426748
297.221777468
-89.8641481854
76.9652381626
-57.4319623138
46.7262234965
-7.81694582718
-17.5666640685
26.185576895
26.928202699
49.8137907994
-12.8474009062
38.4550523868
-7.20494541645
10.1992882187
6.9812883912
-11.6354975082
65.862366658
-17.0687400533
25.8843599303
-15.9242320939
26.191085763
4.97292234789
-5.27262365174
7.72039635526
9.7951826921
27.3794037868
-13.5895615968
10.1689286547
10.2499958684
4.15743681307
5.50893056925
-14.6744573384
31.190105116
-6.71691370569
11.9706905456
-12.2346370898
17.6275023572
6.81991382752
-7.43832346826
4.62642944877
309.527468874
-69.4746968421
27.5093404507
-60.221150972
34.186114953
16.3454261338
-36.4426932107
31.9607200427
25.9974333345
65.8100112444
-36.7188682677
23.4169503655
34.1631636745
10.1179646353
-13.7806658403
-15.0351411061
73.2068407329
-16.9718371517
11.9762889994
-28.8397826079
45.3045023631
10.227136246
-16.0895935879
4.6179532255
25.10165575
22.0914078441
-25.0900665418
6.6868974925
18.8392420285
10.1045341124
-11.1327831397
-7.02201668382
28.9804259708
3.5742742884
-6.86274668111
-5.44478342346
20.540489133
7.96702463843
-13.6216025993
3.40844096762
345.501050958
-73.4392556707
55.3398436604
-89.6622852565
28.5587811725
-7.66651918264
-41.825246708
54.8696763506
17.6828397513
92.7200195964
-81.1436408927
64.5552387711
26.581468466
20.6152674593
-37.9164888616
19.6054155832
42.1038636032
-4.80944068143
5.44589729981
-19.0567630983
53.5479960578
-13.4755383564
-1.04639929426
0.852946115571
43.8669134471
-9.06810977434
-1.77103507481
6.45509066679
17.6635245042
3.01653797917
-12.5684948564
11.5444863679
11.3968345664
9.22750727055
-15.2702641875
18.9088837936
3.62467244466
5.93875549567
-9.19829148403
10.5579770721
339.923997561
-69.2398043192
106.075163422
-88.8348445615
21.417559935
-51.0758587483
-18.1425093097
58.8113067511
11.8501649301
91.0813448493
-74.0176408925
87.0496147929
-2.93812136138
17.2689692786
-27.6437763701
35.3809092183
20.4123742305
2.1794111763
19.9069969381
-8.54964259182
34.5437897745
-24.8886070261
10.4779857386
4.34310109594
32.0211411252
-10.7695789324
15.302146488
8.18451040845
4.87440507583
-0.367312612878
-2.22647816313
10.3121768893
5.00190886261
5.45086253285
-0.392252988935
13.4069517875
-1.10422483483
0.677384252868
0.308253856478
7.10727909049
311.48531484
-49.9555058044
112.307210656
-63.4956669955
11.3286213316
-55.8253287293
-0.812747314592
50.2663797068
17.191775402
69.0082446009
-27.2503122352
53.6787429541
-13.5464754982
4.14518818781
1.6680167504
14.1601652695
43.3935737239
-1.33178587195
35.3562044529
-17.3734023948
19.6800852776
-20.5958621741
11.2658802227
10.5496706523
20.1512312096
9.2771190186
8.65290527204
8.18946457447
-3.88195181154
0.581897372566
5.20907216651
4.75721683103
14.5168528307
2.08024166907
11.8632197172
-3.58600206381
4.94727726245
-4.56928455057
6.4331390053
3.18965596254
291.866024367
-38.9385302388
83.4978303771
-44.1540994796
16.3767522753
-53.3962244433
13.0618367837
38.2130181936
44.7536303988
38.5839145172
5.05628855901
14.1903886978
-12.0660927455
-7.45302299864
19.6676908534
0.546801553729
62.5294085156
5.70163651851
30.2296608306
-20.1270345478
13.2343247613
-17.8180783198
9.64309635695
10.6685368036
24.0617991877
17.2249910732
6.35319736564
2.00326253479
-2.49592667929
-4.64018772598
5.24715329065
4.35386021811
18.3447002253
6.64529537375
12.4566336782
-5.35620709013
3.72917930709
-5.37126413182
3.3228166946
3.01809800842
276.033682033
-21.5836954515
58.8046771649
-34.4810064299
27.4880045651
-45.0611167016
13.0852336784
19.7194080523
65.6507909917
29.0867615535
5.86737616553
11.4506181997
0.437937775987
-17.9187386158
12.3734374434
0.982693166423
56.7827178791
15.4068113499
20.2051070794
-6.34320086303
15.2972488199
-14.3774589183
2.17434043879
8.61480361498
21.674676424
14.8061852451
7.72444860754
6.04577107987
4.75479512255
-5.89102154461
0.47037333122
5.4078044445
13.6186707413
5.74116776522
9.55639434723
2.81533507864
5.25425158522
-3.32220914653
0.76399912704
3.75730526499
268.688931982
-11.7788127225
52.7348957921
-28.6571755373
31.5761102524
-20.4433343935
0.524531787112
15.0550820294
58.7267555664
37.006539486
2.86001443322
30.4728237437
16.1068047175
-17.6102760922
0.33738562789
4.59057701979
50.7359790447
6.60378081401
21.1389770405
4.72746195675
24.696388652
-6.92047372643
-1.82160221685
10.6426525936
13.1299661631
11.5601561695
5.03847284211
16.7591900808
9.19272862605
-0.637424094662
0.17411826916
5.55533078942
11.4376017513
-0.259920929194
8.90342259575
6.07998862334
9.85941956854
-0.502642968431
2.27861498621
5.02794209299
267.526812806
-14.1052429903
60.1545865107
-28.2769296598
35.5802370705
3.30606225004
-10.3251641048
28.217472931
35.236130516
44.775522609
1.85919911682
40.5685791033
16.0446276513
-10.2972062157
-2.29420774374
-1.00013238911
55.6280181834
2.21060256915
26.5720537899
3.93600875277
21.6912611939
3.49465582079
-3.7523856072
16.28293635
5.8135780371
15.2795398418
2.59118859038
18.6710366409
10.4047644428
-0.133107329649
3.30257065828
-1.79707205547
15.1488964923
0.993829005457
10.7893968174
5.25564770803
5.58879216106
4.3005882776
-0.78456114545
8.29074374554
260.852606043
-13.3463009474
67.1664049872
-24.9477532893
30.4148802395
19.8321196013
-6.00316251998
45.8103777342
12.6652373923
41.3480025204
3.71529182945
32.0320153166
2.17213288712
-10.0003869126
3.77821769541
-12.2501625729
69.802926204
1.81019560974
33.9906445965
-3.54359279696
4.7919161564
15.3896389674
-8.97764647911
31.6176136892
-1.88525072164
22.8973224168
3.25314321501
12.3288999384
7.55646817251
-7.79305290176
10.8180568256
-11.5220514793
27.9037198408
-1.8179637446
16.6655840695
0.628667421865
-4.45119860346
11.8543532515
-10.9001721463
20.7122641214
265.537727625
-5.17815452884
80.9511348122
-23.6301246683
9.27309370527
34.8036060339
0.209981172891
66.038295728
6.18941228443
35.5480849997
11.3469954747
10.8664917929
-16.9410131151
-9.68239892158
8.10563486104
-9.58407769092
85.8252990933
-5.8613682869
46.6102221714
-18.77875597
-5.65528806911
22.0005237773
-17.0422018844
54.4405704863
-6.61309158577
33.8333423998
1.12016454038
2.85097363829
0.134222818042
-14.8532047504
17.7049091381
-11.8628007944
41.1081080827
-9.40551451077
24.4462694863
-11.4103527209
-7.79455677536
13.7730915796
-18.9768515379
37.0187012692
287.882188651
7.21842253558
96.1830798377
-35.2659664085
5.91752815446
42.9220448541
-3.47255355113
82.6180955852
10.5037167068
40.7706398952
15.542184465
-9.63869258961
-21.8348471053
-9.88956223979
4.39072735206
5.14934365981
90.1212232443
-0.29061277913
50.8986020387
-32.3038455732
5.27918008337
14.616175697
-9.82622457774
56.2901480789
-3.18037372234
43.552271629
-2.09904451514
0.900166408932
-5.1262625389
-12.6538235276
13.5523618898
-3.80005591198
38.3977434601
-2.51495833776
22.8561298282
-16.451844587
0.949190103382
3.46532311497
-6.38074720457
26.4567187717
313.805968748
-12.167873924
104.840645558
-54.1365143715
37.4223843877
34.5304721891
-12.0877651189
73.2774446451
4.87663877068
52.8754131068
12.3895928221
-15.0565163073
-2.60516734753
-7.70095632246
-1.41529571972
11.7273551745
73.9238167359
15.7590948086
33.1414609954
-21.8421487962
17.7869055271
8.92051606466
0.528388955855
30.6118415636
1.00667066475
38.1502193466
1.68001076991
0.986790690507
2.90511974203
-7.24895648747
12.6100569322
-5.68038159825
27.7016387572
4.22218430862
13.6152100244
-4.60142581716
2.92275699099
5.38585428838
-0.186116041338
10.9901880234
318.14325205
-55.0380785183
112.028748723
-79.7176930841
89.1752524698
2.15295014687
1.97641442448
31.9434794715
2.61468373053
49.8584898533
9.51915178969
-3.07954094633
1.13401756229
23.3846259872
-21.963356338
28.4400692497
26.7395380861
42.4219320714
3.7352124203
1.58649390239
17.5834693218
6.67804496266
14.2358273494
4.4420465115
8.2482818245
14.9699675311
14.0952567199
-2.29675848097
10.0921545982
-3.58360030785
15.6208882918
-6.9118047335
15.4216107948
3.68822412322
9.13722656892
3.26571400145
3.25109103551
6.35792773399
1.43103985326
8.02604378746
386.51627348
-105.485091331
64.6646079292
-60.9400068665
128.70950838
-2.60140544399
6.4340952408
23.2526144666
45.4065652698
23.9818164826
-31.8760460287
31.0120236866
-12.8163493234
45.9281726956
2.37201096743
32.4822134778
22.5800993671
0.457624382294
-13.1897488532
42.7636804227
19.8982799569
-4.44118724125
38.5597414265
8.36401739836
13.8350009495
-24.7301293258
-2.40276177081
36.5977148119
13.7123804516
-0.992611132417
27.7342738429
-11.7114090447
-1.95918791325
-8.87067389603
10.1058657475
29.3671718821
5.28041992097
-4.5022073347
20.7761826939
-7.11762774982
926.822621491
-377.595708923
-177.117129723
-42.5058931356
262.995154348
43.2678403374
41.6293254544
16.4612690608
243.975089089
-78.4615404938
-223.593309678
189.458615441
-50.4493118868
95.6499967912
123.842559443
30.505751691
120.553988208
-257.124242107
-78.1942074399
216.238317561
111.784601675
-67.476572403
132.815534358
-76.1365058769
61.7270392712
-136.570536347
-46.7217149161
239.731739483
0.513125301618
-18.0409111061
64.9357340328
-74.5335544296
-33.6670848242
-21.5362705929
20.2747784559
199.467703036
-30.8835079192
-98.808727812
81.105600001
-92.4038469041
2162.32270694
-752.984785029
-534.23229144
-186.208762888
388.683924479
25.665826556
326.298544669
-86.7496203782
556.478430759
-231.151323646
-517.313469029
483.267119774
-162.16678847
194.284449296
318.997191243
85.6878684248
313.033595204
-509.434306493
-332.052827965
428.846045357
216.875402538
-89.8332401465
367.382835812
-310.216668629
134.800392438
-267.546464018
-110.185703252
479.901636082
43.1783307493
-47.6577813794
193.264625172
-189.044483304
-60.3523579977
-3.75772332923
-76.2272615179
432.864852776
-43.9272168822
-167.213974382
131.39661089
-225.094591052
3150.5938175
-470.467197409
-336.897282536
-133.582814694
163.203137911
-332.281092329
708.326121778
-355.635357112
629.22262788
-53.9161378372
-814.928685389
556.467751262
-309.089580727
142.168479896
406.582820196
425.354234902
531.226690393
-9.97654790076
-406.783829486
432.480133037
99.8185106571
-245.802829365
589.028828363
-452.086513625
144.797164318
-223.943925286
-286.831966439
88.2018531353
186.620678148
-241.917436388
381.57854968
162.1129717
20.7078224226
282.7250241
-57.155512123
351.550202646
-47.7350235334
35.242674595
5.24667453096
-35.381709302
3706.77063189
251.839382975
928.351436953
408.374835827
-423.521466763
-1158.92697557
877.661327466
-818.235180517
608.742873529
760.351300206
-1057.30841603
173.428007959
-706.704186301
-124.231626583
74.3229202777
1383.30419973
861.503373619
1264.45704667
39.0588522635
483.437736639
-303.381989669
-567.659264582
740.999952276
-495.67876697
338.419298622
-90.5040985704
-477.52944099
-1102.97701507
255.131032815
-934.7811506
466.722156924
939.919839317
395.482612934
832.033032652
383.618854417
242.960907916
-219.352394471
580.205302237
-229.962795238
556.583040695
4799.11846116
885.834606102
2450.4615086
984.11160697
-1027.64787573
-2312.64107232
812.873205371
-1373.04299453
944.656918048
1551.31464812
-767.774556956
-246.852424418
-1195.64936956
-282.202607675
-327.710510458
2313.27846017
1613.57714615
2372.67945951
494.375989045
864.612773515
-974.792060107
-881.615444801
602.73681704
-589.912056072
553.870386303
125.938702002
-436.639454588
-1654.33934048
145.09022232
-1348.21184763
543.431586677
1143.80204541
1047.92777219
1192.67549779
776.35633739
446.237259184
-381.767127767
461.606121689
-302.868870355
522.006209498
5622.66872557
1771.14893072
3677.44616157
1706.23762279
-774.069776364
-2922.26330154
317.302313663
-1694.28498491
1060.84490541
1982.92010618
-102.732413072
-58.5555017757
-1695.92645815
-719.659178589
-1038.00738549
1958.49481464
2064.7985
3224.10627127
1374.18997328
1633.35690614
-688.7309639
-1242.96256025
211.135260888
-820.115693827
716.873996401
436.32355356
206.503554595
-1452.76556042
-386.56005846
-1862.26161488
-275.723114058
503.765187346
1230.03877789
1867.06227027
1238.80020496
1243.76527351
-218.167432868
129.742751336
-461.620762344
463.049684991
6196.77467691
2878.33800607
5089.01098086
2066.45714593
-455.107427271
-3801.99199345
-702.27620706
-2432.57961851
1057.96916627
2185.64996619
730.904370547
367.403107686
-2000.44711891
-1096.50945628
-1681.15871416
1819.98267986
2488.86106682
4438.89339017
2277.42491866
2350.93573493
-685.456099173
-1798.66813734
-624.032015779
-1069.77837464
737.170411103
686.979933408
781.720696593
-1580.92221631
-861.065152918
-2503.99578003
-735.511635011
300.817164109
1923.51944953
2582.9293009
2008.03801516
1572.61937803
-233.040160525
-224.638931288
-759.184281938
574.882535331
6850.64534702
3495.28441536
5920.94425167
2278.60063137
-633.501526104
-4367.05554859
-1073.07033426
-2868.70047227
1277.15885114
2505.57391565
1168.48343422
384.689893895
-2132.27038597
-1557.63891329
-1976.06735734
1899.95753757
2917.88978149
5333.9680193
2764.09045585
2899.61588538
-916.248721401
-2057.33313191
-1203.8800092
-980.79674611
512.375215035
1087.96558744
854.821277762
-1851.8744805
-1233.90710308
-3117.05997068
-1040.66936129
110.643665265
2607.62967056
2891.92048914
2942.11766619
1708.2612964
113.85943538
-581.26607943
-792.4903006
458.885539095
7589.40639948
3945.05387352
6884.32048494
2839.17736584
-677.63087353
-4879.21666997
-1781.89172288
-3748.01158021
1005.0596107
2696.07648211
1737.8946529
902.077312124
-1882.89217135
-1728.1088857
-2445.26870432
1679.02551376
3181.01090004
6090.59458123
3672.85647945
3942.54084239
-1003.87120539
-2329.74626723
-2219.58530038
-1874.64388175
-22.2284518269
1241.74296086
1174.39953195
-1384.62899463
-1115.38958408
-3577.12720903
-1392.862926
-479.977292901
3020.83446989
3340.34758047
4083.91460878
2509.34697949
508.432155735
-936.718819896
-1293.97501955
-394.527776599
7779.46526319
4330.86878651
8294.19770501
3633.89362817
204.975095087
-5426.63873796
-2389.04180165
-4994.05930736
819.09300033
2543.90350834
2884.11244789
1632.56245696
-1355.3393866
-1773.58012176
-3377.52209262
998.647467035
2609.21736688
6554.2109528
4364.2147856
5544.42093933
-580.14547404
-1597.48518821
-3010.03974195
-2444.64058055
-814.564827721
1121.86937152
1504.06887248
-667.267378312
-526.216064809
-3676.12422646
-1749.02259006
-1824.51995945
2496.92751345
2557.48975338
4812.67257375
3201.53288044
1928.07975781
-327.547867371
-872.159145534
-945.170055954
7860.4756641
3978.04418155
9977.01589865
4224.04546854
2267.82375426
-5392.13609068
-2562.14361678
-6820.06857388
-735.989614138
831.606207397
2879.32296906
2133.18476767
-83.6575868467
-511.547321664
-3621.21750495
852.627114703
1237.75914226
6375.70591915
4694.54236002
7473.93357516
1049.62833807
313.409274277
-3207.16989163
-3375.55071659
-2942.45595844
-770.055685023
739.582035277
-495.112374417
668.177351923
-2771.40887337
-1427.10154052
-2796.60664807
1528.8465903
1331.40156467
5231.79365454
4328.26591454
4054.46841869
1301.72992132
-125.909585312
-1609.37843749
6571.07380519
2306.3661561
10000.0
4387.11238818
4063.01192582
-4605.88602192
-2295.85390685
-8044.70074426
-2305.63477827
-609.184913617
2958.69539646
3354.62121933
2046.19125906
1301.2990536
-3008.28912194
147.169406512
-472.277574759
4855.52792391
4093.40248386
7825.6162531
2450.19494177
1276.29394829
-3009.11580305
-4144.08348347
-4326.97502395
-1958.15970865
657.805645097
601.81129776
2208.79163446
-887.103297422
-888.098933439
-2913.75841793
0.0643450644282
296.51339789
3993.18641363
4450.7013573
4455.47317512
2134.09796716
1.42575926575
-1837.14877897
5381.86522925
1252.88281782
9785.04393665
4977.88711576
5751.76965276
-3361.5551189
-1264.20727866
-8523.85078795
-3278.36900998
-1887.36854325
2285.32484437
3417.58642039
2881.30429333
1971.64527953
-2833.16098752
-599.388136625
-1744.69993668
3629.21453655
3678.04496739
8290.19312401
4126.91685444
2791.29614982
-1651.02036283
-3914.03511616
-4987.93832625
-3120.59242102
-293.843201804
303.253296557
2465.46071768
111.776814839
-637.284363009
-2770.55920511
-1176.3505243
-696.075453982
2637.63331735
4477.36182068
5033.85796205
3755.24265155
1537.38028521
-751.571455915
5117.07783036
417.448355763
8613.70139068
3865.86520861
5976.5665947
-3286.04755222
-683.974321851
-8846.46844612
-3882.0801678
-3284.82921509
1385.5264415
3141.06518606
3731.83456447
3396.53848503
-1121.16842683
376.536907555
-1862.32617714
2826.01113462
2424.21368
7251.51578836
3933.2767478
3368.22880789
-1125.66356859
-3303.80951895
-5374.11034891
-3918.05411443
-1681.95560067
-143.527208384
2212.52240394
1271.64354736
651.318587042
-1225.90833809
-670.033285742
-690.097702481
1802.57630656
3294.24877821
4338.19889736
3345.95695115
1848.22274477
-622.308786603
5226.7786988
166.012149931
8286.90137607
3016.33931399
6422.87781214
-3153.25932305
365.45902852
-8249.59155676
-2959.07521542
-3651.47204187
1518.07823717
2272.35190404
3467.17470514
2811.19321893
-941.638520173
114.40832804
-1963.37446815
2557.71230108
1854.90719035
6901.72632084
3475.883369
3969.48524071
-1036.88088683
-1793.60425588
-4902.14545614
-2640.92787733
-1995.48953802
324.23402762
1051.06824636
1075.52136263
-246.632881383
-1204.18764545
-1039.92988891
-523.567759065
1592.81931496
2863.03841623
3991.44153288
2865.38042469
2037.94761656
-356.594700089
6178.75921011
1025.13222125
9511.2302368
2979.01041069
7125.12844565
-3769.44218251
681.651999604
-9066.1521881
-2370.10692519
-4773.14936381
1911.3138398
925.09912242
3696.59263032
1780.57500604
-107.204971688
61.4060375038
-830.249164071
2717.83157649
2403.91241483
6630.23108349
3250.82629593
4051.13422517
-962.952781853
-1084.29057992
-4648.03777371
-2116.10112202
-2790.15339621
-53.8869636097
-185.279095264
848.883444283
-550.107604495
-214.534097468
-486.793051435
399.05901209
1598.0803948
2745.46884518
3179.4060364
2620.97148236
1918.69917202
160.172019612
6232.41078146
1343.67630601
8883.76826472
2394.02281832
6406.41930967
-3610.35162424
1230.26408065
-7992.87338669
-1370.0849012
-4584.0653847
1750.89636023
-165.519816951
3392.70856138
1285.63263916
826.199972991
559.421325298
259.306005249
2004.00090239
1972.03218814
4775.74722437
2518.08642784
3313.63239201
330.441645285
-249.486326109
-2713.36785881
-1738.04087879
-2497.11903726
-1355.80096086
-659.238773325
-95.4851501091
-92.2652250165
306.356353922
537.456786441
508.449445525
1275.35736985
1727.08000383
1800.89926167
1928.42971179
1711.14134276
1005.67072673
6453.62726372
2497.75789146
8404.77118958
2698.90081592
5511.73628552
-2943.18419121
1034.24663031
-6806.49787432
-1414.9694719
-4393.94375126
789.390013197
-930.474427121
2409.03966295
994.383904935
1028.74920958
1032.10058474
917.107583619
1993.86463281
2011.67171816
4185.59786513
2623.40493842
3168.28142141
1309.66661916
32.282269446
-1800.68619794
-2211.11303481
-2600.64439003
-2725.97851442
-1076.40874822
-1024.65325141
261.646710654
279.204030812
1361.08520362
588.378702392
1572.04790532
1455.177549
1741.3489308
1820.60471374
1989.89177145
1454.04195028
6678.20978275
2861.23778817
8172.12853978
2417.54752404
4835.86115645
-3343.09209725
647.34139314
-6864.82716202
-1303.89318892
-4367.23491857
1077.48459218
-993.232400388
2800.78292535
956.386875013
1512.79558953
1039.80265781
1217.62990909
1771.57118283
2006.88311366
3860.48886348
2519.39398694
3189.15472318
1305.41837816
271.096853818
-1865.99114884
-2128.94034658
-2974.0161522
-2705.19408724
-1383.61025626
-832.693519445
426.18749815
717.488449394
1633.63876151
788.275741963
1624.72355638
1042.92929431
1559.61780728
1305.80668549
1951.69138844
1245.14112586
7355.54982533
3159.05462033
9027.62616455
2725.27964541
5445.79468332
-3811.17240988
846.593305766
-7546.65978608
-1271.75163432
-4817.19525861
1516.19681603
-1430.98263441
3398.75242914
480.560774318
1605.19145134
384.613588885
1076.04563507
1137.43159489
2208.80606744
3996.16779833
3150.54492061
4049.77665606
2033.14645142
846.462179058
-1790.03864378
-2200.50830941
-3715.76130536
-3074.30775096
-1968.87729011
-992.017951962
329.756746215
970.570601959
1562.37606796
755.199667694
1470.76133323
660.129102256
1423.74589046
1396.27386739
2354.44044826
1760.22635533
8268.69643728
3646.8996068
9299.93062525
2821.72489317
5211.43794675
-4315.52745019
631.650129477
-7766.80439233
-1408.06292297
-4628.11309629
1688.63249429
-1469.80813264
3762.54361841
395.54081142
1761.72723937
379.776938707
1416.20972321
934.608978124
2722.40114576
3823.31733787
3324.33620542
3735.31230077
2060.23170651
203.249228696
-1823.26122301
-2505.16906983
-3673.12480899
-2973.26229319
-1495.14879794
-735.274670093
735.467657708
1345.01403314
1663.25295234
858.982907181
1506.76303465
597.517461932
1192.20633367
1312.51509696
1983.76426692
1398.93689642
7356.22246151
3213.56851593
8193.71407775
3042.15183414
4846.70437913
-3282.37416365
1039.72307108
-6330.44819686
-1304.92318966
-3751.66190012
1309.65964838
-1301.84995685
3434.25451686
563.391052454
1560.49688801
406.645439035
1119.40730049
271.019046899
2102.74391656
3012.53712447
2918.58354116
3495.75825069
2594.49333226
663.68654533
-885.125072733
-1903.70127474
-3158.53108082
-3002.93991711
-1494.19358581
-1066.49803935
583.804342055
1293.43362499
1768.75873138
846.756844279
1495.8185563
291.330224883
656.084031517
751.216314667
1575.87014407
1208.50480178
7181.4966619
3905.57472925
8428.27659823
4060.41300375
5078.73535535
-2591.66679075
626.405275862
-6137.62597651
-2129.9113825
-3919.25136664
810.950034543
-1154.01185859
3396.32143431
961.083352055
1744.85431216
389.849461254
1089.14884667
-41.3488380859
1951.5139655
2841.86705344
3279.4770616
3647.47241122
3202.91017614
931.221955363
-679.327431709
-2161.84224845
-3413.29844975
-3587.98447695
-1909.46556183
-1264.08565448
573.455566985
1544.63025396
2144.05188692
1273.00951585
1651.46306246
492.376714632
539.927561769
633.801739934
1374.07425565
1173.73446917
6603.25428836
3965.01888534
7956.20490171
4064.02544079
4953.59603067
-2049.72032224
380.665636112
-5491.70313915
-2195.92523745
-3816.54570931
619.559119066
-1067.32727415
3128.42489827
1001.72768259
2009.15961936
361.980702706
1306.58297898
-178.011801926
1800.06902396
2118.43595518
3049.88249038
3029.08090445
3200.82790848
1098.69893621
38.8064559416
-1610.43110431
-2623.91867205
-3198.53805658
-1973.64305506
-1582.67646432
15.3873686631
944.312502177
1678.3266449
1290.04668612
1655.44670178
781.612215401
721.935097516
646.344175142
1067.30177956
927.361881199
5849.10977345
3741.46239682
7687.6740273
4440.7231523
5409.81827221
-933.692048277
609.036809983
-4818.80981282
-2586.92457787
-4253.49635944
-400.672004043
-1608.92744349
2458.39006918
980.023789479
2290.7928123
829.645835823
1674.89186777
12.1501046965
1732.4166081
1636.29434381
2810.03980834
2783.65154082
3378.00119766
1481.79527071
795.415249757
-1214.94011976
-2300.96690112
-3395.51711422
-2515.23342991
-2435.60513051
-590.147511173
404.986165403
1641.57597433
1632.16627211
2235.8563616
1270.2029989
1212.45444613
714.92597843
909.465170768
636.191162652
5092.5850039
3218.04688376
7080.03375783
4278.36740329
5017.52776506
-435.613424944
277.787610529
-4458.63115994
-2893.06305504
-4085.32896651
-973.293536396
-1264.18409358
2200.62807556
1438.8269266
2481.10210017
1518.78238474
1662.59107863
311.727673459
1358.66219373
1056.25094907
2055.07543827
2143.44411711
2740.51670165
1349.26193506
1059.73405447
-845.994898
-1662.97504744
-2798.37546862
-2259.7610876
-2369.41629738
-698.284653492
62.7179906139
1308.7008645
1597.39095155
2109.90056869
1430.68867571
1335.58769598
747.583196489
617.413910564
384.802327926
3817.8379521
2398.98916355
5822.24995027
3811.33484863
4338.58387191
501.810330738
355.02585265
-3203.1085143
-2608.26354321
-3404.44745184
-1714.83943276
-1206.48584991
1034.21667368
1173.69161872
1890.57534372
1830.91892727
1448.1927598
885.294720679
1161.20278185
885.474495964
1507.07489595
1679.90525478
2088.17569568
1353.87434249
1245.37335747
-297.102271391
-974.089801066
-2059.41321815
-2102.05864387
-2296.76003763
-1184.086654
-537.880822613
570.089903411
1276.76946005
1726.08343472
1629.51889822
1506.9735686
1073.88799745
718.83696036
554.662862197
3339.27854659
2083.96771732
5264.33604816
3487.93358877
3901.60334155
789.888369171
157.61338361
-2861.55513985
-2747.25055282
-3357.79689867
-2130.09718782
-1299.16254052
741.762717342
1092.81905095
1989.96290246
1973.29720338
1527.04793289
1087.89613508
1072.68340055
826.710011636
1296.44622679
1596.88299211
1831.11857656
1404.29975526
1107.11881789
-231.573405874
-1122.13535648
-1993.18776885
-2411.19716413
-2244.3197075
-1428.51073557
-440.3297783
525.13181768
1517.61587534
1751.49342936
1822.12492916
1464.07115211
1049.18202308
508.854126621
447.320804174
3207.05547966
1990.07052345
5365.15300709
3549.75326102
3892.06021899
905.642713097
39.9057452647
-3070.50391801
-2981.66566382
-3688.17572496
-2236.09070309
-1590.75204157
1035.66261502
880.943277095
2448.34468438
1866.61178313
1684.66202419
971.251025682
1001.64544033
628.375060584
1182.61037364
1585.23040198
1842.98604625
1603.16230429
1334.74914628
-7.76612791452
-1036.15302531
-1895.17222397
-2749.38694804
-2442.59541695
-1918.51394272
-771.935721172
214.177844961
1485.86181111
1782.20567223
2061.3777426
1744.09866928
1274.00744273
615.456584887
549.072075823
3113.6315083
2001.11776627
5534.76450445
3702.58054397
4115.32650184
1267.53798679
64.3344300741
-3122.24779761
-3300.93629542
-4228.90631083
-2782.23853171
-2077.32080268
837.55261227
810.893511809
2871.13785421
2280.29873158
2150.76354202
1463.75105486
1106.42183574
611.116323952
999.837921728
1291.46423359
1595.53053256
1550.34466485
1362.05605783
133.535319895
-830.032881685
-1810.82762032
-2833.42377784
-2591.00676847
-2188.96056078
-1094.57545266
188.639136984
1446.54506898
2065.03412889
2402.29605095
2132.49368151
1482.08839903
767.422561786
364.105417363
2540.97692174
1662.01813776
5028.0002214
3485.99222217
4095.97007603
1701.92601697
216.277383714
-2464.31590979
-3228.57534461
-4060.65509035
-2990.95971046
-2112.10388206
372.926981569
905.874335461
2650.8124497
2478.17092952
2114.36128814
1737.59240714
856.769920748
646.507994195
660.02448704
1000.12644188
1360.8465808
1505.34808987
1385.52863472
526.54114149
-394.770028638
-1371.55532208
-2422.50965908
-2409.27278119
-2291.45536675
-1374.97944787
-183.510417416
879.337306917
1786.83414134
2116.25935299
2080.77026751
1553.80307602
963.956408402
453.272697767
2439.70460866
1700.4856434
4665.14055159
3466.12079277
3963.25197008
1985.65090339
343.611749433
-1901.73861265
-3052.05471032
-3775.01071226
-3139.83728059
-2259.29720182
-196.427865293
618.033401005
2184.38666478
2356.1504611
2081.76144095
1995.10788201
991.279969588
1002.77116959
735.22388286
1038.37246383
1282.08753434
1364.45837114
1214.43219675
482.139334802
-384.828859644
-1292.05613215
-2265.93354887
-2243.39667643
-2272.00084614
-1296.78004736
-274.298514248
753.420916762
1728.53441851
2006.5536018
2071.65308622
1595.43315565
1007.62819948
506.230746273
2396.67865948
1616.83567739
4138.7952609
3220.10922829
3365.74577925
1788.65157613
120.116309001
-1754.61391565
-2740.44606695
-3323.26965469
-2706.56756338
-1898.37939432
23.2605844271
657.710373703
2141.75923079
2183.09824915
1889.00537901
1811.60068933
779.69580855
779.666461509
599.803084113
757.754249718
1159.98623214
1143.31488228
1133.11022204
406.587594404
-296.292259481
-1141.60659603
-2018.40519897
-1888.48079615
-1992.10012943
-1028.4286278
-91.3922535038
711.01427649
1659.31760076
1752.68939112
1787.20436005
1322.90314318
743.239389111
349.021627684
2287.56216338
1662.95794773
3892.12516497
3433.67350446
3076.48489126
1984.65103614
74.4797303537
-1552.73728273
-2533.02211406
-3087.13884917
-2551.39719042
-1850.71647268
-34.3619172846
445.414000798
1907.90970414
1968.1679702
1665.73439648
1725.54118569
780.459202818
747.985319652
751.347588
758.461874209
1274.98277633
1165.77981013
1231.4722976
429.687654038
-160.017375963
-1081.77589203
-1933.39312
-1876.19447286
-2030.41970498
-1200.12035698
-255.17468198
460.090859164
1469.88274018
1630.06394863
1769.35840228
1378.10580482
925.471112148
500.253234515
2435.04435434
1754.45722086
3902.44116695
3536.73111884
2860.92320818
2114.51924692
-41.0403435261
-1475.77925487
-2487.44417097
-3098.18214406
-2526.29369661
-1967.68976231
-147.920754255
260.263764665
1794.00682856
1916.30741639
1687.99906583
1854.72971508
945.420067736
880.166647279
879.087084475
748.758303597
1247.13468211
1035.88899438
1143.76020693
318.915747833
-159.297219591
-1057.29290826
-1829.85563054
-1782.05513245
-1935.62528908
-1176.90656486
-284.724723283
392.11165719
1369.9033785
1559.40405516
1752.92730471
1386.15404013
1012.0800159
558.673530802
2482.90450755
1675.18315355
3964.67760507
3482.65499082
2781.2892781
2211.42830579
-91.9371981813
-1274.9624571
-2388.35174822
-2948.63896671
-2446.93035117
-1988.69761696
-235.656537389
78.0350771464
1668.40998519
1795.67478134
1642.19593172
1911.78759399
958.402374457
991.050341897
885.726369596
768.406702275
1223.66061924
1007.95858731
1139.58022941
347.145549345
-80.8027130248
-951.765101196
-1734.84835603
-1695.43471757
-1964.96487972
-1227.48571105
-437.733574087
230.22644522
1233.51771985
1470.19836666
1736.95721165
1454.73773082
1100.74516789
676.152604884
2621.57009921
1708.08930277
3930.03741593
3456.96748883
2693.46752753
2294.05359723
-112.78135215
-971.499546058
-2375.60157646
-2720.04423881
-2544.70993338
-2038.21650762
-388.939068364
-87.1456043552
1604.68382288
1745.89780699
1719.13502744
2020.95502433
1057.55913225
1163.22560996
901.164068875
843.792497158
1137.15550812
970.831598974
1029.49376253
311.09717233
-93.3296434645
-936.035198761
-1653.41945037
-1654.28377557
-1929.68998294
-1190.66899767
-483.81510018
237.407223608
1199.41166285
1476.32049075
1754.23815242
1495.79763137
1149.51166572
704.053479705
2751.50039363
1610.92466816
3727.52318998
3193.69315944
2275.41613363
2248.58978007
-390.561619883
-716.592608958
-2408.89454384
-2445.98777213
-2503.7647824
-1925.91335017
-328.63244394
-154.03621031
1705.51657543
1559.36203508
1736.92777907
1964.78084595
930.057056716
1266.49776458
786.851857335
877.657523332
1096.15257172
903.430167067
1001.33521326
250.370288259
-40.7983742701
-977.661781981
-1554.2495885
-1612.83773484
-1988.75642365
-1076.92522447
-653.458686123
234.863940578
1142.64688421
1344.81712608
1817.86511052
1424.33896712
1238.93898899
723.072516142
3002.1267294
1662.99046428
3904.92807727
3254.19997183
2210.11866127
2439.94510374
-480.361438896
-639.130222759
-2447.5418382
-2587.73203396
-2662.57554538
-2126.62440701
-576.265278357
-320.824925264
1654.46161922
1478.53972573
1858.08882962
2148.7350651
1034.37142952
1568.63843161
884.76509995
968.712417495
1207.38217049
830.115283865
1037.1572942
229.216987858
-37.1993984224
-991.675074424
-1550.848635
-1693.05384606
-2133.91932259
-1178.70690945
-928.188941986
119.063827888
1015.57976899
1267.17004679
1949.66357473
1514.32313266
1466.60679073
929.96727152
3026.80212765
1775.05657578
3815.32583875
3137.09365283
2226.3768793
2292.65487642
-288.969535433
-646.840481181
-2156.62565265
-2613.12885378
-2512.48169454
-2131.48407181
-792.728764013
-297.272723549
1332.27416269
1399.15553599
1765.93110223
2055.25907527
1086.58055954
1609.99534904
927.311599754
1000.66606341
1264.62291661
791.943035212
1065.31383799
312.245409356
-31.6251332204
-809.962618849
-1415.11154811
-1616.72544561
-1943.8148934
-1214.21865948
-948.034402577
34.3996750574
798.05935293
1108.05143328
1746.12000558
1370.27163151
1355.18618411
928.232336506
2708.33971312
1849.48642534
3548.58298757
3068.32254273
2381.01378038
2181.309312
110.629998585
-538.954468338
-1818.94273402
-2499.78872592
-2404.60936458
-2082.95188795
-1017.67331495
-287.676085541
982.630195341
1262.32283415
1625.30217472
1783.75174004
1130.38601304
1459.33983177
933.49097563
1043.36552185
1238.92927093
932.237868234
1087.46452387
490.576615792
28.0260169267
-686.716049313
-1310.58420188
-1661.16695163
-1830.89537956
-1358.86796223
-955.556013227
-46.7355421359
642.00824835
1108.43977498
1573.38389952
1369.53406318
1280.82463329
902.365926113
2601.18456522
1803.50428099
3574.95228888
2965.63620554
2554.60189591
2165.15270427
190.869624032
-404.192723101
-1895.62867674
-2381.79339871
-2476.12038881
-2015.34481604
-1012.92170824
-196.97529711
1018.72386707
1252.48945032
1692.10745152
1586.37708566
1153.53032591
1285.7596102
843.419443961
1084.45180043
1150.53935533
1066.17915957
1104.98370301
524.831525772
41.7864376343
-762.280261351
-1373.27988848
-1752.34319001
-1825.65222129
-1349.13727484
-806.943000344
123.724708421
780.309788798
1309.16730971
1564.39584511
1364.57233296
1162.63103767
684.055438548
391.539170937
163.539100866
48.5678502792
93.2162858241
32.7911417364
7.6037948643
-205.484167915
-453.150646067
-708.065020741
-911.964942061
-886.00065535
-720.67340856
-324.117299386
141.365304628
592.289369815
939.804775302
1049.4234646
997.335140483
727.735521639
397.315563575
65.9914384076
-206.406289906
-318.872870224
-358.880404951
-287.103277081
-215.216356502
-169.088881922
-156.040561084
-206.396304478
-240.035956591
-260.541779315
-202.65740305
-77.8589963674
100.433957295
299.095066575
445.201355136
526.349579156
490.920873746
367.331556376
185.003718025
-21.0203443253
-182.46553752
-290.461376549
-313.949535045
-271.31586587
-191.646926641
-95.5303451628
-26.0652730076
18.5220064522
29.7300774821
25.0670372275
21.234012494
28.4416057536
59.2898920077
99.0086871831
141.620320565
166.028634868
162.295426748
128.041306919
62.6414664454
-12.0861816478
-85.1971886022
-135.822502391
-154.345127124
-142.636903775
-103.526660599
-53.3887521395
-2.7141816346
35.5598146237
56.163771261
60.2483692563
51.8980833639
39.8652871289
28.4724613636
22.9988350814
22.7629260116
24.6315160299
25.6652299019
20.6543219649
10.3615631567
-5.2238068092
-22.2829593632
-36.0272550257
-43.5558648724
-41.8936775487
-32.3688886825
-17.0903275528
-0.840834010783
13.2520710418
22.7375066301
26.0139676204
24.0474409494
18.293535981
11.2503767113
4.95999171329
0.824216557937
-1.16378426831
-1.76689765538
-1.64096183349
-1.71654608877
-2.47569467701
-3.7752064385
-5.3140128129
-6.18484851052
-6.18458522988
-5.08250857701
-2.99672602471
-0.40204594122
2.18246174884
4.13111085701
5.09328935897
4.95376412882
4.2255299137
3.15061320647
1.97648088084
0.974324976733
0.277192531914
-0.0523445137285
-0.0684459684504
-0.0650236700279
-0.0617724865265
-0.0586838622001
-0.0557496690901
-0.0529621856356
-0.0503140763538
-0.0477983725362
-0.0454084539093
-0.0431380312139
-0.0409811296532
-0.0389320731705
-0.036985469512
-0.0351361960364
-0.0333793862346
-0.0317104169228
-0.0301248960767
-0.0286186512729
-0.0271877187092
-0.0258283327738
-0.0245369161351
-0.0233100703283
-0.0221445668119
-0.0210373384713
-0.0199854715477
-0.0189861979704
-0.0180368880718
-0.0171350436682
-0.0162782914848
-0.0154643769106
-0.0146911580651
-0.0139566001618
-0.0132587701537
-0.012595831646
-0.0119660400637
-0.0113677380605
-0.0107993511575
-0.0102593835996
-0.00974641441966
-0.00925909369868
-0.00879613901374
-0.00835633206306
-0.0079385154599
-0.00754158968691
-0.00716451020256
-0.00680628469244
-0.00646597045781
-0.00614267193492
-0.00583553833818
-0.00554376142127
-0.0052665733502
-0.00500324468269
-0.00475308244856
-0.00451542832613
-0.00428965690983
-0.00407517406433
-0.00387141536112
-0.00367784459306
-0.00349395236341
-0.00331925474524
-0.00315329200798
-0.00299562740758
-0.0028458460372
-0.00270355373534
-0.00256837604857
-0.00243995724614
-0.00231795938384
-0.00220206141464
-0.00209195834391
-0.00198736042672
-0.00188799240538
-0.00179359278511
-0.00170391314586
-0.00161871748856
-0.00153778161413
-0.00146089253343
-0.00138784790676
-0.00131845551142
-0.00125253273585
-0.00118990609906
-0.0011304107941
-0.0010738902544
-0.00102019574168
-0.000969185954594
-0.000920726656864
-0.000874690324021
-0.00083095580782
-0.000789408017429
-0.000749937616557
-0.00071244073573
-0.000676818698943
-0.000642977763996
-0.000610828875796
-0.000580287432006
-0.000551273060406
-0.000523709407386
-0.000497523937016
-0.000472647740166
-0.000449015353157
-0.000426564585499
-0.000405236356225
-0.000384974538413
-0.000365725811493
-0.000347439520918
-0.000330067544872
-0.000313564167628
-0.000297885959247
-0.000282991661285
-0.00026884207822
-0.000255399974309
-0.000242629975594
-0.000230498476814
-0.000218973552974
-0.000208024875325
-0.000197623631559
-0.000187742449981
-0.000178355327482
-0.000169437561108
-0.000160965683052
-0.0001529173989
-0.000145271528955
-0.000138007952507
-0.000131107554882
-0.000124552177137
-0.000118324568281
-0.000112408339867
-0.000106787922873
-0.00010144852673
-9.63761003931e-05
-9.15572953734e-05
-8.69794306048e-05
-8.26304590745e-05
-7.84989361208e-05
-7.45739893148e-05
-7.0845289849e-05
-6.73030253566e-05
-6.39378740887e-05
-6.07409803843e-05
-5.77039313651e-05
-5.48187347968e-05
-5.2077798057e-05
-4.94739081541e-05
-4.70002127464e-05
-4.46502021091e-05
-4.24176920037e-05
-4.02968074035e-05
-3.82819670333e-05
-3.63678686816e-05
-3.45494752476e-05
-3.28220014852e-05
-3.11809014109e-05
-2.96218563404e-05
-2.81407635234e-05
-2.67337253472e-05
-2.53970390798e-05
-2.41271871258e-05
-2.29208277695e-05
-2.17747863811e-05
-2.0686047062e-05
-1.96517447089e-05
-1.86691574735e-05
-1.77356995998e-05
-1.68489146198e-05
-1.60064688888e-05
-1.52061454444e-05
-1.44458381722e-05
-1.37235462635e-05
-1.30373689504e-05
-1.23855005029e-05
-1.17662254777e-05
-1.11779142038e-05
-1.06190184936e-05
-1.0088067569e-05
-9.5836641905e-06
-9.10448098098e-06
-8.64925693193e-06
-8.21679408533e-06
-7.80595438107e-06
-7.41565666201e-06
-7.04487382891e-06
-6.69263013747e-06
-6.35799863059e-06
-6.04009869906e-06
-5.73809376411e-06
-5.4511890759e-06
-5.17862962211e-06
-4.919698141e-06
-4.67371323395e-06
-4.44002757226e-06
-4.21802619364e-06
-4.00712488396e-06
-3.80676863976e-06
-3.61643020777e-06
-3.43560869739e-06
-3.26382826252e-06
-3.10063684939e-06
-2.94560500692e-06
-2.79832475658e-06
-2.65840851875e-06
-2.52548809281e-06
-2.39921368817e-06
-2.27925300376e-06
-2.16529035357e-06
-2.05702583589e-06
-1.9541745441e-06
-1.85646581689e-06
-1.76364252605e-06
-1.67546039975e-06
-1.59168737976e-06
-1.51210301077e-06
-1.43649786023e-06
-1.36467296722e-06
-1.29643931886e-06
-1.23161735292e-06
-1.17003648527e-06
-1.11153466101e-06
-1.05595792796e-06
-1.00316003156e-06
-9.53002029982e-07
-9.05351928483e-07
-8.60084332058e-07
-8.17080115455e-07
-7.76226109683e-07
-7.37414804199e-07
-7.00544063989e-07
-6.65516860789e-07
-6.3224101775e-07
-6.00628966862e-07
-5.70597518519e-07
-5.42067642593e-07
-5.14964260464e-07
-4.8921604744e-07
-4.64755245068e-07
-4.41517482815e-07
-4.19441608674e-07
-3.9846952824e-07
-3.78546051828e-07
-3.59618749237e-07
-3.41637811775e-07
-3.24555921186e-07
-3.08328125127e-07
-2.92911718871e-07
-2.78266132927e-07
-2.64352826281e-07
-2.51135184967e-07
-2.38578425718e-07
-2.26649504433e-07
-2.15317029211e-07
-2.0455117775e-07
-1.94323618863e-07
-1.8460743792e-07
-1.75377066024e-07
-1.66608212723e-07
-1.58277802086e-07
-1.50363911982e-07
-1.42845716383e-07
-1.35703430564e-07
-1.28918259036e-07
-1.22472346084e-07
-1.1634872878e-07
-1.10531292341e-07
-1.05004727724e-07
-9.97544913375e-08
-9.47667667706e-08
-9.00284284321e-08
-8.55270070105e-08
-8.12506566599e-08
-7.71881238269e-08
-7.33287176356e-08
-6.96622817538e-08
-6.61791676661e-08
-6.28702092828e-08
-5.97266988187e-08
-5.67403638777e-08
-5.39033456839e-08
-5.12081783997e-08
-4.86477694797e-08
-4.62153810057e-08
-4.39046119554e-08
-4.17093813576e-08
-3.96239122898e-08
-3.76427166753e-08
-3.57605808415e-08
-3.39725517994e-08
-3.22739242095e-08
-3.0660227999e-08
-2.9127216599e-08
-2.76708557691e-08
-2.62873129806e-08
-2.49729473316e-08
-2.3724299965e-08
-2.25380849668e-08
-2.14111807184e-08
-2.03406216825e-08
-1.93235905984e-08
-1.83574110685e-08
-1.7439540515e-08
-1.65675634893e-08
-1.57391853148e-08
-1.49522260491e-08
-1.42046147466e-08
-1.34943840093e-08
-1.28196648088e-08
-1.21786815684e-08
-1.156974749e-08
-1.09912601155e-08
-1.04416971097e-08
-9.91961225421e-09
-9.4236316415e-09
-8.95245005943e-09
-8.50482755646e-09
-8.07958617863e-09
-7.6756068697e-09
-7.29182652622e-09
-6.92723519991e-09
-6.58087343991e-09
-6.25182976792e-09
-5.93923827952e-09
-5.64227636554e-09
-5.36016254727e-09
-5.0921544199e-09
-4.83754669891e-09
-4.59566936396e-09
-4.36588589576e-09
-4.14759160098e-09
-3.94021202093e-09
-3.74320141988e-09
-3.55604134889e-09
-3.37823928144e-09
-3.20932731737e-09
-3.0488609515e-09
-2.89641790393e-09
-2.75159700873e-09
-2.61401715829e-09
-2.48331630038e-09
-2.35915048536e-09
-2.24119296109e-09
-2.12913331304e-09
-2.02267664739e-09
-1.92154281502e-09
-1.82546567427e-09
-1.73419239055e-09
-1.64748277102e-09
-1.56510863247e-09
-1.48685320085e-09
-1.41251054081e-09
-1.34188501377e-09
-1.27479076308e-09
-1.21105122492e-09
-1.15049866368e-09
-1.09297373049e-09
-1.03832504397e-09
-9.86408791771e-10
-9.37088352183e-10
-8.90233934574e-10
-8.45722237845e-10
-8.03436125953e-10
-7.63264319655e-10
-7.25101103672e-10
-6.88846048489e-10
-6.54403746064e-10
-6.21683558761e-10
-5.90599380823e-10
-5.61069411782e-10
-5.33015941193e-10
-5.06365144133e-10
-4.81046886926e-10
-4.5699454258e-10
-4.34144815451e-10
-4.12437574679e-10
-3.91815695945e-10
-3.72224911147e-10
-3.5361366559e-10
-3.35932982311e-10
-3.19136333195e-10
-3.03179516535e-10
-2.88020540709e-10
-2.73619513673e-10
-2.59938537989e-10
-2.4694161109e-10
-2.34594530535e-10
-2.22864804009e-10
-2.11721563808e-10
-2.01135485618e-10
-1.91078711337e-10
-1.8152477577e-10
-1.72448536982e-10
-1.63826110133e-10
-1.55634804626e-10
-1.47853064395e-10
-1.40460411175e-10
-1.33437390616e-10
-1.26765521085e-10
-1.20427245031e-10
-1.14405882779e-10
-1.08685588641e-10
-1.03251309208e-10
-9.80887437481e-11
-9.31843065607e-11
-8.85250912326e-11
-8.4098836671e-11
-7.98938948375e-11
-7.58992000956e-11
-7.21042400908e-11
-6.84990280863e-11
-6.50740766819e-11
-6.18203728479e-11
-5.87293542055e-11
-5.57928864952e-11
-5.30032421704e-11
-5.03530800619e-11
-4.78354260588e-11
-4.54436547559e-11
-4.31714720181e-11
-4.10128984172e-11
-3.89622534963e-11
-3.70141408215e-11
-3.51634337804e-11
-3.34052620914e-11
-3.17349989868e-11
-3.01482490375e-11
-2.86408365856e-11
-2.72087947563e-11
-2.58483550185e-11
-2.45559372676e-11
-2.33281404042e-11
-2.2161733384e-11
-2.10536467148e-11
-2.00009643791e-11
-1.90009161601e-11
-1.80508703521e-11
-1.71483268345e-11
-1.62909104928e-11
-1.54763649681e-11
-1.47025467197e-11
-1.39674193837e-11
-1.32690484146e-11
-1.26055959938e-11
-1.19753161941e-11
-1.13765503844e-11
-1.08077228652e-11
-1.02673367219e-11
-9.75396988585e-12
-9.26627139156e-12
-8.80295782198e-12
-8.36280993088e-12
-7.94466943434e-12
-7.54743596262e-12
-7.17006416449e-12
-6.81156095626e-12
-6.47098290845e-12
-6.14743376303e-12
-5.84006207488e-12
-5.54805897113e-12
-5.27065602258e-12
-5.00712322145e-12
-4.75676706038e-12
-4.51892870736e-12
-4.29298227199e-12
-4.07833315839e-12
-3.87441650047e-12
-3.68069567545e-12
-3.49666089167e-12
-3.32182784709e-12
-3.15573645474e-12
-2.997949632e-12
-2.8480521504e-12
-2.70564954288e-12
-2.57036706574e-12
-2.44184871245e-12
-2.31975627683e-12
-2.20376846298e-12
-2.09358003984e-12
-1.98890103784e-12
-1.88945598595e-12
-1.79498318665e-12
-1.70523402732e-12
-1.61997232596e-12
-1.53897370966e-12
-1.46202502417e-12
-1.38892377297e-12
-1.31947758432e-12
-1.2535037051e-12
-1.19082851985e-12
-1.13128709385e-12
-1.07472273916e-12
-1.0209866022e-12
-9.69937272093e-13
-9.21440408489e-13
-8.75368388064e-13
-8.31599968661e-13
-7.90019970228e-13
-7.50518971716e-13
-7.12993023131e-13
-6.77343371974e-13
-6.43476203375e-13
-6.11302393207e-13
-5.80737273546e-13
-5.51700409869e-13
-5.24115389376e-13
-4.97909619907e-13
-4.73014138911e-13
-4.49363431966e-13
-4.26895260368e-13
-4.05550497349e-13
-3.85272972482e-13
-3.66009323858e-13
-3.47708857665e-13
-3.30323414782e-13
-3.13807244042e-13
-2.9811688184e-13
-2.83211037748e-13
-2.69050485861e-13
-2.55597961568e-13
-2.42818063489e-13
-2.30677160315e-13
-2.19143302299e-13
-2.08186137184e-13
-1.97776830325e-13
-1.87887988809e-13
-1.78493589368e-13
-1.695689099e-13
-1.61090464405e-13
-1.53035941185e-13
-1.45384144125e-13
-1.38114936919e-13
-1.31209190073e-13
-1.2464873057e-13
-1.18416294041e-13
-1.12495479339e-13
-1.06870705372e-13
-1.01527170103e-13
-9.64508115983e-14
-9.16282710184e-14
-8.70468574675e-14
-8.26945145941e-14
-7.85597888644e-14
-7.46317994212e-14
-7.09002094501e-14
-6.73551989776e-14
-6.39874390287e-14
-6.07880670773e-14
-5.77486637234e-14
-5.48612305373e-14
-5.21181690104e-14
-4.95122605599e-14
-4.70366475319e-14
-4.46848151553e-14
-4.24505743975e-14
-4.03280456776e-14
-3.83116433938e-14
-3.63960612241e-14
-3.45762581629e-14
-3.28474452547e-14
-3.1205072992e-14
-2.96448193424e-14
-2.81625783753e-14
-2.67544494565e-14
-2.54167269837e-14
-2.41458906345e-14
-2.29385961028e-14
-2.17916662976e-14
-2.07020829828e-14
-1.96669788336e-14
-1.86836298919e-14
-1.77494483973e-14
-1.68619759775e-14
-1.60188771786e-14
-1.52179333197e-14
-1.44570366537e-14
-1.3734184821e-14
-1.304747558e-14
-1.2395101801e-14
-1.17753467109e-14
-1.11865793754e-14
-1.06272504066e-14
-1.00958878863e-14
-9.59109349195e-15
-9.11153881735e-15
-8.65596187648e-15
-8.22316378266e-15
-7.81200559353e-15
-7.42140531385e-15
-7.05033504816e-15
-6.69781829575e-15
-6.36292738096e-15
-6.04478101191e-15
-5.74254196132e-15
-5.45541486325e-15
-5.18264412009e-15
-4.92351191409e-15
-4.67733631838e-15
-4.44346950246e-15
-4.22129602734e-15
-4.01023122597e-15
-3.80971966467e-15
-3.61923368144e-15
-3.43827199737e-15
-3.2663583975e-15
-3.10304047762e-15
-2.94788845374e-15
-2.80049403106e-15
-2.6604693295e-15
-2.52744586303e-15
-2.40107356988e-15
-2.28101989138e-15
-2.16696889681e-15
-2.05862045197e-15
-1.95568942937e-15
-1.85790495791e-15
-1.76500971001e-15
-1.67675922451e-15
-1.59292126328e-15
-1.51327520012e-15
-1.43761144011e-15
-1.36573086811e-15
-1.2974443247e-15
-1.23257210847e-15
-1.17094350304e-15
-1.11239632789e-15
-1.0567765115e-15
-1.00393768592e-15
-9.53740801627e-16
-9.06053761545e-16
-8.60751073468e-16
-8.17713519795e-16
-7.76827843805e-16
-7.37986451615e-16
-7.01087129034e-16
-6.66032772582e-16
-6.32731133953e-16
-6.01094577255e-16
-5.71039848393e-16
-5.42487855973e-16
-5.15363463174e-16
-4.89595290016e-16
-4.65115525515e-16
-4.41859749239e-16
-4.19766761777e-16
-3.98778423688e-16
-3.78839502504e-16
-3.59897527379e-16
-3.4190265101e-16
-3.24807518459e-16
-3.08567142536e-16
-2.9313878541e-16
-2.78481846139e-16
-2.64557753832e-16
-2.5132986614e-16
-2.38763372833e-16
-2.26825204192e-16
-2.15483943982e-16
-2.04709746783e-16
-1.94474259444e-16
-1.84750546472e-16
-1.75513019148e-16
-1.66737368191e-16
-1.58400499781e-16
-1.50480474792e-16
-1.42956451053e-16
-1.358086285e-16
-1.29018197075e-16
-1.22567287221e-16
-1.1643892286e-16
-1.10616976717e-16
-1.05086127881e-16
-9.98318214872e-17
-9.48402304128e-17
-9.00982188922e-17
-8.55933079476e-17
-8.13136425502e-17
-7.72479604227e-17
-7.33855624016e-17
-6.97162842815e-17
-6.62304700674e-17
-6.2918946564e-17
-5.97729992358e-17
-5.6784349274e-17
-5.39451318103e-17
-5.12478752198e-17
-4.86854814588e-17
-4.62512073859e-17
-4.39386470166e-17
-4.17417146658e-17
-3.96546289325e-17
-3.76718974859e-17
-3.57883026116e-17
-3.3998887481e-17
-3.22989431069e-17
-3.06839959516e-17
-2.9149796154e-17
-2.76923063463e-17
-2.6307691029e-17
-2.49923064775e-17
-2.37426911537e-17
-2.2555556596e-17
-2.14277787662e-17
-2.03563898279e-17
-1.93385703365e-17
-1.83716418197e-17
-1.74530597287e-17
-1.65804067422e-17
-1.57513864051e-17
-1.49638170849e-17
-1.42156262306e-17
-1.35048449191e-17
-1.28296026731e-17
-1.21881225395e-17
-1.15787164125e-17
-1.09997805919e-17
-1.04497915623e-17
-9.92730198418e-18
-9.43093688497e-18
-8.95939004072e-18
-8.51142053868e-18
-8.08584951175e-18
-7.68155703616e-18
-7.29747918435e-18
-6.93260522514e-18
-6.58597496388e-18
-6.25667621568e-18
-5.9438424049e-18
-5.64665028466e-18
-5.36431777042e-18
-5.0961018819e-18
-4.84129678781e-18
-4.59923194842e-18
-4.369270351e-18
-4.15080683345e-18
-3.94326649177e-18
-3.74610316718e-18
-3.55879800883e-18
-3.38085810838e-18
-3.21181520296e-18
-3.05122444282e-18
-2.89866322068e-18
-2.75373005964e-18
-2.61604355666e-18
-2.48524137883e-18
-2.36097930989e-18
-2.24293034439e-18
-2.13078382717e-18
-2.02424463581e-18
-1.92303240402e-18
-1.82688078382e-18
-1.73553674463e-18
-1.6487599074e-18
-1.56632191203e-18
-1.48800581643e-18
-1.41360552561e-18
-1.34292524933e-18
-1.27577898686e-18
-1.21199003752e-18
-1.15139053564e-18
-1.09382100886e-18
-1.03912995842e-18
-9.87173460495e-19
-9.3781478747e-19
-8.90924048097e-19
-8.46377845692e-19
-8.04058953407e-19
-7.63856005737e-19
-7.2566320545e-19
-6.89380045178e-19
-6.54911042919e-19
-6.22165490773e-19
-5.91057216234e-19
-5.61504355422e-19
-5.33429137651e-19
-5.06757680769e-19
-4.8141979673e-19
-4.57348806894e-19
-4.34481366549e-19
-4.12757298222e-19
-3.92119433311e-19
-3.72513461645e-19
-3.53887788563e-19
-3.36193399135e-19
-3.19383729178e-19
-3.03414542719e-19
-2.88243815583e-19
-2.73831624804e-19
-2.60140043564e-19
-2.47133041386e-19
-2.34776389316e-19
-2.2303756985e-19
-2.11885691358e-19
-2.0129140679e-19
-1.91226836451e-19
-1.81665494628e-19
-1.72582219897e-19
-1.63953108902e-19
-1.55755453457e-19
-1.47967680784e-19
-1.40569296745e-19
-1.33540831907e-19
-1.26863790312e-19
-1.20520600796e-19
-1.14494570757e-19
-1.08769842219e-19
-1.03331350108e-19
-9.81647826025e-20
-9.32565434723e-20
-8.85937162987e-20
-8.41640304838e-20
-7.99558289596e-20
-7.59580375116e-20
-7.2160135636e-20
-6.85521288542e-20
-6.51245224115e-20
-6.18682962909e-20
-5.87748814764e-20
-5.58361374026e-20
-5.30443305324e-20
-5.03921140058e-20
-4.78725083055e-20
-4.54788828903e-20
-4.32049387457e-20
-4.10446918085e-20
-3.8992457218e-20
-3.70428343571e-20
-3.51906926393e-20
-3.34311580073e-20
-3.17596001069e-20
-3.01716201016e-20
-2.86630390965e-20
-2.72298871417e-20
-2.58683927846e-20
-2.45749731454e-20
-2.33462244881e-20
-2.21789132637e-20
-2.10699676005e-20
-2.00164692205e-20
-1.90156457595e-20
-1.80648634715e-20
-1.71616202979e-20
-1.6303539283e-20
-1.54883623189e-20
-1.47139442029e-20
-1.39782469928e-20
-1.32793346431e-20
-1.2615367911e-20
-1.19845995154e-20
-1.13853695397e-20
-1.08161010627e-20
-1.02752960095e-20
-9.76153120907e-21
-9.27345464862e-21
-8.80978191619e-21
-8.36929282038e-21
-7.95082817936e-21
-7.55328677039e-21
-7.17562243187e-21
-6.81684131028e-21
-6.47599924476e-21
-6.15219928252e-21
-5.8445893184e-21
-5.55235985248e-21
-5.27474185985e-21
-5.01100476686e-21
-4.76045452852e-21
-4.52243180209e-21
-4.29631021199e-21
-4.08149470139e-21
-3.87741996632e-21
-3.683548968e-21
-3.4993715196e-21
-3.32440294362e-21
-3.15818279644e-21
-3.00027365662e-21
-2.85025997379e-21
-2.7077469751e-21
-2.57235962634e-21
-2.44374164503e-21
-2.32155456278e-21
-2.20547683464e-21
-2.09520299291e-21
-1.99044284326e-21
-1.8909207011e-21
-1.79637466604e-21
-1.70655593274e-21
-1.6212281361e-21
-1.5401667293e-21
-1.46315839283e-21
-1.39000047319e-21
-1.32050044953e-21
-1.25447542706e-21
-1.1917516557e-21
-1.13216407292e-21
-1.07555586927e-21
-1.02177807581e-21
-9.70689172017e-22
-9.22154713417e-22
-8.76046977746e-22
-8.32244628858e-22
-7.90632397416e-22
-7.51100777545e-22
-7.13545738668e-22
-6.77868451734e-22
-6.43975029147e-22
-6.1177627769e-22
-5.81187463806e-22
-5.52128090615e-22
-5.24521686085e-22
-4.9829560178e-22
-4.73380821691e-22
-4.49711780607e-22
-4.27226191576e-22
-4.05864881998e-22
-3.85571637898e-22
-3.66293056003e-22
-3.47978403203e-22
-3.30579483043e-22
-3.1405050889e-22
-2.98347983446e-22
-2.83430584274e-22
-2.6925905506e-22
-2.55796102307e-22
-2.43006297192e-22
-2.30855982332e-22
-2.19313183215e-22
-2.08347524055e-22
-1.97930147852e-22
-1.88033640459e-22
-1.78631958436e-22
-1.69700360515e-22
-1.61215342489e-22
-1.53154575364e-22
-1.45496846596e-22
-1.38222004266e-22
-1.31310904053e-22
-1.2474535885e-22
-1.18508090908e-22
-1.12582686362e-22
-1.06953552044e-22
-1.01605874442e-22
-9.652558072e-23
-9.1699301684e-23
-8.71143365998e-23
-8.27586197698e-23
-7.86206887813e-23
-7.46896543423e-23
-7.09551716251e-23
-6.74074130439e-23
-6.40370423917e-23
-6.08351902721e-23
-5.77934307585e-23
-5.49037592206e-23
-5.21585712595e-23
-4.95506426966e-23
-4.70731105617e-23
-4.47194550337e-23
-4.2483482282e-23
-4.03593081679e-23
-3.83413427595e-23
-3.64242756215e-23
-3.46030618404e-23
-3.28729087484e-23
-3.1229263311e-23
-2.96678001454e-23
-2.81844101382e-23
-2.67751896313e-23
-2.54364301497e-23
-2.41646086422e-23
-2.29563782101e-23
-2.18085592996e-23
-2.07181313346e-23
-1.96822247679e-23
-1.86981135295e-23
-1.7763207853e-23
-1.68750474604e-23
-1.60312950873e-23
-1.5229730333e-23
-1.44682438163e-23
-1.37448316255e-23
-1.30575900442e-23
-1.2404710542e-23
-1.17844750149e-23
-1.11952512642e-23
-1.0635488701e-23
-1.01037142659e-23
-9.59852855263e-24
-9.11860212499e-24
-8.66267201874e-24
-8.22953841781e-24
-7.81806149692e-24
-7.42715842207e-24
-7.05580050097e-24
-6.70301047592e-24
-6.36785995212e-24
-6.04946695452e-24
-5.74699360679e-24
-5.45964392645e-24
-5.18666173013e-24
-4.92732864362e-24
-4.68096221144e-24
-4.44691410087e-24
-4.22456839583e-24
-4.01333997603e-24
-3.81267297723e-24
-3.62203932837e-24
-3.44093736195e-24
-3.26889049385e-24
-3.10544596916e-24
-2.9501736707e-24
-2.80266498717e-24
-2.66253173781e-24
-2.52940515092e-24
-2.40293489337e-24
-2.28278814871e-24
-2.16864874127e-24
-2.06021630421e-24
-1.957205489e-24
-1.85934521455e-24
-1.76637795382e-24
-1.67805905613e-24
-1.59415610332e-24
-1.51444829816e-24
-1.43872588325e-24
-1.36678958909e-24
-1.29845010963e-24
-1.23352760415e-24
-1.17185122394e-24
-1.11325866275e-24
-1.05759572961e-24
-1.00471594313e-24
-9.54480145971e-25
-9.06756138672e-25
-8.61418331739e-25
-8.18347415152e-25
-7.77430044394e-25
-7.38558542175e-25
-7.01630615066e-25
-6.66549084313e-25
-6.33221630097e-25
-6.01560548592e-25
-5.71482521162e-25
-5.42908395104e-25
-5.15762975349e-25
-4.89974826582e-25
-4.65476085253e-25
-4.4220228099e-25
-4.2009216694e-25
-3.99087558593e-25
-3.79133180664e-25
-3.60176521631e-25
-3.42167695549e-25
-3.25059310772e-25
-3.08806345233e-25
-2.93366027971e-25
-2.78697726573e-25
-2.64762840244e-25
-2.51524698232e-25
-2.3894846332e-25
-2.27001040154e-25
-2.15650988147e-25
-2.04868438739e-25
-1.94625016802e-25
-1.84893765962e-25
-1.75649077664e-25
-1.66866623781e-25
-1.58523292592e-25
-1.50597127962e-25
-1.43067271564e-25
-1.35913907986e-25
-1.29118212587e-25
-1.22662301957e-25
-1.16529186859e-25
-1.10702727516e-25
-1.05167591141e-25
-9.99092115836e-26
-9.49137510044e-26
-9.01680634542e-26
-8.56596602815e-26
-8.13766772674e-26
-7.73078434041e-26
-7.34424512339e-26
-6.97703286722e-26
-6.62818122386e-26
-6.29677216266e-26
-5.98193355453e-26
-5.6828368768e-26
-5.39869503296e-26
-5.12876028131e-26
-4.87232226725e-26
-4.62870615389e-26
-4.39727084619e-26
-4.17740730388e-26
-3.96853693869e-26
-3.77011009175e-26
-3.58160458717e-26
-3.40252435781e-26
-3.23239813992e-26
-3.07077823292e-26
-2.91723932128e-26
-2.77137735521e-26
-2.63280848745e-26
-2.50116806308e-26
-2.37610965992e-26
-2.25730417693e-26
-2.14443896808e-26
-2.03721701968e-26
-1.93535616869e-26
-1.83858836026e-26
-1.74665894225e-26
-1.65932599513e-26
-1.57635969538e-26
-1.49754171061e-26
-1.42266462508e-26
-1.35153139382e-26
-1.28395482413e-26
-1.21975708293e-26
-1.15876922878e-26
-1.10083076734e-26
-1.04578922897e-26
-9.93499767525e-27
-9.43824779149e-27
-8.96633540192e-27
-8.51801863182e-27
-8.09211770023e-27
-7.68751181522e-27
-7.30313622446e-27
-6.93797941323e-27
-6.59108044257e-27
-6.26152642044e-27
-5.94845009942e-27
-5.65102759445e-27
-5.36847621473e-27
-5.10005240399e-27
-4.84504978379e-27
-4.6027972946e-27
-4.37265742987e-27
-4.15402455838e-27
-3.94632333046e-27
-3.74900716394e-27
-3.56155680574e-27
-3.38347896545e-27
-3.21430501718e-27
-3.05358976632e-27
-2.900910278e-27
-2.7558647641e-27
-2.6180715259e-27
-2.4871679496e-27
-2.36280955212e-27
-2.24466907452e-27
-2.13243562079e-27
-2.02581383975e-27
-1.92452314776e-27
-1.82829699038e-27
-1.73688214086e-27
-1.65003803381e-27
-1.56753613212e-27
-1.48915932552e-27
-1.41470135924e-27
-1.34396629128e-27
-1.27676797672e-27
-1.21292957788e-27
-1.15228309899e-27
-1.09466894404e-27
-1.03993549684e-27
-9.87938721993e-28
-9.38541785894e-28
-8.91614696599e-28
-8.47033961769e-28
-8.04682263681e-28
-7.64448150497e-28
-7.26225742972e-28
-6.89914455823e-28
-6.55418733032e-28
-6.2264779638e-28
-5.91515406561e-28
-5.61939636233e-28
-5.33842654422e-28
-5.07150521701e-28
-4.81792995615e-28
-4.57703345835e-28
-4.34818178543e-28
-4.13077269616e-28
-3.92423406135e-28
-3.72802235828e-28
-3.54162124037e-28
-3.36454017835e-28
-3.19631316943e-28
-3.03649751096e-28
-2.88467263541e-28
-2.74043900364e-28
-2.60341705346e-28
-2.47324620079e-28
-2.34958389075e-28
-2.23210469621e-28
-2.1204994614e-28
-2.01447448833e-28
-1.91375076391e-28
-1.81806322572e-28
-1.72716006443e-28
-1.64080206121e-28
-1.55876195815e-28
-1.48082386024e-28
-1.40678266723e-28
-1.33644353387e-28
-1.26962135718e-28
-1.20614028932e-28
-1.14583327485e-28
-1.08854161111e-28
-1.03411453055e-28
-9.82408804025e-29
-9.33288363824e-29
-8.86623945633e-29
-8.42292748351e-29
-8.00178110933e-29
-7.60169205387e-29
-7.22160745117e-29
-6.86052707862e-29
-6.51750072469e-29
-6.19162568845e-29
-5.88204440403e-29
-5.58794218383e-29
-5.30854507464e-29
-5.0431178209e-29
-4.79096192986e-29
-4.55141383337e-29
-4.3238431417e-29
-4.10765098461e-29
-3.90226843538e-29
-3.70715501361e-29
-3.52179726293e-29
-3.34570739979e-29
-3.1784220298e-29
-3.01950092831e-29
-2.86852588189e-29
-2.7250995878e-29
-2.58884460841e-29
-2.45940237799e-29
-2.33643225909e-29
-2.21961064613e-29
-2.10863011383e-29
-2.00319860813e-29
-1.90303867773e-29
-1.80788674384e-29
-1.71749240665e-29
-1.63161778632e-29
-1.550036897e-29
-1.47253505215e-29
-1.39890829954e-29
-1.32896288457e-29
-1.26251474034e-29
-1.19938900332e-29
-1.13941955316e-29
-1.0824485755e-29
-1.02832614672e-29
-9.76909839386e-30
-9.28064347417e-30
-8.81661130046e-30
-8.37578073544e-30
-7.95699169867e-30
-7.55914211373e-30
-7.18118500805e-30
-6.82212575764e-30
-6.48101946976e-30
-6.15696849627e-30
-5.84912007146e-30
-5.55666406789e-30
