1.09343740377
-0.100882470901
0.289766598885
-0.100766109116
0.137108748238
-0.1821129071
-0.274038540522
0.471453851551
-0.0585189985198
-0.0205251505619
-0.0325692307563
0.16094732973
-0.0316941195735
-0.215586398286
0.368959684609
-0.0301251678249
0.507207653929
-0.223710445474
0.484786072464
-0.24825779219
-0.0258808029789
-0.0452782638615
-0.314838409854
0.434982258967
-0.309056858609
0.310837332213
-0.204639359812
0.122236136543
0.0454915381045
-0.355393028083
0.479697166705
-0.242278892306
0.522269433209
-0.372620011818
0.467549117309
-0.176290338431
-0.15070048891
0.0989878062418
-0.300998384198
0.431257459442
21.6965519541
-2.61894246126
5.88907412284
-4.56236631513
4.20241001372
-5.35262902482
-6.13724296479
7.93475456477
-2.36831632962
0.262675094152
-2.31376773293
3.89874682504
-0.254801486434
-3.51668703537
5.11989950796
-0.248954801048
9.21034299917
-4.66720821686
7.34157047153
-4.57874694183
2.09304389186
-3.5040555362
-2.76426341822
4.67841895979
-4.13329228823
4.08655755745
-3.80213182043
4.55488910601
-1.31135095075
-1.6715506229
3.94915433417
-1.84838139321
5.59585511155
-5.25046572368
5.9109334321
-3.60425842724
1.24645766478
-1.79156800977
-0.808200929062
2.84146774448
80.7339103958
-7.24776561787
20.7191891046
-14.3595729285
18.9373988997
-14.2887599169
-16.5427702813
21.7972515168
-6.87644672997
5.89431067512
-5.828835348
9.78733476735
1.4502889913
-7.59085897115
13.3967895892
0.360389970573
25.1664484285
-10.2457673624
14.9233894883
-7.16317368041
7.1985494958
-7.45988538005
-4.23932515671
9.8789867847
-5.88582587339
8.34182281112
-6.44507439515
9.21271315264
-2.39289139857
-0.66309466756
6.24890665976
-1.71345912744
9.77857705842
-7.52384856008
9.28319570024
-4.84588720643
3.38580839023
-3.01118172627
-0.054102072678
4.36041184159
132.222537591
-16.9317092519
31.5398197843
-22.9299166419
35.2332292208
-14.1428032799
-19.2647905041
28.6843667899
-8.06408859919
20.8363329029
-7.15781102861
12.9815745927
-0.89667152984
-2.09097978991
14.6211434116
0.588814222949
30.722853024
-11.1162088193
18.2080510292
-6.78971947997
12.3619070908
-6.93987687511
-1.24723529684
10.8270308022
-2.46670565997
10.0704858229
-5.18531783854
10.2036927525
-2.90685493894
3.6970959562
3.44932975901
0.980956864752
7.89142548192
-3.73079854089
8.23640581935
-3.44705904438
5.11904538849
-2.13638019106
2.04047152046
2.868825635
138.092380946
-25.5483613123
27.3673812734
-22.3809044516
29.2790332586
-7.30775120232
-12.2924626691
24.0245661857
-0.137623225097
24.7064639138
1.17277545061
10.9608253255
-7.13383834801
8.59600403385
6.82372469509
1.14323226715
23.3452913238
-6.38708420677
16.1462247841
-6.47529625077
11.1675203699
-3.1272143318
1.86196328692
8.2350250798
3.10484764386
6.34200927104
0.574855742359
6.35830062517
-2.71810796676
5.41783126506
0.353098384134
3.66746546761
4.5397269177
0.631739160176
5.47644090344
-2.02684695321
3.87806667011
-0.234490153067
2.09549463088
2.28026164522
127.463572619
-24.6455641823
21.8739178926
-21.2154313454
9.6918287309
-6.79041859968
-5.15791978986
21.3566377768
6.0536100717
18.0333005038
7.0047719817
7.33681460115
-8.97977069602
7.88582925625
3.6627044723
3.86772812432
22.9977967803
-2.35492937972
10.7507625006
-7.75500608051
2.90738801788
-0.905137806881
1.79121812479
9.8138471544
5.82803053531
4.94494134933
2.84994571308
0.864133304663
-2.86492884548
1.4348819326
2.32470052838
4.92894597219
6.41885026161
2.05190388549
2.50620670105
-2.7135388329
-0.455186915629
0.442662336829
1.70530167195
4.55973765454
124.570166949
-21.7961047464
26.8162663218
-28.1212261372
0.472016623527
-8.18832141749
-5.06502507675
31.7063157102
2.82576033522
20.0020097993
-4.27702565952
4.02850682422
-6.08327900448
-3.19052945756
7.57862319649
11.0675397422
24.771328369
1.61892244566
2.15057483238
-5.64675481827
-3.95831592445
-2.16456847048
4.20699282823
11.8039536125
9.08412556414
2.20772328217
0.527108186272
-1.57104036022
-2.63475216198
-1.48055482859
4.50603647608
7.47147209308
7.00692687335
0.716056638273
-0.225823694766
-1.40374317003
-2.29567285815
0.0881018446248
2.41802271879
6.30905651703
137.464509116
-35.4793964709
47.5715299288
-37.8800720484
10.5333451015
-7.60136613022
-10.9509132699
46.9582876821
5.43918405516
22.7454781759
-15.8831007861
5.57060212675
5.05283760691
-7.67291576729
6.17918150525
21.9009035525
17.6691649501
3.33724059371
-6.03637608489
1.85545959242
6.12734574936
-6.95767005143
8.88926369465
9.49868058722
13.1729918962
-4.34662189066
-3.45798409717
5.99339140313
2.11399283048
-1.30031655646
2.14651140033
8.8628366954
6.88532140934
-3.79925213714
-1.24542185883
5.20925447647
2.15630115208
-1.55602909577
0.465794488699
6.66352032528
160.382795153
-62.4533320947
71.0734786535
-44.2824182789
36.7256334843
-19.9352853902
-12.3353013663
45.5369323743
18.3633531933
22.3211262458
-21.1375200114
16.4225142117
17.6365217334
-7.45133492579
1.9498108472
22.4751697278
21.6365041291
-6.13264833108
0.969773684678
1.48512664163
23.7036421012
-12.3551665313
7.08756625897
10.3383238369
12.2360728199
-1.93661286817
-8.06244090061
16.2570218178
4.79114008775
-0.370216311397
0.488761308349
5.98124079645
11.6495056494
-8.36563619717
3.56707381346
4.95022511859
8.17746591742
-2.89513265012
-1.11269839029
7.7682757696
174.157496109
-72.2174522722
77.8794704045
-38.9036895389
59.4471926731
-39.8411583792
-4.37458902059
25.1378710791
19.7194389369
29.8407152465
-25.4589611918
29.1911351406
13.7561774148
-6.49464494646
6.35626079959
7.1919797013
31.0780865063
-14.9826019991
23.7178440713
-6.34896596666
23.73747093
-7.44741128572
-1.56190647384
14.9783252009
-1.21904283367
11.151913973
-7.70474481535
17.4486064875
2.95027427866
-0.695498469278
6.49750612818
-4.97966430501
16.3658317651
-8.86169088824
9.78557254984
1.52232850756
5.64980806523
3.53972910009
-5.20469322165
9.93726028523
165.825922655
-54.33120944
68.0188121341
-16.7742337783
56.1477646022
-36.5306722049
-3.31465001463
18.9347271639
3.34203556641
43.634952769
-24.9507744187
30.2260103914
0.713279924672
-5.98935448621
13.9486847276
-6.93191660471
33.0405889415
-10.431456566
33.4937856763
-5.87166681021
11.2600386213
1.82615661215
-6.6645753287
16.8241082214
-7.38347607537
17.2251260574
-1.601278348
10.3882946529
1.72626560358
-2.51879507706
8.00022105573
-6.6293807407
12.7639872453
-1.87204017067
8.37696608846
2.48895276147
1.06207309964
4.63770724942
-3.96118202591
6.76422634668
159.739619658
-39.7343462493
63.4367478762
4.35564907703
26.3819535018
-7.12984971493
-20.4175702242
42.9667374139
-16.2393596604
54.821686032
-20.0328286003
19.281197049
-2.75719198214
-13.6258777581
21.9896528147
-13.9324330132
36.7139028559
1.499996205
24.4724413719
3.61197441719
-1.22602039346
8.04563139803
-7.07168584652
14.1142142332
1.79382378989
13.3553818061
7.66738372824
-0.575834659079
4.36935842846
-5.37109410705
3.58730640932
0.833612458833
6.26929513005
9.17066395205
1.85131450606
6.76172723715
-2.03521722637
1.94083377036
-0.779499586328
2.43751385349
169.850732777
-39.3737764958
71.3246655243
4.4142476706
14.3417254964
10.7165175806
-26.3627945671
67.7720881867
-23.7588430284
58.9891331733
-21.3630840589
27.9363802366
-13.6678551735
-17.9910048979
28.6444110888
-15.0260774565
41.2760939576
-3.02601311355
27.0543771944
-4.06401900057
-3.59353223478
8.02208216845
-3.16170849837
15.3960276987
-1.66193848799
22.2439668401
1.19501111429
2.0517853252
1.47027315919
-1.91202305176
5.74520273806
-0.630489822634
14.5782894373
4.25575291038
6.27351564197
0.0438561316578
2.72068712512
1.6279546247
-1.63072649677
7.67589763885
209.715328768
-66.4397778448
99.0440107176
5.99134939584
15.4055008441
57.7927913118
-27.6048019695
103.561428057
-13.8042058243
52.1330647978
-6.6736563024
39.891128163
-5.00833550411
-32.7206070241
43.4742239079
-9.78025060264
29.8254920785
-6.26874362704
21.591893915
-9.7972984859
-7.79581344609
13.4706721113
-3.46817021366
23.8419296135
-5.44363004829
15.6674694178
13.7192604725
1.56376055795
3.09578642294
9.44244967622
8.17389421501
5.47286582203
14.8986102072
6.66953320393
7.19432416378
-0.0131982514196
6.88764678723
-0.420476057209
7.72961670217
3.71195773881
462.710898038
-356.063694032
397.357304888
11.8475934835
-115.639314063
412.207395932
-281.700839794
336.2910484
-50.4837062427
6.69431026127
101.904096302
-38.9801309774
118.947885321
-172.188799464
157.906782046
-37.6452414363
-22.0147804846
66.6126339147
-38.9107907915
51.5162921101
-25.2648156727
38.3354002823
1.01641638655
50.284452298
20.3201546984
-35.8008845059
98.5095014947
-7.65759966751
-26.6163847736
79.6579701863
-32.0895061058
33.485673113
10.1306608596
-12.5462790023
41.8103067266
-22.5748595582
24.3921202143
-22.7703933959
40.5415213809
-4.02873108109
1045.41459536
-1042.97354712
1158.40683341
-1.69567811088
-439.059505526
1239.31790764
-974.433140441
959.920694473
-224.291345444
-39.5730602533
310.966761629
-189.697911997
328.007144559
-440.318965885
409.424581517
-145.056974403
-47.9920766546
131.624646748
-68.8401461334
107.122144663
-3.31851407206
10.4662614724
81.6656814583
64.6695037033
58.5293843226
-59.4955687053
164.746393014
100.739883965
-206.39869477
323.20441171
-176.685717239
137.538837095
10.8588184939
-92.8544995161
199.997608897
-149.388816998
122.920923419
-112.31410499
136.121700496
-39.4838559175
1514.7431269
-1585.65543482
1843.07351686
-148.071858125
-560.439276526
1790.09135083
-1512.10292151
1591.9606028
-533.098759106
182.853850145
293.726237742
-111.430026483
327.290274608
-497.884601308
554.648933725
-236.825525262
42.6999634391
60.9866418191
47.4473294535
-9.74229869877
147.429712938
-189.504291643
304.523121586
-77.9961364559
161.978651627
-72.5141979149
166.298342643
221.041304953
-399.253448357
598.263649552
-419.798099653
395.145644382
-142.157079325
15.0950467942
220.691642125
-194.285871514
197.17335854
-189.382103392
247.04412472
-141.649176307
1560.28438297
-1610.99174975
1908.9160238
-447.296673213
-226.987589817
1374.74393433
-1280.85464278
1564.17481973
-715.899618282
561.612632377
-83.7425957218
195.002810628
55.0192649464
-276.235126991
398.00205977
-132.766170349
67.2907360285
36.3191977011
126.350969027
-147.48466371
272.930370536
-364.20477954
469.164315175
-269.981081183
316.644190497
-132.005655834
164.420711097
178.045563938
-369.213527497
559.969994055
-450.184344332
461.402209855
-238.336437815
181.032713414
50.8026462414
-81.4910019532
126.769100995
-141.061559951
197.195838523
-137.879097961
1366.35632012
-1399.71111969
1543.66775665
-391.638607235
-156.753447749
898.543571278
-831.58679995
1082.74587152
-537.997447782
514.3460919
-216.807879176
256.703848039
-82.1861578977
-197.844132056
297.381976355
-87.4990198744
48.7620103724
14.9387321949
165.27086464
-173.6237948
200.838575706
-225.762287915
313.175817651
-148.156630459
186.660013635
7.10672462998
40.5367876714
178.734100608
-275.18660876
337.485836606
-191.098582371
151.504944627
-57.7441462296
78.5637216247
26.2290460911
-71.3817884084
73.8150023662
-81.8241441096
100.840364382
-77.5624611968
1708.01620978
-2076.27228094
1944.58331654
216.447376745
-1368.05484245
2070.16031236
-1362.20931255
1002.88174961
-24.5175979264
-302.70915387
381.336382049
2.99041002501
-126.914970463
-335.272501858
487.684169286
-213.213447715
-127.082937124
8.60258134385
351.008754222
-320.874355275
149.131293957
24.8284838876
133.857996924
162.651358484
-163.346790701
322.421214069
-55.2105479369
331.765557518
-442.386207956
363.408236891
184.559576644
-427.209925216
308.412176338
-134.746298713
126.209580031
-160.112857342
-26.2079595322
59.8331627749
36.4608067055
-88.8025750817
2883.40126052
-3980.93023778
3803.13768088
669.806457766
-3337.0142257
4860.57673025
-3001.95137793
1682.87343062
486.735224381
-1298.923467
1364.75245548
-333.394238422
-147.547619032
-536.15062851
922.18264468
-503.463222142
-314.371791943
102.997137334
541.937297126
-567.084996136
171.789424499
229.120432417
16.0886166528
400.368870368
-427.355101042
564.307145775
-5.11766085544
455.101124026
-714.734421479
688.564322895
349.646894202
-809.673205887
644.797443677
-254.46356421
279.807235729
-288.16770348
-31.4145939725
169.881451884
43.2367257861
-175.861434602
3431.73688249
-4649.21765767
4635.54887922
640.546348981
-3744.9836077
5798.41372621
-3528.57463321
2055.94785891
539.002684251
-1242.01161728
1537.70251515
-325.846283997
-40.5566475623
-482.233229054
1022.61743391
-572.041183551
-226.988961715
152.43390078
523.758186976
-588.204874321
230.355996701
202.499711757
53.4855090674
276.01942924
-309.524866972
557.417076159
-42.418969392
447.219555546
-611.93760277
737.862132774
211.252005532
-585.98813377
571.525847091
-128.984537524
235.729544465
-257.311535508
94.8078222897
147.859863848
4.73089708511
-146.083146871
2843.93817385
-3485.24807079
3452.31191205
549.734244847
-2464.56735994
4008.09022944
-2319.19689282
1533.86394704
308.322328118
-571.459323986
777.325289118
67.2721550672
-46.6175175285
-407.473182016
685.938566981
-221.494237047
-280.368532687
117.924761264
394.227434752
-445.982594421
334.088706971
-165.889708288
372.202530522
10.6798868512
-77.3736474715
355.647153953
-57.7167630549
531.174511367
-574.929948476
595.878465411
145.827115361
-253.483753755
217.793363296
39.3789324412
133.662301085
-138.756145799
26.6691384385
54.47240031
102.450731361
-165.010011692
2382.85311671
-2784.06424022
2823.50092739
440.837806749
-1752.52621496
2998.34627296
-1485.222791
1114.4152817
171.789385072
-177.863557705
337.238959603
300.318925152
-213.758458635
-267.877454232
500.926403937
-104.893272566
-397.776011611
145.001560506
398.696000002
-566.85154346
444.124937463
-293.314357169
473.796156077
-116.167912995
-14.3778425951
329.016922422
-64.5225995094
479.052023816
-527.277057444
567.592891394
105.72097136
-198.409646336
113.337865059
145.295863114
33.4505282738
-108.399243138
28.9736224229
37.4207663436
112.666615724
-201.126612423
2705.85391648
-3307.51441697
3122.6521505
823.41774545
-2411.04422355
3531.35284122
-1530.49771178
1065.31422424
373.845354165
-401.248573047
700.924652227
94.9758739782
-69.2414575311
-272.749512956
504.841709607
83.4518775803
-526.171033881
72.1732356849
746.042085899
-689.044513214
214.105535094
188.38850106
177.096795907
69.724610076
-155.545802957
509.898419004
-73.2381514353
331.412789884
-276.524355547
277.094582844
469.750130334
-497.25269296
197.43712324
249.171151344
-1.78497301426
-173.01858258
36.1912646446
252.980778428
-114.091413194
-95.2612540897
3803.8501706
-5169.8923468
4408.27031301
2045.24014928
-4885.42422832
5766.63069192
-2235.40322926
1057.11266121
945.200975816
-1267.33216824
1785.81314984
-632.080808537
360.749580748
-655.007127258
688.482321529
439.29509179
-1123.48947716
84.3733633112
1408.38680651
-1138.13459558
-140.348757336
1001.65752152
-342.372490076
382.292975618
-437.845348762
853.116225515
-115.655064253
310.027441826
-173.88653464
2.85658041444
1211.60148754
-1188.98990798
395.768889852
476.810074809
-44.9011783791
-363.928380806
51.7497785408
572.961582483
-420.415324101
-12.6675159633
4849.28359095
-6780.90726438
5676.29537539
2868.32899953
-6814.08136824
7781.65557805
-2913.40490905
1094.95480447
1449.66643128
-1653.32281013
2356.38116889
-993.754900278
761.430161746
-909.011886734
863.163929318
631.544831106
-1442.10669782
184.728308806
1764.20262566
-1550.85906542
-87.4751630945
1328.39456699
-620.049231331
441.461359327
-416.09418604
993.747477695
-300.215261979
457.043095114
-198.093990351
52.5186183654
1267.72075617
-1280.66887802
534.087391497
514.845521526
-50.3434766363
-454.486956086
291.865364955
497.007900671
-475.013159673
35.8525559066
5406.24607353
-7731.89097096
6409.50748572
2907.72499741
-7236.93581699
8126.24047147
-3135.14204751
1562.7592638
789.354440958
-1060.88553077
2005.91134544
-796.889419986
817.848952159
-1234.88455373
1232.25023773
565.78767205
-1467.29633769
-117.266746665
2422.54548397
-1994.24273333
-76.0983441733
1426.23133864
-432.228478509
229.399610953
-487.001863137
1331.30922104
-628.312917275
826.055660704
-632.75326536
391.895672702
1214.73790073
-1286.05606883
415.955266134
555.248757283
322.629419566
-1067.57140386
636.075311072
487.881794153
-462.858135819
-159.7460283
6474.8215017
-9599.96344819
8198.53047077
2774.1810266
-8548.62261345
9706.51768185
-3866.22218211
2111.06213976
-110.263530374
-122.714333574
1728.78477077
-1180.20283478
1317.97049064
-1719.84953205
1512.53645174
490.270904384
-1611.93163661
-418.864821036
3186.04197612
-2711.49834986
-133.926264806
1897.07205338
-674.03325219
103.933669674
-463.629339607
1639.50441383
-974.655963772
1057.97737945
-715.318737901
440.545512532
1292.28337389
-1287.56736399
301.405131884
657.995889056
549.124714514
-1491.77298603
882.627821775
543.505790973
-597.364440307
-170.773218389
7064.90088983
-10536.9961104
8930.51000849
2866.34742638
-9097.33145396
10000.0
-3657.74544172
2219.40277318
-695.960541678
502.620566795
1876.34595211
-1724.45421525
1687.87138386
-1524.88683278
1216.39287831
671.671215427
-1577.05290675
-443.180136226
3155.28353394
-2519.60871118
-402.692833876
2080.69088676
-503.885793818
-324.11726392
-92.9654793336
1613.62809303
-973.4466637
754.967796773
-203.968692025
377.286763429
806.748134663
-753.147337566
252.441788685
487.968921247
486.313219327
-1178.53188231
689.570253737
576.92774611
-641.110648197
-153.833192105
7453.28599115
-11111.7262296
8919.32238455
3412.05069137
-9385.25346493
9242.94960564
-2643.49176482
2059.15956501
-1507.25170921
906.596854406
2273.39742183
-2423.78072437
1626.34375391
-939.373338038
476.080988786
966.097458272
-1550.8215389
-829.849306412
3326.9079732
-2271.78355581
-1005.31748062
2210.67781026
42.9754661746
-992.094931241
-47.7375095914
1980.58089763
-997.055130535
254.413512774
324.464644258
378.491408203
408.581288009
-261.93157022
-18.658728775
478.843008767
707.162667601
-1311.43049694
427.138729206
914.638936776
-628.85041525
-646.259044825
8425.03944206
-12026.267298
9319.69226428
3853.79452796
-9974.18106495
9433.94143249
-2313.69617853
2189.21878498
-2153.20104309
1485.58973727
2702.18550571
-3327.91880503
2022.42505303
-341.931977925
-424.642931595
1369.65532506
-1363.75117871
-1261.10211282
3581.50948211
-2419.25752814
-827.840166263
1814.34936723
348.105966932
-832.782549864
-768.54261171
2759.82517282
-1229.25844123
-107.115611611
873.299895526
85.5025013061
484.003654839
-275.733626299
33.8651239052
521.133688416
467.069478116
-910.810143602
181.787449994
773.940760178
-188.82167825
-986.898216971
8366.9725617
-11294.7937014
8177.71955018
4874.07328633
-9834.34040077
8499.54207145
-1619.39146097
2490.25198961
-2448.03382948
940.001954437
3945.79087986
-4037.83329845
1784.86280601
394.362782744
-987.315030599
1550.92576006
-1223.62973748
-1397.26015951
3500.42153156
-2286.44388557
-205.041635625
700.908454573
784.235957747
631.846387552
-2918.78043337
3917.62162148
-739.980902195
-828.243473263
1138.2939866
-196.628312749
1441.38709994
-1436.67172414
489.352663156
779.748143157
-232.332429979
-286.935976265
-133.947977152
325.526285075
547.697160013
-1177.9066987
7694.80921628
-10115.2443407
6769.03022255
6811.11249674
-10979.2143067
8394.59562231
-494.340069723
1935.52537523
-2194.06306758
123.781220441
5482.44558794
-5030.99596383
1441.21867953
1130.32981442
-1273.65895958
1044.23340107
-800.741451058
-1675.14979925
3313.06250939
-1982.09007417
-441.097641419
546.14682468
788.449988789
1558.2337249
-4380.29256198
4786.42267416
-223.185309027
-1597.47751822
1371.2636531
59.9175698299
1788.73347603
-2230.61213174
1132.21669884
692.199755124
-306.840163484
-329.983680726
-89.207677224
194.391890712
637.393644697
-1106.20650817
6658.75861202
-8335.56197046
5111.59630903
7056.28178948
-9928.00029963
7082.76838137
132.323611954
1839.55711876
-1934.97534774
-57.9276580516
5205.57980968
-4112.07234233
812.763544202
1076.43737856
-402.373896232
34.4592593607
-121.136544032
-1534.91495331
2529.41966061
-1218.21515484
-846.728995956
754.93611449
452.922093577
1379.97458668
-3407.81101772
3481.29075719
238.59597703
-1152.78484745
659.194543127
572.59104656
1318.49378266
-1703.71260576
1028.8695236
420.481713645
206.002967727
-688.70035635
242.907401975
273.131160891
122.635434937
-480.355546337
5177.83208981
-5662.05166365
2398.6640796
6365.69611381
-6123.87964562
2758.78294323
1504.58302038
2222.52810654
-2171.18938529
-390.791679701
4164.70239591
-1780.72212835
-1053.56982052
1082.90476785
647.047354405
-806.615930367
7.07137997796
-1053.69486339
1575.43211054
-460.901057003
-938.333270573
401.010581054
514.26381247
1088.33394413
-2025.84281443
1301.38359122
1373.77592793
-546.118395331
-523.762490415
1057.23653616
1109.27009759
-869.616379428
-60.178739164
769.057520977
607.475485577
-1031.84632061
167.038247464
371.820438264
48.0314460385
-389.676492354
4233.16012396
-3947.29209586
801.822111792
5815.59443385
-3734.79526234
-43.9081131274
2655.6027098
2250.62057125
-2414.41260621
-506.15371818
3721.81543624
-540.149111227
-2388.13960515
1443.78657463
1129.65816975
-1247.45757199
-198.243609489
-491.584129836
1228.65243657
-591.805820126
-737.136076873
327.619347191
429.74575517
804.004834756
-1379.95260203
518.678310941
1636.81294223
-359.476260138
-830.486519373
1069.60871463
1112.00375302
-585.935637613
-582.757128297
1058.00906989
690.331060642
-1141.59415611
37.7067845683
576.373044038
100.977867422
-656.784805362
3897.5508536
-2700.96194124
-282.139680061
5270.02035653
-2076.00232808
-966.704965182
2144.52526238
2583.80006163
-1623.61795516
-1294.56129492
3265.09023808
382.623510552
-2453.61726597
741.481305875
1354.40232632
-730.396431625
-809.115065988
-206.308368629
1166.09884588
-653.545030323
-554.38425934
378.76319959
235.686918421
718.091516452
-702.625224395
185.692689916
1211.16856478
218.189672496
-424.803497521
271.593575368
1155.25957771
121.591715846
-825.987240303
513.064049016
880.988211105
-561.101504754
-572.285881404
335.270142323
490.55270194
-645.090359159
3395.51355879
-1842.05126741
-1077.281671
5155.18345427
-744.84270556
-1827.48023875
1606.8541469
3502.31234298
-959.714914343
-2535.0573813
3270.8130001
1575.13416581
-2661.14146592
-419.776873085
1984.0140282
113.26041547
-1907.24116765
-254.625679336
1533.93267824
-560.528072823
-953.617848729
275.354322793
477.980841339
612.056743123
-545.968492169
-49.3713694197
1103.51070296
699.656012326
-299.536976681
-318.959571292
1400.87842825
764.430469412
-1056.87063149
29.6916921985
1259.25538614
52.2232000427
-1157.11073687
48.6874331492
1001.33184677
-486.624024425
2957.36944875
-1838.32391082
-980.872541772
5151.39952566
-597.591765585
-2116.95659116
1451.60946061
4007.47570571
-947.338273414
-3115.90625415
3435.78978031
2145.53889876
-2790.64009581
-940.567542571
2299.34131001
666.980820371
-2267.10944506
-559.593026504
1906.1187391
-346.959226018
-1125.32584953
10.6829421583
648.531832061
836.97843316
-749.864295837
-232.382362515
1079.83817405
949.627253415
-348.38254685
-686.343383973
1437.72869548
1083.7950788
-1150.68438427
-323.161410573
1357.56622501
392.313277165
-1249.66754884
-329.165018369
1239.29147066
-191.90882214
3035.47684562
-2519.4849892
-654.508117606
5607.36999407
-856.076259283
-2298.46064744
1370.26456894
4604.85314052
-1099.67951008
-3603.72085108
3470.42099368
2753.92403963
-3072.65611352
-1459.22487636
2469.05692192
1001.83567067
-2384.93347863
-1220.54022653
2301.31202472
-243.01285911
-1245.99355415
-195.278728545
582.497802012
1227.61463077
-757.161141096
-386.862795347
949.560980586
1409.93488544
-75.9842293449
-1084.926037
1270.96816713
1829.66719778
-1016.33366701
-1014.94050538
1473.30315546
1020.1166174
-1314.82380308
-1131.02863627
1503.33532813
361.055603333
3012.93709823
-3428.40238431
-330.088435669
6197.59656388
-1007.52498201
-2767.65524119
1271.93387266
5490.30115099
-1116.62118881
-4232.10656326
3441.99011856
3799.29134204
-3135.64599353
-2280.66884106
2799.00740431
1785.3356309
-2498.5286322
-2011.48547719
2666.75092228
415.537153047
-1641.26426136
-692.936639462
862.488292244
1503.80361352
-931.544442823
-807.130925203
999.782479396
1733.86043951
-218.14974525
-1355.79939272
1169.81031038
2200.27930389
-881.790481545
-1480.8807931
1517.73633887
1531.37386328
-1289.78096229
-1461.58795882
1552.1779512
908.857569563
2759.48191512
-3559.22733782
93.448352531
5743.41788127
-578.413839619
-2626.41542775
759.047561428
5422.37580481
-622.528431494
-4186.15821356
2665.22271016
3926.78601225
-2522.22383767
-2589.23222991
2297.9632429
1982.71997597
-2141.35542538
-2087.75267803
2259.18003889
663.278395516
-1483.6635486
-583.911638331
843.582183716
1153.80509772
-530.196006804
-465.380868461
745.694556663
1291.62223856
161.925919925
-764.423739976
534.266145685
1639.79550758
-188.014064069
-1145.20944404
719.730146377
1157.0721605
-612.5771714
-1222.27372699
708.828555171
795.184337725
3040.01389026
-3081.50247989
-316.451988751
4879.27122228
381.816118835
-2041.8116231
-38.8267369425
4812.18106999
314.584372372
-3446.15072763
1635.21079478
3437.77982292
-1490.76871068
-2136.54999793
1365.05355982
1557.2804035
-1249.1550138
-1633.57878529
1360.21250789
256.149733724
-687.228231102
-183.763850071
107.268356443
643.761543765
302.369425771
26.0050698054
-53.724088884
876.262620618
999.912235348
-289.209051658
-281.042728301
1328.71284114
697.561611502
-805.028207842
-46.6955757876
985.587726462
162.461214183
-1034.13059964
71.8919942964
665.839683194
3400.76656755
-2663.12040596
-734.85952139
4213.30850269
947.870541114
-1568.8126892
-613.293181313
4213.20340409
824.455047163
-2740.42816117
845.874279851
2841.32979776
-597.418584356
-1703.55216606
603.325687957
1277.17871091
-576.929560526
-1206.33838029
680.770235523
-25.6291720142
11.6456044076
-53.4377276666
-241.951298863
282.070115125
603.221638466
429.279963492
-519.560547414
476.464322738
1209.48009576
102.565246943
-577.587579415
713.621781484
967.788347632
-356.425716443
-477.785753005
570.828316669
451.967696831
-684.395920872
-241.161073614
328.499991995
3597.7265627
-2307.13143705
-913.3784116
3705.23630669
1068.83326
-1131.61998842
-959.756355641
3811.35277635
921.922348394
-2355.54242455
512.728366391
2281.09182559
-302.992453227
-1527.28553429
320.251858933
915.455653799
-580.118593246
-880.829561878
569.424979553
-584.093468986
95.8951913826
324.677932334
-212.799950003
-287.125449607
490.589004686
1262.16642859
-683.385443432
-168.392914744
1371.90601474
832.536498233
-747.921959828
-8.94364822467
1310.14509185
219.462623526
-878.726074867
91.3274732202
819.690543019
-519.124383772
-554.340571815
58.5562423393
3866.42724895
-2249.02736623
-1196.80364698
3682.63791794
1032.67982318
-928.330015086
-1115.48964803
3684.83647057
980.18897368
-2179.0538166
568.881309299
2080.3857595
-336.485373536
-1209.82259195
466.234765051
562.82069902
-675.248330577
-548.68705106
792.054094751
-1097.2899761
-74.1234193281
773.257273671
-187.887871018
-764.016069407
326.881881874
1649.24936956
-744.716116742
-579.019254236
1396.8871756
1019.24636414
-854.561459168
-118.869534
1376.21734045
241.612148643
-916.495077197
225.299342863
849.539415943
-641.062769194
-440.431246099
284.232733096
3668.52434844
-2245.97087172
-1069.67237727
3538.08177053
1103.45113925
-798.917378031
-1123.8710277
3210.79113111
1262.85259603
-1914.75488107
288.484188265
1717.34788189
-121.2136692
-789.014389758
20.841022955
420.287873985
-514.854555958
-319.662663099
543.925200374
-1052.02567619
-2.74879577823
697.109639789
-73.7800052197
-630.676223766
279.243803638
1343.28206005
-343.628434965
-403.941463516
1126.16305044
766.911744358
-434.906317106
64.6345308249
929.246898038
177.259823286
-643.110585864
313.165874067
473.763472129
-584.11257372
-336.568204493
230.231695805
3485.73124179
-2211.17265053
-991.536518121
3018.67043618
1516.16848307
-730.003082566
-1328.91067728
2830.11066134
1717.84047173
-1825.56708178
101.303676479
1484.66051815
163.040253602
-609.877645899
-199.16780328
499.216034921
-610.405711361
-166.588215978
532.832507783
-980.85724685
-241.452705539
657.597854854
191.397825471
-705.003779547
14.5939143968
1196.09912465
20.3754043083
-499.752289357
821.024074708
726.141242999
-170.816701585
30.6193679567
696.404956564
193.280442316
-451.853327429
320.63081521
365.12590827
-524.513529149
-272.046046693
307.71913624
3350.35115067
-2233.57543631
-638.787312827
2569.28750436
1680.79511528
-698.214733137
-1180.16752909
2490.53998713
1676.9997077
-1707.63881864
301.884120531
1045.06074141
203.271006369
-516.593084082
-73.0320199899
333.045567383
-731.063720296
-50.3642465507
642.141347744
-911.589408942
-401.869068716
641.014607636
424.521910043
-602.88402806
-118.774693058
1060.07780171
287.197015805
-421.601989329
612.040737369
654.360450798
-33.9091276174
8.47661528821
565.978413711
166.180970686
-404.094247896
169.501542188
372.591017931
-436.854209573
-384.84130184
207.080897913
3352.77659144
-2019.75216338
-674.127372895
2231.88230634
2001.06260786
-531.864148372
-1155.07602799
2172.01809472
1852.73690704
-1533.45870388
363.119667806
858.425771133
134.102432407
-489.841555278
181.375780935
183.037374954
-1016.2775054
-134.281327254
998.544634441
-881.646662771
-940.664556325
627.022530807
840.51497122
-610.097493773
-478.698845601
1031.38644094
659.670500645
-442.531495289
428.691273246
801.832050603
25.7848901244
-22.2996089085
698.670896004
254.94126098
-558.938222988
100.09142682
678.364024919
-398.892201368
-759.282875831
222.016079592
3606.11085101
-2093.36716703
-868.561474042
2099.84215695
2201.40371387
-630.972249126
-1094.61614199
2041.80835015
1745.5023218
-1362.52799589
560.513542227
748.626612244
-78.173719327
-340.503327914
640.595111509
22.7725638588
-1270.30506021
102.764992766
1240.74087631
-872.845787364
-1148.50235728
679.097914963
989.700327426
-681.160837412
-474.876658762
954.193970539
488.507156194
-334.33441954
445.990782142
682.320533618
-169.603834355
17.0641966137
855.397154539
119.889086247
-647.009848863
204.921001993
688.22790389
-341.357375036
-690.495611381
270.104690225
3362.51507314
-1965.49346959
-287.664152451
1571.46405085
1890.60971678
-342.896488772
-664.653822144
1632.07563893
1151.76390361
-856.38648258
755.365796908
203.079863858
-170.440067918
-181.289084648
623.906807388
-92.8336779262
-1299.46617549
277.740153464
871.65636477
-641.87368782
-781.380481655
363.250873456
804.705047521
-318.536350663
-163.068714655
715.086279875
200.963107527
109.172984206
550.829490822
433.393912374
-143.358138717
60.8829809565
791.465098474
85.7686314411
-554.591781035
85.9791293284
389.537199631
-146.925759087
-495.825674414
-47.992203504
2996.68408567
-1672.28892914
79.9677203245
961.027103676
1677.84880888
-51.7436671142
-492.407626686
1402.8816406
877.668163909
-583.642540543
807.730049602
106.657133737
-138.684327249
-235.204796515
585.94462657
121.304996189
-1300.71408365
145.564711988
699.95720663
-392.903936294
-703.815982445
104.218831858
655.439159597
-183.346932792
-134.188072005
606.845735477
71.3520574866
95.9926198257
551.61992187
509.256093065
-155.856336942
-42.4767263649
748.526085757
279.035257987
-456.998396699
-13.2650921057
341.122866307
-22.9833787179
-381.003786427
-44.0221505512
2847.48061212
-1630.1496284
133.642458324
872.35621349
1708.76071121
-221.999536419
-404.651786356
1250.17663511
931.200890728
-626.2026483
775.289032548
93.875619342
-105.481190955
-303.060186139
672.158120696
85.9736834545
-1148.06306141
-8.90780540111
741.847027383
-247.206886837
-654.721124708
39.0121294443
582.317662921
-70.8138180468
-52.4359515676
503.095227976
78.5784971921
58.0066001671
519.179777678
545.263168352
-150.220941716
-97.8434553145
563.510633913
352.97402426
-322.727950186
-123.116006769
185.686304784
5.4609600755
-254.339023828
-45.8777710806
2734.06966079
-1532.98352971
63.7669848561
847.393489829
1901.78215886
-187.943671814
-439.975604209
1007.65559092
1232.61040713
-606.037790541
659.155422147
38.1576106594
-21.4903149689
-361.01699894
605.553736289
111.641489336
-1081.86267909
-280.27836745
758.325347724
-91.8665504027
-682.280728073
-150.611326596
558.705525503
100.801517563
-68.8119357202
439.786787265
129.586422851
72.4706753324
510.167113285
641.729007712
-75.1006575465
-178.951992417
509.671328584
496.41802329
-250.251343688
-226.652638601
124.957834553
71.5455534749
-237.643083279
-99.2382293684
2679.57224154
-1532.01758484
6.86396186345
880.752343922
1816.65502031
-145.040315386
-481.355565543
1003.42427434
1269.86833882
-662.439399879
756.687170725
78.2888876755
-21.1851180179
-311.854635941
582.669802864
240.087803809
-1058.72569445
-209.828575689
703.980035786
-134.687699632
-547.301852137
-101.178500492
468.063893108
-5.32059065725
-82.346725228
577.618369551
-2.2252193062
42.9069320689
430.325638918
594.98956422
-13.189127808
-144.421430823
476.154319428
365.192875355
-244.676163981
17.8042211934
90.7350334293
-3.4604874908
-248.760469826
10.8165473485
2694.91751325
-1536.47362272
46.6964481801
925.063826569
1507.41408195
138.288423261
-384.512813693
845.356482311
1091.01998565
-728.15337096
1050.37370717
31.7955277975
-194.065053184
-387.24381467
458.885461719
483.925891752
-993.0268904
-362.424934078
487.607651537
-151.727010508
-196.393825217
-104.900458882
264.011151827
-85.5574449981
-67.1276076659
854.483596121
33.776666492
-70.4252730084
284.567397643
611.511077549
309.605708008
-120.992637663
269.407116461
285.228212696
-203.893677483
206.694791312
79.1779087869
-132.122879419
-378.253851173
-39.5210493039
2833.31970022
-1379.01108717
-248.40673603
830.469119657
1420.89707523
403.668289427
-352.633076303
682.663941197
1031.08923042
-824.668079934
1237.95792529
301.202309245
-329.66545549
-605.371492174
423.038908006
839.470519516
-846.512290905
-591.687385839
377.160478039
-116.932099397
-110.250158085
13.6635337999
197.006882644
-278.300012019
-236.614315564
1011.87198083
200.615363505
-245.322944153
49.1880903043
640.905251966
387.156114954
-66.2920362067
236.639308359
247.348886814
-284.851633956
245.483490294
289.619023057
-78.1041491957
-513.25525463
-40.4101954052
2741.71613254
-984.854512391
-253.513586948
581.494975387
1311.60119906
411.439175023
-98.9782041865
634.654754037
757.844783486
-828.811608748
1116.61286817
464.19285626
-275.204637847
-749.146638101
334.319958187
694.38152501
-559.505570778
-444.707997673
224.858874842
-180.096602955
-151.011669954
260.726181506
316.425587881
-338.025875752
-248.341716998
829.780335571
355.161212497
-78.4113566721
10.091714504
488.663090296
179.060170342
63.2638518857
346.462586462
171.931231563
-357.255047858
43.8747050097
305.439417965
41.981173517
-431.503395418
-97.0881419699
2331.5110426
-578.14140271
-126.502945763
432.250069193
1185.54429594
419.90890692
74.3747646732
667.587567407
671.381175339
-702.119729016
800.431238347
584.866309131
-161.683649179
-713.539555295
157.816682001
490.491074266
-374.027558474
-435.447939821
201.059665028
-232.911423532
-312.583911503
293.603282314
407.800861026
-254.727792205
-298.427177887
589.858587252
545.763942173
-28.0588844356
94.1100927577
448.481655771
120.323557226
65.581916502
418.036091851
292.279031826
-324.968262614
-177.573452459
348.253007192
115.600540106
-371.780295866
-176.256534395
2113.29626654
-359.051832459
-286.139175735
455.175378642
1115.66144801
421.055326928
8.38446461757
773.152380389
646.954457208
-674.30126122
659.235831752
775.711986807
-132.332539227
-642.638835383
124.272769844
527.747614474
-344.214165022
-428.87355442
343.590380789
-245.565291643
-412.163696882
257.620745991
462.70984683
-201.253137306
-369.698550975
478.134347767
551.109385446
-108.083598914
149.185950329
433.04840046
98.1665512283
-35.2965819632
379.596778896
385.247199899
-245.278491828
-217.700628089
314.645176122
107.791372693
-272.125940099
-117.97986919
1993.4328002
-341.87553905
-305.612466918
461.539365087
994.017719681
564.854973314
-27.0824115084
729.848412087
483.899015717
-583.506375384
627.301742152
740.239821419
-122.591184868
-578.207511519
-25.9447002172
489.949166168
-273.240871575
-365.080849917
254.405402109
-241.084048521
-366.783441545
199.053675907
447.081023279
-60.0420659444
-335.530388989
343.57065431
530.955127377
33.1434023037
166.942036052
377.618025245
132.306962701
-28.9510154336
283.03577073
398.842261062
-104.200854788
-251.336641616
137.360188068
105.736549457
-184.374933331
-138.670702914
1881.08153649
-397.447522197
-281.540811531
352.057027692
902.266438236
694.959379077
-47.8519045282
666.958291992
387.603863914
-488.836619751
587.901034952
762.511488855
-73.1021159579
-503.412581975
-116.114563686
465.354217025
-207.770138773
-288.413899969
228.814676415
-255.30725994
-408.556323367
169.601214387
424.632760941
-22.2073466421
-347.28680028
255.507831264
446.509580615
19.0924486764
201.356128541
378.211580197
74.5539914869
-61.7883449059
278.055712509
426.02584699
-71.2120900581
-207.62124894
153.822087297
68.6635031683
-156.858613297
-39.9785385499
1850.32848148
-399.520498614
-214.152145326
373.51618757
833.386569795
578.246122554
111.538616643
712.662876873
252.07203523
-510.802339897
572.459787594
739.356823781
-132.092630094
-359.946810295
-68.6987189885
284.058220747
-296.654613222
-133.768916268
328.030124243
-296.011052011
-396.789100002
206.401067193
337.780981376
-16.7095992666
-167.326797768
320.879073368
295.503116489
-61.9933328349
294.837345782
393.21007534
31.2872421955
-29.3600591785
245.057638403
288.303066778
-101.882871909
-93.4338311307
167.283096332
-53.9764908834
-186.896620037
5.97081224762
1721.43202602
-281.187638669
-97.0720745798
327.165900832
693.841403675
519.918018226
342.552915337
755.881280874
212.233887731
-491.450492996
463.933616865
684.161950463
-29.2903870184
-199.617321871
-108.962409057
78.0675353378
-339.509399064
-79.9148924428
351.106841014
-231.725111209
-411.228292377
54.6439787278
237.13455872
64.4376618839
-20.0383883348
299.711615497
221.898563144
-78.1957273702
261.46377197
451.033056337
161.984520858
9.95064587455
161.406750776
220.799448749
-25.2232558411
-22.6737788879
171.79681231
-28.5144110858
-234.135426832
-80.0373679141
1630.59492332
-113.188609527
-88.6525945366
201.382410437
558.57957423
519.391228582
337.951214997
773.019670903
294.722440896
-521.736080371
313.944512899
630.894147813
173.344559158
-133.206359611
-104.826638335
70.8184353582
-354.988217704
-70.7635146817
386.314348012
-79.028082153
-379.875169842
-105.005170204
229.172017541
85.6990690541
-7.1203081969
292.655313142
163.560794737
-94.2239573468
138.531510047
428.370594032
245.499898048
-28.3519426926
118.538415199
178.809286251
-7.56691400835
16.7617717462
163.585608079
40.169643222
-217.904452873
-105.986355916
1646.17590936
-71.1440586421
17.6668989907
181.091589333
404.04926875
558.620748251
277.367993797
855.462984115
331.04563236
-592.936006195
254.010750583
427.8805323
241.365800559
-59.1906151007
-116.888567382
53.3232773859
-483.238285944
-76.1131582853
364.436534402
-49.5102605744
-253.569076743
-138.15459331
176.102745362
73.6096673624
37.4259754467
374.613370483
160.671554787
-53.0171812774
163.514043121
368.399916191
248.200848253
27.9018230059
150.760146636
139.266295135
-57.6176570206
23.8908207933
135.911744227
-14.6651494148
-201.173289892
-101.110346769
1676.99832115
-186.307992716
132.082335097
223.853680639
268.293885439
554.844258053
296.911302504
991.985388847
319.229171698
-596.018239254
313.366903232
351.339352763
163.677012769
93.3150494335
-24.9382830853
14.1479703468
-575.969610491
-93.7500106658
393.455266136
-128.391976459
-214.010570944
-33.4279305678
31.5977676235
-55.4623651843
53.3471929623
433.450232946
158.793034253
-122.922634162
231.625074328
329.607692096
127.261561148
133.259811298
274.048183366
139.562113884
-117.149788304
53.438962942
220.088009712
-57.0566557408
-151.244127324
26.9637616293
1584.57165561
-255.178683824
229.360006336
326.079120943
216.973926948
406.895414922
388.263632006
983.263132222
225.111369543
-506.246001453
348.716573567
308.253118586
-8.28600238953
192.804542831
140.078910719
-67.9577486468
-522.892228029
-58.9536268489
395.836584852
-170.205520923
-138.609112014
170.287131911
-29.8343226438
-142.521755846
106.402147905
419.907014691
129.981925312
-117.338878709
289.347932468
264.875946015
-40.5671613702
137.675236023
296.483365219
79.7079704928
-129.820206699
76.2159629693
195.656716454
-129.597644771
-124.960315605
125.222384277
1532.72553048
-170.778479278
322.803409529
384.003716706
145.160206724
359.539742008
524.74334227
1017.41248187
226.057346411
-451.361712004
275.124837219
218.184849202
-100.263298097
267.431209266
224.833463724
-137.731007214
-555.029989941
-144.892325199
341.813479938
-168.437250231
-54.1806769338
280.428557796
-57.8477088583
-205.195874859
95.241264112
449.705249097
210.379475845
-33.6972386623
355.195294109
246.62492679
-118.732621009
135.440934981
350.472698742
133.78047896
-119.423525135
46.3884958765
142.600886531
-216.136947366
-153.546366603
167.422171408
1572.14818166
-189.176036654
299.138831768
351.610427697
85.2204267777
315.786935145
610.075314168
1112.07964562
240.343942915
-453.624649034
276.451426041
185.435960811
-80.8063104274
374.061201085
351.130480117
-132.324864687
-615.484533376
-148.082678277
301.551788046
-163.145122933
40.6007992506
318.108748557
-132.061106834
-325.478743931
58.522163141
439.874758609
185.918552283
34.3344088214
368.446243464
133.902304892
-183.670837822
165.527546333
399.728089987
152.025163773
-58.730341237
101.922192704
71.7381885952
-233.049284945
-46.0493362477
223.261355939
-13.2105718389
-194.488786358
-46.8108738594
9.04025987593
-145.984650107
-66.8927263121
184.028019277
61.3557706225
-125.750735071
20.9628369026
114.776898553
8.14713262138
28.7359079849
177.12642427
112.871548791
-59.7615336601
13.0805097944
115.251278158
18.972777446
-13.1296554728
73.142221702
34.4282951209
-86.292622024
-51.9632683226
42.3688348058
-7.32056524269
-54.2564802995
10.1304358376
10.4958275406
-59.0047896071
-32.4382603239
42.4681543556
24.0513989661
-17.7998055411
18.2991204784
35.4323127358
-7.89528976364
-0.592831247254
46.683478086
32.5261485617
-4.83638645613
7.31372203759
21.6890209412
-3.96062003333
-9.37165654793
16.6753459692
10.2919154233
-15.2942028983
-9.05657719633
4.77266907629
-5.3263989727
-9.76896139843
5.65626159173
6.58702443837
-7.73482302985
-3.39490113084
7.51441202917
3.94923235215
0.18503871829
7.11991323848
8.24318743949
0.197115956316
0.32602958543
5.47708078703
3.19007239504
-0.2998843635
1.79904314797
2.13945967393
-1.83413754205
-2.11706127211
1.30299458693
0.45739981865
-0.930031742871
-0.00106164148693
0.477716716345
-0.644141297191
-0.349070266721
1.29587558426
1.18799692157
1.02278935311
1.2642569976
1.29901691619
1.01861067163
1.07589320315
1.34404610595
1.14956160134
0.735829881951
0.65722931526
0.484426481238
0.387757732321
0.387909893092
0.339394180867
0.247681439322
0.23135703834
0.257882969527
0.256133611901
0.306991091963
0.306734807144
0.277959603491
0.298961995831
0.325952708852
0.307389453309
0.29210112113
0.29273293614
0.261711047021
0.239166813159
0.23355713607
0.214261920418
0.189668961428
0.181867965979
0.172875019372
0.156674928907
0.14624619169
0.138527034402
0.128362171724
0.121550354828
0.119549045843
0.115125743293
0.108483143633
0.103058986451
0.0979060371285
0.0930107352721
0.0883601985085
0.0839421885831
0.0797450791539
0.0757578251962
0.0719699339364
0.0683714372396
0.0649528653776
0.0617052221087
0.0586199610033
0.0556889629531
0.0529045148055
0.0502592890652
0.0477463246119
0.0453590083813
0.0430910579623
0.0409365050642
0.038889679811
0.0369451958204
0.0350979360294
0.0333430392279
0.0316758872665
0.0300920929032
0.028587488258
0.0271581138451
0.0258002081529
0.0245101977452
0.023284687858
0.0221204534651
0.0210144307918
0.0199637092522
0.0189655237896
0.0180172476001
0.0171163852201
0.0162605659591
0.0154475376612
0.0146751607781
0.0139414027392
0.0132443326022
0.0125821159721
0.0119530101735
0.0113553596648
0.0107875916816
0.0102482120975
0.00973580149265
0.00924901141802
0.00878656084712
0.00834723280476
0.00792987116452
0.0075333776063
0.00715670872598
0.00679887328968
0.0064589296252
0.00613598314394
0.00582918398674
0.0055377247874
0.00526083854803
0.00499779662063
0.0047479067896
0.00451051145012
0.00428498587761
0.00407073658373
0.00386719975455
0.00367383976682
0.00349014777848
0.00331564038955
0.00314985837008
0.00299236545157
0.00284274717899
0.00270060982004
0.00256557932904
0.00243730036259
0.00231543534446
0.00219966357724
0.00208968039838
0.00198519637846
0.00188593655953
0.00179163973156
0.00170205774498
0.00161695485773
0.00153610711484
0.0014593017591
0.00138633667115
0.00131701983759
0.00125116884571
0.00118861040342
0.00112917988325
0.00107272088909
0.00101908484464
0.000968130602404
0.000919724072284
0.00087373786867
0.000830050975236
0.000788548426475
0.000749121005151
0.000711664954893
0.000676081707149
0.000642277621791
0.000610163740702
0.000579655553667
0.000550672775983
0.000523139137184
0.000496982180325
0.000472133071309
0.000448526417743
0.000426100096856
0.000404795092013
0.000384555337413
0.000365327570542
0.000347061192015
0.000329708132414
0.000313222725793
0.000297561589504
0.000282683510029
0.000268549334527
0.000255121867801
0.000242365774411
0.00023024748569
0.000218735111406
0.000207798355835
0.000197408438044
0.000187538016141
0.000178161115334
0.000169253059568
0.000160790406589
0.00015275088626
0.000145113341947
0.000137857674849
0.000130964791107
0.000124416551552
0.000118195723974
0.000112285937775
0.000106671640887
0.000101338058842
9.62711559002e-05
9.14575981052e-05
8.68847181999e-05
8.25404822899e-05
7.84134581754e-05
7.44927852666e-05
7.07681460033e-05
6.72297387031e-05
6.3868251768e-05
6.06748391796e-05
5.76410972206e-05
5.47590423596e-05
5.20210902416e-05
4.94200357295e-05
4.6949033943e-05
4.46015822459e-05
4.23715031336e-05
4.02529279769e-05
3.82402815781e-05
3.63282674992e-05
3.45118541242e-05
3.2786261418e-05
3.11469483471e-05
2.95896009297e-05
2.81101208833e-05
2.67046148391e-05
2.53693840971e-05
2.41009148923e-05
2.28958691477e-05
2.17510756903e-05
2.06635219058e-05
1.96303458105e-05
1.864882852e-05
1.7716387094e-05
1.68305677393e-05
1.59890393523e-05
1.51895873847e-05
1.44301080154e-05
1.37086026147e-05
1.30231724839e-05
1.23720138597e-05
1.17534131668e-05
1.11657425084e-05
1.0607455383e-05
1.00770826138e-05
9.57322848316e-06
9.094567059e-06
8.63983870605e-06
8.20784677075e-06
7.79745443221e-06
7.4075817106e-06
7.03720262507e-06
6.68534249381e-06
6.35107536912e-06
6.03352160067e-06
5.73184552063e-06
5.4452532446e-06
5.17299058237e-06
4.91434105325e-06
4.66862400059e-06
4.43519280056e-06
4.21343316053e-06
4.00276150251e-06
3.80262342738e-06
3.61249225601e-06
3.43186764321e-06
3.26027426105e-06
3.097260548e-06
2.9423975206e-06
2.79527764457e-06
2.65551376234e-06
2.52273807422e-06
2.39660117051e-06
2.27677111199e-06
2.16293255639e-06
2.05478592857e-06
1.95204663214e-06
1.85444430053e-06
1.76172208551e-06
1.67363598123e-06
1.58995418217e-06
1.51045647306e-06
1.43493364941e-06
1.36318696694e-06
1.29502761859e-06
1.23027623766e-06
1.16876242578e-06
1.11032430449e-06
1.05480808926e-06
1.0020676848e-06
9.51964300561e-07
9.04366085533e-07
8.59147781256e-07
8.16190392194e-07
7.75380872584e-07
7.36611828955e-07
6.99781237507e-07
6.64792175632e-07
6.3155256685e-07
5.99974938508e-07
5.69976191582e-07
5.41477382003e-07
5.14403512903e-07
4.88683337258e-07
4.64249170395e-07
4.41036711875e-07
4.18984876281e-07
3.98035632467e-07
3.78133850844e-07
3.59227158302e-07
3.41265800387e-07
3.24202510367e-07
3.07992384849e-07
2.92592765607e-07
2.77963127326e-07
2.6406497096e-07
2.50861722412e-07
2.38318636291e-07
2.26402704477e-07
2.15082569253e-07
2.0432844079e-07
1.94112018751e-07
1.84406417813e-07
1.75186096923e-07
1.66426792076e-07
1.58105452473e-07
1.50200179849e-07
1.42690170857e-07
1.35555662314e-07
1.28777879198e-07
1.22338985238e-07
1.16222035976e-07
1.10410934177e-07
1.04890387469e-07
9.96458680951e-08
9.46635746903e-08
8.99303959558e-08
8.5433876158e-08
8.11621823501e-08
7.71040732326e-08
7.3248869571e-08
6.95864260924e-08
6.61071047878e-08
6.28017495484e-08
5.9661662071e-08
5.66785789675e-08
5.38446500191e-08
5.11524175181e-08
4.85947966422e-08
4.61650568101e-08
4.38568039696e-08
4.16639637711e-08
3.95807655826e-08
3.76017273034e-08
3.57216409383e-08
3.39355588914e-08
3.22387809468e-08
3.06268418995e-08
2.90954998045e-08
2.76407248143e-08
2.62586885735e-08
2.49457541449e-08
2.36984664376e-08
2.25135431157e-08
2.138786596e-08
2.0318472662e-08
1.93025490289e-08
1.83374215774e-08
1.74205504985e-08
1.65495229736e-08
1.57220468249e-08
1.49359444837e-08
1.41891472595e-08
1.34796898965e-08
1.28057054017e-08
1.21654201316e-08
1.1557149125e-08
1.09792916688e-08
1.04303270853e-08
9.90881073108e-09
9.41337019452e-09
8.9427016848e-09
8.49556660056e-09
8.07078827053e-09
7.667248857e-09
7.28388641415e-09
6.91969209345e-09
6.57370748877e-09
6.24502211434e-09
5.93277100862e-09
5.63613245819e-09
5.35432583528e-09
5.08660954351e-09
4.83227906634e-09
4.59066511302e-09
4.36113185737e-09
4.1430752645e-09
3.93592150128e-09
3.73912542621e-09
3.5521691549e-09
3.37456069716e-09
3.2058326623e-09
3.04554102918e-09
2.89326397773e-09
2.74860077884e-09
2.6111707399e-09
2.4806122029e-09
2.35658159276e-09
2.23875251312e-09
2.12681488746e-09
2.02047414309e-09
1.91945043594e-09
1.82347791414e-09
1.73230401843e-09
1.64568881751e-09
1.56340437663e-09
1.4852341578e-09
1.41097244991e-09
1.34042382742e-09
1.27340263605e-09
1.20973250424e-09
1.14924587903e-09
1.09178358508e-09
1.03719440583e-09
9.85334685535e-10
9.36067951258e-10
8.89264553695e-10
8.4480132601e-10
8.0256125971e-10
7.62433196724e-10
7.24311536888e-10
6.88095960044e-10
6.53691162042e-10
6.2100660394e-10
5.89956273743e-10
5.60458460055e-10
5.32435537053e-10
5.058137602e-10
4.8052307219e-10
4.56496918581e-10
4.33672072652e-10
4.11988469019e-10
3.91389045568e-10
3.7181959329e-10
3.53228613625e-10
3.35567182944e-10
3.18788823797e-10
3.02849382607e-10
2.87706913476e-10
2.73321567803e-10
2.59655489413e-10
2.46672714942e-10
2.34339079195e-10
2.22622125235e-10
2.11491018973e-10
2.00916468025e-10
1.90870644623e-10
1.81327112392e-10
1.72260756773e-10
1.63647718934e-10
1.55465332987e-10
1.47692066338e-10
1.40307463021e-10
1.3329208987e-10
1.26627485376e-10
1.20296111108e-10
1.14281305552e-10
1.08567240275e-10
1.03138878261e-10
9.79819343479e-11
9.30828376305e-11
8.8428695749e-11
8.40072609615e-11
7.98068979134e-11
7.58165530178e-11
7.20257253669e-11
6.84244390985e-11
6.50032171436e-11
6.17530562864e-11
5.86654034721e-11
5.57321332985e-11
5.29455266336e-11
5.02982503019e-11
4.77833377868e-11
4.53941708975e-11
4.31244623526e-11
4.0968239235e-11
3.89198272732e-11
3.69738359096e-11
3.51251441141e-11
3.33688869084e-11
3.1700442563e-11
3.01154204348e-11
2.86096494131e-11
2.71791669424e-11
2.58202085953e-11
2.45291981655e-11
2.33027382573e-11
2.21376013444e-11
2.10307212772e-11
1.99791852133e-11
1.89802259526e-11
1.8031214655e-11
1.71296539223e-11
1.62731712261e-11
1.54595126648e-11
1.46865370316e-11
1.395221018e-11
1.3254599671e-11
1.25918696875e-11
1.19622762031e-11
1.13641623929e-11
1.07959542733e-11
1.02561565596e-11
9.74334873165e-12
9.25618129506e-12
8.79337223031e-12
8.3537036188e-12
7.93601843786e-12
7.53921751596e-12
7.16225664016e-12
6.80414380816e-12
6.46393661775e-12
6.14073978686e-12
5.83370279752e-12
5.54201765764e-12
5.26491677476e-12
5.00167093602e-12
4.75158738922e-12
4.51400801976e-12
4.28830761877e-12
4.07389223783e-12
3.87019762594e-12
3.67668774464e-12
3.49285335741e-12
3.31821068954e-12
3.15230015506e-12
2.99468514731e-12
2.84495088995e-12
2.70270334545e-12
2.56756817818e-12
2.43918976927e-12
2.3172302808e-12
2.20136876676e-12
2.09130032843e-12
1.986735312e-12
1.8873985464e-12
1.79302861908e-12
1.70337718813e-12
1.61820832872e-12
1.53729791229e-12
1.46043301667e-12
1.38741136584e-12
1.31804079755e-12
1.25213875767e-12
1.18953181979e-12
1.1300552288e-12
1.07355246736e-12
1.01987484399e-12
9.6888110179e-13
9.204370467e-13
8.74415194365e-13
8.30694434647e-13
7.89159712915e-13
7.49701727269e-13
7.12216640905e-13
6.7660580886e-13
6.42775518417e-13
6.10636742496e-13
5.80104905372e-13
5.51099660103e-13
5.23544677098e-13
4.97367443243e-13
4.72499071081e-13
4.48874117527e-13
4.2643041165e-13
4.05108891068e-13
3.84853446514e-13
3.65610774189e-13
3.47330235479e-13
3.29963723705e-13
3.1346553752e-13
2.97792260644e-13
2.82902647612e-13
2.68757515231e-13
2.5531963947e-13
2.42553657496e-13
2.30425974621e-13
2.1890467589e-13
2.07959442096e-13
1.97561469991e-13
1.87683396491e-13
1.78299226667e-13
1.69384265334e-13
1.60915052067e-13
1.52869299464e-13
1.4522583449e-13
1.37964542766e-13
1.31066315628e-13
1.24512999846e-13
1.18287349854e-13
1.12372982361e-13
1.06754333243e-13
1.01416616581e-13
9.63457857519e-14
9.15284964643e-14
8.69520716411e-14
8.2604468059e-14
7.84742446561e-14
7.45505324233e-14
7.08230058021e-14
6.7281855512e-14
6.39177627364e-14
6.07218745996e-14
5.76857808696e-14
5.48014918261e-14
5.20614172348e-14
4.94583463731e-14
4.69854290544e-14
4.46361576017e-14
4.24043497216e-14
4.02841322355e-14
3.82699256238e-14
3.63564293426e-14
3.45386078754e-14
3.28116774817e-14
3.11710936076e-14
2.96125389272e-14
2.81319119809e-14
2.67253163818e-14
2.53890505627e-14
2.41195980346e-14
2.29136181329e-14
2.17679372262e-14
2.06795403649e-14
1.96455633467e-14
1.86632851793e-14
1.77301209204e-14
1.68436148743e-14
1.60014341306e-14
1.52013624241e-14
1.44412943029e-14
1.37192295877e-14
1.30332681084e-14
1.23816047029e-14
1.17625244678e-14
1.11743982444e-14
1.06156783322e-14
1.00848944156e-14
9.58064969479e-15
9.10161721005e-15
8.64653634955e-15
8.21420953207e-15
7.80349905547e-15
7.4133241027e-15
7.04265789756e-15
6.69052500268e-15
6.35599875255e-15
6.03819881492e-15
5.73628887418e-15
5.44947443047e-15
5.17700070894e-15
4.9181506735e-15
4.67224313982e-15
4.43863098283e-15
4.21669943369e-15
4.005864462e-15
3.8055712389e-15
3.61529267696e-15
3.43452804311e-15
3.26280164096e-15
3.09966155891e-15
2.94467848096e-15
2.79744455691e-15
2.65757232907e-15
2.52469371262e-15
2.39845902698e-15
2.27853607564e-15
2.16460927185e-15
2.05637880826e-15
1.95355986785e-15
1.85588187446e-15
1.76308778073e-15
1.6749333917e-15
1.59118672211e-15
1.51162738601e-15
1.43604601671e-15
1.36424371587e-15
1.29603153008e-15
1.23122995357e-15
1.16966845589e-15
1.1111850331e-15
1.05562578144e-15
1.00284449237e-15
9.52702267754e-16
9.05067154366e-16
8.59813796648e-16
8.16823106815e-16
7.75981951474e-16
7.37182853901e-16
7.00323711206e-16
6.65307525645e-16
6.32042149363e-16
6.00440041895e-16
5.704180398e-16
5.4189713781e-16
5.1480228092e-16
4.89062166874e-16
4.6460905853e-16
4.41378605604e-16
4.19309675323e-16
3.98344191557e-16
3.78426981979e-16
3.5950563288e-16
3.41530351236e-16
3.24453833675e-16
3.08231141991e-16
2.92819584891e-16
2.78178605647e-16
2.64269675364e-16
2.51056191596e-16
2.38503382016e-16
2.26578212916e-16
2.1524930227e-16
2.04486837156e-16
1.94262495298e-16
1.84549370534e-16
1.75321902007e-16
1.66555806907e-16
1.58228016561e-16
1.50316615733e-16
1.42800784946e-16
1.35660745699e-16
1.28877708414e-16
1.22433822993e-16
1.16312131844e-16
1.10496525252e-16
1.04971698989e-16
9.97231140396e-17
9.47369583376e-17
9.00001104207e-17
8.55001048997e-17
8.12250996547e-17
7.7163844672e-17
7.33056524384e-17
6.96403698164e-17
6.61583513256e-17
6.28504337593e-17
5.97079120714e-17
5.67225164678e-17
5.38863906444e-17
5.11920711122e-17
4.86324675566e-17
4.62008441788e-17
4.38908019698e-17
4.16962618713e-17
3.96114487778e-17
3.76308763389e-17
3.57493325219e-17
3.39618658958e-17
3.2263772601e-17
3.0650583971e-17
2.91180547724e-17
2.76621520338e-17
2.62790444321e-17
2.49650922105e-17
2.37168376e-17
2.253099572e-17
2.1404445934e-17
2.03342236373e-17
1.93175124554e-17
1.83516368327e-17
1.7434054991e-17
1.65623522415e-17
1.57342346294e-17
1.49475228979e-17
1.4200146753e-17
1.34901394154e-17
1.28156324446e-17
1.21748508224e-17
1.15661082813e-17
1.09878028672e-17
1.04384127238e-17
9.91649208765e-18
9.42066748327e-18
8.9496341091e-18
8.50215240365e-18
8.07704478347e-18
7.67319254429e-18
7.28953291708e-18
6.92505627122e-18
6.57880345766e-18
6.24986328478e-18
5.93737012054e-18
5.64050161451e-18
5.35847653379e-18
5.0905527071e-18
4.83602507174e-18
4.59422381816e-18
4.36451262725e-18
4.14628699589e-18
3.93897264609e-18
3.74202401379e-18
3.5549228131e-18
3.37717667244e-18
3.20831783882e-18
3.04790194688e-18
2.89550684954e-18
2.75073150706e-18
2.61319493171e-18
2.48253518512e-18
2.35840842586e-18
2.24048800457e-18
2.12846360434e-18
2.02204042413e-18
1.92093840292e-18
1.82489148277e-18
1.73364690863e-18
1.6469645632e-18
1.56461633504e-18
1.48638551829e-18
1.41206624238e-18
1.34146293026e-18
1.27438978374e-18
1.21067029456e-18
1.15013677983e-18
1.09262994084e-18
1.0379984438e-18
9.86098521606e-19
9.36793595526e-19
8.8995391575e-19
8.45456219962e-19
8.03183408964e-19
7.63024238516e-19
7.2487302659e-19
6.88629375261e-19
6.54197906498e-19
6.21488011173e-19
5.90413610614e-19
5.60892930083e-19
5.32848283579e-19
5.062058694e-19
4.8089557593e-19
4.56850797134e-19
4.34008257277e-19
4.12307844413e-19
3.91692452192e-19
3.72107829583e-19
3.53502438104e-19
3.35827316199e-19
3.19035950389e-19
3.03084152869e-19
2.87929945226e-19
2.73533447964e-19
2.59856775566e-19
2.46863936788e-19
2.34520739949e-19
2.22794702951e-19
2.11654967804e-19
2.01072219413e-19
1.91018608443e-19
1.81467678021e-19
1.7239429412e-19
1.63774579414e-19
1.55585850443e-19
1.47806557921e-19
1.40416230025e-19
1.33395418523e-19
1.26725647597e-19
1.20389365217e-19
1.14369896957e-19
1.08651402109e-19
1.03218832003e-19
9.80578904031e-20
9.3154995883e-20
8.84972460888e-20
8.40723837844e-20
7.98687645952e-20
7.58753263654e-20
7.20815600471e-20
6.84774820448e-20
6.50536079425e-20
6.18009275454e-20
5.87108811681e-20
5.57753371097e-20
5.29865702542e-20
5.03372417415e-20
4.78203796545e-20
4.54293606717e-20
4.31578926381e-20
4.09999980062e-20
3.89499981059e-20
3.70024982006e-20
3.51523732906e-20
3.33947546261e-20
3.17250168948e-20
3.013876605e-20
2.86318277475e-20
2.72002363601e-20
2.58402245421e-20
2.4548213315e-20
2.33208026493e-20
2.21547625168e-20
2.1047024391e-20
1.99946731714e-20
1.89949395129e-20
1.80451925372e-20
1.71429329104e-20
1.62857862648e-20
1.54714969516e-20
1.4697922104e-20
1.39630259988e-20
1.32648746989e-20
1.26016309639e-20
1.19715494157e-20
1.13729719449e-20
1.08043233477e-20
1.02641071803e-20
9.7509018213e-21
9.26335673023e-21
8.80018889372e-21
8.36017944904e-21
7.94217047658e-21
7.54506195275e-21
7.16780885512e-21
6.80941841236e-21
6.46894749174e-21
6.14550011716e-21
5.8382251113e-21
5.54631385573e-21
5.26899816295e-21
5.0055482548e-21
4.75527084206e-21
4.51750729996e-21
4.29163193496e-21
4.07705033821e-21
3.8731978213e-21
3.67953793023e-21
3.49556103372e-21
3.32078298204e-21
3.15474383294e-21
2.99700664129e-21
2.84715630922e-21
2.70479849376e-21
2.56955856907e-21
2.44108064062e-21
2.31902660859e-21
2.20307527816e-21
2.09292151425e-21
1.98827543854e-21
1.88886166661e-21
1.79441858328e-21
1.70469765412e-21
1.61946277141e-21
1.53848963284e-21
1.4615651512e-21
1.38848689364e-21
1.31906254896e-21
1.25310942151e-21
1.19045395043e-21
1.13093125291e-21
1.07438469027e-21
1.02066545575e-21
9.69632182966e-22
9.21150573818e-22
8.75093045127e-22
8.3133839287e-22
7.89771473227e-22
7.50282899565e-22
7.12768754587e-22
6.77130316858e-22
6.43273801015e-22
6.11110110964e-22
5.80554605416e-22
5.51526875145e-22
5.23950531388e-22
4.97753004819e-22
4.72865354578e-22
4.49222086849e-22
4.26760982506e-22
4.05422933381e-22
3.85151786712e-22
3.65894197376e-22
3.47599487508e-22
3.30219513132e-22
3.13708537476e-22
2.98023110602e-22
2.83121955072e-22
2.68965857318e-22
2.55517564452e-22
2.4274168623e-22
2.30604601918e-22
2.19074371822e-22
2.08120653231e-22
1.9771462057e-22
1.87828889541e-22
1.78437445064e-22
1.69515572811e-22
1.6103979417e-22
1.52987804462e-22
1.45338414239e-22
1.38071493527e-22
1.3116791885e-22
1.24609522908e-22
1.18379046762e-22
1.12460094424e-22
1.06837089703e-22
1.01495235218e-22
9.64204734571e-23
9.15994497842e-23
8.7019477295e-23
8.26685034303e-23
7.85350782587e-23
7.46083243458e-23
7.08779081285e-23
6.73340127221e-23
6.3967312086e-23
6.07689464817e-23
5.77304991576e-23
5.48439741997e-23
5.21017754897e-23
4.94966867153e-23
4.70218523795e-23
4.46707597605e-23
4.24372217725e-23
4.03153606839e-23
3.82995926497e-23
3.63846130172e-23
3.45653823663e-23
3.2837113248e-23
3.11952575856e-23
2.96354947063e-23
2.8153719971e-23
2.67460339725e-23
2.54087322738e-23
2.41382956601e-23
2.29313808771e-23
2.17848118333e-23
2.06955712416e-23
1.96607926795e-23
1.86777530456e-23
1.77438653933e-23
1.68566721236e-23
1.60138385174e-23
1.52131465916e-23
1.4452489262e-23
1.37298647989e-23
1.30433715589e-23
1.2391202981e-23
1.17716428319e-23
1.11830606903e-23
1.06239076558e-23
1.0092712273e-23
9.58807665939e-24
9.10867282642e-24
8.6532391851e-24
8.22057722584e-24
7.80954836455e-24
7.41907094632e-24
7.04811739901e-24
6.69571152906e-24
6.3609259526e-24
6.04287965497e-24
5.74073567223e-24
5.45369888861e-24
5.18101394418e-24
4.92196324697e-24
4.67586508463e-24
4.44207183039e-24
4.21996823887e-24
4.00896982693e-24
3.80852133558e-24
3.6180952688e-24
3.43719050536e-24
3.2653309801e-24
3.10206443109e-24
2.94696120954e-24
2.79961314906e-24
2.65963249161e-24
2.52665086703e-24
2.40031832368e-24
2.28030240749e-24
2.16628728712e-24
2.05797292276e-24
1.95507427662e-24
1.85732056279e-24
1.76445453465e-24
1.67623180792e-24
1.59242021752e-24
1.51279920665e-24
1.43715924632e-24
1.365301284e-24
1.2970362198e-24
1.23218440881e-24
1.17057518837e-24
1.11204642895e-24
1.0564441075e-24
1.00362190213e-24
9.53440807022e-25
9.0576876667e-25
8.60480328337e-25
8.1745631192e-25
7.76583496324e-25
7.37754321508e-25
7.00866605432e-25
6.65823275161e-25
6.32532111403e-25
6.00905505833e-25
5.70860230541e-25
5.42317219014e-25
5.15201358063e-25
4.8944129016e-25
4.64969225652e-25
4.4172076437e-25
4.19634726151e-25
3.98652989843e-25
3.78720340351e-25
3.59784323334e-25
3.41795107167e-25
3.24705351809e-25
3.08470084218e-25
2.93046580007e-25
2.78394251007e-25
2.64474538457e-25
2.51250811534e-25
2.38688270957e-25
2.26753857409e-25
2.15416164539e-25
2.04645356312e-25
1.94413088496e-25
1.84692434071e-25
1.75457812368e-25
1.66684921749e-25
1.58350675662e-25
1.50433141879e-25
1.42911484785e-25
1.35765910546e-25
1.28977615018e-25
1.22528734268e-25
1.16402297554e-25
1.10582182676e-25
1.05053073543e-25
9.98004198655e-26
9.48103988722e-26
9.00698789286e-26
8.55663849822e-26
8.12880657331e-26
7.72236624464e-26
7.33624793241e-26
6.96943553579e-26
6.620963759e-26
6.28991557105e-26
5.9754197925e-26
5.67664880287e-26
5.39281636273e-26
5.12317554459e-26
4.86701676736e-26
4.62366592899e-26
4.39248263254e-26
4.17285850092e-26
3.96421557587e-26
3.76600479708e-26
3.57770455722e-26
3.39881932936e-26
3.22887836289e-26
3.06743444475e-26
2.91406272251e-26
2.76835958639e-26
2.62994160707e-26
2.49844452671e-26
2.37352230038e-26
2.25484618536e-26
2.14210387609e-26
2.03499868229e-26
1.93324874817e-26
1.83658631076e-26
1.74475699523e-26
1.65751914546e-26
1.57464318819e-26
1.49591102878e-26
1.42111547734e-26
1.35005970348e-26
1.2825567183e-26
1.21842888239e-26
1.15750743827e-26
1.09963206635e-26
1.04465046304e-26
9.92417939884e-27
9.4279704289e-27
8.95657190746e-27
8.50874331208e-27
8.08330614648e-27
7.67914083915e-27
7.2951837972e-27
6.93042460734e-27
6.58390337697e-27
6.25470820812e-27
5.94197279772e-27
5.64487415783e-27
5.36263044994e-27
5.09449892744e-27
4.83977398107e-27
4.59778528202e-27
4.36789601792e-27
4.14950121702e-27
3.94202615617e-27
3.74492484836e-27
3.55767860594e-27
3.37979467564e-27
3.21080494186e-27
3.05026469477e-27
2.89775146003e-27
2.75286388703e-27
2.61522069268e-27
2.48445965804e-27
2.36023667514e-27
2.24222484138e-27
2.13011359932e-27
2.02360791935e-27
1.92242752338e-27
1.82630614721e-27
1.73499083985e-27
1.64824129786e-27
1.56582923297e-27
1.48753777132e-27
1.41316088275e-27
1.34250283861e-27
1.27537769668e-27
1.21160881185e-27
1.15102837126e-27
1.09347695269e-27
1.03880310506e-27
9.86862949807e-28
9.37519802317e-28
8.90643812201e-28
8.46111621591e-28
8.03806040511e-28
7.63615738486e-28
7.25434951561e-28
6.89163203983e-28
6.54705043784e-28
6.21969791595e-28
5.90871302015e-28
5.61327736914e-28
5.33261350069e-28
5.06598282565e-28
4.81268368437e-28
4.57204950015e-28
4.34344702514e-28
4.12627467389e-28
3.91996094019e-28
3.72396289318e-28
3.53776474852e-28
3.3608765111e-28
3.19283268554e-28
3.03319105127e-28
2.8815314987e-28
2.73745492377e-28
2.60058217758e-28
2.4705530687e-28
2.34702541526e-28
2.2296741445e-28
2.11819043728e-28
2.01228091541e-28
1.91166686964e-28
1.81608352616e-28
1.72527934985e-28
1.63901538236e-28
1.55706461324e-28
1.47921138258e-28
1.40525081345e-28
1.33498827278e-28
1.26823885914e-28
1.20482691618e-28
1.14458557037e-28
1.08735629185e-28
1.03298847726e-28
9.81339053398e-29
9.32272100728e-29
8.85658495692e-29
8.41375570907e-29
7.99306792362e-29
7.59341452744e-29
7.21374380107e-29
6.85305661101e-29
6.51040378046e-29
6.18488359144e-29
5.87563941187e-29
5.58185744128e-29
5.30276456921e-29
5.03762634075e-29
4.78574502371e-29
4.54645777253e-29
4.3191348839e-29
4.10317813971e-29
3.89801923272e-29
3.70311827108e-29
3.51796235753e-29
3.34206423965e-29
3.17496102767e-29
3.01621297629e-29
2.86540232747e-29
2.7221322111e-29
2.58602560054e-29
2.45672432052e-29
2.33388810449e-29
2.21719369927e-29
2.1063340143e-29
2.00101731359e-29
1.90096644791e-29
1.80591812551e-29
1.71562221924e-29
1.62984110828e-29
1.54834905286e-29
1.47093160022e-29
1.39738502021e-29
1.3275157692e-29
1.26113998074e-29
1.1980829817e-29
1.13817883262e-29
1.08126989099e-29
1.02720639644e-29
9.75846076614e-30
9.27053772783e-30
8.80701084144e-30
8.36666029937e-30
7.9483272844e-30
7.55091092018e-30
7.17336537417e-30
6.81469710546e-30
6.47396225019e-30
6.15026413768e-30
5.8427509308e-30
5.55061338426e-30
5.27308271504e-30
5.00942857929e-30
4.75895715033e-30
4.52100929281e-30
4.29495882817e-30
4.08021088676e-30
3.87620034242e-30
3.6823903253e-30
3.49827080904e-30
3.32335726859e-30
3.15718940516e-30
2.9993299349e-30
2.84936343815e-30
2.70689526625e-30
2.57155050293e-30
2.44297297779e-30
2.3208243289e-30
2.20478311245e-30
2.09454395683e-30
1.98981675899e-30
1.89032592104e-30
1.79580962499e-30
1.70601914374e-30
1.62071818655e-30
1.53968227722e-30
1.46269816336e-30
1.38956325519e-30
1.32008509243e-30
1.25408083781e-30
1.19137679592e-30
1.13180795613e-30
1.07521755832e-30
1.0214566804e-30
9.70383846383e-31
9.21864654064e-31
8.75771421361e-31
8.31982850293e-31
7.90383707778e-31
7.50864522389e-31
7.1332129627e-31
6.77655231456e-31
6.43772469884e-31
6.11583846389e-31
5.8100465407e-31
5.51954421367e-31
5.24356700298e-31
4.98138865283e-31
4.73231922019e-31
4.49570325918e-31
4.27091809622e-31
4.05737219141e-31
3.85450358184e-31
3.66177840275e-31
3.47868948261e-31
3.30475500848e-31
3.13951725806e-31
2.98254139515e-31
2.8334143254e-31
2.69174360913e-31
2.55715642867e-31
2.42929860724e-31
2.30783367687e-31
2.19244199303e-31
2.08281989338e-31
1.97867889871e-31
1.87974495377e-31
1.78575770609e-31
1.69646982078e-31
1.61164632974e-31
1.53106401326e-31
1.45451081259e-31
1.38178527196e-31
1.31269600837e-31
1.24706120795e-31
1.18470814755e-31
1.12547274017e-31
1.06919910316e-31
1.01573914801e-31
9.64952190605e-32
9.16704581075e-32
8.70869352021e-32
8.2732588442e-32
7.85959590199e-32
7.46661610689e-32
7.09328530155e-32
6.73862103647e-32
6.40168998464e-32
6.08160548541e-32
5.77752521114e-32
5.48864895058e-32
5.21421650306e-32
4.9535056779e-32
4.70583039401e-32
4.47053887431e-32
4.24701193059e-32
4.03466133406e-32
3.83292826736e-32
3.64128185399e-32
3.45921776129e-32
3.28625687323e-32
3.12194402957e-32
2.96584682809e-32
2.81755448668e-32
2.67667676235e-32
2.54284292423e-32
2.41570077802e-32
2.29491573912e-32
2.18016995216e-32
2.07116145455e-32
1.96760338183e-32
1.86922321274e-32
1.7757620521e-32
1.68697394949e-32
1.60262525202e-32
1.52249398942e-32
1.44636928995e-32
1.37405082545e-32
1.30534828418e-32
1.24008086997e-32
1.17807682647e-32
1.11917298515e-32
1.06321433589e-32
1.01005361909e-32
9.5955093814e-33
9.11573391233e-33
8.65994721671e-33
8.22694985588e-33
7.81560236309e-33
7.42482224493e-33
7.05358113268e-33
6.70090207605e-33
6.36585697225e-33
6.04756412364e-33
5.74518591745e-33
5.45792662158e-33
5.1850302905e-33
4.92577877598e-33
4.67948983718e-33
4.44551534532e-33
4.22323957805e-33
4.01207759915e-33
3.81147371919e-33
3.62090003323e-33
3.43985503157e-33
3.26786227999e-33
3.10446916599e-33
2.94924570769e-33
2.80178342231e-33
2.66169425119e-33
2.52860953863e-33
2.4021790617e-33
2.28207010862e-33
2.16796660319e-33
2.05956827303e-33
1.95658985938e-33
1.85876036641e-33
1.76582234809e-33
1.67753123068e-33
1.59365466915e-33
1.51397193569e-33
1.43827333891e-33
1.36635967196e-33
1.29804168836e-33
1.23313960394e-33
1.17148262375e-33
1.11290849256e-33
1.05726306793e-33
1.00439991454e-33
9.54179918809e-34
9.06470922868e-34
8.61147376725e-34
8.18090007889e-34
7.77185507494e-34
7.38326232119e-34
7.01409920513e-34
6.66339424488e-34
6.33022453263e-34
6.013713306e-34
5.7130276407e-34
5.42737625867e-34
5.15600744573e-34
4.89820707345e-34
4.65329671977e-34
4.42063188379e-34
4.1996002896e-34
3.98962027512e-34
3.79013926136e-34
3.60063229829e-34
3.42060068338e-34
3.24957064921e-34
3.08709211675e-34
2.93273751091e-34
2.78610063537e-34
2.6467956036e-34
2.51445582342e-34
2.38873303225e-34
2.26929638063e-34
2.1558315616e-34
2.04803998352e-34
1.94563798435e-34
1.84835608513e-34
1.75593828087e-34
1.66814136683e-34
1.58473429849e-34
1.50549758356e-34
1.43022270439e-34
1.35871156917e-34
1.29077599071e-34
1.22623719117e-34
1.16492533161e-34
1.10667906503e-34
1.05134511178e-34
9.98777856192e-35
9.48838963383e-35
9.01397015213e-35
8.56327164453e-35
8.1351080623e-35
7.72835265919e-35
7.34193502623e-35
6.97483827492e-35
6.62609636117e-35
6.29479154311e-35
5.98005196596e-35
5.68104936766e-35
5.39699689927e-35
5.12714705431e-35
4.8707897016e-35
4.62725021652e-35
4.39588770569e-35
4.17609332041e-35
3.96728865439e-35
3.76892422167e-35
3.58047801058e-35
3.40145411005e-35
3.23138140455e-35
3.06981233432e-35
2.91632171761e-35
2.77050563173e-35
2.63198035014e-35
2.50038133263e-35
2.375362266e-35
2.2565941527e-35
2.14376444507e-35
2.03657622281e-35
1.93474741167e-35
1.83801004109e-35
1.74610953903e-35
1.65880406208e-35
1.57586385898e-35
1.49707066603e-35
1.42221713273e-35
1.35110627609e-35
1.28355096229e-35
1.21937341417e-35
1.15840474346e-35
1.10048450629e-35
1.04546028098e-35
9.93187266928e-36
9.43527903581e-36
8.96351508402e-36
8.51533932982e-36
8.08957236333e-36
7.68509374516e-36
7.30083905791e-36
6.93579710501e-36
6.58900724976e-36
6.25955688727e-36
5.94657904291e-36
5.64925009076e-36
5.36678758622e-36
5.09844820691e-36
4.84352579657e-36
4.60134950674e-36
4.3712820314e-36
4.15271792983e-36
3.94508203334e-36
3.74782793167e-36
3.56043653509e-36
3.38241470834e-36
3.21329397292e-36
3.05262927427e-36
2.89999781056e-36
2.75499792003e-36
2.61724802403e-36
2.48638562283e-36
2.36206634169e-36
2.2439630246e-36
2.13176487337e-36
2.0251766297e-36
1.92391779822e-36
1.82772190831e-36
1.73633581289e-36
1.64951902225e-36
1.56704307114e-36
1.48869091758e-36
1.4142563717e-36
1.34354355311e-36
1.27636637546e-36
1.21254805669e-36
1.15192065385e-36
1.09432462116e-36
1.0396083901e-36
9.87627970596e-37
9.38246572066e-37
8.91334243463e-37
8.4676753129e-37
8.04429154725e-37
7.64207696989e-37
7.25997312139e-37
6.89697446533e-37
6.55212574206e-37
6.22451945496e-37
5.91329348221e-37
5.6176288081e-37
5.33674736769e-37
5.06990999931e-37
4.81641449934e-37
4.57559377438e-37
4.34681408566e-37
4.12947338137e-37
3.92299971231e-37
3.72684972669e-37
3.54050724036e-37
3.36348187834e-37
3.19530778442e-37
3.0355423952e-37
2.88376527544e-37
2.73957701167e-37
2.60259816108e-37
2.47246825303e-37
2.34884484038e-37
2.23140259836e-37
2.11983246844e-37
2.01384084502e-37
1.91314880277e-37
1.81749136263e-37
1.7266167945e-37
1.64028595477e-37
1.55827165704e-37
1.48035807418e-37
1.40634017047e-37
1.33602316195e-37
1.26922200385e-37
1.20576090366e-37
1.14547285848e-37
1.08819921555e-37
1.03378925478e-37
9.82099792037e-38
9.32994802435e-38
8.86345062313e-38
8.42027809198e-38
7.99926418738e-38
7.59930097801e-38
7.21933592911e-38
6.85836913265e-38
6.51545067602e-38
6.18967814222e-38
5.88019423511e-38
5.58618452335e-38
5.30687529719e-38
5.04153153233e-38
4.78945495571e-38
4.54998220792e-38
4.32248309753e-38
4.10635894265e-38
3.90104099552e-38
3.70598894574e-38
3.52068949846e-38
3.34465502353e-38
3.17742227236e-38
3.01855115874e-38
2.8676236008e-38
2.72424242076e-38
2.58803029972e-38
2.45862878474e-38
2.3356973455e-38
2.21891247823e-38
2.10796685431e-38
2.0025685116e-38
1.90244008602e-38
1.80731808172e-38
1.71695217763e-38
1.63110456875e-38
1.54954934031e-38
1.4720718733e-38
1.39846827963e-38
1.32854486565e-38
1.26211762237e-38
1.19901174125e-38
1.13906115419e-38
1.08210809648e-38
1.02800269165e-38
9.76602557071e-39
9.27772429218e-39
8.81383807757e-39
8.37314617369e-39
7.95448886501e-39
7.55676442176e-39
7.17892620067e-39
6.81997989063e-39
6.4789808961e-39
6.1550318513e-39
5.84728025873e-39
5.5549162458e-39
5.27717043351e-39
5.01331191183e-39
4.76264631624e-39
4.52451400043e-39
4.29828830041e-39
4.08337388539e-39
3.87920519112e-39
3.68524493156e-39
3.50098268498e-39
3.32593355073e-39
3.1596368732e-39
3.00165502954e-39
2.85157227806e-39
2.70899366416e-39
2.57354398095e-39
2.4448667819e-39
2.32262344281e-39
2.20649227067e-39
2.09616765713e-39
1.99135927428e-39
1.89179131056e-39
1.79720174503e-39
1.70734165778e-39
1.62197457489e-39
1.54087584615e-39
1.46383205384e-39
1.39064045115e-39
1.32110842859e-39
1.25505300716e-39
1.1923003568e-39
1.13268533896e-39
1.07605107202e-39
1.02224851841e-39
9.71136092494e-40
9.22579287869e-40
8.76450323476e-40
8.32627807302e-40
7.90996416937e-40
7.5144659609e-40
7.13874266286e-40
6.78180552971e-40
6.44271525323e-40
6.12057949057e-40
5.81455051604e-40
5.52382299024e-40
5.24763184073e-40
4.98525024869e-40
4.73598773625e-40
4.49918834944e-40
4.27422893197e-40
4.06051748537e-40
3.8574916111e-40
3.66461703055e-40
3.48138617902e-40
3.30731687007e-40
3.14195102657e-40
2.98485347524e-40
2.83561080148e-40
2.6938302614e-40
2.55913874833e-40
2.43118181092e-40
2.30962272037e-40
2.19414158435e-40
2.08443450513e-40
1.98021277988e-40
1.88120214088e-40
1.78714203384e-40
1.69778493215e-40
1.61289568554e-40
1.53225090126e-40
1.4556383562e-40
1.38285643839e-40
1.31371361647e-40
1.24802793565e-40
1.18562653886e-40
1.12634521192e-40
1.07002795132e-40
1.01652655376e-40
9.65700226071e-41
9.17415214767e-41
8.71544454029e-41
8.27967231327e-41
7.86568869761e-41
7.47240426273e-41
7.09878404959e-41
6.74384484711e-41
6.40665260476e-41
6.08631997452e-41
5.78200397579e-41
5.492903777e-41
5.21825858815e-41
4.95734565875e-41
4.70947837581e-41
4.47400445702e-41
4.25030423417e-41
4.03778902246e-41
3.83589957134e-41
3.64410459277e-41
3.46189936313e-41
3.28880439497e-41
3.12436417523e-41
2.96814596646e-41
2.81973866814e-41
2.67875173473e-41
2.544814148e-41
2.4175734406e-41
2.29669476857e-41
2.18186003014e-41
2.07276702863e-41
1.9691286772e-41
1.87067224334e-41
1.77713863117e-41
1.68828169961e-41
1.60386761463e-41
1.5236742339e-41
1.44749052221e-41
1.3751159961e-41
1.30636019629e-41
1.24104218648e-41
1.17899007715e-41
1.1200405733e-41
1.06403854463e-41
1.0108366174e-41
9.6029478653e-42
9.12280047203e-42
8.66666044843e-42
8.23332742601e-42
7.82166105471e-42
7.43057800197e-42
7.05904910187e-42
6.70609664678e-42
6.37079181444e-42
6.05225222372e-42
5.74963961253e-42
5.46215763191e-42
5.18904975031e-42
4.9295972628e-42
4.68311739966e-42
4.44896152967e-42
4.22651345319e-42
4.01518778053e-42
3.8144283915e-42
3.62370697193e-42
3.44252162333e-42
3.27039554217e-42
3.10687576506e-42
2.9515319768e-42
2.80395537796e-42
2.66375760907e-42
2.53056972861e-42
2.40404124218e-42
2.28383918007e-42
2.16964722107e-42
2.06116486002e-42
1.95810661701e-42
1.86020128616e-42
1.76719122186e-42
1.67883166076e-42
1.59489007772e-42
1.51514557384e-42
1.43938829515e-42
1.36741888039e-42
1.29904793637e-42
1.23409553955e-42
1.17239076257e-42
1.11377122445e-42
1.05808266322e-42
1.00517853006e-42
9.54919603559e-43
9.07173623381e-43
8.61814942212e-43
8.18724195101e-43
7.77787985346e-43
7.38898586079e-43
7.01953656775e-43
6.66855973936e-43
6.33513175239e-43
6.01837516477e-43
5.71745640653e-43
5.43158358621e-43
5.1600044069e-43
4.90200418655e-43
4.65690397722e-43
4.42405877836e-43
4.20285583945e-43
3.99271304747e-43
3.7930773951e-43
3.60342352534e-43
3.42325234908e-43
3.25208973162e-43
3.08948524504e-43
2.93501098279e-43
2.78826043365e-43
2.64884741197e-43
2.51640504137e-43
2.3905847893e-43
2.27105554984e-43
2.15750277234e-43
2.04962763373e-43
1.94714625204e-43
1.84978893944e-43
1.75729949247e-43
1.66943451784e-43
1.58596279195e-43
1.50666465235e-43
1.43133141974e-43
1.35976484875e-43
1.29177660631e-43
1.227187776e-43
1.1658283872e-43
1.10753696784e-43
1.05216011944e-43
9.99552113472e-44
9.49574507799e-44
9.02095782409e-44
8.56990993288e-44
8.14141443624e-44
7.73434371443e-44
7.34762652871e-44
6.98024520227e-44
6.63123294216e-44
6.29967129505e-44
5.9846877303e-44
5.68545334378e-44
5.40118067659e-44
5.13112164276e-44
4.87456556063e-44
4.63083728259e-44
4.39929541846e-44
4.17933064754e-44
3.97036411516e-44
3.77184590941e-44
3.58325361394e-44
3.40409093324e-44
3.23388638658e-44
3.07219206725e-44
2.91858246389e-44
2.77265334069e-44
2.63402067366e-44
2.50231963997e-44
2.37720365798e-44
2.25834347508e-44
2.14542630132e-44
2.03815498626e-44
1.93624723694e-44
1.8394348751e-44
1.74746313134e-44
1.66008997477e-44
1.57708547604e-44
1.49823120223e-44
1.42331964212e-44
1.35215366002e-44
1.28454597702e-44
1.22031867816e-44
1.15930274426e-44
1.10133760704e-44
1.04627072669e-44
9.93957190357e-45
9.44259330839e-45
8.97046364297e-45
8.52194046082e-45
8.09584343778e-45
7.69105126589e-45
7.3064987026e-45
6.94117376747e-45
6.59411507909e-45
6.26440932514e-45
5.95118885888e-45
5.65362941594e-45
5.37094794514e-45
5.10240054788e-45
4.84728052049e-45
4.60491649447e-45
4.37467066974e-45
4.15593713626e-45
3.94814027944e-45
3.75073326547e-45
3.5631966022e-45
3.38503677209e-45
3.21578493348e-45
3.05499568681e-45
2.90224590247e-45
2.75713360734e-45
2.61927692698e-45
2.48831308063e-45
2.3638974266e-45
2.24570255527e-45
2.1334174275e-45
2.02674655613e-45
1.92540922832e-45
1.82913876691e-45
1.73768182856e-45
1.65079773713e-45
1.56825785028e-45
1.48984495776e-45
1.41535270987e-45
1.34458507438e-45
1.27735582066e-45
1.21348802963e-45
1.15281362815e-45
1.09517294674e-45
1.0404142994e-45
9.88393584433e-46
9.38973905211e-46
8.9202520995e-46
8.47423949453e-46
8.0505275198e-46
7.64800114381e-46
7.26560108662e-46
6.90232103229e-46
6.55720498068e-46
6.22934473164e-46
5.91787749506e-46
5.62198362031e-46
5.34088443929e-46
5.07384021733e-46
4.82014820646e-46
4.57914079614e-46
4.35018375633e-46
4.13267456851e-46
3.92604084009e-46
3.72973879808e-46
3.54325185818e-46
3.36608926527e-46
3.19778480201e-46
3.03789556191e-46
2.88600078381e-46
2.74170074462e-46
2.60461570739e-46
2.47438492202e-46
2.35066567592e-46
2.23313239212e-46
2.12147577252e-46
2.01540198389e-46
1.9146318847e-46
1.81890029046e-46
1.72795527594e-46
1.64155751214e-46
1.55947963653e-46
1.48150565471e-46
1.40743037197e-46
1.33705885337e-46
