1.2729185001
-0.246964476951
0.245030698264
-0.22584213324
0.205499053885
0.24623747254
-0.256884297535
0.549141893432
-0.256952839409
0.140497349426
-0.135964076629
0.200992553629
-0.205682130666
-0.00806321666228
0.41905638758
-0.0586938950144
0.30125548539
-0.347707375168
0.519156336349
-0.334128549162
0.0825280624852
0.317682120667
-0.151305248457
0.264441938855
-0.349557557834
0.453994864665
-0.392978330846
0.0885029242635
0.0743125960067
0.0639722164199
0.0720533245478
-0.198264514021
0.445257668348
-0.424708502916
0.26640447321
-0.123189614358
0.210888177963
-0.0363601100321
-0.131042372083
0.372792172416
-0.369016797077
0.232275242547
-0.183347309935
0.235021972205
-0.144032893492
0.00224322956143
0.192959977951
-0.208608802795
0.166763232016
-0.185348365449
0.272114180643
-0.216372558241
0.107042088717
0.0648390450173
43.7737183827
-8.00027208622
6.10233622566
-6.67404596382
6.76276242563
7.90150826899
-7.37696520114
17.370016159
-7.56302385284
0.479634684972
-3.98299202179
3.56841530753
-4.53195836732
1.04342499481
8.05826378874
-0.780019822563
4.64037300526
-3.59463908724
8.59573138028
-4.83615814323
4.01325369116
5.26224973175
-1.06357019396
3.01332999767
-2.77349646902
4.34232234182
-3.97695145911
1.64668850013
1.17748314286
0.495117418136
0.308954668764
-0.401185139053
2.51351704435
-2.04218298966
2.46139269243
-0.0345122477413
1.88370599004
0.0198695259287
0.426456396908
1.58170062872
-1.15764572086
1.46715050715
-0.444836717831
1.10326940564
-0.425256067769
0.365090061016
0.512296757718
-0.380877160151
0.596994759342
-0.156158987946
0.870574467513
-0.311496441672
0.589438286838
0.238461357459
139.058964548
-15.7076413094
25.0266307619
-16.1916004013
21.246429674
10.7506934605
-7.87363142743
41.9893812895
-5.10219290966
-2.33010278297
-3.48976967201
0.207504584747
-7.95649308093
7.77831859484
6.64215927671
6.69503899445
16.1424343638
8.61985050783
11.4800326349
-7.50707930316
11.7589250713
2.44672018916
1.04446483714
11.7323204586
5.90082381987
4.70331430117
-2.44673435647
0.0867519485177
-1.28417817176
-2.21760125062
2.72154267127
4.5117742368
4.81372358871
6.24763113427
2.53755661611
-1.086268335
0.836806129897
-0.491541723387
1.62839079762
4.00919127504
5.86963154982
4.00485673647
-0.257924024979
0.0882315135308
-1.94973787003
-2.3168290351
0.909024276163
2.61645367766
3.58110789942
2.94291868796
1.45588293193
-0.493116361085
-1.86046982366
-0.892468815533
166.283770613
-16.4389095573
40.6515777811
-26.7498885719
31.6995931742
-12.4587860779
0.212763207395
32.418690348
20.7483140998
-0.354837735649
4.95522295784
-3.35430816591
-9.05441272707
-0.777915534616
-7.8551962792
20.3327770175
28.9749217189
17.9613567544
6.29928835556
-7.60393225758
7.75323505925
-9.44479487501
0.566826480422
16.015194785
18.2780776648
7.63186395995
2.01424874981
-2.56804539436
-4.31275304423
-9.94189522402
1.35764063372
10.4671732929
13.6354991215
8.98143495699
2.12695966122
-2.57640135439
-3.39102696253
-6.12062973427
0.658324710941
8.13239034797
11.109694009
6.35326337924
1.0832931802
-1.78901625838
-4.73735220648
-5.87072167965
1.04676598736
5.93015332827
8.37223613125
4.1439715039
1.56238581631
-2.12245274056
-4.0131858152
-3.88398393676
154.7527199
-15.3421396284
28.7820773239
-29.4845890949
32.0251252541
-17.1098670916
0.624279914424
11.9505864936
30.4909660307
13.9856060308
-2.47491709901
3.84665461157
-3.61667087552
-15.4784933874
0.848941260633
14.2034283158
40.5679827002
4.81313289801
7.90422938313
-10.9517179311
7.43579475093
-12.4476259125
-0.0901229731343
12.6812933362
15.29486368
10.9256632645
-0.369516964158
-0.262309445934
-4.41123981234
-8.49306195443
2.30308175063
7.65951486999
17.0741278312
1.28252492945
5.24550450659
-5.51053590448
-0.261848044028
-6.33487173624
1.21398956858
6.76541931746
7.39119943953
5.43515320354
-0.284420156468
-0.35642789348
-3.91498653647
-3.01733744931
1.48875959357
3.71718870016
6.88424640483
0.9803031985
2.26666414117
-2.75037369701
-0.913917478214
-2.75054128177
136.06743874
-1.79154565713
19.7876593967
-17.4722449539
17.9965979951
-15.9960043282
-2.77200150616
8.33709027516
14.6525205426
20.5907860681
-3.22257324176
14.3390117149
-3.37580509394
-2.17066947415
6.03133603182
8.86366958593
29.1656253105
-0.175913190786
12.0242657573
-9.76853894306
9.43629241741
-9.69303818404
4.54531232967
5.71939813316
8.93195057824
8.41131529032
1.56158269426
5.61009543512
-2.76363239602
3.16852167479
-0.121726905147
6.26779531051
5.1548979805
2.56880889612
3.86950901839
-1.52726289276
3.30408041059
-2.20372464135
4.33448581473
1.16362253568
5.01886638365
1.43125788743
2.30225365398
1.12112111009
0.223163390995
1.51002359342
0.324161798875
2.87859457219
0.79656223984
2.38715254458
0.478858242748
1.19642991547
0.712582218975
0.680632400206
133.65143438
-0.156739364774
27.7580749133
-21.8489763814
21.3856825824
-16.5907725677
-6.30169089189
12.5033264333
8.60844459699
17.8263351834
3.29744099307
12.2716645599
-10.7368648185
6.14579551643
13.2218839665
11.1534481285
19.8936189153
-4.1691788872
14.9055972964
-10.6052609344
6.65315251697
-6.72978800194
7.7142345754
6.70441255531
6.93058547153
7.49677188364
-1.3067848233
1.99989617334
-0.763433133339
4.7493892829
3.79607986363
3.31728727943
6.36517444589
0.0566088367454
2.87502374639
-3.17368697878
2.88708758043
0.452339178178
3.68192054184
3.81530117505
1.95553688065
1.57239895854
-0.327291297938
1.00450313531
0.65722812575
0.891102498618
3.01352941275
1.09029928569
2.4188264125
-0.712245980849
1.2200794131
-0.394314557074
0.80311329001
1.45230415922
146.01441196
4.64130369931
41.9489440052
-14.8802689173
35.5546706909
-5.54968515202
2.00451601026
22.0678855921
13.9720655216
24.9603138492
-9.70787920623
11.87234793
-20.0682781314
-12.1129175523
10.3980357164
2.07235576119
13.69767413
-1.93987200754
15.8962734461
-3.75839124376
6.23547032914
4.80104559636
9.71404678172
21.6583880483
9.3123679295
19.7140696615
7.45847960849
6.46594510162
5.51060885963
1.35108465298
4.60033227149
-3.12671419873
6.25679980649
-7.80806996504
-1.12735783609
-7.62542194708
-5.44568898624
-3.34548051021
-3.72534325087
2.69772252122
0.483277047072
4.94190034934
3.11983828753
7.13155771532
6.02759928039
5.86969030903
9.14146599524
6.30040066941
7.05854351622
4.1606858362
3.48038713248
1.17391840036
-0.971445602784
-1.44567389124
166.597309299
36.8918278487
100.456315134
29.9608384267
84.3914050626
29.1533289001
37.8501653138
25.5995564841
15.6001230727
25.7899352925
-29.6387270888
14.5053670632
-24.2401221661
-21.9601395245
-26.7728342295
-7.86206816191
-7.68693114462
3.41567983139
6.15843079327
14.9281510043
22.734475774
26.5646537373
26.2368185222
40.5908973883
31.2552876853
29.9302552465
27.2422079702
19.6765099381
15.86160261
1.70799581301
0.815675338122
-9.46408642256
-6.10741015081
-18.0792439782
-12.2954794874
-13.6912714593
-10.5770274454
-7.79601777592
-2.32818142759
4.42934132637
6.44246590245
12.1320066415
12.9735058507
17.5027518267
15.0352750535
14.8106954723
12.7911979459
11.1593746624
6.84547408519
3.79522830587
1.19908139765
-1.96786873358
-4.39035418583
-5.87355751507
201.071098741
94.0555129723
188.987855427
123.538808276
181.560724052
120.093138088
103.114735851
65.1334899639
17.8441994438
3.14307838009
-65.2995473338
-17.2398863593
-63.0349528862
-40.9764175543
-31.1998681877
-24.5668185949
5.20444263717
10.4676466155
36.2635678166
33.1467930371
45.8098200523
40.84845205
43.6914075607
46.0095056577
34.3726344314
51.7479135917
26.9428596521
41.7904254408
31.7966290137
22.525219548
21.7242670185
3.13777518099
3.58789575761
-18.5309020664
-15.1392647583
-28.4281074927
-19.2004338714
-23.2305640982
-14.4622147349
1.79659018401
-1.49440823589
21.7326321037
17.9657625923
28.4569510608
25.8305107836
23.7525152999
21.3480574973
12.3917489236
11.4374956554
1.02034194495
5.14371961239
-4.4322093084
1.29540740526
0.218382229301
234.265802646
130.613171769
248.708800817
189.405387869
237.824583076
181.766447363
146.749469309
94.6692267649
32.0098390142
-3.8909973078
-64.4650333151
-23.8517767625
-68.1008966848
-26.0815936432
2.01336666979
-6.85678485504
40.5295188679
29.9238044549
54.716814261
36.7529997182
38.8506837248
25.0287277967
27.7035802808
23.6302286289
24.4329737032
44.5184254619
27.3442631871
51.5211759097
43.7971673354
38.9050925863
38.4156794158
20.5699439172
15.9365170582
-2.2006748402
-5.71153221165
-12.8956242947
-9.28357472079
-10.9168723239
-2.34745529998
7.0808418993
6.0128711468
19.3118229101
14.8164450566
18.8638865267
15.5836845978
11.6782726283
10.8923951834
6.18448777421
6.35755999944
4.09884259686
7.01227250138
4.96963802292
8.49802226667
7.28536901446
207.750922521
88.456251038
166.019786595
96.1418182481
124.377989359
76.3206242965
52.7700764926
29.8125739231
32.540570837
20.5656837911
-10.8748931496
36.7317384694
6.19023299339
33.7708410755
26.5814349519
39.4334047709
37.4842910498
28.9102878605
16.4968485318
18.5984272113
13.9786634112
2.28246320944
16.4468691235
17.5619893895
26.4783239388
21.180288576
26.6447689543
24.3945134519
23.4475120131
12.6045880735
16.0206722111
11.9492172758
7.79018640871
5.04956128571
6.67949938632
8.88730289432
6.5452711464
10.3157099405
10.9634885547
13.4910958389
8.43466986365
9.43808363881
7.02414727244
6.40056751607
3.10331788133
4.1454816527
5.18360139344
4.58513105288
5.14827474236
5.48424791284
6.80137646442
5.19722407889
5.38058765883
4.56499591525
181.919877795
48.6967800384
96.2112449927
43.3424345883
54.4463636124
12.2091098386
-10.3533812686
-2.67904077493
12.9015578941
4.29393228957
-21.3012355417
22.1306186415
7.24312980252
20.7844613252
12.0506780455
28.8127859571
26.1536700475
19.9951941013
10.2065477506
17.5215349865
16.3753339627
12.8669494343
18.9626454508
24.9265353513
30.6204931599
19.5758177773
17.7543856196
4.73601908883
-1.37499879252
-11.5403170888
-15.4212261322
-13.7644389104
-9.12430371121
-4.79127739104
3.93875739639
10.9829464283
15.3644754429
19.6866424452
14.6620205713
13.7739763023
9.33853717226
6.28611593842
5.16788253551
4.69182056125
6.88980871015
9.00555306402
7.84503556686
6.94376939713
4.07936904785
-1.62365688459
-6.12108476795
-11.5015943352
-11.5477406491
-10.0170269212
235.727550297
157.510244545
269.571002847
232.133296079
232.753090595
162.660261753
79.5880997776
11.0745038989
-31.7207966359
-96.8111722726
-119.703537442
-70.6269085844
-67.1632412766
15.8728542846
-9.27057467027
25.9746427822
13.9460337297
-8.13230734219
-15.1957944376
-11.7100875765
6.16884479189
51.018580378
87.2027963322
126.341166779
171.800948983
140.302627847
134.829326754
58.2947114841
10.2575788723
-46.5063210865
-87.2018986784
-93.2233358633
-76.7460245015
-53.871100025
-16.2931227635
7.87278861243
12.7121116408
21.0937376568
-13.8728354463
-13.5106435026
-31.6568003889
-19.6636774479
3.87673869545
34.7541370152
68.8937381993
93.6806145119
94.3151978807
81.6895163436
51.9177971153
6.96255009919
-19.415123415
-53.5945892067
-51.8909255415
-47.6881245589
345.859019418
334.72250397
537.328516974
520.231338919
468.717506567
343.117994056
157.550735623
38.2831841373
-45.8095767625
-106.770013461
-91.3640401354
8.62030285107
-19.3990768113
83.583620151
12.8154324942
-2.41632844052
-67.4975559349
-108.611942386
-89.1944435816
-58.5876517172
16.0998049848
118.319857577
190.18730613
211.954386048
248.973538947
180.60638824
145.12698589
63.2943185442
24.0705775219
-7.81732018837
-27.3557115225
-12.6842417393
1.9363259843
2.8184565517
3.82735312662
3.28431458428
-27.1226267558
-34.5050690003
-54.279614468
-42.6753614336
-36.8803488931
-8.67343739865
29.2306511915
56.5180972859
75.2623431598
85.7032721941
77.4440033661
51.4621315287
29.9744626388
6.23852018512
-3.48017211076
-9.91863220328
3.58558742335
14.7072142265
582.470495886
490.773299795
612.90142892
595.375818228
337.204465209
188.397221508
-27.568516161
8.58761788132
39.6646576679
26.1656723736
118.428771257
169.544881316
-81.3697765305
-88.3477958682
-151.684480883
-202.277739327
-97.9472064526
14.6298579228
198.40129465
209.59890461
184.701669143
213.387718337
105.752325609
9.95915258032
119.809884286
139.07083643
153.936736979
174.576693011
124.990144561
39.562776169
-121.324780214
-144.981278992
-97.9952647058
-112.076648572
-14.8851254785
96.7198417707
51.6524866664
8.63525848955
-24.5752595947
-47.8985113052
-46.6402568334
-5.25158682119
133.386452767
179.045128568
136.308007286
139.262925714
62.7349208749
-54.0096080981
-67.3977963671
-33.9913606155
9.95536864103
34.0120543506
58.8384966422
61.3196488314
849.401511268
571.434495398
655.487351977
604.271785639
190.503251096
109.379161346
-45.5152989719
182.729844127
324.98709551
192.821195573
196.540540235
90.4042343247
-402.783977953
-303.259519301
-245.153923923
-153.54571979
97.9558817694
166.816229959
294.813114895
122.619793461
-14.7212448018
112.431673955
72.0469920575
86.5747527941
345.322097022
314.099864412
243.062021767
152.340051061
19.9043033031
-26.5485143798
-159.818654743
-69.0138110342
49.6860445863
-37.1888878722
-3.54943406034
21.5073309715
-95.9181829539
-104.054592686
-67.5466612795
4.73146189149
59.9695808706
66.0091175652
164.218586481
127.443727337
36.0369079127
75.5553864047
51.0110082734
13.2233613807
44.1581476948
60.2733930659
57.8677040514
9.73839022824
-13.7334797555
-4.79843337421
1149.83123424
722.223911732
592.492118451
489.866747585
-31.7409736835
38.5674554161
28.0726709807
500.859802491
562.629784089
54.8286006081
-144.682176807
-146.503551606
-552.128102484
-129.198052195
142.698631775
103.990887605
102.870648173
-136.864750747
136.357609017
62.7032629343
96.03817197
434.115591274
319.44716645
88.4794044487
196.352034987
165.97368433
155.196753446
107.599445158
22.1317709479
94.2757369212
-218.603832521
-150.231686902
34.4100887845
-95.4006121954
-74.1596345823
-43.7525451068
-50.2982887998
-35.0330463496
-20.8592099825
138.621816422
188.92768878
13.069510602
139.424761819
146.536683737
58.9824327249
120.688407444
95.774792926
82.4835083217
-31.6908598889
-71.2349242072
28.717095249
-44.3201385634
-97.2473247447
-7.36502620859
1516.73853173
657.661727191
264.603697338
317.505715024
-32.3158330478
265.402246747
325.135965741
827.101306659
538.001858705
-341.056425032
-392.463940352
-15.5425707574
-424.658415094
67.7763635888
283.102365643
28.1004843476
-195.853634225
-439.919479382
188.193320589
180.271694927
160.227528708
537.314557557
308.538503574
-80.2302125544
134.066053608
295.742613107
358.385674667
130.602897441
1.18570137465
156.248182438
-229.398614776
-131.236745516
120.733798698
-76.2435240239
-181.227503188
-144.017747278
-39.1061536419
-13.6959127039
-100.381861647
108.43102231
177.98274397
-50.8716886546
102.114667586
175.228066025
112.827572312
114.125863477
112.527143832
143.551219174
-10.8533249287
-79.0018301359
76.719691509
16.5354828268
-87.442432418
-35.461408287
2054.5294844
375.023326982
-392.647778467
338.835211956
550.572638146
824.57236003
213.199801051
375.685481563
158.130300991
-566.012943475
-34.0601751628
672.897160504
-636.749779292
-522.93924657
-9.7286590276
243.975342884
8.38632421399
-538.283031462
297.055498299
242.067503157
59.0795561035
660.044013707
502.22851698
-203.728867156
100.169897762
547.3456111
664.174880984
-114.645973354
-413.704741487
237.011261389
-120.476138267
-165.574616328
42.5269565996
-265.439725941
-478.976795818
-210.579234128
257.701845996
189.371931193
-410.275481487
-63.8952677147
477.414508461
182.391845894
206.171903064
228.219362793
140.309913935
74.5143702231
183.007736436
402.19561713
-32.0897487176
-426.975530658
10.8268932249
157.972717831
-175.438918449
-253.387757174
2869.70213289
66.4308626558
-951.365576494
795.173994114
1285.27335312
1018.56118334
-314.814422447
487.583419747
654.425903872
-648.573575144
-12.168669373
1104.48770822
-949.981823784
-843.936949109
144.214363942
510.301265664
-171.262652726
-922.900373925
579.733606767
387.225775113
-257.796345849
622.050238012
748.819850496
-157.824427732
121.251815152
696.657850047
728.511645405
-252.561108374
-321.876292357
600.79177152
-117.066519329
-384.113573698
51.4450112028
-121.593281291
-481.167593958
-257.03690009
253.754785691
79.8241668142
-481.996994118
38.7319392113
537.620751442
52.3285472001
82.3875156998
318.40035691
251.231274497
61.6257359921
161.948794443
358.576875957
-36.0735342239
-287.246883852
99.4748009766
105.467807926
-258.940981184
-224.872451691
4383.00348382
-820.59514426
-1982.85291055
2454.80295276
1858.38757489
396.916454869
-1377.77012425
1008.45814074
1842.33472875
-1336.1585411
-804.96156266
1441.28946766
-1264.68598859
-634.416031811
601.648575369
-18.3056641382
-470.031779316
-873.666673435
1671.44031703
523.572721485
-1119.25514823
951.95124283
1498.34632754
-90.1246695062
11.3072861301
605.162687885
680.74881386
-223.991216456
-438.409041912
804.72431083
-702.220644537
-797.470052797
429.400798953
-166.914483754
-778.188871804
-393.182686169
507.315657729
278.416288588
-594.678184145
216.792642255
1038.19924866
-63.0519157616
169.034295248
649.937803164
315.213148127
54.8284937602
21.9476400877
458.793479098
-187.922318969
-597.59583409
172.706652444
33.7982497099
-696.110536207
-290.911135169
6159.75059307
-1775.50487183
-2878.56474685
4189.67544706
2745.99125935
-80.4955372861
-2100.13935371
1979.78344576
2778.12059106
-2056.52534902
-1229.10674832
2029.24832666
-1698.37796616
-701.241995447
769.037969524
-534.454090043
-744.587633999
-956.855140828
2323.44896704
323.837172117
-1841.70348093
1538.56817125
2089.77471462
-383.164537122
-13.1868355792
860.693909984
1033.81177353
-228.911000766
-669.689898152
1161.73739031
-773.522453933
-952.865506979
622.051991618
-318.343633983
-877.247574009
-348.762645086
492.2116518
289.27264604
-798.017821471
259.421227878
1236.15724618
-256.56361023
95.4817313485
704.028291069
333.865610545
100.014893862
-87.5823768583
439.981847377
-57.5115339404
-583.942179052
220.057735577
33.8911095093
-628.718037766
-131.865056603
6416.2016422
-2289.9533666
-2830.68199046
5614.36514574
2186.99921384
-1274.72257981
-1417.13015656
2563.34417889
2187.10647286
-2784.85376515
-1062.99137669
2333.4665493
-1578.88771492
-826.285428577
711.540338463
-637.700421511
304.982578052
-126.417643845
1253.87297853
454.508275105
-548.077193444
1736.1284706
933.798053314
-638.36712095
720.559949259
510.129758184
-159.694581435
-185.185803477
-546.067869464
284.956316935
-639.200684304
-661.411973119
391.411391527
-451.976744737
-137.828992162
412.278063369
86.0730560986
393.689015456
355.433013164
364.26218541
600.614885854
13.6523743803
312.084884585
302.066197967
-307.489625671
61.3345541377
-159.993117858
-348.037040255
-149.226019631
-335.635549747
-131.415096587
-83.2583312974
-176.635736749
190.431154549
7242.48310811
-3080.27982075
-2420.60730603
7409.98538591
1433.21421379
-1888.56756685
-923.705732258
2820.02499104
1859.27351918
-3618.23081053
-1311.23899738
2497.70532657
-1963.48323603
-956.520354408
356.383143242
-966.551080114
1196.09239151
-5.06974653015
679.827854626
741.090163659
281.708066313
2088.62119647
449.954836859
-507.171782521
1505.33291518
329.131013414
-566.46917736
-29.0454130181
-584.799494769
123.600867088
-852.883424865
-752.685256052
306.889690693
-652.8546919
-13.3069153151
440.735692539
-78.3281898425
571.720243396
548.32813778
407.038348829
665.138286508
140.326306038
516.065519988
307.869404141
-313.359546208
157.43751911
-196.884136265
-384.268935194
-189.242248148
-408.81135769
-173.52091305
-166.812302611
-215.128648648
165.873725492
7350.05707034
-3133.11090316
-3079.82077943
8398.5334071
674.604882547
-2654.93228807
486.38403076
2040.40489607
1276.42519197
-2626.24843096
-1567.0288513
1956.26054376
-1156.65385983
-701.616107097
185.333206743
-1043.92906277
2029.16065563
477.921994054
-380.656804132
1323.10449853
1091.4346874
1222.45319957
-4.14663494005
-64.4757869325
1208.82645652
-234.804569398
-774.572149854
5.60484509848
-648.338070795
-194.193211743
-392.937502574
-672.288734461
324.542979205
93.9380372881
248.492236499
479.590362574
379.596574785
886.982815983
532.208240951
229.343979427
556.022558188
173.496336824
-41.9063235374
-91.626661554
-403.60546026
-247.755672849
-364.472881314
-464.949025322
-209.134738777
-197.507102444
18.1588145141
146.065327816
148.520799835
421.414715169
8813.48066203
-3498.67685368
-3738.04306706
10000.0
21.7970611153
-3385.40904644
861.414605689
1343.95658249
863.308544487
-2731.00799071
-2228.87192794
1489.89432308
-895.087435582
-600.206005024
-159.113846066
-1092.84797509
2997.97014423
692.034329277
-811.277659736
1996.33048529
1556.77515715
1008.94286308
-6.06873488677
-56.0140993382
1122.91886491
-397.741424148
-1148.3848756
-220.679155829
-870.578686277
-365.861239609
-516.757458089
-969.879698717
371.944309901
230.661122276
123.524191119
573.515564148
549.99466068
990.183116912
686.272029123
243.140667754
662.600493893
284.011987022
-78.2653454424
-94.1689588561
-472.063486837
-292.925344658
-408.688142076
-639.948253421
-305.825216659
-260.166522293
-121.926553844
74.1494777923
66.0172646026
365.696093722
8256.51712057
-3424.18715321
-2777.7353893
8722.87454754
-152.231101882
-2240.92965245
494.708565624
732.42893035
862.000022586
-1451.52137392
-2537.13232672
272.074846451
262.628554588
-32.3591920687
-1229.29906767
-506.466325731
2902.33934966
297.384410913
-160.210750409
1392.24798825
1202.81289971
922.497349554
225.949783391
-55.1489937373
133.787395451
-70.5511593346
-548.968364057
-749.859902145
-711.912539214
-85.1060209158
-473.569587728
-308.902804597
287.718413301
176.733400299
513.375873096
674.600427991
561.827066314
515.820818776
568.902307247
374.887347714
112.368142183
-90.3748050815
-183.969421509
-313.104753365
-424.571739767
-409.349130627
-440.815054899
-230.044118097
-66.7125408104
-17.4523898964
134.043179702
339.622865567
410.996040088
382.706811772
9106.55853996
-4239.48093428
-2748.35876314
8956.95443048
-1114.21870645
-2277.11610027
258.066404819
-114.906981365
756.393881822
-934.109556076
-2853.20021432
-161.99656051
1077.49844214
724.024391776
-1503.11726521
-45.2244376146
3450.17487925
445.973325441
95.2086708972
1192.04602759
909.992427342
902.634878814
52.8770603627
-733.202067432
-372.568936519
-3.13887609693
-637.732464863
-1220.65386861
-637.203680432
287.508352486
-253.143642615
-96.4588806486
491.730243057
550.938023617
882.285099836
732.292746936
428.078344553
545.502541909
564.246645127
90.3340356641
-284.133470961
-282.167802466
-272.723528965
-518.124515436
-569.588572006
-399.878713189
-282.823482795
-50.3664669482
55.4275031942
132.030912879
381.594712629
514.158379027
428.748233075
366.011499506
6963.25591187
-2496.40088499
-1838.87782543
5598.79113306
-477.045789703
-1085.18796521
-422.223133955
-623.431817461
547.169464123
-79.9133864555
-1842.30048191
-646.598714289
903.605758185
1395.00100011
-676.134865442
-110.030505783
2364.53342655
920.985059745
491.783807158
408.958954184
440.026086481
561.977514702
88.1805657834
-678.263349867
-689.536889015
-52.372516297
-205.637267977
-717.768574825
-390.469524625
412.791786519
212.830430347
329.158833611
482.584464051
581.608253192
680.280159273
527.292220055
281.918718419
94.5065781404
156.35596823
-136.92791675
-368.346963354
-371.424416913
-281.482840153
-331.76071276
-239.786533036
-73.3596413413
50.435537726
210.100979153
292.018374408
367.045462064
354.138610228
384.573681217
259.910970156
148.132086382
6279.46178611
-2232.34495448
-2106.65076742
4243.91195819
-100.510258152
-753.281844149
-959.896520949
-740.454225795
517.857487699
709.508328379
-1676.94233036
-1167.41002345
989.0030189
1917.75653038
-755.634651865
-348.279942424
1723.53559641
932.523858962
933.068695602
-437.522254239
120.248497143
426.585969679
374.945793456
-652.344359942
-1193.90923192
-40.9174480265
189.770296467
-594.904637221
-570.951063842
171.735108419
271.089892175
716.758745351
139.985013132
330.894961468
545.682130079
792.252967913
315.768429181
-268.677877924
153.931189819
-21.1601357453
-170.619418884
-494.713236555
-476.204199451
-340.604988803
-41.8425473953
-189.379171338
-182.770819444
47.8156532191
413.808706283
405.178480652
177.3507029
369.298063027
289.586144152
390.555766304
4404.71562714
-1598.96520249
-1000.77278048
3034.78339084
-227.653494665
-353.831001392
-580.533274194
-806.71993887
97.4165099176
650.193268739
-1137.2161043
-1061.38041563
774.139712115
1393.10871841
-479.367342448
152.412989531
995.495647634
650.980196179
1087.66862538
-181.59818139
-63.3673000636
249.420418351
438.888493338
-410.944665203
-957.689238168
-141.588235593
100.802567949
-341.794389403
-307.043106928
-63.8645454867
179.630928294
652.269723979
229.340207865
151.466082744
336.158042836
689.388849254
245.248756772
-171.141176168
52.7798827953
-54.3543241471
-75.0765258147
-262.192821997
-409.67638026
-258.436942202
36.3180022252
-64.1124864719
-131.754285254
34.291393178
294.707917391
270.46323921
173.175277625
190.648253883
156.490230869
239.284357813
2683.90590414
-627.264877033
-730.181110843
1974.51999721
-12.0685460035
-406.131502258
122.497569513
-693.240212792
-262.352618231
773.589013205
-686.215088052
-924.673867353
599.796111219
703.92680034
-330.153369031
174.807584014
469.780732164
325.073294154
747.151260608
63.0901357571
-192.437381848
310.052797987
359.262308993
-283.118269277
-438.886107041
-103.005787823
-0.270429192009
-146.977391831
-261.637531735
-138.066140979
102.37106986
306.675353699
77.3107949794
27.9240807665
267.553281494
385.587747029
166.97019017
-7.8288497526
75.2192339992
77.6159160718
21.1819457347
-140.384888923
-195.465024902
-109.557133932
-5.75560508874
-107.238070602
-145.158769746
6.85096768193
89.7557452118
90.035638377
53.9949343939
96.6098699259
127.79375163
153.797803056
2074.1097185
-133.257670412
-619.384341019
1485.08504722
339.918396845
-401.763703709
18.177166777
-258.137306666
-190.942976399
358.17750113
-441.703275371
-466.388614507
264.223288589
463.847109268
-115.791306013
-26.1937498848
415.440730041
381.947534015
385.435559294
-60.6417629149
106.270177551
270.59465783
118.295235087
-179.071644554
-149.311152377
-39.9881582282
10.9747801441
-52.6181425977
-199.605056976
37.7796411446
118.143179123
133.871063623
-29.0977119682
109.108619575
176.827831734
129.089389621
35.8099811301
-0.415858797581
81.9581690515
8.07656576875
-5.68574134088
-82.3223173144
-4.19342732062
-10.2809729795
6.5982406458
-34.398363202
2.01580189734
61.445198216
33.8115732152
30.9213068661
14.8087864198
69.5847834184
16.7917460349
22.3234548097
1410.67164438
-134.01169892
-371.834799174
629.61568345
253.575926883
22.6284795072
-159.967241681
-93.4049416926
-71.7136832985
121.589133081
-140.121362922
-159.100189559
4.20115538134
326.200946925
-3.8913453555
35.1608278297
122.907662925
251.148249451
247.222453815
-131.662377046
103.920752665
36.3164022606
49.9184639583
-70.856693793
-112.80186505
-73.0918241271
23.4226915146
6.07041397751
-43.6401995727
-8.624837532
111.061962644
118.153765559
44.7154611583
95.0630884501
27.1361875715
129.249790395
21.4751537438
-16.8998069945
-21.6054492951
-37.8654216785
-9.34251613735
-48.2422239728
-60.6653625347
-31.6473403539
18.8575180892
30.9557916399
21.0642141959
25.3349215968
73.6056090518
56.8407576712
71.5598642304
10.029605212
9.34352125896
29.0562557525
1209.70921373
-315.326448923
-206.952648096
441.019278922
91.2597830124
105.586833126
-193.754803735
-176.786441204
40.094147713
198.604637794
-181.759563974
-172.82423643
78.1862495368
291.523500962
38.7799085787
137.930922855
-117.387177497
304.414648594
314.334053464
-192.448267353
6.86424524605
-4.82897983558
86.0467394031
5.35732502856
-172.125302773
-158.379723813
131.131784256
73.8476241151
-64.7589878977
-58.1450074274
111.968166026
130.399630188
142.924296708
-44.9349003693
-63.5799339173
206.545235058
35.1655523668
-65.6162532544
-78.8709518827
-35.6764094273
63.2198319371
15.6899128753
-140.784994678
-37.0103958522
100.346985764
61.4917847034
-17.745822274
-17.3485014853
31.5554627482
112.666715962
58.5353424142
-96.7287129768
-3.11784986637
63.4372288207
13.7502035085
-35.2013522049
-72.2157265163
-12.3959804483
73.3541603284
-2.57499894905
-67.1218401063
2.36455797088
56.9287224257
40.5083053541
-4.04480056713
-35.7653440465
15.8846948576
70.1042996093
-6.23516935868
-49.8109812373
-6.08359344707
22.2421420067
20.0766591269
-20.3941128036
-44.6699813247
14.3876731527
42.9096431888
-5.14550514668
-25.6419017437
0.302375779953
25.3440557374
25.3098767077
-12.0289201408
-26.9703745003
15.0957913942
25.7627341446
-7.31989942716
-19.843045003
-6.76044338941
14.1321286808
15.2669491388
-13.9306858601
-16.7195806721
11.6134448853
16.2238639491
-1.87587435395
-10.9012755386
-3.65691060423
12.1680847099
10.0477973126
-10.0458991694
-9.46088769088
6.60011267543
8.36800552431
-1.33548547818
-7.90333076419
-3.09547194186
8.10782268944
5.25791870584
-5.78411539299
-4.32493804624
4.00931426054
5.26900729332
0.0108116856084
-4.63545512654
-1.33100780575
4.99081204141
2.55578178023
12.628486794
-17.2946037451
-10.5911467221
2.63658149936
11.5811918508
-21.912329228
-5.90763219211
11.0025962995
5.06777569062
15.0621559683
-24.2355047901
-20.1843242959
16.4689097229
-13.0722534649
-9.88917545129
-7.15940900383
-17.4418791469
14.1507863497
-14.1810304691
23.8413427095
-17.4301686251
-10.3902206374
9.70123861318
2.97850920207
16.397438684
-41.755420909
-6.00355573787
8.07617952207
1.67341034989
1.5783663798
-19.3252251017
-14.6416814377
17.0573042607
-5.42850745614
-10.9085806919
16.9766004574
-7.70903001534
21.2999529141
-7.39020936972
-17.9367325653
16.7188754261
-26.7087186983
-1.81879062216
5.36999022361
-13.5773202517
-8.87859014586
2.6102317924
22.9104422134
-24.1211418192
-9.79230612491
-8.27763683336
4.12615308474
-19.4276099206
36.4735431243
-59.6326752418
55.8482690611
-4.76434478278
-40.7622715963
-1.252329053
32.3197079834
-39.3764585327
26.6309511653
-21.2848191192
34.2693418102
-7.04794419969
-23.1919847291
3.24825643853
-24.9789682074
18.9925217424
-8.36036464092
-35.0532196163
5.72838843052
43.2373057875
-18.5915888154
-5.07397960271
19.7546430617
-31.17728902
60.3980212697
-26.9769989697
-33.7721477035
33.2295659037
-9.03726215917
-2.03592676733
-44.0396246079
27.7552893634
-5.86377064602
-14.7126874546
4.95221420396
15.1426029486
11.61207222
12.1125687649
-40.9500679149
38.1539360661
-0.607038902861
24.0701959656
-35.4299046734
-10.2346220129
13.7156504833
0.272760312122
-42.6350261435
34.7204387361
-15.6014594522
35.7877956232
-15.0455534558
0.836617271812
12.6470121568
-22.0646440794
35.4161872581
-31.0701555969
18.8258501876
-33.9026849893
43.8821983152
-22.0587532691
-15.8171247865
33.8796258157
-59.0786843684
40.3216693525
7.84737509821
-14.7922718825
25.566234539
2.56855641943
-8.287542958
39.4053380355
-0.17483151379
-6.73672401604
-20.193648198
16.8803927795
-25.2230890604
17.688683937
-28.0043743366
11.723859766
26.018733703
7.8666850933
-11.204955288
9.98809449568
-2.19017253055
11.9382579813
0.256454042912
4.73135891687
7.78658484158
26.068916553
-36.5305280141
30.5901380001
4.78399075145
-24.6358456594
28.275910671
-19.2031135129
39.3154728115
-38.5953824647
37.5382019509
-47.1596166013
21.5460378701
22.2900741188
-0.531858541063
-11.023139045
-10.3471507072
20.7993780815
3.21128138492
-7.38875565201
-25.4598162256
-8.8743355359
45.8329144946
-38.44161956
19.6813382094
-4.47815025667
17.5386701278
-4.49287715385
14.469831673
-45.2958636751
39.3794081198
0.608168488059
-4.06247726862
-6.67357285782
-5.13942125815
-12.4528425641
4.0913350149
-11.1387607334
14.4451119818
-29.4461820823
13.1522644667
-11.8678216723
16.0992188323
-20.5713558866
15.9469474228
-35.2531022339
38.6203472482
-33.2882320871
-10.1189832353
23.17290163
5.78286606129
-5.8159517951
-27.6640755407
3.20722655954
17.2192945622
12.3887509875
-9.26374469059
-21.4094450209
6.14372718599
12.5314881764
3.09026623825
-10.0372684316
-7.39875988227
6.82620744564
15.4121266044
6.65406591169
-7.51315901984
-2.00251480976
-16.4565197232
33.2903867407
-8.30378185491
-5.66766323967
-7.04322428526
2.7208794476
-7.54581107513
20.1946958356
-8.2732347066
-29.7383370196
13.3525472046
-8.2058345003
18.7778516895
-10.0284063347
-24.7526463247
30.7159671655
-3.34408185671
-27.0601942095
3.86086657327
4.48384183673
-8.12667793509
5.96546603669
-4.00042386297
-4.84210820376
27.0202318315
-29.9638825049
9.65351414895
-13.1774561319
33.9338704779
-22.7160005781
-11.0307439836
6.56103631755
21.1281951077
-12.9504155777
8.4761382339
20.3855319016
-18.1387476578
23.2460084241
-20.847525189
6.47946019546
25.0201766011
11.926089364
-33.6789216809
35.2379719494
-27.788439355
-1.82921845706
37.78645154
-15.6644819296
-2.05630003607
17.0377595512
-4.00787499643
2.30250096214
-14.9769486533
9.71484393514
-15.6589709877
26.6566617519
-12.21014931
25.9837019707
-30.7533204471
16.6030645321
20.7526046795
-56.0902155527
41.9516439642
-22.4215472391
32.7910378253
-4.72919894553
-7.28002333072
-20.6350365132
22.8127954438
-0.501334200685
5.33105697451
-12.4589654721
3.13623385256
-5.87748746009
-15.6422032378
26.0205733529
-45.3372219098
23.3826013695
18.2254271339
10.0601672968
0.224498907817
13.1776421844
-23.1037778201
29.0295071482
6.45809148569
-20.2845988351
19.5356836124
5.92947761577
22.9076844272
-32.1140493432
-1.42928040099
18.1901771512
-9.87930929711
3.64307529165
-4.83081216914
22.1724439115
-19.4137126536
19.5064039098
-22.4452477969
22.3085469936
-25.7073018204
13.1216204316
-18.2086846101
40.1973711152
-48.2077447552
5.96924128844
36.9383885106
-61.3228631585
39.5810583178
-12.880104555
18.3306262771
-4.89487625042
14.0868596488
-19.0990373368
2.52356441989
2.35764216135
8.85524773357
5.99315899938
-9.87740997067
21.9846918248
-28.2554527492
30.6343263462
-9.78780086725
7.10216019287
14.8021065594
1.45391667174
24.1424957513
-14.2295538457
-7.42401758325
35.5112216205
-13.2183756466
-5.00433365
14.7029426684
13.564264526
-26.437518788
40.2314302752
-14.6130716055
27.2470571264
-31.542208865
38.5104398084
6.71515143785
-3.12254088356
13.0203945148
-26.7375015321
44.0266279412
-5.04202403209
-24.5483542311
-2.39797889408
2.86810572656
10.6275699024
0.321989261937
-28.0124141056
56.1419475814
-63.8009409681
56.4231335888
-11.440596985
11.8342196694
-43.5418482369
13.6796683214
16.0494372549
-25.8602191987
18.8798980855
5.63184455321
-26.2360214005
11.1071799476
43.4379797648
-21.4683173767
0.0297435662926
-15.2040280666
26.1046717532
-30.5304890148
41.2473103089
-5.35874157079
-18.7313151416
46.6052888534
-51.3964473788
29.8852754596
-48.6249816498
49.2021160094
-26.6320450443
6.58423154668
32.3002042826
-42.3382480635
33.9002495541
-8.09396431424
-18.4777104679
-0.766002251819
28.0881014571
-28.4668067218
8.20572663805
19.0745120776
8.91812248767
-32.8838533551
-3.03153303134
40.3493700177
-13.8290667339
12.705040635
-2.43202199589
-21.9958426644
50.3423335152
-46.2579643689
62.7011802386
-36.7034037723
16.6649029637
4.51496107286
29.2801193737
-8.27878851032
-11.9592172145
20.8671151602
-0.565258941145
-7.31286546835
33.9361537662
-24.1446031219
34.5355659904
-30.6828669506
47.6024478019
-12.1877985936
21.7211375915
-50.4625221745
47.0034185737
5.52220504382
29.3945689505
-22.4582252782
9.77952886366
4.88377968605
22.1956692848
12.1154995204
-15.5781077032
2.42505172974
16.412504048
34.8028701575
-30.8761903155
33.0035842447
-43.5973862583
51.3361768098
-29.037257661
28.7930882312
-22.7840382669
39.9227510947
-17.1149668826
21.4188454792
11.6694543137
-42.2418092612
43.9599941058
-3.86725478837
-12.1919077464
-11.9297519756
26.2771896483
-23.2223105639
54.9435610351
-0.674717415661
-11.965241576
-13.0972020472
29.8128976878
7.15480426672
-1.00424616168
-23.3697762201
-12.8599405616
49.6192995461
15.7526403803
-32.1001056681
30.9146057785
-10.2034084221
3.08299093637
2.88361250566
18.3423045421
-22.7974819267
40.8913487684
-34.1638600363
11.3575585319
-24.2626457686
32.5591272358
-12.0245051959
26.5208782359
8.24000295604
-49.2507805887
7.7180360269
16.6924052012
19.5041285575
7.39615810771
-4.82511466656
-19.3602510381
2.10471279134
34.4239959444
-8.01887019905
-16.5579687138
-20.8894184803
52.4925718091
-46.1890136196
41.5591088909
-27.4147632379
14.2551994795
2.78928298323
11.1691298184
-3.21338014595
-37.5735404447
14.9880440766
13.8108643176
35.292583843
-46.45586836
18.0826261489
-10.9995413893
38.4418216044
-32.3902944681
36.7467199124
-40.7414261316
8.54620531522
7.11669414506
18.6692916748
-31.4594981981
5.03672447934
16.6767819718
-28.9144364248
41.3679319443
-44.102822112
20.9019914093
8.23540655781
19.527110877
-11.1491605628
-5.74969148241
3.12969862628
-29.2973763156
28.3458796486
-2.72401212273
-10.1174551496
-19.2126650247
15.9467587581
20.164905462
-11.7952330895
17.2639970046
0.26138944175
-33.4228458387
39.2451351423
-8.68946086158
-15.9359011491
19.3669666648
-4.0134416978
-30.3599975046
34.820726547
16.7822962234
-41.1363832374
-3.23082858135
6.76839471953
13.6835207208
5.07182050502
-11.8350163989
-25.9168293782
17.6452900659
-6.19320914029
-0.735889508802
15.9011683466
-31.3026622369
8.81195609167
9.07867884244
-18.4321255925
8.8022095814
-18.1903202293
-0.129537826393
-5.15136358406
35.2182258873
-26.1367037071
-9.20222941982
-13.0332381317
-9.1411279051
43.1268212917
-36.7739198613
18.7656815906
-19.9690379951
-2.9428837238
19.8698874567
-17.4467665792
-12.5106205895
-12.9004841694
26.1041294285
-12.9717143439
24.4951332677
-52.4133673722
8.82005403952
7.62077788032
15.2141527444
-10.7165445493
2.6469911063
2.32334152226
-21.7894376425
35.1198400436
-5.37779184149
20.0107090918
-32.9610563283
-14.1487932721
-1.08067383583
43.6344981464
2.5374380065
-2.01476228351
-51.5040340067
2.42811487489
6.06660413221
37.5897555871
13.0653914628
-20.2796227989
-40.4579437493
-8.30163974012
25.0382021025
37.4229425348
-3.52954554158
-41.8750510064
6.77921830165
-36.0991960267
37.2834988753
0.343028314736
33.0975365866
-33.3624666167
-3.31362382488
-50.9620762202
20.3220999507
15.290278598
28.0205820816
-24.854708169
-10.4028176632
-2.93756536561
-10.8393124036
44.291605041
9.19839514038
-40.4597732192
5.44777217044
3.04391217944
26.5589468372
10.8561569291
-37.253582544
0.972215009237
-2.14369905996
3.44453578491
12.7574243659
-4.98209157486
15.4470427197
-15.316631058
19.7718391532
-23.2688329062
8.72690204508
7.43337938049
9.21600735427
-18.2035990656
16.1120736207
-34.8281640621
26.651582798
-6.19950694407
2.89069062525
23.7827396145
-19.4430917688
12.5663884522
-40.0738691099
22.1131425165
-16.5078613417
56.173054362
-29.5080165599
-13.2671295081
-1.14661484802
16.1121872251
24.6589691936
-24.7303487251
-32.6289962771
24.5738704887
30.9659764089
15.7146956469
-9.26821794478
-47.3325975291
34.2911445546
-19.2963724716
9.93982804854
9.05837412126
2.3986871711
-23.2984264071
9.64403685112
-12.9140045046
4.40557331476
0.868460201904
2.3219965375
-14.5411315139
28.091744819
-11.7411553808
2.43594463887
-22.7089828763
3.94614005839
-15.0628048135
38.2975195017
-27.2147473239
-19.7390858716
8.03902546811
1.3154530271
-0.861330111829
2.92296520791
-16.5967883497
-2.5467445473
-5.07036494569
11.0224109231
5.78146021025
15.7764848946
-27.120976156
6.46742509303
-27.3601030675
30.850918555
-13.7608709257
12.0669559909
4.11122893404
-14.9575443251
13.0110117411
-15.3177021906
31.7003362439
-8.72641800782
-10.7677787071
-20.0639645311
0.373846331219
22.3053658861
-22.8210659869
7.91493491751
6.41618039001
-15.2950987812
8.83619038073
-11.7403259184
7.26086571973
17.9465463781
8.1344608401
-9.87362018906
6.55301386721
-16.9168572396
5.16776948381
34.6476683692
-40.2161307483
-6.39445809492
11.3792810465
6.57936246063
2.54967224991
-18.2950275762
13.278172973
-18.2986978586
33.9457937936
-9.27538181971
-6.4462054863
-20.7161240268
35.4456264451
-6.1797574167
-21.5396599768
7.93278701793
7.13992631375
-22.6485138735
1.09166457042
14.7445149856
3.06504352612
-15.0167795858
28.9909136635
-25.7600387062
23.8003534062
-38.4769314405
33.7285633402
5.01437303185
6.24846197446
-25.258779384
-17.6842864533
37.7627690626
-31.4720496531
3.69706510587
-4.19045551937
-6.98737675453
-0.22722253977
35.1230558392
-19.7438929792
-2.89866306944
12.967055583
6.53842675068
19.996919477
-49.8044419485
20.961966601
-24.1551892209
30.6843797376
-39.3101317778
31.2649804697
1.50033339972
-34.1236010126
8.57968772664
0.85131841384
22.4009369118
-46.5701329915
16.0644421756
6.24079513209
-15.2588106816
14.2993297199
-7.57621719885
-3.83569002985
-18.7230078998
19.2103780222
-27.066232928
-5.17002273277
-13.9469782549
35.2519209548
-3.89545987543
-38.2843857939
20.8627035827
-29.014980185
50.0319845485
-46.685923112
22.5019213182
-14.7445662947
-15.8181546071
1.6687484025
-23.2849267391
-11.8678989165
38.9808281551
-14.1790820652
-18.3219563739
9.31905152226
-25.75463554
37.9969959676
-36.672036332
13.0978255352
-16.0269621786
12.3525657886
-22.5838573847
12.9353176039
-33.1753401095
6.08365733323
24.5081012743
-42.9186370235
40.0043498732
-10.9820793431
-38.996684232
39.0941049134
-22.0939447783
1.50878431482
26.165369773
11.3475334804
-40.6110589573
23.5392229044
14.6328560224
-42.0126859175
13.3917093517
9.24824104931
-15.5812307748
44.3828872326
-52.7936779024
27.4284520795
3.73616366072
6.75420339937
2.69160984345
-30.9497423178
12.3489975308
-28.8458162922
34.0690100862
9.43581258427
11.6285456925
-10.3549539642
-39.6745356092
29.3308157932
-36.3046408731
48.6083788265
-38.6206500126
-6.52863862007
25.4099891526
-38.4466843965
9.98909527461
-18.8501313053
-4.50383249674
35.6900405585
13.6065498886
-47.1569459045
31.0319505888
5.18835421733
2.72446135195
26.8600640496
-9.84870633755
-10.2012836497
0.558693394516
-25.4318747711
12.9640186707
3.28226512849
7.81681455078
-32.8684296281
64.448352219
-40.3625839595
-6.22495601132
31.4408620957
-14.2119539176
37.2917676961
-14.3364517455
-2.37743577465
-50.4592706298
28.5016790607
-1.60117569019
6.7641862845
25.7676486532
-33.3603918543
26.5397115137
15.8961226024
0.378567662417
-34.0578339205
20.9928102337
-25.7118951322
56.8002336404
-51.809759218
-17.9748833181
-16.8946158672
25.0955066562
22.1341696627
-14.2409620336
-1.80649915458
-40.8124228176
59.4615139472
16.143265993
-47.2902729888
-32.6419561642
29.0681895003
-13.9479989995
-9.22486979448
17.5657319664
-15.7523082862
12.8653389755
-9.21148294501
-6.16699832349
7.17971083515
28.7776079173
14.7963676473
-22.2499487527
-10.6574695675
14.723120975
18.3377233954
-38.604863666
36.3101278733
-33.4801257659
17.7185443335
-32.8832824617
28.9247596406
-6.8867245106
17.8144962813
-7.84280348129
-27.8280152452
-6.49314199809
30.0506687602
18.8871578951
-29.5395465071
22.2180570121
-4.16814110984
9.30559570297
-26.8875166475
27.1651942953
-2.38270668594
-16.2666598413
28.2741988898
-23.350793894
13.0933859002
-34.4969508218
19.6484168149
-19.5020084342
9.57880199275
-8.56817188492
11.8535921519
-29.4931599253
12.7841855001
23.4090052393
-25.1373435374
11.4424992303
-23.2897156077
4.91060258214
-1.79977919481
7.92327525999
10.8928515172
-22.1809678508
20.052193298
3.2697204573
-22.0089252141
25.1972389294
-5.60708550322
10.7916694198
-28.6273702724
-9.70332566464
-19.4138960897
22.1099806723
-17.0991748372
15.0825828813
4.89118730088
24.7823381157
-42.9428045354
10.593182508
-3.68466745212
28.2416670377
6.63611067352
-38.8143783411
-23.3939244482
0.965419697434
13.0216002631
-1.95613173675
-19.9792428189
16.0371735135
-27.7284033629
5.59859392676
2.70932996965
8.34442481683
7.55035477965
9.68597955059
-8.56866998291
-7.12244759232
-20.2470546553
25.4721201493
-17.5978092891
38.3976148756
-50.2175511939
34.400818207
-39.124532865
53.2973885987
-11.9199193918
-5.16674938378
-30.2984033823
39.0160386106
-20.6088710561
-7.42945258466
-19.7985917276
13.8926800741
-12.0484943002
19.6948144512
-29.080416781
-1.65599089731
-1.47493205301
24.3493938505
-17.5895239056
0.360222923289
-15.6178927949
-12.5315884516
-12.9687206132
25.5838384907
-4.18878952731
-8.61979700551
19.5097935221
-25.832751717
7.96490184647
-21.2907532991
0.279907291439
-19.1835501653
1.27823442585
-26.4971236678
-14.5511864757
-12.8543929793
9.84723070405
-30.9708695385
5.86555681607
10.8592171419
9.01832188626
0.550328346313
-11.1380568619
-10.8908043731
-4.08834825106
4.49225763437
-8.22170906386
2.33068635578
-24.1604501477
-1.50415898548
1.56164070063
-10.0236817158
13.2269929231
-12.461805975
14.5274523806
-11.0677105919
24.5628678905
-30.4126563535
-7.81482027358
0.0438802710209
9.31102540802
4.91820646074
5.96427770665
-27.8783084523
27.8930098073
-4.80538993102
11.1729561312
2.28116012346
13.382888359
1.15372009637
-10.0610850484
14.2461578746
-2.99751931736
-10.5124642336
-0.923474525211
0.208042963545
11.7379076784
-10.3597166909
17.050280383
-29.1645943071
37.6879821407
-21.7102811816
-7.26406529837
24.3291373762
-4.4607146553
-18.32024165
-9.94819033923
16.5644143167
-22.6305023366
7.56864707966
21.3464585145
-1.73682348638
4.62302975018
-14.9352665856
15.4178960212
5.10738414796
-8.4174502619
14.8875008192
-2.25877551325
-10.7623431483
1.91240674868
-11.0081143462
23.9204585888
-19.1794820034
30.5549816594
-39.2689492552
24.087147636
-28.7640743291
38.8758884949
-4.93242493046
-3.84634939756
-16.9125309375
4.34453511222
5.03860214231
-6.09487868962
-11.5070022535
16.0607799903
-7.36756203929
15.2211980861
-5.36592142224
9.28762677191
2.96577696616
-13.3594595578
6.88721803412
4.49942760598
5.73533408373
-7.49083678294
6.89258579543
10.3180222168
1.89606228615
-8.92404627821
2.5981351596
15.1406003768
-3.20234891309
12.1229709122
-1.55674678285
13.1591663058
-14.7107508921
8.12932109402
-4.03840210472
2.97686101082
16.6716691203
-11.9829376399
12.421661859
-13.3384664978
8.23345299076
-1.33409350482
10.8909616038
0.70375051518
-17.2093039033
7.16332427456
-15.0702089943
3.25147483472
16.5460142254
-24.1357388222
2.22047251278
9.71362311518
20.2288349492
-11.5312982766
-19.6751408941
0.634637992746
-9.78348075393
37.5010735661
-6.33576532966
-14.6385831793
5.05746199677
-4.06271058826
22.2471370902
-1.52099775802
0.0592747351474
-10.9332071775
22.280566347
2.6077682436
12.140912649
-5.02333871062
-21.300804695
6.44217940153
23.1009685549
-9.56439086451
20.3218349734
-37.454999507
39.2185724381
-5.70585967399
25.9519367979
-43.7124870466
5.65203687197
-10.3961907207
36.4509636939
-20.7753188861
11.8957116891
-12.647428835
19.7441139821
10.9144607878
1.9842140942
-1.09123932635
-13.0060514425
-0.121884953601
-11.0226434978
25.6295130064
6.06935146182
-24.3040290075
-9.46974897457
11.5507685755
-1.22937322015
14.737880385
-29.481169389
17.4567739544
-7.70321780341
26.1913905122
-34.3522742539
28.5458255015
-18.8993001792
25.373717259
-29.9764509944
35.4484411261
-16.0385216286
1.81230947652
-14.806268632
21.1427015244
4.20579692596
3.17701080563
-7.8420154592
-1.59776171245
15.0174015264
-18.5994898514
-6.11336917922
2.113762454
-3.37943903521
-5.39067601063
23.5468894709
0.658763729143
-6.69827408755
-21.2550948934
11.2031419666
13.4923315249
-1.23397687442
-7.16329385589
-6.5360168539
7.70812798376
26.0779335117
-33.5202206152
-18.3380228743
21.6487786597
22.0993480983
-14.097119566
19.7004228779
-9.39830117251
-9.50768747303
38.7596340784
-28.4196716065
-15.3624061814
30.2590514042
-5.23585584542
-24.4399555301
10.9090987278
-16.8153329167
1.17362169001
24.5818847316
-5.41366314611
1.61006259739
-14.5785256483
6.74346531927
-5.52194112865
17.7302731819
-11.1842738317
-6.11797219853
12.1313073069
-11.3706118549
-2.28702383493
-20.0326171132
9.77426390435
-13.7140998979
8.70933318923
14.8998871211
-17.3569252126
1.55190854906
11.1814669519
6.14844781708
-20.8394067698
8.55077383198
-8.44678074085
21.5898309489
-2.39286163586
-14.2074032461
-23.7251169765
22.9871283744
18.1274989936
2.40590795464
-15.8046189691
8.12731559039
-18.3181990462
5.63404046342
31.7136940531
-47.5132040012
21.6929977451
-18.0238667219
12.694187897
-10.6139663316
21.0020553639
-7.47732581106
1.4418484986
-11.1280386368
-13.2006172282
1.86952958006
7.36981312097
2.3684916818
-9.37647464491
-19.2572204601
-7.87409400389
3.71136876585
-4.97414279878
26.20300425
-27.8306400336
-3.04444557416
-17.0524136126
37.2158600343
-37.6868047115
31.1305367066
-20.6223213314
-17.9160562129
24.9395081083
8.96499600882
-10.3454265659
-4.00196201106
12.441455654
-26.2164321733
6.31122318209
16.3925842889
2.24973971977
2.49975904923
-8.48426660757
3.86271341383
-13.0152653443
10.4358225573
3.57079070131
3.12324079033
-11.9931024057
-7.1166700244
15.623317329
2.83497124162
-14.1719009987
-0.65494623497
-8.33266759694
-4.2002596762
16.1613899237
-4.13235911785
-14.6196542105
19.1557499352
-24.5879307924
23.880171898
-4.82765249343
14.4711429701
-35.2426500617
28.6795303533
0.296314401245
8.07369251371
6.96726055338
-24.5570441793
24.2983450457
-15.9619273807
16.6794820657
-19.3529674721
26.8999609222
-23.4442448652
11.9183620661
-18.0934783796
18.6661348445
-11.3041221641
16.4916585291
-18.1664748103
-5.45804906906
30.3823994829
-20.2258152074
12.3370516342
-19.8306429192
12.4937063386
-19.7803439319
22.034428572
-26.8439363338
16.7224571458
-3.04105339285
12.5992625444
1.4044843706
-9.97104801973
19.4017063066
-29.8916365428
31.1387333591
-28.715634543
26.81178052
-12.9858825947
0.812826417475
-4.63396812116
7.97644536961
-6.3076280038
-15.0959674545
27.6269081189
-7.99308416586
1.85464603472
-21.8843768459
29.1454330769
-18.6869810558
15.0413428864
-8.57296975186
-3.0745156664
9.59241744464
10.2894456198
6.22854729699
-16.216028532
12.6945561256
-14.0166343511
26.5594116567
-14.5511101706
1.14800620189
-1.15409486507
15.3095248035
0.838752012319
-5.29328098527
-6.93311995691
1.7625130925
8.47014825541
-13.9061878122
21.9549223901
-26.3396673204
26.9236372699
-10.9750673582
14.5663181273
-23.6698116556
3.31915557807
7.34475021896
-2.08086369582
1.30862000706
0.266839097711
6.49341570092
-18.5834996081
30.2944224564
-26.2317570314
1.84820495107
8.55607955222
-2.09786414318
13.9895431596
-3.40027456438
5.32065325787
-18.2140543186
8.09821776253
4.743827298
-8.63447232358
8.62373781277
-14.0476317144
6.80570826381
6.07016863981
-6.43193825488
-0.177777412391
6.88383566469
13.9865471578
-2.83762401378
-11.2638169532
-4.11975133883
-4.05559730333
13.8990406713
-19.914830111
5.08397004828
1.41014694369
4.41511260805
-0.192536963017
-5.74796653723
2.03640997576
-5.56633922037
8.98252220018
-4.91755335567
-4.99671059048
6.9481282375
-2.37307813282
4.02585865798
-3.43899012575
-1.07468607909
8.58648283388
6.3039359285
3.21202121891
-5.32588563356
-5.49714594573
6.54561929862
-2.20344702923
0.99845202899
-1.14551039761
8.61127585667
-9.46077896522
4.75113365968
-7.43020287341
12.4306683782
-12.6055850484
4.74570413591
2.44028848415
5.61497616926
-6.13547804796
-10.885468745
14.7566265741
-6.6099422352
0.99469248293
-9.81145572304
6.06525663965
0.12746425335
-5.54463724931
9.26096054547
-17.3812695731
10.6129375125
-11.1864905457
4.51024051922
-10.9406634362
-3.19944976731
-1.05121889512
5.01381919342
0.0990870746113
-9.10190618318
9.39397202413
-0.0970114473546
3.42718852315
-8.12428021884
0.38739338765
3.76573921035
-3.80398222046
8.1249942443
-15.7404035132
3.83010809872
-6.21209609348
0.178809520615
3.09039563042
-11.5763970137
6.13306890377
-9.86504388159
6.90832351305
-4.49550333618
6.11005857825
-8.18992003552
-5.31921083194
9.62881869891
0.722573934264
2.8648573048
-1.78761710061
-1.44081871894
4.39838058344
-5.11972881317
4.64675789898
-11.5353708756
3.36265619353
-0.153250171037
1.50024477429
3.82757996799
-3.14927981315
2.64276128387
-7.38275235964
9.21722125548
1.44679929799
-4.49508545812
-2.07341898932
6.68010021381
3.23811889498
-5.65985523626
-4.19028672342
-4.45299169742
1.96571279074
-2.95785517035
2.60302816565
-1.27282820957
-3.53036137283
0.363318875545
-1.09444196355
3.56864914196
-7.09995768559
-0.885130265784
4.45524226665
-4.12042828615
3.86867990215
-9.91857388995
8.08234154386
-10.9904346212
5.96243554133
-2.07233890508
5.53240141116
-6.78831910665
-3.2593017006
1.29460946644
-0.989347041677
-2.89387728202
2.11889831433
-1.57041530831
5.94540219795
0.704660169951
2.97373055378
2.20470180457
-1.9919602447
0.128773158419
4.08588012041
-0.827198962285
5.43009155873
1.48520515553
0.931924596844
-1.06404225275
-0.522491563539
4.42789488038
-0.461804472316
2.74963517358
5.44100997123
-4.95213086687
8.78043181059
-7.25482664175
3.85709280038
-3.25085146127
4.7348637841
-3.61252596573
6.41615986574
-3.99944106668
4.37042139844
-0.960426406201
-4.36940237821
4.83785928373
-6.39504827472
7.24255983041
-2.26556184144
-3.07208166092
-2.17263390382
-0.662036760881
4.97277041742
-0.531967189559
2.57851463729
-5.40148645066
5.08719245344
-1.59361554017
5.4267937934
-8.34975009971
1.17825303759
5.04448720366
3.59685304035
-5.02619990215
0.486166552809
1.66202374034
-0.283605931359
-1.55945707705
5.68745189799
-2.97918565586
5.4629099764
-7.22861979212
0.793612240018
-1.45463661467
4.65012659206
-5.24827695258
2.50413163564
-1.37746351565
4.4402474601
-1.97802374525
1.64323037272
2.98276702222
-0.679980392102
4.16747631113
3.33680725167
4.80916766603
-1.91085454039
2.0167939274
4.53741179427
4.71601426774
0.233979478729
0.0601888047064
-2.16342497361
4.48053826275
-1.79470898474
6.98318776572
2.64093709217
0.760566764634
1.9757797272
3.48493546376
-2.16952343798
-2.22831996971
2.55428148132
1.83698382591
-2.34527828884
3.54733883076
-2.95278173863
5.73955674986
-8.04982576528
5.79740544414
-3.28411789356
-2.69981275029
5.29313350629
1.92063743345
6.53379287393
-3.78378499894
4.09020469097
-3.18083026763
4.34827332769
2.81827984989
0.676962950256
5.93663255875
-2.43810674591
5.44322375883
1.09316931714
1.14390566456
3.95000325324
-4.41995522693
-0.335934683982
-3.59950298521
0.390836654586
0.52949299199
-3.46594598119
5.24267919281
1.58509773362
1.59900784621
-0.994963816746
-0.75231879604
-3.21060602806
-1.03237213496
-1.21674118359
3.34992167541
2.11213975205
2.71538662801
-3.76635637641
-1.45950807727
-3.69910923367
-1.61324213666
-2.41369370674
3.52085170602
0.751900556159
-1.16422316535
-1.1983990743
-0.144215933894
-3.0954540599
2.98663659401
-3.89335951627
4.92340212143
-5.12000215737
1.59635159809
-1.12599366201
-0.701236996347
-0.615961294171
1.44406606131
2.02791077264
-3.40293880571
-3.63697264255
0.83595501129
1.65201072518
3.65437317651
-3.39812077434
6.86522212204
-7.71152713304
1.64678103898
0.608704543503
0.735565421974
2.57282379972
0.754921223819
0.62463531125
-0.548816281852
-5.53487695841
2.08572792591
-0.744979428632
-2.0735860793
-2.50504902026
2.71277983135
3.29823656553
-2.59277272691
1.44715610476
-4.48436876427
3.98391870705
-5.17105202637
1.62734045166
-1.44096709043
0.696016233448
-3.7878942588
-4.05745629336
-1.74091203905
3.43711791264
2.67590385944
1.93000030218
-2.35485565811
-0.444248979869
-3.6852793524
-3.12326653118
-1.37545938332
2.97198431549
0.0999399933406
1.72333055338
2.35310699832
3.18394396953
-3.89149727406
0.575859276026
-2.04380348932
4.37135564798
-1.63844576015
4.50375536074
-2.8528650523
4.39537969064
-5.45827308497
-2.3579694871
-0.6993389403
-0.477389017266
1.05368019618
0.175210213808
2.75718920962
0.5936627046
-1.7770548309
-2.97361561148
2.42328096427
-3.39271004446
-1.6171635459
0.779306423423
0.0538785510065
4.23402482285
-5.89701722779
2.79438892159
-1.61960411322
-1.10104696613
-3.9127541784
0.990180623326
2.12275980785
3.24134932139
2.11932695402
-3.97375035522
1.57222818282
-5.85651931649
2.90062677415
-4.34419288837
2.95483267274
-2.48127281533
0.0144249710283
-3.26090121754
-2.27540125546
-1.05271745149
-4.72946343803
4.19525115874
-1.70579234861
0.287985549705
-1.72191236098
0.682850217606
-3.09957185028
-4.88923083333
0.936198337703
-3.40236772426
1.79813810847
0.862402429583
3.33077171272
-1.85790863803
-2.02015451319
-4.14137706291
-0.466181724689
-3.74856110058
-1.47612312235
-1.43580528884
-2.43928658656
3.32036249006
-2.2433772008
-0.500173464885
-0.894235594665
-0.552090354856
-0.383829344347
-2.42879356285
3.96983313135
1.20133121712
1.42092338214
1.15953453578
-3.38483351615
-3.08434583728
-2.61728001668
-4.03471252926
-2.47040739782
0.607459943145
3.01654962286
-1.172450173
2.07678389698
-3.99550929045
-1.57950123862
0.146791684845
1.13609572492
-0.232172309449
-1.84797645547
0.760075836863
0.695089303055
-0.724624739571
-4.87492877243
1.67694171085
-2.32297408626
2.99385318668
-3.24028663231
1.14267435475
2.81423220858
-0.707794963034
-1.49563030761
0.0930210857984
-2.07216254413
-1.96032332238
-2.73665969433
3.55223220303
-4.32662684654
-0.214305982004
-3.96452525957
-0.731363625342
-1.01832420692
-1.5798958539
1.71429749688
2.13576731235
-0.907866849913
2.85415579071
-1.23102838116
4.0086365785
-4.23361394041
3.25393429005
-4.49450012823
3.69727039211
-6.25412090375
2.97366980318
0.13922221884
-1.34350098101
4.02685805993
-3.24229556668
2.79341178154
-2.4836267298
5.33384640651
0.659728167783
3.81808812252
4.15823597536
-5.04636318779
4.26511370113
-6.64435301704
3.04253156243
-5.67531607314
6.45428320088
-3.7884017481
1.47454706381
4.11508194876
-2.61815636775
2.72078161555
-5.98553185183
3.06974758638
1.89707757157
0.241419648657
4.68596840145
-7.11228355165
6.10710647882
-5.45551843221
4.01529097412
-6.95495741482
-0.174854540858
2.26372120063
0.50364766697
3.10867727041
-1.06866147025
2.63563472833
0.47525302342
-0.0563368488644
0.9798590394
-5.48648290594
0.131947615547
1.20809414906
-0.996513059861
2.79366117899
-4.8962888605
1.18727506439
0.468356110809
4.84554130033
1.90353935061
-3.31869668635
0.760779444775
-2.41103549726
1.22387037767
-2.6433551941
2.15499802589
0.699333068762
3.09756040697
3.19218620348
-0.0670685199589
2.0047971192
-3.74505258893
-0.168769072871
-1.63904893044
5.21170538666
-1.24683641708
2.92684196995
-1.37426058671
-2.41611420264
2.29528802053
0.265903546145
-0.0585578290996
1.752159523
-0.834187527114
5.69759857279
-1.20606745524
4.23175458174
-6.86384210724
3.08260671256
-2.24662724531
5.2038065542
-3.00335088933
-1.19816479838
2.0039006534
0.942479162428
1.71615485004
-5.3803076988
3.25661232161
-1.26765226499
4.89361872168
-1.80240087084
2.62308247753
0.546682754742
-0.436262520259
3.14679859507
1.16050322721
3.85658375296
0.988333980108
-2.3222798082
-1.62849526846
0.674067931901
2.8619098857
2.21117263539
2.86618205269
1.33734141226
3.78474019929
-0.525682050395
-0.982534091478
-2.66923447505
5.10539011736
-0.206618563291
3.98590336248
1.00466515087
6.16443792788
-1.07630649569
0.547721024381
1.73889757061
-1.4797670206
2.80445606957
1.54416558567
6.67598482269
-3.67122753893
-0.488187993937
-1.79526963731
1.48559976137
-2.40985507324
7.25498831674
-4.86048714162
3.16660740113
-1.84769292412
1.40816156802
-4.61357440896
2.76662630672
-3.60839848815
0.124163080763
-3.66745275206
2.47236994412
0.430350315123
2.10550028418
-4.88386353586
-0.656718580612
4.92047875818
-3.5558491515
-5.43654191706
-1.74048050185
-0.0352227907629
2.05532245165
-1.31285956395
-4.25337958282
0.371008043148
-6.59935213581
7.48645379708
-16.322706397
14.1504071762
-18.3062384195
23.3962316619
-33.330047705
25.5645627584
-27.5192518175
18.6452863248
-11.8449201656
20.3052538339
-14.0342950995
8.75686305573
-10.8479083771
-3.07822945449
-0.898275656136
-3.50832569585
4.26451543064
-7.30824354711
0.821315425172
-18.0519693431
5.61585680804
-12.3605485453
20.4929764271
-27.6784413106
24.0960022149
-27.1574411736
20.1279676489
-11.3003414434
17.3065252331
-5.97209170544
3.48251760566
-12.7429896564
11.4529359004
-5.03188624236
3.68356088397
-22.678414117
12.898226416
-1.08437384302
-19.1174458414
18.3680277643
-26.3561197843
9.91763224463
-18.3023664102
43.9907827851
-37.0554094425
53.7332896374
-42.9160706641
33.2766790174
-41.3707798199
43.986664398
-17.1137653566
-5.0726382572
-3.92978390203
13.6037961032
12.0017908506
-39.2965811527
39.0674516952
-51.7778820152
70.3910287768
-92.4958498752
120.185375641
-124.659921009
126.344264523
-132.604960816
116.269351424
-103.487505095
92.9973998024
-101.172437694
60.7554863306
-29.9614733066
16.3126599991
-3.38537806986
-17.7868774053
10.8929251565
-7.49093298199
28.0373167018
-33.9000000396
17.7139651109
7.24181263364
-11.3639990374
-2.50050180201
-3.74646739622
14.3023838748
-10.6962933914
1.81937242219
16.7881311573
-16.6379840969
-5.49342947957
-19.2154934941
31.036027044
-40.9759880495
24.9629383527
-0.322171458455
16.7610225715
-16.7482924607
16.0783664936
-32.4313591613
2.15065098357
-9.25389104904
-0.679761204524
14.5996541694
-1.96778223238
-9.93001646819
8.78423313627
-25.4699916803
39.3993488204
-26.2436580255
51.3093930092
-45.5632673097
36.5223169566
-19.4625720277
27.0384375964
-35.5864394334
6.8156490502
-22.0962839964
28.556499261
0.852550846259
11.8318767949
-12.9574252539
-14.6257316449
14.3119947845
-29.9605152448
36.0930134843
-22.3431477016
31.1100368469
-32.1895033165
13.9077355646
-13.8233676124
12.7135582357
-20.0761343606
25.2888829477
-19.1194430222
15.8372130389
-4.35164728307
-4.80286777266
-14.9176821253
-0.773371499247
1.56150266551
-11.644036994
22.6843360551
-30.5602565327
34.7087644611
-39.1346328657
45.9134332988
-35.577126713
24.8812632491
-16.8689043018
27.30559468
-25.4261984348
4.73425169329
-0.713779470027
-13.1368690602
12.4934918831
-8.90898793702
6.23474056681
0.534314107102
-3.75111592128
6.64755605748
-8.05421043885
1.3014423769
7.49510918535
9.95141180482
-0.905006236567
-3.79365758315
-1.41408612002
-7.3931850518
-4.69823525438
5.15768201879
-6.33039583619
14.9961152059
-16.1809743631
12.6771715593
-7.92405097543
17.5325263635
-16.6315956185
20.0470900404
-4.082443735
4.87883165258
-8.42943994421
-5.01443026109
-0.429481164431
-3.49956836416
8.53303246144
-4.48639848043
7.9418498069
-5.48783110278
12.8470394074
-3.70521999257
12.5002733466
3.99896608211
12.2740161077
1.2992179926
-1.12823083518
5.9714347854
-7.27673552069
12.3944698244
-1.7279695058
6.18432267733
1.49414945833
7.46564959863
2.79026687621
-0.999952905432
3.50415507569
0.982920473432
5.38323586559
-1.30167839229
5.08171517246
1.37511885873
-3.46529205876
-2.93315701528
-6.81428203606
2.76173013262
4.14855893297
8.13023172115
1.04652362895
1.24309114635
-7.11081655297
-3.02477034806
1.1722186632
-3.27731222575
0.0670176554629
2.01604924589
6.25316286841
-0.2378973234
1.81499189676
0.0977663712173
-5.44292060608
-2.05772705756
-1.58012636278
0.737048150554
1.95739985213
-4.57813571337
3.983788088
-2.0269460738
6.58924305938
0.545721156964
4.73687679458
-7.32985517629
0.687242266594
-0.440519199737
-0.407791448075
-3.65813094854
3.71942782602
4.94347986599
-6.34310780675
-0.26371223963
-4.5915925447
6.38044036254
-5.39865834024
8.12571263956
-0.384641128977
3.65079193963
-5.18180956598
4.31587764848
-6.73836328314
4.50249945395
-1.37225925251
3.86170921148
4.31930337233
2.01455383275
-5.13108506308
-0.468785905432
-2.52436048028
4.92610776221
-7.90270444087
6.121568478
-6.82128161876
9.98717719555
-8.01775727601
4.63159785607
-6.51042459105
2.43886205706
-3.77868729106
6.31664026876
2.39459351896
-2.66149208232
-4.22706066083
-2.20306989369
0.519394563972
-2.44354770405
-0.0677694935693
-1.06016885152
-1.78377644491
-2.4183115416
-6.17319653893
2.76733223434
-0.620490254267
-0.458720166197
-2.20615756556
5.11546005649
-2.02781057993
0.787746488797
-4.14499833486
1.42344632455
-0.34410809101
-1.2685588009
-0.658418595697
0.452959404891
-0.179960315563
-0.947127290217
-1.2906500006
0.266448244177
-0.516530783269
-0.215022119561
-0.671616623984
1.2233298841
-0.769364027399
0.110488861691
-1.03923603715
0.446852834492
-0.484124281887
-0.375104914685
-0.194805297547
0.150096851421
-0.0462170825398
-0.380270410165
-0.228709780835
-0.0405801347375
-0.229987892817
-0.153894288349
-0.203268469596
0.25057528343
-0.255944574924
0.0301049362857
-0.248930662616
0.0815281949298
-0.203208390369
-0.126705625894
-0.0402588410013
-0.0207303503641
-0.0122040484659
-0.131762474983
-0.0146508269269
-0.0517751937945
-0.0806489174817
-0.061239289846
-0.0728653677958
0.043494860561
-0.0922960502564
0.0153291075457
-0.0686221546016
0.00834224156147
-0.06106125176
-0.0463310450559
-0.00782523136186
-0.0400530997494
0.00415787014825
-0.0515360696901
0.00726614248784
-0.0309982895125
-0.022915456727
-0.0191682808067
-0.0307579391665
0.00632063736077
-0.0378477192495
0.00682662946333
-0.0281731218719
-0.00102002055153
-0.0199201815496
-0.0173858858007
-0.00360536677928
-0.022941655773
0.00284216675239
-0.0228199938583
0.00237009136741
-0.0153532733628
-0.00702644573691
-0.00725116492528
-0.0135711780607
7.16350403117e-05
-0.015899971715
0.00178525109144
-0.0127236316986
-0.0011632701976
-0.00747799780901
-0.00647671347676
-0.00228223782108
-0.00960586047671
0.000465505845752
-0.0093812556975
2.00815823086e-05
-0.00644539449097
-0.00260009258883
-0.00305479662124
-0.0051798423841
-0.000588484245324
-0.00600259299782
-7.3929597187e-05
-0.00507056304731
-0.00102933407767
-0.00309566887629
-0.00259292927412
-0.00131502043432
-0.00352347298673
-0.000415969494793
-0.0034664396496
-0.00055973569863
-0.00253523880504
-0.00129089451915
-0.00144253186415
-0.00197036042251
-0.000671900459806
-0.00214819133413
-0.000494250616723
-0.00184485071471
-0.000735574179337
-0.00126041764129
-0.00109986154028
-0.000751740202315
-0.00128675749461
-0.000493152159937
-0.0012224506763
-0.00051906421739
-0.000953492268692
-0.000658708124985
-0.000662754955888
-0.000773517992999
-0.00046270304731
-0.000774687935414
-0.000397186470691
-0.000643221260269
-0.000422236160891
-0.000498937436052
-0.000464323647074
-0.000378739669392
-0.00047193897556
-0.000310139023488
-0.000435331786414
-0.000319424230524
-0.000364449639469
-0.000320698535103
-0.00029741505314
-0.000316232993607
-0.000249428433619
-0.000295052171417
-0.000224301306777
-0.000238111600475
-0.000210048610347
-0.000205832000277
-0.000198528613261
-0.000178210436256
-0.000184688455531
-0.000157673832568
-0.000167240196154
-0.000158878186347
-0.000150934277029
-0.000143387563178
-0.000136218185019
-0.000129407275768
-0.00012293691198
-0.000116790066381
-0.000110950563062
-0.000105403034908
-0.000100132883163
-9.51262390049e-05
-9.03699270547e-05
-8.58514307019e-05
-8.15588591668e-05
-7.74809162085e-05
-7.36068703981e-05
-6.99265268782e-05
-6.64302005342e-05
-6.31086905075e-05
-5.99532559822e-05
-5.69555931831e-05
-5.41078135239e-05
-5.14024228477e-05
-4.88323017053e-05
-4.63906866201e-05
-4.4071152289e-05
-4.18675946746e-05
-3.97742149409e-05
-3.77855041938e-05
-3.58962289841e-05
-3.41014175349e-05
-3.23963466582e-05
-3.07765293253e-05
-2.9237702859e-05
-2.77758177161e-05
-2.63870268303e-05
-2.50676754887e-05
-2.38142917143e-05
-2.26235771286e-05
-2.14923982722e-05
-2.04177783586e-05
-1.93968894406e-05
-1.84270449686e-05
-1.75056927202e-05
-1.66304080842e-05
-1.57988876799e-05
-1.50089432959e-05
-1.42584961312e-05
-1.35455713246e-05
-1.28682927584e-05
-1.22248781204e-05
-1.16136342144e-05
-1.10329525037e-05
-1.04813048785e-05
-9.95723963459e-06
-9.45937765286e-06
-8.98640877022e-06
-8.53708833171e-06
-8.11023391512e-06
-7.70472221937e-06
-7.3194861084e-06
-6.95351180298e-06
-6.60583621283e-06
-6.27554440219e-06
-5.96176718208e-06
-5.66367882297e-06
-5.38049488183e-06
-5.11147013773e-06
-4.85589663085e-06
-4.61310179931e-06
-4.38244670934e-06
-4.16332437387e-06
-3.95515815518e-06
-3.75740024742e-06
-3.56953023505e-06
-3.3910537233e-06
-3.22150103713e-06
-3.06042598528e-06
-2.90740468601e-06
-2.76203445171e-06
-2.62393272913e-06
-2.49273609267e-06
-2.36809928804e-06
-2.24969432363e-06
-2.13720960745e-06
-2.03034912708e-06
-1.92883167073e-06
-1.83239008719e-06
-1.74077058283e-06
-1.65373205369e-06
-1.571045451e-06
-1.49249317845e-06
-1.41786851953e-06
-1.34697509355e-06
-1.27962633888e-06
-1.21564502193e-06
-1.15486277084e-06
-1.09711963229e-06
-1.04226365068e-06
-9.90150468146e-07
-9.40642944739e-07
-8.93610797502e-07
-8.48930257627e-07
-8.06483744745e-07
-7.66159557508e-07
-7.27851579633e-07
-6.91459000651e-07
-6.56886050618e-07
-6.24041748087e-07
-5.92839660683e-07
-5.63197677649e-07
-5.35037793767e-07
-5.08285904078e-07
-4.82871608874e-07
-4.58728028431e-07
-4.35791627009e-07
-4.14002045659e-07
-3.93301943376e-07
-3.73636846207e-07
-3.54955003897e-07
-3.37207253702e-07
-3.20346891017e-07
-3.04329546466e-07
-2.89113069143e-07
-2.74657415685e-07
-2.60924544901e-07
-2.47878317656e-07
-2.35484401773e-07
-2.23710181685e-07
-2.125246726e-07
-2.0189843897e-07
-1.91803517022e-07
-1.82213341171e-07
-1.73102674112e-07
-1.64447540407e-07
-1.56225163386e-07
-1.48413905217e-07
-1.40993209956e-07
-1.33943549458e-07
-1.27246371985e-07
-1.20884053386e-07
-1.14839850717e-07
-1.09097858181e-07
-1.03642965272e-07
-9.84608170083e-08
-9.35377761579e-08
-8.886088735e-08
-8.44178429825e-08
-8.01969508334e-08
-7.61871032917e-08
-7.23777481271e-08
-6.87588607208e-08
-6.53209176847e-08
-6.20548718005e-08
-5.89521282105e-08
-5.60045217999e-08
-5.32042957099e-08
-5.05440809245e-08
-4.80168768782e-08
-4.56160330343e-08
-4.33352313826e-08
-4.11684698135e-08
-3.91100463228e-08
-3.71545440067e-08
-3.52968168063e-08
-3.3531975966e-08
-3.18553771677e-08
-3.02626083093e-08
-2.87494778939e-08
-2.73120039992e-08
-2.59464037992e-08
-2.46490836092e-08
-2.34166294288e-08
-2.22457979573e-08
-2.11335080595e-08
-2.00768326565e-08
-1.90729910237e-08
-1.81193414725e-08
-1.72133743989e-08
-1.63527056789e-08
-1.5535070395e-08
-1.47583168752e-08
-1.40204010315e-08
-1.33193809799e-08
-1.26534119309e-08
-1.20207413344e-08
-1.14197042676e-08
-1.08487190543e-08
-1.03062831015e-08
-9.79096894647e-09
-9.30142049914e-09
-8.83634947419e-09
-8.39453200048e-09
-7.97480540045e-09
-7.57606513043e-09
-7.19726187391e-09
-6.83739878021e-09
-6.4955288412e-09
-6.17075239914e-09
-5.86221477919e-09
-5.56910404023e-09
-5.29064883821e-09
-5.0261163963e-09
-4.77481057649e-09
-4.53607004766e-09
-4.30926654528e-09
-4.09380321802e-09
-3.88911305712e-09
-3.69465740426e-09
-3.50992453405e-09
-3.33442830734e-09
-3.16770689198e-09
-3.00932154738e-09
-2.85885547001e-09
-2.71591269651e-09
-2.58011706168e-09
-2.4511112086e-09
-2.32855564817e-09
-2.21212786576e-09
-2.10152147247e-09
-1.99644539885e-09
-1.89662312891e-09
-1.80179197246e-09
-1.71170237384e-09
-1.62611725515e-09
-1.54481139239e-09
-1.46757082277e-09
-1.39419228163e-09
-1.32448266755e-09
-1.25825853417e-09
-1.19534560746e-09
-1.13557832709e-09
-1.07879941074e-09
-1.0248594402e-09
-9.73616468189e-10
-9.2493564478e-10
-8.78688862541e-10
-8.34754419414e-10
-7.93016698443e-10
-7.53365863521e-10
-7.15697570345e-10
-6.79912691828e-10
-6.45917057236e-10
-6.13621204374e-10
-5.82940144156e-10
-5.53793136948e-10
-5.26103480101e-10
-4.99798306095e-10
-4.74808390791e-10
-4.51067971251e-10
-4.28514572689e-10
-4.07088844054e-10
-3.86734401851e-10
-3.67397681759e-10
-3.49027797671e-10
-3.31576407787e-10
-3.14997587398e-10
-2.99247708028e-10
-2.84285322627e-10
-2.70071056495e-10
-2.56567503671e-10
-2.43739128487e-10
-2.31552172063e-10
-2.1997456346e-10
-2.08975835287e-10
-1.98527043522e-10
-1.88600691346e-10
-1.79170656779e-10
-1.7021212394e-10
-1.61701517743e-10
-1.53616441856e-10
-1.45935619763e-10
-1.38638838775e-10
-1.31706896836e-10
-1.25121551994e-10
-1.18865474395e-10
-1.12922200675e-10
-1.07276090641e-10
-1.01912286109e-10
-9.68166718036e-11
-9.19758382134e-11
-8.73770463028e-11
-8.30081939876e-11
-7.88577842882e-11
-7.49148950738e-11
-7.11691503201e-11
-6.76106928041e-11
-6.42301581639e-11
-6.10186502557e-11
-5.79677177429e-11
-5.50693318558e-11
-5.2315865263e-11
-4.97000719998e-11
-4.72150683999e-11
-4.48543149799e-11
-4.26115992309e-11
-4.04810192693e-11
-3.84569683059e-11
-3.65341198906e-11
-3.4707413896e-11
-3.29720432012e-11
-3.13234410412e-11
-2.97572689891e-11
-2.82694055397e-11
-2.68559352627e-11
-2.55131384995e-11
-2.42374815746e-11
-2.30256074958e-11
-2.1874327121e-11
-2.0780610765e-11
-1.97415802267e-11
-1.87545012154e-11
-1.78167761546e-11
-1.69259373469e-11
-1.60796404796e-11
-1.52756584556e-11
-1.45118755328e-11
-1.37862817562e-11
-1.30969676684e-11
-1.24421192849e-11
-1.18200133207e-11
-1.12290126547e-11
-1.06675620219e-11
-1.01341839208e-11
-9.62747472479e-12
-9.14610098855e-12
-8.68879593912e-12
-8.25435614216e-12
-7.84163833505e-12
-7.4495564183e-12
-7.07707859739e-12
-6.72322466752e-12
-6.38706343414e-12
-6.06771026243e-12
-5.76432474931e-12
-5.47610851185e-12
-5.20230308625e-12
-4.94218793194e-12
-4.69507853534e-12
-4.46032460858e-12
-4.23730837815e-12
-4.02544295924e-12
-3.82417081128e-12
-3.63296227072e-12
-3.45131415718e-12
-3.27874844932e-12
-3.11481102685e-12
-2.95907047551e-12
-2.81111695174e-12
-2.67056110415e-12
-2.53703304894e-12
-2.41018139649e-12
-2.28967232667e-12
-2.17518871034e-12
-2.06642927482e-12
-1.96310781108e-12
-1.86495242052e-12
-1.7717047995e-12
-1.68311955952e-12
-1.59896358155e-12
-1.51901540247e-12
-1.44306463235e-12
-1.37091140073e-12
-1.30236583069e-12
-1.23724753916e-12
-1.1753851622e-12
-1.11661590409e-12
-1.06078510889e-12
-1.00774585344e-12
-9.57358560769e-13
-9.09490632731e-13
-8.64016101094e-13
-8.2081529604e-13
-7.79774531238e-13
-7.40785804676e-13
-7.03746514442e-13
-6.6855918872e-13
-6.35131229284e-13
-6.0337466782e-13
-5.73205934429e-13
-5.44545637707e-13
-5.17318355822e-13
-4.91452438031e-13
-4.66879816129e-13
-4.43535825323e-13
-4.21359034057e-13
-4.00291082354e-13
-3.80276528236e-13
-3.61262701824e-13
-3.43199566733e-13
-3.26039588396e-13
-3.09737608977e-13
-2.94250728528e-13
-2.79538192101e-13
-2.65561282496e-13
-2.52283218372e-13
-2.39669057453e-13
-2.2768560458e-13
-2.16301324351e-13
-2.05486258134e-13
-1.95211945227e-13
-1.85451347966e-13
-1.76178780567e-13
-1.67369841539e-13
-1.59001349462e-13
-1.51051281989e-13
-1.4349871789e-13
-1.36323781995e-13
-1.29507592895e-13
-1.23032213251e-13
-1.16880602588e-13
-1.11036572459e-13
-1.05484743836e-13
-1.00210506644e-13
-9.51999813117e-14
-9.04399822461e-14
-8.59179831338e-14
-8.16220839771e-14
-7.75409797783e-14
-7.36639307893e-14
-6.99807342499e-14
-6.64816975374e-14
-6.31576126605e-14
-5.99997320275e-14
-5.69997454261e-14
-5.41497581548e-14
-5.14422702471e-14
-4.88701567347e-14
-4.6426648898e-14
-4.41053164531e-14
-4.19000506304e-14
-3.98050480989e-14
-3.7814795694e-14
-3.59240559093e-14
-3.41278531138e-14
-3.24214604581e-14
-3.08003874352e-14
-2.92603680634e-14
-2.77973496603e-14
-2.64074821773e-14
-2.50871080684e-14
-2.3832752665e-14
-2.26411150317e-14
-2.15090592801e-14
-2.04336063161e-14
-1.94119260003e-14
-1.84413297003e-14
-1.75192632153e-14
-1.66433000545e-14
-1.58111350518e-14
-1.50205782992e-14
-1.42695493843e-14
-1.3556071915e-14
-1.28782683193e-14
-1.22343549033e-14
-1.16226371582e-14
-1.10415053002e-14
-1.04894300352e-14
-9.96495853348e-15
-9.4667106068e-15
-8.99337507646e-15
-8.54370632264e-15
-8.11652100651e-15
-7.71069495618e-15
-7.32516020837e-15
-6.95890219795e-15
-6.61095708806e-15
-6.28040923365e-15
-5.96638877197e-15
-5.66806933337e-15
-5.3846658667e-15
-5.11543257337e-15
-4.8596609447e-15
-4.61667789746e-15
-4.38584400259e-15
-4.16655180246e-15
-3.95822421234e-15
-3.76031300172e-15
-3.57229735164e-15
-3.39368248405e-15
-3.22399835985e-15
-3.06279844186e-15
-2.90965851977e-15
-2.76417559378e-15
-2.62596681409e-15
-2.49466847338e-15
-2.36993504972e-15
-2.25143829723e-15
-2.13886638237e-15
-2.03192306325e-15
-1.93032691009e-15
-1.83381056458e-15
-1.74212003635e-15
-1.65501403454e-15
-1.57226333281e-15
-1.49365016617e-15
-1.41896765786e-15
-1.34801927497e-15
-1.28061831122e-15
-1.21658739566e-15
-1.15575802587e-15
-1.09797012458e-15
-1.04307161835e-15
-9.90918037435e-16
-9.41372135563e-16
-8.94303528785e-16
-8.49588352345e-16
-8.07108934728e-16
-7.66753487992e-16
-7.28415813592e-16
-6.91995022913e-16
-6.57395271767e-16
-6.24525508179e-16
-5.9329923277e-16
-5.63634271131e-16
-5.35452557575e-16
-5.08679929696e-16
-4.83245933211e-16
-4.59083636551e-16
-4.36129454723e-16
-4.14322981987e-16
-3.93606832888e-16
-3.73926491243e-16
-3.55230166681e-16
-3.37468658347e-16
-3.2059522543e-16
-3.04565464158e-16
-2.8933719095e-16
-2.74870331403e-16
-2.61126814833e-16
-2.48070474091e-16
-2.35666950386e-16
-2.23883602867e-16
-2.12689422724e-16
-2.02054951588e-16
-1.91952204008e-16
-1.82354593808e-16
-1.73236864117e-16
-1.64575020911e-16
-1.56346269866e-16
-1.48528956373e-16
-1.41102508554e-16
-1.34047383126e-16
-1.2734501397e-16
-1.20977763271e-16
-1.14928875108e-16
-1.09182431353e-16
-1.03723309785e-16
-9.85371442956e-17
-9.36102870809e-17
-8.89297727268e-17
-8.44832840905e-17
-8.02591198859e-17
-7.62461638916e-17
-7.24338556971e-17
-6.88121629122e-17
-6.53715547666e-17
-6.21029770283e-17
-5.89978281769e-17
-5.6047936768e-17
-5.32455399296e-17
-5.05832629331e-17
-4.80540997865e-17
-4.56513947972e-17
-4.33688250573e-17
-4.12003838044e-17
-3.91403646142e-17
-3.71833463835e-17
-3.53241790643e-17
-3.35579701111e-17
-3.18800716056e-17
-3.02860680253e-17
-2.8771764624e-17
-2.73331763928e-17
-2.59665175732e-17
-2.46681916945e-17
-2.34347821098e-17
-2.22630430043e-17
-2.11498908541e-17
-2.00923963114e-17
-1.90877764958e-17
-1.8133387671e-17
-1.72267182875e-17
-1.63653823731e-17
-1.55471132544e-17
-1.47697575917e-17
-1.40312697121e-17
-1.33297062265e-17
-1.26632209152e-17
-1.20300598694e-17
-1.1428556876e-17
-1.08571290322e-17
-1.03142725806e-17
-9.79855895153e-18
-9.30863100396e-18
-8.84319945376e-18
-8.40103948107e-18
-7.98098750702e-18
-7.58193813167e-18
-7.20284122508e-18
-6.84269916383e-18
-6.50056420564e-18
-6.17553599535e-18
-5.86675919559e-18
-5.57342123581e-18
-5.29475017402e-18
-5.03001266532e-18
-4.77851203205e-18
-4.53958643045e-18
-4.31260710893e-18
-4.09697675348e-18
-3.89212791581e-18
-3.69752152002e-18
-3.51264544401e-18
-3.33701317181e-18
-3.17016251322e-18
-3.01165438756e-18
-2.86107166818e-18
-2.71801808477e-18
-2.58211718054e-18
-2.45301132151e-18
-2.33036075543e-18
-2.21384271766e-18
-2.10315058178e-18
-1.99799305269e-18
-1.89809340006e-18
-1.80318873005e-18
-1.71302929355e-18
-1.62737782887e-18
-1.54600893743e-18
-1.46870849056e-18
-1.39527306603e-18
-1.32550941273e-18
-1.25923394209e-18
-1.19627224499e-18
-1.13645863274e-18
-1.0796357011e-18
-1.02565391605e-18
-9.74371220244e-19
-9.25652659231e-19
-8.7937002627e-19
-8.35401524956e-19
-7.93631448708e-19
-7.53949876273e-19
-7.16252382459e-19
-6.80439763336e-19
-6.4641777517e-19
-6.14096886411e-19
-5.83392042091e-19
-5.54222439986e-19
-5.26511317987e-19
-5.00185752087e-19
-4.75176464483e-19
-4.51417641259e-19
-4.28846759196e-19
-4.07404421236e-19
-3.87034200174e-19
-3.67682490166e-19
-3.49298365657e-19
-3.31833447374e-19
-3.15241775006e-19
-2.99479686255e-19
-2.84505701943e-19
-2.70280416846e-19
-2.56766396003e-19
-2.43928076203e-19
-2.31731672393e-19
-2.20145088773e-19
-2.09137834335e-19
-1.98680942618e-19
-1.88746895487e-19
-1.79309550713e-19
-1.70344073177e-19
-1.61826869518e-19
-1.53735526042e-19
-1.4604874974e-19
-1.38746312253e-19
-1.3180899664e-19
-1.25218546808e-19
-1.18957619468e-19
-1.13009738495e-19
-1.0735925157e-19
