3.0928222238
-0.25875683794
0.71071652998
-0.897828144519
0.928118147711
-0.581818150769
-0.454489782928
0.849843906234
0.260783893512
0.342100607427
-0.393436745716
0.270465141163
0.0987853780505
-0.460388121345
0.421542347203
0.213489055148
1.35149608498
-0.151883747658
0.29131151553
-0.488900859086
0.230050361258
-0.485880140496
-0.219523543209
0.53280109245
0.446107626978
0.226229856653
-0.39393205004
0.175774222289
-0.082781822517
-0.381705466121
0.160159287549
0.325260025264
0.795585280303
-0.204584864215
0.170716699111
-0.248499999057
-0.0339333793952
-0.348475637768
-0.0418716629627
0.389631742425
0.249840009795
0.13049047968
-0.165638205882
0.0320441944025
-0.121148340377
-0.207408685115
0.0771043080233
0.221339798852
87.8998544689
-9.46396203065
16.6961663207
-27.6256306865
24.875330793
-20.6541875847
-21.7617409752
22.143319847
7.54702625893
7.33206866147
-11.7272039728
12.7978747162
6.22802041319
-10.7982072768
10.1028118733
6.93900131525
21.9087535577
-10.8629034007
5.8954092226
-6.27851375489
2.10845982189
-8.64771009196
0.683228024679
10.2533593811
2.82491439203
3.87033237367
-1.55283714664
5.62239201261
-1.45790055903
-2.56010485382
3.77711978149
1.68954569342
4.419079136
-3.91845522197
3.42436211979
-1.63950902577
0.552227322389
-0.804193993097
2.17946518388
3.23818512908
0.365455466564
1.63993625891
-0.260763486144
0.796187464514
-0.938330682837
-0.082251173127
1.07927028047
0.418935971028
301.7369478
-22.5304586675
52.6849546189
-54.9405240112
68.5334915204
-55.2953695147
-62.1355505095
43.831634611
33.1911900815
28.7636189141
-22.5579066643
42.4115950971
21.8982417399
-3.8499551604
19.6929436224
24.9510699059
30.7961861641
-3.2621842036
6.41498364096
-3.32134600657
-0.218964522585
-6.48010381798
7.34387675993
17.3534349453
8.27007242664
11.0425025717
12.3902071785
5.51515965338
5.55971066019
-1.86026460154
10.0484871598
0.358318812157
6.38407175721
-2.30621269941
8.68948385727
0.641101331545
2.70249983836
4.32588105389
3.55048922807
6.33424088705
1.32052308255
5.06048907938
0.736048595694
4.72928006051
-1.2730463503
3.63867293295
0.39606504391
2.47088290826
428.724304206
-37.5931838469
70.9402309573
-40.3781371622
76.9827141101
-70.4175328133
-44.4455589796
1.05362658617
68.3963433921
68.1619641575
-32.9245154852
72.391251603
-4.15214631063
23.4579931512
-1.17326181951
39.9158985636
-2.15157710828
65.7356974546
-8.28447215328
20.3293573213
-0.366519389341
-4.15953694515
4.8925849073
10.0668254169
4.72519032687
18.5283940282
38.5505475403
-13.4422340504
32.4451481108
-14.1034720116
12.0464460563
-4.56869811058
12.3586999786
-5.06803882584
28.4728879142
-1.01573381102
7.55398004343
11.7513655723
-8.77638676695
8.15020194387
0.430646183726
4.59699754338
3.47454078788
17.173645351
-7.99283318715
15.8441110228
-5.46083388246
1.69878588165
454.110913597
-48.0209492901
100.352008641
-39.9605773993
62.3067000461
-65.2488039864
-3.53529940947
-20.4450182284
60.5590233433
95.1749939786
-44.3645160426
93.0278759327
-37.0018029883
-1.41246545102
2.40071460129
43.5069905606
5.60615994202
82.1306562008
5.77338516767
22.5654237526
6.81856467241
-15.8204432797
-3.88098035009
18.9031512991
-2.18153316764
27.7983799438
37.563035945
-12.7641771765
22.160113405
-14.2947497295
6.73453029443
4.42919049026
20.9556802278
-0.640290927313
30.7905929287
-2.75945328897
1.73858558895
6.94739284568
-7.87341790225
7.56039876514
7.19843136469
9.36410361778
4.27624549645
12.0384416184
-9.03788953892
7.06742032246
0.0545949456966
2.13905762204
421.050463989
-13.9201580942
115.312842769
-61.8291577879
32.1330939359
-42.9964415179
-3.83141766479
37.249166217
26.293096997
100.579523579
-23.8483446207
66.3042740764
-23.2618967812
-29.7640172312
11.4198436799
35.590664537
75.5228044272
16.3844420635
44.5835644092
-19.6311136901
19.0731509408
-21.7636097895
4.15640805441
28.1367275882
7.49109895842
38.9513069552
4.03536363966
17.3955860394
-12.8122465418
-3.18255075561
5.84077155584
11.8639256504
31.6663153372
-3.72054999465
26.5625062759
-14.0744354054
11.6795702941
-9.85208064685
8.35693109248
7.72057818572
6.83892496758
16.075114496
-3.60283598911
12.1288897299
-11.5838266199
6.0939693154
0.0301233092626
6.98746234537
440.626836577
-25.8583384142
147.464519585
-135.804258514
70.9435522963
-27.7978267664
11.4301340302
75.6167340903
26.4977680963
108.676698881
-16.1814549631
55.8777156896
-12.1566313915
-2.94610389779
5.39310396096
5.35769641564
96.4957970326
-21.6899487942
74.9084981816
-45.3519030501
50.0186202182
-16.3713226855
22.3020674458
23.7309706952
7.21582102884
44.0977498339
-8.29504217965
35.7845912595
-12.8327817943
17.4358217833
4.13309421455
8.65793677811
24.5201116474
-8.50965553247
29.0634042256
-16.3304861182
22.1305815837
-9.6581263316
13.1778591327
5.05777391862
3.10570146258
13.5724208902
-2.94075032507
15.0076487529
-5.19276407669
11.3106054224
0.695562866563
7.16404783716
476.495696995
-1.84396934568
219.046867373
-97.5517984535
152.525255792
53.0390096184
45.5332749495
84.5148572796
57.2114049026
93.1629541919
3.19338628344
42.2734588238
-5.56550155442
13.8816783204
-16.3795253487
-15.2006204634
68.3015190139
-18.7115104093
68.0758593121
-30.1145003814
57.4593830298
14.197929887
28.2646384097
33.6879877281
26.5567747554
43.7465079847
22.2595995657
35.9267413427
17.9134264176
23.8292071136
9.29595800641
14.0989916126
17.6975950938
-1.0781954533
16.9385612683
-7.15698887697
16.0562073199
-3.29159495658
6.75910426116
6.07781570348
4.52377897061
9.00384876874
5.89788182594
11.1806036006
7.63610972516
8.54686637318
8.31221842509
10.5697912114
495.840606386
132.037662995
316.046444384
126.298569939
217.157932392
151.481899291
74.0919359323
57.8556477647
63.1665026842
32.9648329055
36.2341930998
46.6487154994
36.7189460413
25.6753631059
-16.4866119234
25.4278885882
42.2466080224
11.1595361024
56.2661462793
26.1135961264
85.8141186303
59.9676001294
59.9326623409
57.912646515
42.0514709812
24.7379562037
25.958116095
14.5193567943
21.3641567072
10.4379780726
20.4792644113
27.1673905459
27.5806486277
18.8092382414
20.062344212
15.287686163
15.8298160825
11.8462845262
14.4532106515
17.0761916441
16.0165030718
18.0657434082
15.6683491611
15.4414894581
9.32056102401
6.09816385434
6.38626637627
5.84715751172
633.773399935
281.460103461
504.138660947
419.690573563
296.362505455
204.380510187
78.2533115817
-18.0027857337
-45.9592356273
-23.8407595677
-12.7949358764
77.5074449661
62.8111040511
90.2329554891
46.6136586213
85.4234005282
-0.30684044514
72.0970166397
36.1917348601
67.3190730899
138.488909326
102.832048316
134.166375347
113.010954832
79.11984207
23.5170793959
34.6206415991
-31.7144070559
5.72608871412
-14.765877625
15.8637645467
28.7175520848
45.4691798378
32.3497999409
45.2072707831
29.7405755816
8.46071147441
32.9072890058
2.30770243537
28.5338791038
26.9903212204
37.4652953372
27.7763987342
44.7128613612
13.649135067
20.7027431189
7.4095739921
-3.29112336485
731.01645482
299.906390416
571.15739369
488.769627367
321.864953365
180.684578165
116.513762361
-38.3356484269
-79.9277397243
27.066517966
-55.8238032472
101.76268137
54.0572446014
107.040564051
74.1555215079
67.38138386
-33.9132917749
88.4304740078
10.0057123854
66.2942199835
140.926220875
112.369256323
137.372703352
142.324997105
88.075863483
43.7770215485
56.3059730724
-29.0235648517
18.1234453656
-7.75639657979
18.2760045823
29.4078615237
48.188687131
21.3506876192
46.4107789082
19.5827598526
2.1560992171
29.8829496263
0.38050110397
26.1915389258
33.4299109528
37.5727907715
34.8929758874
48.2920092074
20.9056873392
23.7836597823
13.9328109353
0.359272889175
634.412772643
268.630716427
467.425052604
356.625128099
292.451926832
106.738912013
91.3860794341
11.2043328865
-56.0323688448
68.2267758773
-51.122194908
74.1175322724
75.0129654667
65.7072662903
61.1576020447
10.1312759428
-0.0979388958937
3.76131793383
24.5371125976
48.5616437036
97.4681503293
126.502431058
95.7173791545
131.147956965
70.6091153291
61.6293882926
26.8139553867
0.606525502402
15.724323221
-7.97880183722
29.9338614537
17.3227790036
46.0396539195
22.3230522382
27.8084793841
14.6348786272
-0.450225429952
16.1952802239
-5.15342493171
23.5212746675
21.3326467392
31.9346094503
33.670215292
30.9106136025
29.6587721423
12.7819277803
16.0123125084
-0.358084331959
593.012994161
314.177691523
453.346337833
348.650901886
286.017059864
132.898926663
40.8217287316
68.6031583074
-34.0844422762
89.1670279318
-21.8295186102
76.8976724759
117.825937776
73.0173697611
66.0726285526
8.11088862599
69.0882514855
-21.2998701112
58.4028723995
47.5280193878
84.6495758604
110.069956979
64.6827931825
99.2190079443
54.7834253268
62.3830940574
10.2150701525
28.653597401
24.5715313871
16.9542341582
35.5778525202
24.68600741
48.9474157805
24.8483907221
31.735278136
17.4430575846
20.5852790999
18.3398857227
7.70247379479
23.9572595173
17.6645030662
25.6029054719
19.2752655523
22.4009738929
20.0610020909
14.8159795842
13.810999662
9.25072869026
687.070439028
362.769403571
448.945623006
357.56295299
204.864964889
105.32727219
-8.02095021836
68.8805056518
11.3614545459
92.5043924055
-0.461372563905
116.150457512
79.2151896016
107.974671638
59.6663122598
62.7139489206
106.441938372
36.5083480541
109.091259329
66.8951521027
107.255449776
64.8221994143
64.407705449
43.2677310033
47.043505801
28.4392345621
29.8464546288
35.0676847944
31.4683388427
43.449502484
27.1656760637
46.3372999898
30.5615650049
41.045805387
26.1477365498
36.653021782
23.7699993486
31.8122540885
19.662818115
25.1853631841
21.1024848639
17.3376783424
21.2339746677
11.9365817946
22.5107591049
9.52463025028
21.4899443215
9.36485310844
821.925644313
387.705919781
486.086440503
407.746347579
179.880361592
59.2932307308
11.5860484995
65.1258358463
30.7726096355
115.722142894
-22.3936091595
144.018778402
25.8830076359
124.7053812
55.4617315522
114.86842423
75.6132359895
81.0288648419
103.099783711
68.8615053509
125.925620616
55.5393716657
94.4642980597
30.708742697
66.6079985112
8.11457049759
57.3073841718
19.563587086
43.1565386145
39.1638530828
29.6336261408
46.5555408034
26.3416340515
48.2582951095
22.4454450479
48.2845148163
15.6055263651
41.6689358703
17.1507025732
31.4518852016
21.4788576978
24.0466532175
21.4057738313
16.138729225
21.3852408348
9.46156346046
22.5331255621
8.33388446162
831.87312216
373.330785443
510.368069621
415.815448917
220.210935226
-5.44495704905
27.8016664884
26.784246545
-5.41677037067
119.694284642
-25.8357159612
112.160379259
38.8734974066
111.393714524
77.3020940959
115.173787208
68.6170777672
97.1376592477
73.7091069209
74.3462541679
131.32803421
83.0228568254
92.8511547849
57.7564549237
44.7861152806
3.39481191819
31.3008862449
8.09045062345
31.8187126715
33.1554045325
32.6401110539
38.2439187904
37.8384533003
42.7662123652
37.1884174599
41.7121983744
28.7873892712
34.1695811155
21.376705797
27.2121854854
23.9630543213
22.917609388
19.5022631723
16.9515557483
12.9107799797
10.751128972
13.2579559648
11.7454148587
852.146364697
434.238797164
513.671363353
509.631221099
230.646527937
-32.8790931158
9.9000442661
-25.2433001181
-58.5517858244
75.1972910878
-50.416088675
82.8282710725
47.1026385168
97.3253804903
97.9233835694
91.8098053563
86.2065021567
94.5133790352
67.4556361493
84.6323896176
149.558466446
78.9046476617
110.348820006
68.9069746426
41.2737167356
14.4398351836
14.8732046908
-2.09157044949
14.4619120155
18.9837864604
14.5827648939
42.1416849376
26.2149779998
49.8315112696
35.7728339424
42.2013589479
33.5167719933
36.3752763485
23.9938802415
30.5942803712
28.3764281481
19.8625156926
27.7012672966
12.4474640578
17.8759272603
7.29238773962
11.2498802838
4.56807114139
917.515847535
442.998819544
609.580603255
614.458829294
288.950696925
101.134597211
67.3416152362
-40.2241185489
-130.465238388
9.53481869327
-164.527169094
89.6925234155
-24.6265629055
116.875653961
86.9405341059
92.5364937907
84.629563232
129.44407962
105.806359507
111.599509532
224.711985808
84.2800256981
188.354513805
75.4869757106
96.3798750835
-0.83700652051
21.8047349188
-49.6851180587
-23.4463155061
-28.0148300909
-29.2060584961
40.3848982689
-9.03799228789
80.9827171587
28.4816933534
85.6777769068
34.3569892195
90.1875666933
29.9139309786
62.0353238607
43.8300701219
24.6611087303
38.9823401822
-2.53802257199
26.6335899627
-26.2878388764
17.6920564615
-32.9097747185
1108.7574754
508.007292039
907.491310658
798.175009862
470.898068716
268.932884701
161.90726652
-33.764904131
-246.778274406
2.92810267263
-294.986991968
117.813436177
-163.811312483
151.766809052
50.7336781844
126.556420371
104.494833899
230.305785242
181.92916879
168.28776689
368.80316869
75.0281946758
295.829405863
51.0961999403
143.61602936
-59.2582866742
43.0959146138
-109.543670919
-24.0474849579
-50.6833643858
-52.2992206561
76.3236883704
-45.5546888033
145.682561437
22.156315304
152.366891637
36.6711717064
166.309716327
23.2938002046
105.321449255
46.5440873249
12.4669281624
44.5662128677
-41.8677075386
29.5465549314
-65.496605481
31.5440580082
-63.1393811089
1324.32613885
534.139171112
1086.77162683
952.530176192
568.302944755
418.746919495
238.249008561
-48.0522430811
-302.454028156
-8.0899463836
-448.455081058
93.4784624727
-268.241710503
74.9856387716
75.8152425543
132.30138783
208.09372321
333.888594258
315.431964312
280.943145824
495.237019159
137.130092012
363.508363472
91.3436946889
85.2572106274
-36.3105332762
-63.8495455076
-163.34372577
-116.081060826
-122.040199161
-130.250656901
42.5446568665
-42.7795244098
144.192854538
125.598026576
183.498530701
188.269473524
217.588018375
141.54087369
154.826533965
92.276314903
19.0545594442
24.3139083503
-65.719790892
-61.255617651
-82.8956898111
-83.5623157393
-75.9276230082
1465.34891165
653.90846924
1176.17487252
1291.32576338
704.990723721
707.261962599
422.76324171
-44.7665086652
-317.857006737
-157.67850687
-679.524025626
-86.6933221659
-338.268443665
-131.062379917
168.723908208
64.9463993875
319.093512384
401.104877755
401.504795402
358.684949747
587.220344975
216.692419071
435.637073394
253.736087435
68.6282630761
132.958719453
-110.159984493
-144.709560598
-186.588504837
-195.238149192
-269.269041449
-37.6252660779
-137.824171222
60.7720935744
168.25110088
140.512223506
308.331005411
255.51334159
253.862149115
214.086551061
188.809618376
31.4433140951
80.7995092322
-64.6826154074
-86.4249088462
-63.4752749018
-147.257258053
-74.661028402
1644.64254585
797.157687377
1276.85078921
1664.9577208
756.263645459
877.972959865
436.659233214
-215.87190106
-454.201546793
-434.691196308
-1056.55160434
-258.046876643
-370.67911298
-119.249565153
498.053220176
291.992771693
675.206994326
739.522142644
573.860534859
474.56666621
594.025739725
35.637307989
258.679120845
48.8364948777
-194.675060888
53.7194874673
-252.164643382
-202.755141568
-151.417806484
-196.673734639
-210.766681912
68.9684462885
-76.0201988936
200.782344406
334.380485058
262.13771804
525.793043578
391.325739657
343.139058394
280.28792487
98.4080623009
-118.464698478
-129.460389412
-370.705080245
-354.948585832
-282.310174132
-330.530099351
-79.8359099719
2302.44787691
1340.70362552
2035.35004459
2699.43568316
1243.43417581
1311.76554831
499.409925028
-742.100222216
-1014.61116382
-1274.53987025
-2130.08476419
-878.088130477
-822.217198009
-165.623420264
974.889835915
813.437121067
1517.34201078
1597.99682884
1071.66346017
1013.53975042
773.020548795
-163.094948217
144.111839373
-406.991742078
-660.235581143
-175.97745237
-689.487424534
-439.308485974
-186.549306279
-424.451179374
-112.103410449
209.173610571
-18.4727255617
618.123988619
626.833053694
542.671279476
992.126627305
540.847045283
433.647214401
362.236428987
-244.21805956
-372.744884162
-445.556874256
-882.869400898
-527.774603489
-463.745530782
-435.770610077
181.870653514
3290.19579128
2241.78431516
3260.30728175
3777.81556767
1570.11919547
1272.87614248
-33.2861424146
-1955.73748002
-2096.04069883
-2168.06106599
-2864.56116375
-864.649246316
-366.667829019
767.901560006
2246.87687937
1907.54733821
2361.7753591
2020.64923058
852.241650818
671.963341461
37.2485750314
-932.444816118
-249.704381319
-929.891642714
-890.105090789
-102.410402389
-819.25973278
-326.34089542
99.1786463767
-385.35259532
435.669881423
837.648987421
580.311045153
1563.92292001
1217.62722908
796.034340628
958.111653005
-253.514084027
-704.382000967
-894.765929662
-1696.60859079
-1201.2065043
-766.906693226
-611.06648893
643.430017007
921.629054927
1101.06037378
1658.32784793
5216.46484089
3754.09014287
4044.48866682
4254.58624022
375.288624995
-551.700505844
-1878.38807847
-4703.60527041
-3895.97955908
-2913.90422383
-2989.39437756
414.570804689
1808.20687436
3049.10607467
4900.69033352
3792.81837664
3311.01224182
2233.7611618
-140.56569126
-556.600571907
-1649.28622972
-2598.98383551
-1293.01281257
-1862.03687734
-1349.38372576
89.4693616846
-701.375354513
311.318155566
1106.39279373
448.745548476
1859.06122352
2076.58683306
1545.59793021
2435.64276214
1209.44245612
232.217188828
-79.04020867
-1998.40864131
-2251.60899039
-2228.47955173
-2668.53388574
-1064.33377892
-206.99469041
533.909659992
2278.90751731
2127.4988189
2193.38956487
2290.84889452
6112.08726595
4456.30184566
4224.85495796
4583.3365332
-487.283882754
-1941.7169956
-2936.97049627
-6213.60886524
-4700.30577131
-2579.51749986
-2078.10916899
2191.9515249
3795.06247191
4512.35152789
5616.69594237
3528.75635318
2421.74975956
887.574984481
-1406.32967506
-1127.27023544
-1808.43817813
-2178.64361062
-554.179442811
-1337.80266118
-1021.21225418
93.652830363
-692.702840904
461.461933799
1519.35502913
1461.22713385
2683.99273506
2510.58608381
1609.70216103
1172.78494652
-609.429590926
-1548.52226031
-1903.2535205
-2437.10276651
-1347.90228145
-448.799235132
193.386055269
1445.43845498
1404.11119322
1106.47330893
1054.33793708
161.243831616
-91.0946565747
-18.2143809367
6407.78623335
5330.71399567
5539.35998008
6891.10428669
-920.000958412
-3180.2763862
-3815.1458332
-8526.57360511
-4853.82575393
-967.842296336
361.513869997
6485.69143311
6570.93250451
5732.33792059
4783.48664373
-437.484780216
-1424.32821602
-2954.65311734
-4318.38773984
-292.197915629
39.8262485043
744.548149817
3351.92878346
202.9389834
-531.771438933
-426.454764886
-2548.32064377
-282.765956949
1390.22485691
2179.70039408
4393.50231091
3008.01107102
1464.220778
-294.016124736
-3826.83662008
-3914.58401493
-3660.89657228
-2777.95517814
1140.24239746
2709.71311048
3713.21379421
4599.61401612
2104.25333965
306.859945207
-1182.53640844
-3056.23336373
-2280.12136576
-1445.48242628
7754.20666633
8153.89158212
7518.09063793
9029.38356427
-1516.2929992
-5811.62735011
-5790.43787142
-10695.0392813
-4760.76959685
1758.45461377
3600.112709
10000.0
8235.85481242
4746.58058632
2368.62524932
-4228.73629387
-4345.97481526
-3772.01659405
-3691.72496138
2307.23787908
2851.22126768
2224.82053621
3708.79140139
-1042.83820058
-2345.96936383
-1383.05028344
-2491.23375946
1222.15656272
3446.82541088
3443.9427008
4449.3240622
1239.80809142
-1411.86303217
-2736.51038995
-4995.65239388
-2987.39188364
-749.449017346
776.341931965
3997.04444273
3722.58486606
2441.16237464
1645.85826008
-1210.2547438
-1965.48021628
-1612.67919651
-1582.02871649
279.735950589
924.058922493
9780.91081057
9060.48871004
5677.18756424
7174.83974823
-4126.2263444
-7738.44361569
-5328.39849916
-9017.1533018
-1848.35476258
4225.83234771
4443.79779261
8853.7642215
5454.98207085
1763.49447021
631.515553391
-4204.70078152
-2005.20885659
-577.600708616
-963.696379448
3628.74885922
1375.71589607
-682.344178485
200.177788925
-3839.69649069
-2281.38918621
627.241058772
1035.12289774
5342.66169856
5225.66354092
3216.67842809
2115.11761147
-2920.66011524
-4290.31372097
-4198.09824423
-4317.13178025
250.808431946
2207.58201514
3226.13077354
4880.95616552
1829.88305169
309.108425256
-656.144783506
-2618.50097738
-695.144804946
167.379666635
730.558999021
2230.46901054
324.418493291
9092.97525231
7485.77249329
3053.23493631
6988.04706239
-4285.20645854
-6649.18114116
-2725.14961658
-7611.54810466
-446.72621812
4374.90483542
2959.94345009
7587.80291827
3283.25320813
534.808430111
1176.39893624
-3813.0694622
165.450298677
1212.28845165
-753.761249916
3856.48150084
-118.33527019
-2401.36934798
-419.958205526
-4226.64226232
-1086.82675683
2136.99731127
1821.91880215
5838.25077322
3728.24100678
1335.87782796
769.038997445
-4094.80604485
-3211.65094841
-2159.25967415
-2467.89285774
2057.27057867
2028.80258201
1555.97241683
2649.52740005
-575.122886484
-525.425029005
-138.850328293
-1017.39814953
1505.14617634
1128.24882078
691.606756066
1104.1481563
-1602.33854644
7737.11572454
7309.99220738
4077.83024298
8227.52034309
-3422.60357069
-6794.98228201
-4006.18369601
-8916.79835571
-1701.59810789
4118.74072116
4225.52857546
9180.99893078
4475.79795271
1068.3814058
349.456749429
-5333.71738668
-734.177297635
631.937752323
-599.061207395
4724.86104324
575.318658557
-2118.42084567
-856.026972713
-4737.31312605
-1641.46287301
1813.5264344
2795.85141854
6689.78586022
4206.46843563
2025.36162843
38.4909524275
-5337.37926246
-3912.58693528
-3128.25745922
-2415.25236115
2959.78016862
2845.72600162
2604.06804987
2824.38087109
-837.93487387
-930.538622195
-1094.32688024
-922.866140234
1916.52899344
1323.75704882
1646.40983338
1087.14702623
-2359.09021514
7293.07045256
6532.69504543
3766.90831276
8841.45057415
-2776.7009207
-5685.01102984
-3200.32654689
-8777.17686169
-1984.85584793
2859.00667763
3616.8583092
8759.08559631
4130.60631764
2115.78297995
903.52833552
-5032.80129596
-150.062988529
-76.0624158579
-1056.22295878
4745.35493592
290.996486037
-1245.64613774
-264.730971913
-4559.14878349
-1283.41687176
832.002283279
1990.94530634
6170.21478679
3548.19975017
2741.66414835
814.942673511
-4650.08069172
-2989.05260055
-3412.49971886
-2794.11842628
2495.00298145
1943.39967222
2748.71262018
3005.49778715
-690.93281058
-367.145294956
-1370.51320087
-1357.79521581
1527.57067723
804.32720991
1843.95303318
1508.33547986
-1659.85907069
7545.39604744
6247.35175492
3326.01946827
7354.21061234
-3146.30081956
-5475.26462376
-3118.52227694
-7707.50568896
-1474.42818198
2681.7350895
3595.0355345
7766.90518628
3572.94061771
2114.6977857
573.270153638
-4017.99240822
145.700145498
-316.043195586
-585.053400616
3894.95418381
-262.791105621
-1247.13174755
-853.18001043
-4295.76898963
-1009.88156257
997.623278288
2477.51361047
5920.87136572
3716.81260094
2690.9170758
168.811098883
-4326.37987591
-3291.16324272
-3745.05578001
-2314.4186264
2147.51974051
1925.70149156
2886.22233384
2621.5576423
-496.545353152
-445.065803178
-1252.72471981
-833.734541096
1450.16963943
1218.72338679
1939.59406093
911.181097436
-1661.682014
6774.67519144
5761.74735374
3881.85164923
6939.26821795
-2365.82200159
-4915.48045618
-3205.55524623
-7076.5463717
-1757.65924492
2379.44810593
3723.21319105
7111.4877982
3667.24087385
2330.21917285
63.2131243399
-3446.6422325
-20.8410603725
-709.133909661
-50.333395318
3565.60189563
-5.26450752042
-497.246447623
-777.230791667
-3649.04449154
-990.785584652
403.721258778
2160.98319307
4786.90282534
3230.54346194
2819.00798108
128.028623916
-3147.86752938
-2451.86492031
-3463.78811783
-1751.92533273
1490.31831867
1271.39784265
2652.86123497
2081.84465162
-87.1378263811
-40.8803482953
-1139.89707884
-580.915103301
733.083349642
614.300714535
1580.48669798
547.046139282
-788.324849957
6702.50744628
5590.18604486
4549.37323178
6076.04117513
-2803.08527533
-5035.30727625
-4050.16829606
-6361.39575413
-1147.12825846
2609.53054351
4250.92318766
6257.19358296
3385.1486548
2071.54323489
-854.953457853
-2922.28121714
-118.777434723
-959.326894662
633.322055302
3019.80837419
-72.6231306714
-116.226189683
-878.24419666
-2956.59702024
-951.12502135
233.768816304
2002.00011943
3643.87548596
2989.58118755
2553.63084832
-239.66411062
-2170.54394156
-2157.05948129
-3259.32694658
-1271.40693215
932.913286268
1070.09371767
2497.74578066
1909.64090475
321.348225385
-105.454977433
-997.014491851
-732.751102884
-85.5715358289
517.751345181
1285.41904605
527.54784953
117.363065006
6664.2777572
5623.16930213
4396.04372069
5195.39383417
-3320.51750136
-5229.43956208
-3858.03786981
-5330.13658286
-572.567479378
2933.44591064
4037.7708779
5085.20228836
2880.76937743
1687.2909536
-1033.10201623
-2179.97915153
235.139077557
-795.490181444
802.981651046
2550.37344693
-380.049363331
-263.893870045
-916.783195189
-2600.12038301
-775.383274977
395.230453047
1969.83689368
3209.86835265
2718.91328923
2256.12780667
-409.500149838
-1913.6872387
-1926.8489261
-2950.50515367
-981.750793448
863.706354134
937.383460161
2248.01996809
1547.5879316
177.680251087
-147.711984919
-965.126240199
-525.751800243
57.9465827644
559.436183884
1283.80655436
415.265743314
-23.2293453586
5921.20641131
4578.38143444
4090.35399781
4560.68650277
-2586.84350814
-3767.77525762
-3483.73463523
-4705.55026222
-674.798214877
1873.864161
3430.3658635
4634.96208543
2638.07709948
1896.97921969
-662.053742851
-1877.12617579
-146.961926113
-1079.45098683
591.472003517
1995.44282714
55.6381101556
478.846331609
-561.766735964
-1937.35686726
-624.32706642
-296.441686142
1170.36738784
2401.93649894
2078.51561839
2120.08565772
256.289127942
-1081.49912783
-1399.49187392
-2379.59677588
-1086.38757033
149.512200988
566.418088768
1896.01087748
1420.21614371
658.421401303
311.14494829
-785.850505595
-662.017605313
-360.305263236
-69.111877647
784.577218811
604.983242482
474.628613429
6343.61872678
4788.89210968
4632.0549835
3892.19999336
-2917.02048205
-3926.56890423
-4200.94259913
-4954.60174681
-593.900651872
2016.05245269
3752.31711857
5332.03419698
2831.18443565
1747.2745236
-915.991244367
-2084.43184747
-649.203993661
-1096.00514516
882.791000636
2072.55242454
415.290711444
746.504396259
-830.71114995
-2403.75799709
-960.872927694
-868.583350065
1009.32177045
2726.42083163
2614.68182698
2799.18151273
927.399554312
-822.349722221
-1717.43638114
-2990.86694717
-1827.25690054
-579.718496148
244.457235056
2175.33688828
1760.64667119
1250.24835212
814.252484243
-802.740829779
-798.939320497
-644.145586882
-391.471459236
811.556165877
799.187734964
783.184394378
6394.96067778
4236.50801269
4586.77108336
3204.36363668
-2909.37300875
-3332.51197477
-4112.92513064
-4469.32406729
-405.359537022
1749.98332933
3516.29572578
4970.85566616
2450.14083833
1740.60111638
-892.613619383
-1708.1793483
-615.245807354
-1037.27207473
1047.82199349
1751.90666963
581.862808516
867.836891514
-891.704458133
-2032.06793264
-928.878118775
-1098.3245756
889.474646919
2228.79475019
2300.65951447
2687.93750858
968.41358577
-409.148375876
-1357.67378278
-2491.07080299
-1583.69013593
-702.700205503
179.249230318
1746.76819448
1454.37236393
1265.63988026
710.918046386
-575.198107136
-588.798607746
-702.852681834
-382.014883192
546.265258773
613.709374593
787.823829794
5804.41407274
4287.94936646
4879.39741126
3325.19544153
-1984.74613686
-2915.68149964
-4286.95567342
-4558.21587775
-1201.39188651
1115.75931624
3070.87574637
4782.89363078
2915.69351618
2147.2889032
-270.454102546
-1360.07903251
-1047.32744947
-1219.38777629
540.804171163
1249.86347662
965.08827099
1074.35970179
-385.900051336
-1450.66265922
-1116.46123044
-1456.57390297
205.480958569
1373.20555909
2037.94605399
2676.24043626
1584.76118161
501.847596671
-749.559307604
-1974.43683844
-1844.97714311
-1405.19536682
-514.54220499
956.062240312
1205.31581116
1595.81401449
1122.20805018
171.359177006
-201.980945408
-777.944174991
-634.409324977
-91.5230924502
199.856380984
699.671526044
5617.78445748
4429.22684021
5137.9754384
3269.0484231
-1483.87529467
-2801.5708178
-4208.10531753
-4269.05041919
-1493.92101378
847.138759017
2732.45143272
4330.74682261
2875.68142736
2369.31645022
-140.926355285
-992.47699017
-1094.92731967
-1297.57340949
372.449377245
1041.60031146
1142.13182333
1320.56445318
133.322823842
-968.949290513
-992.186454887
-1635.59009063
-342.91975442
481.260500586
1413.09264819
2244.0755734
1687.04133851
1179.96614045
67.5622204599
-1079.86426052
-1312.97164103
-1355.00155955
-883.287358833
290.038066664
568.743235087
1195.38266213
1044.21841986
436.758680071
151.530954234
-468.185990255
-514.079526422
-256.452272226
-33.9001607693
453.897829999
4487.90195637
3683.29480902
4118.93303989
2871.75596492
-645.117402257
-1782.14151204
-2802.38033216
-3143.67523097
-1558.03471472
109.04265977
1242.50200209
2670.57350788
2025.8783472
2024.33537768
499.156808645
-208.85917256
-311.36693779
-786.433245722
225.5291996
714.15376844
683.855169337
894.191879642
284.272135441
-720.516423711
-661.23295349
-1222.82642113
-659.456776881
121.235921488
660.030925699
1442.16869192
1381.43834661
1144.96033206
553.081786151
-237.83711062
-647.199646046
-799.551635204
-804.823890114
-133.410527782
88.4125950862
414.713577385
641.73227511
274.011871742
190.406922082
-54.3069298576
-216.848955526
-48.2682294086
115.911267053
269.554315723
3668.2437632
3062.75479309
3155.14741701
2535.18595549
-209.952012345
-1114.37569461
-1844.52010402
-2410.84750919
-1411.99920102
-169.328966912
469.790310319
1734.06908902
1554.39265439
1692.08895101
743.532033676
195.131769589
112.25705784
-394.565225114
280.670205528
509.100107053
385.163327266
574.320683652
132.442284752
-622.709334175
-482.274255502
-866.159985606
-537.073104219
117.34061676
507.57481617
1091.80337993
1139.30058574
996.919674056
525.912777675
-11.6951938073
-359.859301359
-605.419350287
-595.021659702
-193.885186091
-88.8580039277
206.550254819
381.89027026
172.616018737
196.145460349
40.8067876543
-46.7779280495
75.0369154671
162.065211189
247.901048061
2982.94541244
2443.9254296
2563.59447
2041.71854187
139.140977263
-585.31900139
-1317.92014527
-1726.40873299
-1112.9161625
-268.453978851
181.735032597
1024.45555532
1222.5391947
1344.37331752
621.345631812
422.906125991
341.786920907
-0.138170015479
526.246838458
435.359621366
306.375944761
349.001211179
-216.068652532
-617.725641431
-499.197529393
-631.700646389
-292.466814309
210.180463352
577.084725803
914.377317148
867.78858546
737.798912088
326.712050351
17.8681212931
-165.062237274
-377.249748572
-230.747590703
-73.9916764951
-116.300569077
49.4044970299
45.5832712974
-61.1933244304
49.0155773323
37.5676106074
146.90786532
308.098752311
348.268370109
356.615398739
2695.03003311
2021.67425076
2098.72565533
1646.60569968
223.303779777
-296.659112247
-934.841553978
-1200.32911233
-779.743447708
-228.14415533
20.3212937287
621.295559973
859.702889464
1039.13271557
490.206213121
530.380667262
580.697757053
223.619180445
670.493136476
406.670458752
222.94684239
214.393270622
-303.874674981
-527.022863058
-387.751979008
-458.805180772
-164.752612899
191.272724102
460.267368087
706.392978646
602.804810525
616.755112578
305.308128246
85.9390382105
43.8225267632
-218.436158396
-112.340566375
-34.5238813325
-154.736225581
4.84666122748
4.6942632156
-70.692260233
62.6868082729
32.7905075606
125.605848291
215.706243618
216.089802887
279.996082242
2273.10385551
1662.7126321
1993.80180343
1564.96796411
434.37336241
67.372978782
-628.401230236
-943.097332636
-786.609536436
-415.310255515
-73.1378656652
441.375569949
685.985576281
893.996833397
487.354132132
483.648847057
470.107433834
79.1936940463
508.572538127
328.932476739
263.84373687
409.826749152
23.0248463229
-140.204512184
-204.469025236
-414.377859051
-305.105422119
-119.676278797
97.6491448441
378.238671979
445.825676318
579.234297726
419.677183818
235.82363909
172.238531517
-126.342823879
-111.935422983
-68.5700930865
-136.395762971
46.7262043933
75.4409123524
30.7432949968
92.9665776487
5.77603395179
-16.0414394652
16.3914043666
21.4985125913
110.363184141
2044.37162116
1605.84659493
2067.686662
1722.65049963
577.894867947
291.620442564
-416.696757341
-942.811538514
-886.154471144
-560.226699128
-177.246846415
384.483194624
644.941124574
812.00791218
518.711965885
445.238739559
366.260525083
22.9681276773
397.908793739
299.553028107
287.184305266
508.390375245
206.162996051
5.87565420116
-95.3767326371
-382.537922075
-382.073345356
-212.685320022
-63.3093854117
220.364974706
391.170474933
513.924309801
441.218163678
316.211037064
212.726963382
-47.1576966841
-75.3387660912
-72.5701582521
-119.222210123
20.4563042683
66.5474322972
26.9685184495
76.7973826938
18.3283000945
-37.336439197
1.29013354751
7.84064011723
60.5943342805
1854.60622428
1416.43641369
1792.99549699
1477.61643875
572.664141807
274.250091531
-196.511927023
-696.930636884
-665.121250378
-334.214574127
-224.505172177
302.127797567
482.527953912
585.203308867
379.500110666
334.565455211
343.772283667
154.536840999
451.408174272
293.767146665
291.84642932
345.912429773
166.925293585
-60.3063736897
-56.4426069456
-220.779979964
-256.422818278
-28.2021030202
1.56056703419
209.355917223
290.041228232
310.416562228
235.207573347
226.222197294
134.396588309
21.725796903
41.7543158695
0.733789776169
7.38098035735
20.73550642
57.0835445552
-15.9604167287
37.0927171929
4.81117514603
-15.2097017019
52.53410119
56.254476922
66.5108477884
93.6423345601
106.241990452
50.4467296182
75.6383284279
17.4200826716
-4.29453926035
-2.53443231811
-10.0781019253
-8.94513901366
9.93815891755
28.5088313679
8.28889724324
37.3487450451
22.3135812519
22.5935849349
18.3340838208
27.7100205994
9.47390164628
22.0044105622
26.399523609
3.18753196903
20.8643736629
6.54125433483
1.83948363984
1.7310532922
9.96878440057
-4.01279885844
13.6020607935
11.4708723897
6.98242944394
17.5899298502
9.97819187284
9.60484482347
4.81342653282
10.7697198306
-1.16442781345
7.28135739709
5.1637999282
3.34046111838
5.49969519843
6.69453630456
3.36341710855
2.54360371332
8.07330907941
-1.72353786364
6.04264365842
3.54012089811
2.90333562679
3.90812750032
5.3166178095
1.96843083864
2.86580891694
4.1677553399
-0.491905241782
3.28917424603
1.1495093118
2.20635182308
1.16532335156
3.60171455848
1.25428510217
1.92092612185
2.76123802085
0.482324487828
1.72323245088
1.2528047616
1.29573115319
0.498061696909
1817.43762118
1029.79654353
1293.69248217
1175.72784175
305.530483516
243.853295954
-134.156431898
-462.934828349
-289.567424135
183.452000805
-96.3986317941
534.654810157
316.734169219
343.996998687
54.4123266696
-47.1383169808
-16.807457837
-46.4868541719
359.02671759
256.134727878
537.88189711
418.266287364
357.583837865
4.6664966411
21.4500749336
-223.989832927
-166.73291128
38.2687218503
14.4292867614
297.61880291
187.487575112
227.896994917
15.4410460939
22.4555540308
-138.75525551
-45.3947412009
15.1864875745
111.448151538
230.521794925
183.289635718
212.251383326
5.60152343832
17.942763417
-141.37309442
-66.3890806108
-46.2819185147
57.0922503534
119.044685754
2045.43246585
1051.25553084
1229.40118132
1106.91459564
92.5086356623
72.9771599028
-255.090555914
-297.837749454
-133.577450113
556.653311567
115.671337387
589.882794621
277.068369691
87.5610032632
-174.834142814
-201.010282054
-132.00168929
-9.43719526067
512.001360117
342.920261061
689.082852307
385.158128986
284.543156034
-92.8992554864
-74.8812065963
-236.410906578
-118.422299602
138.218330813
124.064420457
364.600078186
194.499743752
205.858133465
-83.557970901
-19.4208719446
-206.044409469
-58.5287701041
39.2970540028
126.516162416
243.81382899
194.03784069
205.025375246
-8.03740405265
28.2664873759
-151.076426732
-51.1454380705
-53.4161597181
56.2329320867
90.374427043
1774.14116523
836.367907159
1048.12302649
947.270729427
132.86818644
50.1219700351
-109.988794971
-242.28460798
-42.8073383725
515.801396781
79.8208294273
522.427676687
321.142307456
136.99674861
-61.3624434389
-69.4961463557
-60.3600579216
-8.5938686071
338.216668867
203.162124196
430.594802979
295.322406678
230.320611246
-15.8736382453
78.7838691718
-82.4165111086
-52.574598012
107.867421345
52.1658018323
183.364489539
152.549412797
148.069019427
40.5727792657
99.0462861216
-37.7199561845
1.09708910435
25.5715263931
24.2056722068
75.331591131
84.8800177604
119.083984658
56.6137786851
92.3044651116
5.30878010492
6.69900697635
-12.5758999389
-1.75076244761
2.71760988743
1347.14305121
789.529685727
880.807541027
695.506357992
120.324643169
-47.7908923695
13.5079432907
-169.166288334
152.947352268
489.13424195
177.051595195
268.165497949
168.425864575
-55.4576840384
-18.0169423415
41.880356727
151.98160183
260.508837872
381.846416048
173.133673865
128.013039324
43.86293438
-23.9078639112
13.4168527383
154.090861462
161.691661197
177.57277487
144.799086313
-7.57321306906
-41.8357523985
-21.8258119572
-4.60937583164
111.555291432
175.478134096
150.03858529
103.372750297
22.009917198
-61.1593221355
-43.6623181202
4.82910595205
67.4122869736
131.134616262
125.948590981
66.5147656813
4.54738789649
-50.5990603213
-54.6441161237
-6.8447292846
1445.34202841
1039.24895171
982.449967359
630.430495025
109.710217167
-195.060949096
4.25796954248
20.5005450939
311.363197656
697.546043463
305.861524009
134.080571319
-25.8556425493
-294.272989276
-116.09827888
120.823071297
345.587507215
450.472108083
504.738269823
139.82371039
-1.69919342209
-108.988803221
-116.913173549
103.53327851
267.521331062
318.11379129
260.115134834
121.721057821
-104.724525645
-138.360546835
-76.9924619997
31.5117728519
211.57372153
241.556751775
188.960416279
66.05360369
-52.3724849563
-120.308311156
-45.9713242393
56.311130064
142.815555926
194.249891352
126.250969291
29.8213407574
-56.2696230752
-87.0047730804
-44.9684890296
46.4363766448
1271.84730878
775.47516541
771.243835233
353.349262665
113.308375602
-193.487803899
27.2407396473
185.905845217
334.300749703
539.511066323
223.756428396
124.084878173
-29.4984268191
-152.116720276
-51.6791972007
150.579447004
308.104326761
270.731242283
303.238713812
65.7076762657
12.4461444437
-62.0394601942
15.2723029018
130.807253071
210.288184194
201.157873518
127.973658677
58.2229074654
-48.0914437822
-38.6597898816
14.455144296
91.1428565815
146.177656885
132.436802471
97.8435542161
19.1252490439
-18.4244242045
-36.8211689224
18.5347391785
59.7077246638
95.6527279533
94.9615006949
64.8903757886
22.4457215641
-10.7632046864
-12.6466720741
7.78837974245
35.8959640751
887.568815794
346.62008182
516.59394144
220.534599398
211.194845396
-82.4811329818
80.5371873855
109.862114504
135.86228348
236.099236535
113.64076115
173.519944093
183.382373988
58.1047210652
24.5191944227
40.0927360862
109.267739389
-52.5796965358
129.18286842
41.8563473181
97.3174291385
56.5475134174
95.7606392778
77.5804105875
93.9403791478
55.4970713552
-16.0868850971
41.6048628071
36.8084727558
-2.11793869035
91.0799239915
79.5473203866
91.0709020295
29.5934109024
72.0355876846
-14.8061541158
27.0837891728
-2.98347084437
-11.4954776166
40.123370178
44.0791801941
27.8126568694
37.317328851
51.3034775212
5.74496750201
-14.3266315976
21.9928615857
-25.1003248844
861.395051917
259.228284346
505.323185033
388.612974199
399.339041673
54.7071016419
232.06716298
199.950141377
78.6067287457
270.058781517
91.021460008
170.32646789
355.987718299
71.0034926702
29.6370086417
8.49641247036
116.185060259
-217.248052967
136.271782796
37.5095067274
57.7613375505
111.037614453
56.8453405445
59.7764082096
102.64697235
68.7896915857
-77.2492117846
97.15399186
109.908972223
-58.5689286566
156.414957638
79.7598305638
79.9379131405
22.4807886158
93.7636557743
-25.0984086896
65.8038996513
48.1508864487
-59.1697755245
89.2386264575
51.802509376
-19.6958263581
35.4412104889
66.3617609788
-9.23806713537
-16.370938206
66.6680275585
-46.2954169003
912.527056395
246.200281556
436.274029896
479.693230973
380.191152378
98.9174875823
290.962062089
290.456580944
120.113611771
370.560868573
136.574845585
149.196607478
377.57223937
26.4740864406
15.3621824799
64.4557203342
150.605814848
-137.476159678
193.666908874
114.712355566
47.6845528907
147.600902038
35.2841249319
30.840131359
95.2248021584
64.2874809746
-30.7322272743
132.624696289
140.765169408
-23.6231352924
144.123282808
65.9658993073
26.3476543316
25.2633012488
58.5155692972
-1.68225644308
68.6196016254
74.2510500965
-7.12551126999
85.7838319979
50.8531146849
-19.0786806828
26.3671962291
36.3054523396
-1.12529226047
14.471249317
62.8670504537
5.49076087925
792.905300385
175.711030188
351.381520655
386.754336697
212.656603911
29.7454819639
222.595419254
189.770699992
80.3437772203
329.856040522
122.62917231
140.028836891
249.132367505
5.22508281382
-21.3841402817
36.5412507225
53.2821122791
-58.6386128208
162.367010521
102.261712278
70.2604250529
125.165357519
40.1182941784
15.3931127879
36.7996709749
29.9534595598
2.29739813257
97.877419205
99.4282757403
58.1348341468
108.305008298
58.5899674246
29.557870959
15.1657099776
22.7620270586
5.28217580794
37.3949289185
49.7744437834
41.2966009959
56.9480356987
35.5976804899
16.9614106327
4.78298469474
2.12373970246
-0.506894220602
6.96130550351
22.7479423646
26.8893443764
667.678315791
167.918605563
341.48318937
344.457191026
228.201810347
71.4592162065
216.668204587
173.046953091
49.0393123222
260.871682102
148.718720469
146.477778642
186.954502848
65.6495412907
-17.2373692253
3.33313723082
64.7263487144
-78.6507131692
92.4017716583
71.7965674771
57.4235207955
67.5193454131
88.0588266658
24.8261279438
2.14441750546
48.0343223029
10.6157413526
35.3192545857
83.2597125749
63.5729496583
55.1786600425
69.5705382071
69.1565466573
-11.6073219682
48.3001570263
17.9584024855
11.3289101941
21.5905916717
59.5366029582
17.8737837586
24.8195474152
44.67320068
6.11664386357
-1.9085712865
26.1916023462
1.05452895866
-1.72486157544
29.5217552949
589.537843553
126.934029373
338.880384915
287.862814876
236.78546365
71.7445298244
182.533873704
102.971675332
52.0970059165
157.698421613
169.761016795
120.117479305
167.919537311
106.966452604
5.89030609072
20.6899949038
133.564509337
-85.042510805
111.311808032
77.6639207647
90.2094461487
30.39322879
138.499781634
20.3234655995
11.6368734302
42.1271600492
47.5114775383
-5.68941159314
83.9671884996
60.0568078812
28.2832136785
56.3979374494
75.4682276282
-32.3237553977
54.5056615059
14.2136559783
22.3377938801
-0.825801174932
80.0824389742
1.00351573861
29.502291339
33.4983721499
28.0071930956
-21.2222853527
42.2758809115
5.11987674641
4.54413907423
22.8458369206
37.0027341531
-9.23766500393
33.9078331545
9.8650669772
9.13872234702
-6.0332177511
33.2673715225
-11.8431506353
16.4368042741
14.1895131075
16.7041300836
-7.8141706236
28.2951476655
-2.88785394412
4.21567008553
5.16592711744
14.8655757809
-8.06700920547
16.8220957562
5.05558461883
6.71936749863
-1.12322377161
16.3473534881
-7.12970816303
7.74590223527
2.723906885
6.79255697238
-4.1220944555
13.7602537462
-1.86481516796
5.21635911526
1.42177524687
7.43580014189
-4.6418382983
7.53362283415
0.390462380332
3.26106241097
-0.760122276732
7.48347008537
-2.71373658507
4.32323302555
0.507470486161
3.25248774036
-2.09163164736
5.30071594574
-1.12981118538
2.83125140542
0.106220216268
3.65131292117
-1.64642024646
3.45018207564
-0.26415790834
1.77846835268
-0.615962147155
2.84962508205
-1.01342309576
1.96678412855
0.038876181919
1.62369456113
-0.68632520256
1.93125617913
-0.398366638461
1.20936747068
-0.163625077998
1.41870261097
-0.489347205044
1.28126399741
-0.105666117673
0.911245448952
-0.171144777043
1.00725016278
-0.224388863286
0.775981599787
-0.0170735039092
0.673668868113
-0.123546855678
0.638641866721
-0.0731163710059
0.482034801843
-0.0244587550198
0.466619130434
-0.0682054862893
0.41644030502
-0.00516319101292
0.317712191564
-0.00104891256556
0.300265757648
-0.00508945668843
0.253572778053
0.0187322249545
0.218498656951
0.0107392692702
0.169457187983
0.0138021150913
0.143543014322
0.0198984779589
0.12889976185
0.0147522118219
0.116924136865
0.0170121279116
0.0690031036004
0.0164623876419
0.0625732021781
0.0144408985213
0.056274631704
0.0134497114062
0.0509936180402
0.0109281079629
0.0103817025647
0.00986261743649
0.00936948656467
0.00890101223643
0.00845596162461
0.00803316354338
0.00763150536621
0.0072499300979
0.00688743359301
0.00654306191336
0.00621590881769
0.0059051133768
0.00560985770796
0.00532936482257
0.00506289658144
0.00480975175237
0.00456926416475
0.00434080095651
0.00412376090868
0.00391757286325
0.00372169422009
0.00353560950908
0.00335882903363
0.00319088758195
0.00303134320285
0.00287977604271
0.00273578724057
0.00259899787854
0.00246904798462
0.00234559558539
0.00222831580612
0.00211690001581
0.00201105501502
0.00191050226427
0.00181497715106
0.0017242282935
0.00163801687883
0.00155611603489
0.00147831023314
0.00140439472148
0.00133417498541
0.00126746623614
0.00120409292433
0.00114388827812
0.00108669386421
0.001032359171
0.00098074121245
0.000931704151828
0.000885118944236
0.000840862997024
0.000798819847173
0.000758878854814
0.000720934912074
0.00068488816647
0.000650643758147
0.000618111570239
0.000587205991727
0.000557845692141
0.000529953407534
0.000503455737157
0.000478282950299
0.000454368802784
0.000431650362645
0.000410067844513
0.000389564452287
0.000370086229673
0.000351581918189
0.00033400282228
0.000317302681166
0.000301437547107
0.000286365669752
0.000272047386265
0.000258445016951
0.000245522766104
0.000233246627799
0.000221584296409
0.000210505081588
0.000199979827509
0.000189980836133
0.000180481794327
0.00017145770461
0.00016288481938
0.000154740578411
0.00014700354949
0.000139653372016
0.000132670703415
0.000126037168244
0.000119735309832
0.00011374854434
0.000108061117123
0.000102658061267
9.75251582039e-05
9.26489002937e-05
8.8016455279e-05
8.3615632515e-05
7.94348508893e-05
7.54631083448e-05
7.16899529276e-05
6.81054552812e-05
6.47001825171e-05
6.14651733913e-05
5.83919147217e-05
5.54723189856e-05
5.26987030364e-05
5.00637678845e-05
4.75605794903e-05
4.51825505158e-05
4.292342299e-05
4.07772518405e-05
3.87383892485e-05
3.68014697861e-05
3.49613962968e-05
3.32133264819e-05
3.15526601578e-05
2.99750271499e-05
2.84762757924e-05
2.70524620028e-05
2.56998389027e-05
2.44148469575e-05
2.31941046097e-05
2.20343993792e-05
2.09326794102e-05
1.98860454397e-05
1.88917431677e-05
1.79471560093e-05
1.70497982089e-05
1.61973082984e-05
1.53874428835e-05
1.46180707393e-05
1.38871672024e-05
1.31928088422e-05
1.25331684001e-05
1.19065099801e-05
1.13111844811e-05
1.07456252571e-05
1.02083439942e-05
9.6979267945e-06
9.21303045477e-06
8.75237893204e-06
8.31475998543e-06
7.89902198616e-06
7.50407088685e-06
7.12886734251e-06
6.77242397539e-06
6.43380277662e-06
6.11211263779e-06
5.8065070059e-06
5.5161816556e-06
5.24037257282e-06
4.97835394418e-06
4.72943624697e-06
4.49296443462e-06
4.26831621289e-06
4.05490040225e-06
3.85215538213e-06
3.65954761303e-06
3.47657023238e-06
3.30274172076e-06
3.13760463472e-06
2.98072440298e-06
2.83168818283e-06
2.69010377369e-06
2.55559858501e-06
2.42781865576e-06
2.30642772297e-06
2.19110633682e-06
2.08155101998e-06
1.97747346898e-06
1.87859979553e-06
1.78466980576e-06
1.69543631547e-06
1.61066449969e-06
1.53013127471e-06
1.45362471097e-06
1.38094347543e-06
1.31189630165e-06
1.24630148657e-06
1.18398641224e-06
1.12478709163e-06
1.06854773705e-06
1.0151203502e-06
9.64364332687e-07
9.16146116053e-07
8.7033881025e-07
8.26821869738e-07
7.85480776251e-07
7.46206737438e-07
7.08896400566e-07
6.73451580538e-07
6.39779001511e-07
6.07790051435e-07
5.77400548864e-07
5.4853052142e-07
5.21103995349e-07
4.95048795582e-07
4.70296355803e-07
4.46781538013e-07
4.24442461112e-07
4.03220338057e-07
3.83059321154e-07
3.63906355096e-07
3.45711037341e-07
3.28425485474e-07
3.120042112e-07
2.9640400064e-07
2.81583800608e-07
2.67504610578e-07
2.54129380049e-07
2.41422911047e-07
2.29351765494e-07
2.1788417722e-07
2.06989968359e-07
1.96640469941e-07
1.86808446444e-07
1.77468024121e-07
1.68594622915e-07
1.6016489177e-07
1.52156647181e-07
1.44548814822e-07
1.37321374081e-07
1.30455305377e-07
1.23932540108e-07
1.17735913103e-07
1.11849117448e-07
1.06256661575e-07
1.00943828496e-07
9.58966370716e-08
9.1101805218e-08
8.65467149571e-08
8.22193792092e-08
7.81084102488e-08
7.42029897363e-08
7.04928402495e-08
6.69681982371e-08
6.36197883252e-08
6.04387989089e-08
5.74168589635e-08
5.45460160153e-08
5.18187152146e-08
4.92277794538e-08
4.67663904811e-08
4.44280709571e-08
4.22066674092e-08
4.00963340388e-08
3.80915173368e-08
3.618694147e-08
3.43775943965e-08
3.26587146767e-08
3.10257789428e-08
2.94744899957e-08
2.80007654959e-08
2.66007272211e-08
2.527069086e-08
2.4007156317e-08
2.28067985012e-08
2.16664585761e-08
2.05831356473e-08
1.9553978865e-08
1.85762799217e-08
1.76474659256e-08
1.67650926293e-08
1.59268379979e-08
1.5130496098e-08
1.43739712931e-08
1.36552727284e-08
1.2972509092e-08
1.23238836374e-08
1.17076894555e-08
1.11223049828e-08
1.05661897336e-08
1.00378802469e-08
9.5359862346e-09
9.05918692287e-09
8.60622757672e-09
8.17591619789e-09
7.76712038799e-09
7.37876436859e-09
7.00982615016e-09
6.65933484265e-09
6.32636810052e-09
6.0100496955e-09
5.70954721072e-09
5.42406985019e-09
5.15286635768e-09
4.89522303979e-09
4.6504618878e-09
4.41793879341e-09
4.19704185374e-09
3.98718976105e-09
3.787830273e-09
3.59843875935e-09
3.41851682138e-09
3.24759098032e-09
3.0852114313e-09
2.93095085973e-09
2.78440331675e-09
2.64518315091e-09
2.51292399336e-09
2.3872777937e-09
2.26791390401e-09
2.15451820881e-09
2.04679229837e-09
1.94445268345e-09
1.84723004928e-09
1.75486854682e-09
1.66712511947e-09
1.5837688635e-09
1.50458042033e-09
1.42935139931e-09
1.35788382934e-09
1.28998963788e-09
1.22549015598e-09
1.16421564818e-09
1.10600486577e-09
1.05070462249e-09
9.98169391362e-10
9.48260921794e-10
9.00847875704e-10
8.55805481919e-10
8.13015207823e-10
7.72364447432e-10
7.3374622506e-10
6.97058913807e-10
6.62205968117e-10
6.29095669711e-10
5.97640886225e-10
5.67758841914e-10
5.39370899818e-10
5.12402354827e-10
4.86782237086e-10
4.62443125232e-10
4.3932096897e-10
4.17354920522e-10
3.96487174496e-10
3.76662815771e-10
3.57829674982e-10
3.39938191233e-10
3.22941281671e-10
3.06794217588e-10
2.91454506709e-10
2.76881781373e-10
2.63037692304e-10
2.49885807689e-10
2.37391517305e-10
2.2552194144e-10
2.14245844368e-10
2.03533552149e-10
1.93356874542e-10
1.83689030815e-10
1.74504579274e-10
1.6577935031e-10
1.57490382795e-10
1.49615863655e-10
1.42135070472e-10
1.35028316949e-10
1.28276901101e-10
1.21863056046e-10
1.15769903244e-10
1.09981408082e-10
1.04482337678e-10
9.92582207937e-11
9.4295309754e-11
8.95805442663e-11
8.5101517053e-11
8.08464412003e-11
7.68041191403e-11
7.29639131833e-11
6.93157175241e-11
6.58499316479e-11
6.25574350655e-11
5.94295633122e-11
5.64580851466e-11
5.36351808893e-11
5.09534218448e-11
4.84057507526e-11
4.5985463215e-11
4.36861900542e-11
4.15018805515e-11
3.94267865239e-11
3.74554471977e-11
3.55826748378e-11
3.3803541096e-11
3.21133640412e-11
3.05076958391e-11
2.89823110471e-11
2.75331954948e-11
2.615653572e-11
2.4848708934e-11
2.36062734873e-11
2.2425959813e-11
2.13046618223e-11
2.02394287312e-11
1.92274572946e-11
1.82660844299e-11
1.73527802084e-11
1.6485141198e-11
1.56608841381e-11
1.48778399312e-11
1.41339479346e-11
1.34272505379e-11
1.2755888011e-11
1.21180936105e-11
1.15121889299e-11
1.09365794834e-11
1.03897505093e-11
9.8702629838e-12
9.37674983461e-12
8.90791234288e-12
8.46251672574e-12
8.03939088945e-12
7.63742134498e-12
7.25555027773e-12
6.89277276384e-12
6.54813412565e-12
6.22072741937e-12
5.9096910484e-12
5.61420649598e-12
5.33349617118e-12
5.06682136262e-12
4.81348029449e-12
4.57280627977e-12
4.34416596578e-12
4.12695766749e-12
3.92060978411e-12
3.72457929491e-12
3.53835033016e-12
3.36143281366e-12
3.19336117297e-12
3.03369311432e-12
2.88200845861e-12
2.73790803568e-12
2.60101263389e-12
2.4709620022e-12
2.34741390209e-12
2.23004320698e-12
2.11854104664e-12
2.0126139943e-12
1.91198329459e-12
1.81638412986e-12
1.72556492337e-12
1.6392866772e-12
1.55732234334e-12
1.47945622617e-12
1.40548341486e-12
1.33520924412e-12
1.26844878191e-12
1.20502634282e-12
1.14477502568e-12
1.08753627439e-12
1.03315946067e-12
9.8150148764e-13
9.32426413258e-13
8.85805092595e-13
8.41514837965e-13
7.99439096067e-13
7.59467141263e-13
7.214937842e-13
6.8541909499e-13
6.51148140241e-13
6.18590733229e-13
5.87661196567e-13
5.58278136739e-13
5.30364229902e-13
5.03846018407e-13
4.78653717486e-13
4.54721031612e-13
4.31984980032e-13
4.1038573103e-13
3.89866444478e-13
3.70373122255e-13
3.51854466142e-13
3.34261742835e-13
3.17548655693e-13
3.01671222908e-13
2.86587661763e-13
2.72258278675e-13
2.58645364741e-13
2.45713096504e-13
2.33427441679e-13
2.21756069595e-13
2.10668266115e-13
2.00134852809e-13
1.90128110169e-13
1.8062170466e-13
1.71590619427e-13
1.63011088456e-13
1.54860534033e-13
1.47117507332e-13
1.39761631965e-13
1.32773550367e-13
1.26134872848e-13
1.19828129206e-13
1.13836722746e-13
1.08144886608e-13
1.02737642278e-13
9.76007601641e-14
9.27207221559e-14
8.80846860481e-14
8.36804517457e-14
7.94964291584e-14
7.55216077005e-14
7.17455273155e-14
6.81582509497e-14
6.47503384022e-14
6.15128214821e-14
5.8437180408e-14
5.55153213876e-14
5.27395553182e-14
5.01025775523e-14
4.75974486747e-14
4.52175762409e-14
4.29566974289e-14
4.08088625575e-14
3.87684194296e-14
3.68299984581e-14
3.49884985352e-14
3.32390736084e-14
3.1577119928e-14
2.99982639316e-14
2.8498350735e-14
2.70734331983e-14
2.57197615384e-14
2.44337734614e-14
2.32120847884e-14
2.2051480549e-14
2.09489065215e-14
1.99014611954e-14
1.89063881357e-14
1.79610687289e-14
1.70630152924e-14
1.62098645278e-14
1.53993713014e-14
1.46294027364e-14
1.38979325995e-14
1.32030359696e-14
1.25428841711e-14
1.19157399625e-14
1.13199529644e-14
1.07539553162e-14
1.02162575504e-14
9.70544467285e-15
9.22017243921e-15
8.75916381725e-15
8.32120562639e-15
7.90514534507e-15
7.50988807781e-15
7.13439367392e-15
6.77767399023e-15
6.43879029072e-15
6.11685077618e-15
5.81100823737e-15
5.5204578255e-15
5.24443493423e-15
4.98221318752e-15
4.73310252814e-15
4.49644740173e-15
4.27162503165e-15
4.05804378006e-15
3.85514159106e-15
3.66238451151e-15
3.47926528593e-15
3.30530202164e-15
3.14003692055e-15
2.98303507453e-15
2.8338833208e-15
2.69218915476e-15
2.55757969702e-15
2.42970071217e-15
2.30821567656e-15
2.19280489273e-15
2.0831646481e-15
1.97900641569e-15
1.88005609491e-15
1.78605329016e-15
1.69675062565e-15
1.61191309437e-15
1.53131743965e-15
1.45475156767e-15
1.38201398929e-15
1.31291328982e-15
1.24726762533e-15
1.18490424406e-15
1.12565903186e-15
1.06937608027e-15
1.01590727626e-15
9.65111912442e-16
9.1685631682e-16
8.71013500979e-16
8.2746282593e-16
7.86089684634e-16
7.46785200402e-16
7.09445940382e-16
6.73973643363e-16
6.40274961195e-16
6.08261213135e-16
5.77848152478e-16
5.48955744854e-16
5.21507957612e-16
4.95432559731e-16
4.70660931745e-16
4.47127885157e-16
4.24771490899e-16
4.03532916354e-16
3.83356270537e-16
3.6418845701e-16
3.45979034159e-16
3.28680082451e-16
3.12246078329e-16
2.96633774412e-16
2.81802085692e-16
2.67711981407e-16
2.54326382337e-16
2.4161006322e-16
2.29529560059e-16
2.18053082056e-16
2.07150427953e-16
1.96792906556e-16
1.86953261228e-16
1.77605598166e-16
1.68725318258e-16
1.60289052345e-16
1.52274599728e-16
1.44660869742e-16
1.37427826254e-16
1.30556434942e-16
1.24028613195e-16
1.17827182535e-16
1.11935823408e-16
1.06339032238e-16
1.01022080626e-16
9.59709765946e-17
9.11724277649e-17
8.66138063766e-17
8.22831160578e-17
7.81689602549e-17
7.42605122421e-17
7.054748663e-17
6.70201122985e-17
6.36691066836e-17
6.04856513494e-17
5.7461368782e-17
5.45883003429e-17
5.18588853257e-17
4.92659410594e-17
4.68026440065e-17
4.44625118061e-17
4.22393862158e-17
4.0127416905e-17
3.81210460598e-17
3.62149937568e-17
3.4404244069e-17
3.26840318655e-17
3.10498302722e-17
2.94973387586e-17
2.80224718207e-17
2.66213482297e-17
2.52902808182e-17
2.40257667773e-17
2.28244784384e-17
2.16832545165e-17
2.05990917907e-17
1.95691372011e-17
1.85906803411e-17
1.7661146324e-17
1.67780890078e-17
1.59391845574e-17
1.51422253296e-17
1.43851140631e-17
1.36658583599e-17
1.29825654419e-17
1.23334371698e-17
1.17167653113e-17
1.11309270458e-17
1.05743806935e-17
1.00456616588e-17
9.54337857587e-18
9.06620964707e-18
8.61289916472e-18
8.18225420648e-18
7.77314149616e-18
7.38448442135e-18
7.01526020028e-18
6.66449719027e-18
6.33127233076e-18
6.01470871422e-18
5.71397327851e-18
5.42827461458e-18
5.15686088385e-18
4.89901783966e-18
4.65406694768e-18
4.42136360029e-18
4.20029542028e-18
3.99028064927e-18
3.7907666168e-18
3.60122828596e-18
3.42116687166e-18
3.25010852808e-18
3.08760310168e-18
2.93322294659e-18
2.78656179926e-18
2.6472337093e-18
2.51487202383e-18
2.38912842264e-18
2.26967200151e-18
2.15618840144e-18
2.04837898136e-18
1.9459600323e-18
1.84866203068e-18
1.75622892915e-18
1.66841748269e-18
1.58499660855e-18
1.50574677813e-18
1.43045943922e-18
1.35893646726e-18
1.2909896439e-18
1.2264401617e-18
1.16511815362e-18
1.10686224594e-18
1.05151913364e-18
9.98943176957e-19
9.48996018109e-19
9.01546217204e-19
8.56468906344e-19
8.13645461027e-19
7.72963187975e-19
7.34315028576e-19
6.97599277148e-19
6.6271931329e-19
6.29583347626e-19
5.98104180244e-19
5.68198971232e-19
5.39789022671e-19
5.12799571537e-19
4.8715959296e-19
4.62801613312e-19
4.39661532647e-19
4.17678456014e-19
3.96794533214e-19
3.76954806553e-19
3.58107066225e-19
3.40201712914e-19
3.23191627268e-19
3.07032045905e-19
2.9168044361e-19
2.77096421429e-19
2.63241600358e-19
2.5007952034e-19
2.37575544323e-19
2.25696767107e-19
2.14411928751e-19
2.03691332314e-19
1.93506765698e-19
1.83831427413e-19
1.74639856043e-19
1.6590786324e-19
1.57612470078e-19
1.49731846574e-19
1.42245254246e-19
1.35132991533e-19
1.28376341957e-19
1.21957524859e-19
1.15859648616e-19
1.10066666185e-19
1.04563332876e-19
9.93351662321e-20
9.43684079205e-20
8.96499875245e-20
8.51674881483e-20
8.09091137409e-20
7.68636580538e-20
7.30204751511e-20
6.93694513936e-20
6.59009788239e-20
6.26059298827e-20
5.94756333886e-20
5.65018517191e-20
5.36767591332e-20
5.09929211765e-20
4.84432751177e-20
4.60211113618e-20
4.37200557937e-20
4.1534053004e-20
3.94573503538e-20
3.74844828361e-20
3.56102586943e-20
3.38297457596e-20
3.21382584716e-20
3.05313455481e-20
2.90047782706e-20
2.75545393571e-20
2.61768123893e-20
2.48679717698e-20
2.36245731813e-20
2.24433445222e-20
2.13211772961e-20
2.02551184313e-20
1.92423625098e-20
1.82802443843e-20
1.73662321651e-20
1.64979205568e-20
1.5673024529e-20
1.48893733025e-20
1.41449046374e-20
1.34376594055e-20
1.27657764352e-20
1.21274876135e-20
1.15211132328e-20
1.09450575712e-20
1.03978046926e-20
9.87791445798e-21
9.38401873508e-21
8.91481779833e-21
8.46907690841e-21
8.04562306299e-21
7.64334190984e-21
7.26117481435e-21
6.89811607363e-21
6.55321026995e-21
6.22554975645e-21
5.91427226863e-21
5.6185586552e-21
5.33763072244e-21
5.07074918632e-21
4.817211727e-21
4.57635114065e-21
4.34753358362e-21
4.13015690444e-21
3.92364905921e-21
3.72746660625e-21
3.54109327594e-21
3.36403861214e-21
3.19583668154e-21
3.03604484746e-21
2.88424260509e-21
2.74003047483e-21
2.60302895109e-21
2.47287750354e-21
2.34923362836e-21
2.23177194694e-21
2.12018334959e-21
2.01417418211e-21
1.91346547301e-21
1.81779219936e-21
1.72690258939e-21
1.64055745992e-21
1.55852958693e-21
1.48060310758e-21
1.4065729522e-21
1.33624430459e-21
1.26943208936e-21
1.20596048489e-21
1.14566246065e-21
1.08837933762e-21
1.03396037073e-21
9.82262352198e-22
9.33149234588e-22
8.86491772859e-22
8.42167184216e-22
8.00058825005e-22
7.60055883755e-22
7.22053089567e-22
6.85950435089e-22
6.51652913334e-22
6.19070267667e-22
5.88116754284e-22
5.5871091657e-22
5.30775370741e-22
5.04236602204e-22
4.79024772094e-22
4.55073533489e-22
4.32319856815e-22
4.10703863974e-22
3.90168670775e-22
3.70660237237e-22
3.52127225375e-22
3.34520864106e-22
3.17794820901e-22
3.01905079856e-22
2.86809825863e-22
2.7246933457e-22
2.58845867841e-22
2.45903574449e-22
2.33608395727e-22
2.2192797594e-22
2.10831577143e-22
2.00289998286e-22
1.90275498372e-22
1.80761723453e-22
1.71723637281e-22
1.63137455417e-22
1.54980582646e-22
1.47231553514e-22
1.39869975838e-22
1.32876477046e-22
1.26232653194e-22
1.19921020534e-22
1.13924969507e-22
1.08228721032e-22
1.0281728498e-22
9.76764207313e-23
9.27925996947e-23
8.815296971e-23
8.37453212245e-23
7.95580551633e-23
7.55801524051e-23
7.18011447849e-23
6.82110875456e-23
6.48005331683e-23
6.15605065099e-23
5.84824811844e-23
5.55583571252e-23
5.27804392689e-23
5.01414173055e-23
4.76343464402e-23
4.52526291182e-23
4.29899976623e-23
4.08404977792e-23
3.87984728902e-23
3.68585492457e-23
3.50156217834e-23
3.32648406943e-23
3.16015986595e-23
3.00215187266e-23
2.85204427902e-23
2.70944206507e-23
2.57396996182e-23
2.44527146373e-23
2.32300789054e-23
2.20685749601e-23
2.09651462121e-23
1.99168889015e-23
1.89210444565e-23
1.79749922336e-23
1.70762426219e-23
1.62224304909e-23
1.54113089663e-23
1.4640743518e-23
1.39087063421e-23
1.3213271025e-23
1.25526074737e-23
1.19249771001e-23
1.13287282451e-23
1.07622918328e-23
1.02241772412e-23
9.7129683791e-24
9.22731996015e-24
8.76595396214e-24
8.32765626403e-24
7.91127345083e-24
7.51570977829e-24
7.13992428937e-24
6.7829280749e-24
6.44378167116e-24
6.1215925876e-24
5.81551295822e-24
5.52473731031e-24
5.24850044479e-24
4.98607542256e-24
4.73677165143e-24
4.49993306886e-24
4.27493641541e-24
4.06118959464e-24
3.85813011491e-24
3.66522360916e-24
3.48196242871e-24
3.30786430727e-24
3.14247109191e-24
2.98534753731e-24
2.83608016045e-24
2.69427615242e-24
2.5595623448e-24
2.43158422756e-24
2.31000501618e-24
2.19450476538e-24
2.08477952711e-24
1.98054055075e-24
1.88151352321e-24
1.78743784705e-24
1.6980659547e-24
1.61316265697e-24
1.53250452412e-24
1.45587929791e-24
1.38308533302e-24
1.31393106637e-24
1.24823451305e-24
1.18582278739e-24
1.12653164802e-24
1.07020506562e-24
1.01669481234e-24
9.65860071725e-25
9.17567068139e-25
8.71688714732e-25
8.28104278995e-25
7.86699065046e-25
7.47364111793e-25
7.09995906204e-25
6.74496110893e-25
6.40771305349e-25
6.08732740081e-25
5.78296103077e-25
5.49381297923e-25
5.21912233027e-25
4.95816621376e-25
4.71025790307e-25
4.47474500792e-25
4.25100775752e-25
4.03845736965e-25
3.83653450116e-25
3.64470777611e-25
3.4624723873e-25
3.28934876793e-25
3.12488132954e-25
2.96863726306e-25
2.82020539991e-25
2.67919512991e-25
2.54523537342e-25
2.41797360475e-25
2.29707492451e-25
2.18222117828e-25
2.07311011937e-25
1.9694546134e-25
1.87098188273e-25
1.77743278859e-25
1.68856114916e-25
1.60413309171e-25
1.52392643712e-25
1.44773011526e-25
1.3753436095e-25
1.30657642903e-25
1.24124760758e-25
1.1791852272e-25
1.12022596584e-25
1.06421466754e-25
1.01100393417e-25
9.60453737459e-26
9.12431050586e-26
8.66809498057e-26
8.23469023154e-26
7.82295571996e-26
7.43180793397e-26
7.06021753727e-26
6.7072066604e-26
6.37184632738e-26
6.05325401101e-26
5.75059131046e-26
5.46306174494e-26
5.18990865769e-26
4.93041322481e-26
4.68389256357e-26
4.44969793539e-26
4.22721303862e-26
4.01585238669e-26
3.81505976736e-26
3.62430677899e-26
3.44309144004e-26
3.27093686804e-26
3.10739002463e-26
2.9520205234e-26
2.80441949723e-26
2.66419852237e-26
2.53098859625e-26
2.40443916644e-26
2.28421720812e-26
2.17000634771e-26
2.06150603033e-26
1.95843072881e-26
1.86050919237e-26
1.76748373275e-26
1.67910954611e-26
1.59515406881e-26
1.51539636537e-26
1.4396265471e-26
1.36764521974e-26
1.29926295876e-26
1.23429981082e-26
1.17258482028e-26
1.11395557926e-26
1.0582578003e-26
1.00534491029e-26
9.55077664772e-27
9.07323781533e-27
8.61957592456e-27
8.18859712834e-27
7.77916727192e-27
7.39020890832e-27
7.02069846291e-27
6.66966353976e-27
6.33618036277e-27
6.01937134463e-27
5.7184027774e-27
5.43248263853e-27
5.16085850661e-27
4.90281558128e-27
4.65767480221e-27
4.4247910621e-27
4.203551509e-27
3.99337393355e-27
3.79370523687e-27
3.60401997503e-27
3.42381897627e-27
3.25262802746e-27
3.08999662609e-27
2.93549679478e-27
2.78872195504e-27
2.64928585729e-27
2.51682156443e-27
2.39098048621e-27
2.2714314619e-27
2.1578598888e-27
2.04996689436e-27
1.94746854964e-27
1.85009512216e-27
1.75759036605e-27
1.66971084775e-27
1.58622530536e-27
1.50691404009e-27
1.43156833809e-27
1.35998992119e-27
1.29199042513e-27
1.22739090387e-27
1.16602135868e-27
1.10772029074e-27
1.05233427621e-27
9.99717562395e-28
9.49731684275e-28
9.02245100061e-28
8.57132845058e-28
8.14276202805e-28
7.73562392665e-28
7.34884273032e-28
6.9814005938e-28
6.63233056411e-28
6.30071403591e-28
5.98567833411e-28
5.68639441741e-28
5.40207469654e-28
5.13197096171e-28
4.87537241362e-28
4.63160379294e-28
4.4000236033e-28
4.18002242313e-28
3.97102130197e-28
3.77247023688e-28
3.58384672503e-28
3.40465438878e-28
3.23442166934e-28
3.07270058587e-28
2.91906555658e-28
2.77311227875e-28
2.63445666481e-28
2.50273383157e-28
2.37759713999e-28
2.25871728299e-28
2.14578141885e-28
2.0384923479e-28
1.93656773051e-28
1.83973934398e-28
1.74775237678e-28
1.66036475794e-28
1.57734652005e-28
1.49847919404e-28
1.42355523434e-28
1.35237747263e-28
1.28475859899e-28
1.22052066904e-28
1.15949463559e-28
1.10151990381e-28
1.04644390862e-28
9.94121713191e-29
9.44415627531e-29
8.97194846155e-29
8.52335103847e-29
8.09718348654e-29
7.69232431222e-29
7.30770809661e-29
6.94232269178e-29
6.59520655719e-29
6.26544622933e-29
5.95217391786e-29
5.65456522197e-29
5.37183696087e-29
5.10324511283e-29
4.84808285719e-29
4.60567871433e-29
4.37539477861e-29
4.15662503968e-29
3.9487937877e-29
3.75135409831e-29
3.5637863934e-29
3.38559707373e-29
3.21631722004e-29
3.05550135904e-29
2.90272629109e-29
2.75758997653e-29
2.6197104777e-29
2.48872495382e-29
2.36428870613e-29
2.24607427082e-29
2.13377055728e-29
2.02708202942e-29
1.92572792795e-29
1.82944153155e-29
1.73796945497e-29
1.65107098222e-29
1.56851743311e-29
1.49009156146e-29
1.41558698338e-29
1.34480763421e-29
1.2775672525e-29
1.21368888988e-29
1.15300444538e-29
1.09535422311e-29
1.04058651196e-29
9.88557186361e-30
9.39129327043e-30
8.92172860691e-30
8.47564217656e-30
8.05186006774e-30
7.64926706435e-30
7.26680371113e-30
6.90346352558e-30
6.5582903493e-30
6.23037583183e-30
5.91885704024e-30
5.62291418823e-30
5.34176847882e-30
5.07468005488e-30
4.82094605213e-30
4.57989874953e-30
4.35090381205e-30
4.13335862145e-30
3.92669069037e-30
3.73035615586e-30
3.54383834806e-30
3.36664643066e-30
3.19831410913e-30
3.03839840367e-30
2.88647848349e-30
2.74215455931e-30
2.60504683135e-30
2.47479448978e-30
2.35105476529e-30
2.23350202703e-30
2.12182692567e-30
2.01573557939e-30
1.91494880042e-30
1.8192013604e-30
1.72824129238e-30
1.64182922776e-30
1.55973776637e-30
1.48175087805e-30
1.40766333415e-30
1.33728016744e-30
1.27041615907e-30
1.20689535112e-30
1.14655058356e-30
1.08922305438e-30
1.03476190167e-30
9.83023806582e-31
9.33872616253e-31
8.8717898544e-31
8.42820036168e-31
8.0067903436e-31
7.60645082642e-31
7.2261282851e-31
6.86482187084e-31
6.5215807773e-31
6.19550173844e-31
5.88572665151e-31
5.59144031894e-31
5.31186830299e-31
5.04627488784e-31
4.79396114345e-31
4.55426308628e-31
4.32654993196e-31
4.11022243537e-31
3.9047113136e-31
3.70947574792e-31
3.52400196052e-31
3.3478018625e-31
3.18041176937e-31
3.0213911809e-31
2.87032162186e-31
2.72680554076e-31
2.59046526373e-31
2.46094200054e-31
2.33789490051e-31
2.22100015549e-31
2.10995014771e-31
2.00445264033e-31
1.90423000831e-31
1.80901850789e-31
1.7185675825e-31
1.63263920338e-31
1.55100724321e-31
1.47345688105e-31
1.39978403699e-31
1.32979483514e-31
1.26330509339e-31
1.20013983872e-31
1.14013284678e-31
1.08312620444e-31
1.02896989422e-31
9.77521399509e-32
9.28645329534e-32
8.82213063057e-32
8.38102409904e-32
7.96197289409e-32
7.56387424939e-32
7.18568053692e-32
6.82639651007e-32
6.48507668457e-32
6.16082285034e-32
5.85278170782e-32
5.56014262243e-32
5.28213549131e-32
5.01802871674e-32
4.76712728091e-32
4.52877091686e-32
4.30233237102e-32
4.08721575247e-32
3.88285496484e-32
3.6887122166e-32
3.50427660577e-32
3.32906277548e-32
3.16260963671e-32
3.00447915487e-32
2.85425519713e-32
2.71154243727e-32
2.57596531541e-32
2.44716704964e-32
2.32480869716e-32
2.2085682623e-32
2.09813984918e-32
1.99323285673e-32
1.89357121389e-32
1.79889265319e-32
1.70894802054e-32
1.62350061951e-32
1.54232558853e-32
1.46520930911e-32
1.39194884365e-32
1.32235140147e-32
1.25623383139e-32
1.19342213983e-32
1.13375103283e-32
1.07706348119e-32
1.02321030713e-32
9.72049791776e-33
9.23447302187e-33
8.77274937078e-33
8.33411190224e-33
7.91740630713e-33
7.52153599177e-33
7.14545919218e-33
6.78818623257e-33
6.44877692094e-33
6.1263380749e-33
5.82002117115e-33
5.5290201126e-33
5.25256910697e-33
4.98994065162e-33
4.74044361904e-33
4.50342143808e-33
4.27825036618e-33
4.06433784787e-33
3.86112095548e-33
3.6680649077e-33
3.48466166232e-33
3.3104285792e-33
3.14490715024e-33
2.98766179273e-33
2.83827870309e-33
2.69636476794e-33
2.56154652954e-33
2.43346920307e-33
2.31179574291e-33
2.19620595577e-33
2.08639565798e-33
1.98207587508e-33
1.88297208133e-33
1.78882347726e-33
1.6993823034e-33
1.61441318823e-33
1.53369252881e-33
1.45700790237e-33
1.38415750726e-33
1.31494963189e-33
1.2492021503e-33
1.18674204278e-33
1.12740494064e-33
1.07103469361e-33
1.01748295893e-33
9.66608810985e-34
9.18278370435e-34
8.72364451914e-34
8.28746229318e-34
7.87308917852e-34
7.47943471959e-34
7.10546298361e-34
6.75018983443e-34
6.41268034271e-34
6.09204632558e-34
5.7874440093e-34
5.49807180883e-34
5.22316821839e-34
4.96200980747e-34
4.7139093171e-34
4.47821385124e-34
4.25430315868e-34
4.04158800075e-34
3.83950860071e-34
3.64753317067e-34
3.46515651214e-34
3.29189868653e-34
3.12730375221e-34
2.9709385646e-34
2.82239163637e-34
2.68127205455e-34
2.54720845182e-34
2.41984802923e-34
2.29885562777e-34
2.18391284638e-34
2.07471720406e-34
1.97098134386e-34
1.87243227666e-34
1.77881066283e-34
1.68987012969e-34
1.60537662321e-34
1.52510779205e-34
1.44885240244e-34
1.37640978232e-34
1.3075892932e-34
1.24220982854e-34
1.18009933712e-34
1.12109437026e-34
1.06503965175e-34
1.01178766916e-34
9.61198285703e-35
9.13138371418e-35
8.67481452847e-35
8.24107380205e-35
7.82902011194e-35
7.43756910635e-35
7.06569065103e-35
6.71240611848e-35
6.37678581255e-35
6.05794652193e-35
5.75504919583e-35
5.46729673604e-35
5.19393189924e-35
4.93423530427e-35
4.68752353906e-35
4.45314736211e-35
4.230489994e-35
4.0189654943e-35
3.81801721959e-35
3.62711635861e-35
3.44576054068e-35
3.27347251364e-35
3.10979888796e-35
2.95430894356e-35
2.80659349638e-35
2.66626382157e-35
2.53295063049e-35
2.40630309896e-35
2.28598794401e-35
2.17168854681e-35
2.06310411947e-35
1.9599489135e-35
1.86195146782e-35
1.76885389443e-35
1.68041119971e-35
1.59639063973e-35
1.51657110774e-35
1.44074255235e-35
1.36870542474e-35
1.3002701535e-35
1.23525664582e-35
1.17349381353e-35
1.11481912286e-35
1.05907816671e-35
1.00612425838e-35
9.55818045459e-36
9.08027143186e-36
8.62625786026e-36
8.19494496725e-36
7.78519771889e-36
7.39593783294e-36
7.0261409413e-36
6.67483389423e-36
6.34109219952e-36
6.02403758954e-36
5.72283571007e-36
5.43669392456e-36
5.16485922833e-36
4.90661626692e-36
4.66128545357e-36
4.42822118089e-36
4.20681012185e-36
3.99646961576e-36
3.79664613497e-36
3.60681382822e-36
3.42647313681e-36
3.25514947997e-36
3.09239200597e-36
2.93777240567e-36
2.79088378539e-36
2.65133959612e-36
2.51877261631e-36
2.3928339855e-36
2.27319228622e-36
2.15953267191e-36
2.05155603832e-36
1.9489782364e-36
1.85152932458e-36
1.75895285835e-36
1.67100521543e-36
1.58745495466e-36
1.50808220693e-36
1.43267809658e-36
1.36104419175e-36
1.29299198217e-36
1.22834238306e-36
1.1669252639e-36
1.10857900071e-36
1.05315005067e-36
1.00049254814e-36
9.50467920733e-37
9.02944524696e-37
8.57797298461e-37
8.14907433538e-37
7.74162061861e-37
7.35453958768e-37
6.9868126083e-37
6.63747197788e-37
6.30559837899e-37
5.99031846004e-37
5.69080253704e-37
5.40626241019e-37
5.13594928968e-37
4.87915182519e-37
4.63519423393e-37
4.40343452224e-37
4.18326279613e-37
3.97409965632e-37
3.7753946735e-37
3.58662493983e-37
3.40729369284e-37
3.23692900819e-37
3.07508255779e-37
2.9213284299e-37
2.7752620084e-37
2.63649890798e-37
2.50467396258e-37
2.37944026445e-37
2.26046825123e-37
2.14744483867e-37
2.04007259674e-37
1.9380689669e-37
1.84116551855e-37
1.74910724263e-37
1.66165188049e-37
1.57856928647e-37
1.49964082215e-37
1.42465878104e-37
1.35342584199e-37
1.28575454989e-37
1.22146682239e-37
1.16039348127e-37
1.10237380721e-37
1.04725511685e-37
9.94892361007e-38
9.45147742957e-38
8.97890355809e-38
8.52995838018e-38
8.10346046118e-38
7.69828743812e-38
7.31337306621e-38
6.9477044129e-38
6.60031919226e-38
6.27030323264e-38
5.95678807101e-38
5.65894866746e-38
5.37600123409e-38
5.10720117238e-38
4.85184111376e-38
4.60924905808e-38
4.37878660517e-38
4.15984727491e-38
3.95185491117e-38
3.75426216561e-38
3.56654905733e-38
3.38822160446e-38
3.21881052424e-38
3.05786999803e-38
2.90497649813e-38
2.75972767322e-38
2.62174128956e-38
2.49065422508e-38
2.36612151383e-38
2.24781543814e-38
2.13542466623e-38
2.02865343292e-38
1.92722076127e-38
1.83085972321e-38
1.73931673705e-38
1.65235090019e-38
1.56973335519e-38
1.49124668743e-38
1.41668435305e-38
1.3458501354e-38
1.27855762863e-38
1.2146297472e-38
1.15389825984e-38
1.09620334685e-38
1.04139317951e-38
9.8932352053e-39
9.39857344504e-39
8.92864477279e-39
8.48221253415e-39
8.05810190744e-39
7.65519681207e-39
7.27243697146e-39
6.90881512289e-39
6.56337436675e-39
6.23520564841e-39
5.92344536599e-39
5.62727309769e-39
5.34590944281e-39
5.07861397066e-39
4.82468327213e-39
4.58344910852e-39
4.3542766531e-39
4.13656282044e-39
3.92973467942e-39
3.73324794545e-39
3.54658554818e-39
3.36925627077e-39
3.20079345723e-39
3.04075378437e-39
2.88871609515e-39
2.74428029039e-39
2.60706627587e-39
2.47671296208e-39
2.35287731398e-39
2.23523344828e-39
2.12347177586e-39
2.01729818707e-39
1.91643327772e-39
1.82061161383e-39
1.72958103314e-39
1.64310198148e-39
1.56094688241e-39
1.48289953829e-39
1.40875456137e-39
1.3383168333e-39
1.27140099164e-39
1.20783094206e-39
1.14743939495e-39
1.09006742521e-39
1.03556405395e-39
9.83785851249e-40
9.34596558687e-40
8.87866730752e-40
8.43473394215e-40
8.01299724504e-40
7.61234738279e-40
7.23173001365e-40
6.87014351297e-40
6.52663633732e-40
6.20030452045e-40
5.89028929443e-40
5.59577482971e-40
5.31598608822e-40
5.05018678381e-40
4.79767744462e-40
4.55779357239e-40
4.32990389377e-40
4.11340869908e-40
3.90773826413e-40
3.71235135092e-40
3.52673378338e-40
3.35039709421e-40
3.1828772395e-40
3.02373337752e-40
2.87254670865e-40
2.72891937321e-40
2.59247340455e-40
2.46284973432e-40
2.33970724761e-40
2.22272188523e-40
2.11158579097e-40
2.00600650142e-40
1.90570617635e-40
1.81042086753e-40
1.71989982415e-40
1.63390483295e-40
1.5522095913e-40
1.47459911173e-40
1.40086915615e-40
1.33082569834e-40
1.26428441342e-40
1.20107019275e-40
1.14101668311e-40
1.08396584896e-40
1.02976755651e-40
9.78279178685e-41
9.29365219751e-41
8.82896958763e-41
8.38752110825e-41
7.96814505284e-41
7.56973780019e-41
7.19125091018e-41
6.83168836468e-41
6.49010394644e-41
6.16559874912e-41
5.85731881166e-41
5.56445287108e-41
5.28623022753e-41
5.02191871615e-41
4.77082278034e-41
4.53228164133e-41
4.30566755926e-41
4.0903841813e-41
3.88586497223e-41
3.69157172362e-41
3.50699313744e-41
3.33164348057e-41
3.16506130654e-41
3.00680824121e-41
2.85646782915e-41
2.71364443769e-41
2.57796221581e-41
2.44906410502e-41
2.32661089977e-41
2.21028035478e-41
2.09976633704e-41
1.99477802019e-41
1.89503911918e-41
1.80028716322e-41
1.71027280506e-41
1.62475916481e-41
1.54352120657e-41
1.46634514624e-41
1.39302788893e-41
1.32337649448e-41
1.25720766976e-41
1.19434728627e-41
1.13462992195e-41
1.07789842586e-41
1.02400350456e-41
9.72803329335e-42
9.24163162869e-42
8.77955004725e-42
8.34057254489e-42
7.92354391764e-42
7.52736672176e-42
7.15099838567e-42
6.79344846639e-42
6.45377604307e-42
6.13108724092e-42
5.82453287887e-42
5.53330623493e-42
5.25664092318e-42
4.99380887702e-42
4.74411843317e-42
4.50691251151e-42
4.28156688594e-42
4.06748854164e-42
3.86411411456e-42
3.67090840883e-42
3.48736298839e-42
3.31299483897e-42
3.14734509702e-42
2.98997784217e-42
2.84047895006e-42
2.69845500256e-42
2.56353225243e-42
2.43535563981e-42
2.31358785782e-42
2.19790846493e-42
2.08801304168e-42
1.9836123896e-42
1.88443177012e-42
1.79021018161e-42
1.70069967253e-42
1.6156646889e-42
1.53488145446e-42
1.45813738174e-42
1.38523051265e-42
1.31596898702e-42
1.25017053767e-42
1.18766201078e-42
1.12827891024e-42
1.07186496473e-42
1.01827171649e-42
9.6735813067e-43
9.18990224137e-43
8.7304071293e-43
8.29388677283e-43
7.87919243419e-43
7.48523281248e-43
7.11097117186e-43
6.75542261326e-43
6.4176514826e-43
6.09676890847e-43
5.79193046305e-43
5.5023339399e-43
5.2272172429e-43
4.96585638076e-43
4.71756356172e-43
4.48168538363e-43
4.25760111445e-43
4.04472105873e-43
3.84248500579e-43
3.6503607555e-43
3.46784271773e-43
3.29445058184e-43
3.12972805275e-43
2.97324165011e-43
2.82457956761e-43
2.68335058923e-43
2.54918305976e-43
2.42172390678e-43
2.30063771144e-43
2.18560582587e-43
2.07632553457e-43
1.97250925784e-43
1.87388379495e-43
1.7801896052e-43
1.69118012494e-43
1.6066211187e-43
1.52629006276e-43
1.44997555962e-43
1.37747678164e-43
1.30860294256e-43
1.24317279543e-43
1.18101415566e-43
1.12196344788e-43
1.06586527548e-43
1.01257201171e-43
9.61943411124e-44
9.13846240568e-44
8.68153928539e-44
8.24746232112e-44
7.83508920507e-44
7.44333474481e-44
7.07116800757e-44
6.71760960719e-44
6.38172912683e-44
6.06264267049e-44
5.75951053697e-44
5.47153501012e-44
5.19795825961e-44
4.93806034663e-44
4.6911573293e-44
4.45659946284e-44
4.23376948969e-44
4.02208101521e-44
3.82097696445e-44
3.62992811623e-44
3.44843171042e-44
3.27601012489e-44
3.11220961865e-44
2.95659913772e-44
2.80876918083e-44
2.66833072179e-44
2.5349141857e-44
2.40816847642e-44
2.28776005259e-44
2.17337204997e-44
2.06470344747e-44
1.96146827509e-44
1.86339486134e-44
1.77022511827e-44
1.68171386236e-44
1.59762816924e-44
1.51774676078e-44
1.44185942274e-44
1.3697664516e-44
1.30127812902e-44
1.23621422257e-44
1.17440351144e-44
1.11568333587e-44
1.05989916908e-44
1.00690421062e-44
9.56559000092e-45
9.08731050087e-45
8.63294497583e-45
8.20129772704e-45
7.79123284069e-45
7.40167119865e-45
7.03158763872e-45
6.68000825678e-45
6.34600784394e-45
6.02870745175e-45
5.72727207916e-45
5.4409084752e-45
5.16886305144e-45
4.91041989887e-45
4.66489890393e-45
4.43165395873e-45
4.21007126079e-45
3.99956769775e-45
3.79958931287e-45
3.60960984722e-45
3.42912935486e-45
3.25767288712e-45
3.09478924276e-45
2.94004978062e-45
2.79304729159e-45
2.65339492701e-45
2.52072518066e-45
2.39468892163e-45
2.27495447555e-45
2.16120675177e-45
2.05314641418e-45
1.95048909347e-45
1.8529646388e-45
1.76031640686e-45
1.67230058652e-45
1.58868555719e-45
1.50925127933e-45
1.43378871536e-45
1.3620992796e-45
1.29399431562e-45
1.22929459984e-45
1.16782986984e-45
1.10943837635e-45
1.05396645753e-45
1.00126813466e-45
9.51204727925e-46
9.03644491528e-46
8.58462266952e-46
8.15539153604e-46
7.74762195924e-46
7.36024086128e-46
6.99222881822e-46
6.6426173773e-46
6.31048650844e-46
5.99496218302e-46
5.69521407387e-46
5.41045337017e-46
5.13993070166e-46
4.88293416658e-46
4.63878745825e-46
4.40684808534e-46
4.18650568107e-46
3.97718039702e-46
3.77832137717e-46
3.58940530831e-46
3.40993504289e-46
3.23943829075e-46
3.07746637621e-46
2.9235930574e-46
2.77741340453e-46
2.6385427343e-46
2.50661559759e-46
2.38128481771e-46
2.26222057682e-46
2.14910954798e-46
2.04165407058e-46
1.93957136706e-46
1.8425927987e-46
1.75046315877e-46
1.66294000083e-46
1.57979300079e-46
1.50080335075e-46
1.42576318321e-46
1.35447502405e-46
1.28675127285e-46
1.22241370921e-46
1.16129302374e-46
1.10322837256e-46
1.04806695393e-46
9.95663606233e-47
9.45880425922e-47
8.98586404626e-47
8.53657084394e-47
8.10974230175e-47
7.70425518666e-47
7.31904242733e-47
6.95309030596e-47
6.60543579066e-47
6.27516400113e-47
5.96140580107e-47
5.66333551102e-47
5.38016873547e-47
5.11116029869e-47
4.85560228376e-47
4.61282216957e-47
4.38218106109e-47
4.16307200804e-47
3.95491840764e-47
3.75717248725e-47
3.56931386289e-47
3.39084816975e-47
3.22130576126e-47
3.0602404732e-47
2.90722844954e-47
2.76186702706e-47
2.62377367571e-47
2.49258499192e-47
2.36795574233e-47
2.24955795521e-47
2.13708005745e-47
2.03022605458e-47
1.92871475185e-47
1.83227901426e-47
1.74066506354e-47
1.65363181037e-47
1.57095021985e-47
1.49240270885e-47
1.41778257341e-47
1.34689344474e-47
1.2795487725e-47
1.21557133388e-47
1.15479276719e-47
1.09705312883e-47
1.04220047238e-47
9.90090448765e-48
9.40585926327e-48
8.93556630011e-48
8.4887879851e-48
8.06434858585e-48
7.66113115655e-48
7.27807459873e-48
6.91417086879e-48
6.56846232535e-48
6.24003920908e-48
5.92803724863e-48
5.6316353862e-48
5.35005361689e-48
5.08255093604e-48
4.82842338924e-48
4.58700221978e-48
4.35765210879e-48
4.13976950335e-48
3.93278102818e-48
3.73614197677e-48
3.54933487794e-48
3.37186813404e-48
3.20327472734e-48
3.04311099097e-48
2.89095544142e-48
2.74640766935e-48
2.60908728588e-48
2.47863292159e-48
2.35470127551e-48
2.23696621173e-48
2.12511790115e-48
2.01886200609e-48
1.91791890579e-48
1.8220229605e-48
1.73092181247e-48
1.64437572185e-48
1.56215693576e-48
1.48404908897e-48
1.40984663452e-48
1.33935430279e-48
1.27238658765e-48
1.20876725827e-48
1.14832889536e-48
1.09091245059e-48
1.03636682806e-48
9.84548486657e-49
9.35321062324e-49
8.88555009208e-49
8.44127258747e-49
8.0192089581e-49
7.6182485102e-49
7.23733608469e-49
6.87546928045e-49
6.53169581643e-49
6.20511102561e-49
5.89485547433e-49
5.60011270061e-49
5.32010706558e-49
5.0541017123e-49
4.80139662669e-49
4.56132679535e-49
4.33326045558e-49
4.11659743281e-49
3.91076756116e-49
3.71522918311e-49
3.52946772395e-49
3.35299433775e-49
3.18534462087e-49
3.02607738982e-49
2.87477352033e-49
2.73103484432e-49
2.5944831021e-49
2.46475894699e-49
2.34152099964e-49
2.22444494966e-49
2.11322270218e-49
2.00756156707e-49
1.90718348872e-49
1.81182431428e-49
1.72123309857e-49
1.63517144364e-49
1.55341287146e-49
1.47574222788e-49
1.40195511649e-49
1.33185736067e-49
1.26526449263e-49
1.202001268e-49
1.1419012046e-49
1.08480614437e-49
1.03056583715e-49
9.79037545294e-50
9.30085668029e-50
8.83581384628e-50
8.39402315397e-50
7.97432199627e-50
7.57560589645e-50
7.19682560163e-50
6.83698432155e-50
6.49513510547e-50
6.1703783502e-50
5.86185943269e-50
5.56876646105e-50
5.290328138e-50
5.0258117311e-50
4.77452114455e-50
4.53579508732e-50
4.30900533295e-50
4.09355506631e-50
3.88887731299e-50
3.69443344734e-50
3.50971177497e-50
3.33422618623e-50
3.16751487691e-50
3.00913913307e-50
2.85868217641e-50
2.71574806759e-50
2.57996066421e-50
2.450962631e-50
2.32841449945e-50
2.21199377448e-50
2.10139408576e-50
1.99632438147e-50
1.8965081624e-50
1.80168275428e-50
1.71159861656e-50
1.62601868573e-50
1.54471775145e-50
1.46748186387e-50
1.39410777068e-50
1.32440238215e-50
1.25818226304e-50
1.19527314989e-50
1.13550949239e-50
1.07873401777e-50
1.02479731688e-50
9.73557451041e-51
9.24879578489e-51
8.78635599564e-51
8.34703819586e-51
7.92968628607e-51
7.53320197176e-51
7.15654187318e-51
6.79871477952e-51
6.45877904054e-51
6.13584008851e-51
5.82904808409e-51
5.53759567988e-51
5.26071589589e-51
4.99768010109e-51
4.74779609604e-51
4.51040629124e-51
4.28488597668e-51
4.07064167784e-51
3.86710959395e-51
3.67375411425e-51
3.49006640854e-51
3.31556308811e-51
3.14978493371e-51
2.99229568702e-51
2.84268090267e-51
2.70054685754e-51
2.56551951466e-51
2.43724353893e-51
2.31538136198e-51
2.19961229388e-51
2.08963167919e-51
1.98515009523e-51
1.88589259047e-51
1.79159796094e-51
1.7020180629e-51
1.61691715975e-51
1.53607130176e-51
1.45926773668e-51
1.38630434984e-51
1.31698913235e-51
1.25113967573e-51
1.18858269195e-51
1.12915355735e-51
1.07269587948e-51
1.01906108551e-51
9.68108031232e-52
9.1970262967e-52
8.73717498187e-52
8.30031623277e-52
7.88530042113e-52
7.49103540008e-52
7.11648363007e-52
6.76065944857e-52
6.42262647614e-52
6.10149515233e-52
5.79642039472e-52
5.50659937498e-52
5.23126940623e-52
4.96970593592e-52
4.72122063913e-52
4.48515960717e-52
4.26090162681e-52
4.04785654547e-52
3.8454637182e-52
3.65319053229e-52
3.47053100567e-52
3.29700445539e-52
3.13215423262e-52
2.97554652099e-52
2.82676919494e-52
2.68543073519e-52
2.55115919843e-52
2.42360123851e-52
2.30242117659e-52
2.18730011776e-52
2.07793511187e-52
1.97403835627e-52
1.87533643846e-52
1.78156961654e-52
1.69249113571e-52
1.60786657893e-52
1.52747324998e-52
1.45109958748e-52
1.37854460811e-52
1.3096173777e-52
1.24413650882e-52
1.18192968338e-52
1.12283319921e-52
1.06669153925e-52
1.01335696228e-52
9.6268911417e-53
9.14554658461e-53
8.68826925538e-53
8.25385579261e-53
7.84116300298e-53
7.44910485283e-53
7.07664961019e-53
6.72281712968e-53
6.3866762732e-53
6.06734245954e-53
5.76397533656e-53
5.47577656973e-53
5.20198774125e-53
4.94188835418e-53
4.69479393647e-53
4.46005423965e-53
4.23705152767e-53
4.02519895128e-53
3.82393900372e-53
3.63274205353e-53
3.45110495086e-53
3.27854970331e-53
3.11462221815e-53
2.95889110724e-53
2.81094655188e-53
2.67039922429e-53
2.53687926307e-53
2.41003529992e-53
2.28953353492e-53
2.17505685818e-53
2.06630401527e-53
1.9629888145e-53
1.86483937378e-53
1.77159740509e-53
1.68301753483e-53
1.59886665809e-53
1.51892332519e-53
1.44297715893e-53
1.37082830098e-53
1.30228688593e-53
1.23717254164e-53
1.17531391455e-53
1.11654821883e-53
1.06072080789e-53
1.00768476749e-53
9.57300529117e-54
9.09435502661e-54
8.63963727528e-54
8.20765541152e-54
7.79727264094e-54
7.40740900889e-54
7.03703855845e-54
6.68518663053e-54
6.350927299e-54
6.03338093405e-54
5.73171188735e-54
5.44512629298e-54
5.17286997833e-54
4.91422647941e-54
4.66851515544e-54
4.43508939767e-54
4.21333492779e-54
4.0026681814e-54
3.80253477233e-54
3.61240803371e-54
3.43178763203e-54
3.26019825043e-54
3.0971883379e-54
2.94232892101e-54
2.79521247496e-54
2.65545185121e-54
2.52267925865e-54
2.39654529572e-54
2.27671803093e-54
2.16288212939e-54
2.05473802292e-54
1.95200112177e-54
1.85440106568e-54
1.7616810124e-54
1.67359696178e-54
1.58991711369e-54
1.510421258e-54
1.4349001951e-54
1.36315518535e-54
1.29499742608e-54
1.23024755478e-54
1.16873517704e-54
1.11029841819e-54
1.05478349728e-54
1.00204432241e-54
9.51942106293e-55
9.04345000978e-55
8.59127750929e-55
8.16171363383e-55
7.75362795214e-55
7.36594655453e-55
6.9976492268e-55
6.64776676546e-55
6.31537842719e-55
5.99960950583e-55
5.69962903054e-55
5.41464757901e-55
5.14391520006e-55
4.88671944006e-55
4.64238346805e-55
4.41026429465e-55
4.18975107992e-55
3.98026352592e-55
3.78125034963e-55
3.59218783215e-55
3.41257844054e-55
3.24194951851e-55
3.07985204259e-55
2.92585944046e-55
2.77956646843e-55
2.64058814501e-55
2.50855873776e-55
2.38313080087e-55
2.26397426083e-55
2.15077554779e-55
2.0432367704e-55
1.94107493188e-55
1.84402118529e-55
1.75182012602e-55
1.66422911972e-55
1.58101766373e-55
1.50196678055e-55
1.42686844152e-55
1.35552501944e-55
1.28774876847e-55
1.22336133005e-55
1.16219326355e-55
1.10408360037e-55
1.04887942035e-55
9.96435449332e-56
9.46613676866e-56
8.99282993023e-56
8.54318843371e-56
8.11602901203e-56
7.71022756143e-56
7.32471618336e-56
6.95848037419e-56
6.61055635548e-56
6.2800285377e-56
5.96602711082e-56
5.66772575528e-56
5.38433946751e-56
5.11512249414e-56
4.85936636943e-56
4.61639805096e-56
4.38557814841e-56
4.16629924099e-56
3.95798427894e-56
3.76008506499e-56
3.57208081175e-56
3.39347677116e-56
3.2238029326e-56
3.06261278597e-56
2.90948214667e-56
2.76400803934e-56
2.62580763737e-56
2.4945172555e-56
2.36979139273e-56
2.25130182309e-56
2.13873673194e-56
2.03179989534e-56
1.93020990057e-56
1.83369940554e-56
1.74201443527e-56
1.6549137135e-56
1.57216802783e-56
1.49355962644e-56
1.41888164512e-56
1.34793756286e-56
1.28054068472e-56
1.21651365048e-56
1.15568796796e-56
1.09790356956e-56
