0.476763027965
-0.0476298356508
0.202177325066
-0.0564849672988
0.154395940151
-0.0951963089161
-0.0241586816493
0.0157520079196
0.0605483258193
0.0692661851862
-0.115840921386
0.144885119509
-0.0936077460551
0.0423094759334
0.10467716469
-0.0152723182872
0.130677073103
0.00496172480646
0.133225853911
-0.0678095991076
0.0135140399209
-0.0160580193123
0.0463863692151
0.0200295528912
-0.139022238896
0.20569328962
-0.129078861274
0.0580920455451
-0.0277024201783
0.0215829741925
0.065427357693
-0.0388388018152
0.101767924058
-0.0496517161611
0.0935415461229
-0.0895184181005
0.0929433660596
-0.0328985486836
-0.0614945557597
0.126265703357
-0.103676789726
0.0730718284638
-0.0621463588118
0.0557533607681
-0.00782199273522
11.5315861679
-1.19352290851
4.39259385489
-1.6597305659
3.57576750241
-2.58496304043
-1.43208362865
0.379784165543
1.34336781497
1.58449100605
-3.01741587831
3.20460276285
-0.464998693355
0.00336350334575
2.59448230622
-1.40131185159
2.40639141541
-0.699859804122
1.85388619591
-0.696412819407
0.0458939378517
1.09549573785
-0.168996041565
1.46176894575
-2.80757021478
3.26158269768
-0.935194772869
-0.250513362945
0.719812302416
-0.508942305089
1.75992397071
-1.45887745226
1.33474097657
-0.307278541387
0.761506054706
-0.0750428720747
-0.402022122193
1.39488390948
-1.61286168718
1.71693182806
-0.842103039138
0.219578050914
0.467331005249
-0.483226338794
1.03934818197
39.1674096373
0.802222508768
12.2452268687
-3.51125688754
10.3035774429
-5.73972984127
-5.22640799828
1.92412600112
6.14972881742
7.27870990184
-5.85823615136
7.82543435613
4.02996992465
0.441136590042
6.54058461647
-2.95490158369
5.91727314529
-1.38319122683
2.34910706262
-0.117652699246
0.793571225556
4.6442017576
0.150687160542
4.90533843724
-2.99824314257
4.65718465277
0.44076759529
-1.3532939971
2.40892771191
-1.16712521299
3.64364690685
-1.28307310617
1.86860278956
1.07220699878
0.752984665536
1.87396609346
-1.12960559991
2.79983061526
-1.31829169404
1.50705469823
0.187858841644
-0.457311074766
1.82440670576
-0.80213398577
1.96678562425
51.2803812406
6.42308702879
12.1913969397
-3.30636498064
9.34747985544
-4.08880735051
-10.1407246425
5.77398333564
7.48058105166
13.1140368029
-4.37298121281
7.53629039391
8.15388431277
1.99389825287
5.42913715303
-1.0077517049
8.42279964382
-1.33900882302
1.01738074398
-0.0892112130554
2.32239898757
4.54518418058
0.768012685393
5.60659661132
1.38984551879
3.16931165841
0.706028788882
0.0448047719716
2.41512782008
0.147691405259
2.11544758144
0.982945203949
1.84743887546
1.4472561209
0.333458321521
2.01691773733
0.431956339228
1.68234026541
0.383630073406
0.920814075107
1.34670214353
-0.166618959794
1.29566913697
0.137034059467
1.47319500005
52.2597281836
3.22600077256
9.39856921357
-3.6653719368
4.0427157234
-2.11858591526
-8.59298861968
6.77461388399
5.67171211407
10.3898276923
-5.46566253739
6.992089012
2.92567945363
5.0220356779
0.695970177699
4.25461856568
10.5477016305
-0.0641801437664
0.908714362962
-2.15492852778
3.47354801303
-0.43771155506
1.91289711384
2.25282113624
4.23499322682
1.46830310318
-1.40660549766
1.76153061966
0.800397845649
2.5121346284
0.0184566327736
3.20068860757
2.31859246877
1.54360777568
-0.39552464151
0.0607356968926
1.28071086769
0.118909299608
1.20443937404
0.539316490793
1.95322907077
0.0126026901629
-0.076957120312
0.0626717170696
0.822260998291
61.3361815963
-7.88165638623
13.0436423173
-12.28702882
5.30496664653
-3.05681881449
-1.7006316327
5.71939387213
4.90505624568
7.8838212413
-11.7616850649
8.16295072428
-3.83525584007
6.0746912377
-2.3882172245
7.11340343192
13.3071070828
3.50883483475
0.114676357215
-4.82935343692
1.59896173614
-1.64765632595
2.32580438362
2.45438525766
5.35722746406
1.72228651261
-3.16873250573
-0.731629166318
-0.143349024912
1.55879394958
0.727829778219
3.10917442543
4.59525444802
2.3707647872
-0.730707933221
-2.17091181039
-0.302856325024
-0.0115383314136
1.17774664573
1.89925055624
2.55448736399
1.12571227203
-1.23753528492
-1.28795361316
-0.48932171093
66.9619720154
-15.2266231945
18.0693730204
-20.4556895726
8.36210218721
-6.15965580648
4.5812617365
5.97933130713
4.97813870948
10.7075571645
-9.63377529144
7.21734921055
-5.21629961315
3.82578293684
-4.54216080399
8.26032300926
11.4081942094
6.98339002747
-0.32799194383
-2.94172898135
-1.82510431626
-1.0418598402
1.56157369204
3.5922678037
5.34113989708
3.24061721112
0.155227482655
-1.33868000734
-0.252396935469
-0.952153752003
0.535568737223
2.01903943988
4.73419156471
2.79465163842
0.822677778261
-1.07692682646
-1.09409964132
-0.650257801557
0.379960886689
1.80386113516
2.21005242374
2.03742834406
0.430328547474
-0.271508204075
-0.66645969105
67.6562103945
-21.4649269502
20.7653985369
-17.3391742281
6.57367103725
-10.7844832519
5.04195069304
6.30505158869
2.45941354577
9.50310005721
-2.89887927722
4.60692356557
-2.41337632723
1.93460687523
-3.33677031902
5.75716060422
10.1901633023
3.43458294043
1.89434267554
0.824059567778
-1.35795402135
-2.36465892241
-0.355728983873
3.22120731036
1.96657499476
2.92674961343
1.5654093346
1.015764017
0.0295376387107
-0.775851579198
0.124725975495
1.01298480954
3.01223908971
0.985902963512
1.56179947478
0.820191690219
0.0172529288962
-0.900260079966
-0.151085211775
0.992457813837
0.37689723198
0.95858696519
0.847419148709
0.878930682134
-0.038357274768
66.7147005201
-17.4170349011
20.6296080454
-8.33547160179
4.46935042099
-11.0985349418
-1.634475629
9.83407483216
0.948720887477
6.09193008299
-2.52356691407
6.12172634468
-0.562798598914
1.91963051923
-2.13503933286
3.3940132957
12.0790851247
0.242411269631
4.80285912598
1.9615223671
2.20727177089
-4.09072585172
-1.74375245218
3.13571331616
2.0618687605
1.22182478303
0.361611872151
3.08888155487
0.565972898703
0.0778993906528
-0.710050788066
1.95489589044
2.62558977292
0.298515283212
1.29328075143
1.84008241416
1.15038750888
-1.01549485239
-0.616084571666
1.07812690171
0.953740679648
0.0680994789436
0.455461394948
1.29690504124
0.648957505725
61.8616300719
-6.9999889626
12.5607056195
-4.60061485602
5.30491244931
-6.59340411804
-5.00105442755
9.81158595408
4.64353476234
1.93513534676
-6.08247272877
9.17110761019
-1.70004889955
3.78395157353
-4.62697170862
4.48062665721
11.0790697135
3.26584121941
2.79211777712
1.46748736069
3.36203741834
-2.56186481603
-1.23079511506
0.878672928494
5.5069002588
-0.0615775262958
-0.710422437858
1.49135976885
2.0037637108
0.359768662751
-1.27282998478
1.40221436655
2.97967840671
1.83617516299
0.239604991697
1.68190495206
1.26649383827
0.26560395124
-0.902915281623
0.519895501611
1.51614730534
0.804455159339
-0.208075305363
0.300932525312
0.944640624475
57.986494352
-0.478127928719
7.07614363244
-4.74378677886
9.15226415162
-3.41601876145
-3.68193892978
4.20853918301
6.88654370088
1.50253783207
-8.55758739094
9.68936815853
-3.62218601919
4.57340907599
-5.07613749525
4.84588517671
9.48246317401
8.03064859337
2.34655544371
1.40132979958
3.84381086284
-1.12470744056
0.594333873596
-2.08627979312
4.47907175529
0.218423472482
-0.814067703506
-0.0360686275928
1.49249463269
0.331487082546
-0.960904130747
1.04055769708
2.34627741077
3.65839930663
1.19796058975
1.80765268961
1.37165990137
0.824658706896
-0.15649696749
-0.206924811981
0.550737067849
0.507035221918
0.0674892381135
-0.247033481086
0.504430197743
76.5092725756
-3.67944260163
-2.46246968085
1.48246746823
11.9671862477
-2.26571819574
-2.10527021467
-1.12344879454
1.8254806407
12.3013079058
-1.98259114803
3.38354504083
-5.29507169954
8.14751134912
-0.413711096993
3.20101506746
3.20743238808
5.58574260256
4.14920287379
3.02046208499
6.05621625461
-3.05256014732
3.17948883899
3.73061663113
3.74786792229
-0.317349443526
-0.33608186598
0.105927861836
-0.64871292621
0.89038559431
-1.24127768277
-0.979528574804
2.14005246676
5.06405180939
3.13634906376
2.19784707155
1.70752049928
1.2823009448
0.812193674081
-0.02518118642
-1.02233589251
-1.4733591312
0.226054011731
0.84238011866
0.646681199964
449.459891503
-83.170751504
-253.579032403
176.302218064
-8.08561556023
9.6972805811
-16.5188933853
-89.079968381
33.144240196
130.819710799
120.656207635
-84.0291389265
-20.9020669282
130.867291319
23.5973014381
-7.10634918417
-69.9139862559
-60.7106119563
38.1083341998
39.4270787013
29.9424213637
-42.5164417335
16.9965337039
122.398560565
35.6246420164
-7.93757079743
-25.6014610901
-30.1492376978
24.4208429807
-0.320731983629
-35.7817179843
-42.7447678195
14.3965615607
74.788221509
25.5695776406
7.36565878317
10.4926165689
12.8898047436
33.4388645868
-7.67032406384
-40.8275129381
-35.1882414472
-4.20850083362
22.7760820217
-2.56816097592
2531.66134875
-816.489694678
-1785.91692317
1864.4229512
-638.245122368
-45.2058019118
49.8905215695
-1055.26820268
721.254095986
293.860529717
743.176233853
-370.44669188
-467.572323685
1351.39499161
-104.581817037
-149.684342214
-165.947330283
-671.654307151
196.607040642
162.053166984
48.2564295483
-430.042656539
-29.6533186229
942.499292756
243.529991241
-54.501140164
52.459492679
-207.308719863
160.603242611
135.808259979
-458.980621542
-481.960742424
-35.5955932024
396.051847255
150.373383857
-109.701815972
200.007534051
193.794286182
331.679624427
235.800394639
-357.173259699
-292.497997383
-25.819774669
33.0825208272
-167.055725702
6597.00728034
-2599.78828065
-4820.51231975
6220.52113547
-2242.92142755
-132.363625346
405.278066867
-3294.82174227
2581.85394847
-135.574441137
1725.44004278
-913.410159163
-1781.82836742
4358.8528597
-556.93846012
-600.987434228
156.13583399
-1577.62982088
720.229057616
301.737223721
-326.026573339
-1306.40460192
30.1005413363
2149.56381157
369.745590257
-427.290328427
311.523169215
206.698838157
291.932950119
487.578210774
-1148.07263651
-1252.13968502
436.660895054
466.485596491
-62.174041309
-525.547128984
396.198729949
918.426377776
482.01768403
532.641422047
-624.465459879
-425.565692875
499.77683347
-176.602706648
-709.383652568
8486.43437944
-3275.4250993
-5929.28235155
8217.61938491
-3014.49460479
-26.8066632785
822.743524599
-3968.26429125
3269.2594469
-645.720875083
2108.46941723
-843.437588323
-2467.15942804
5319.81929944
-622.650538751
-995.074196733
653.668737541
-1532.50984325
713.950638437
479.986771767
-537.759308984
-1268.63911718
201.243913868
1958.48040245
473.332698228
-642.370923481
337.275563482
642.84675098
-25.2372789255
532.458720113
-955.805281617
-1248.14369664
739.581266363
259.048110707
-109.047908312
-358.531466927
255.559342638
1038.15985042
247.503324493
297.175254292
-347.575007167
-433.627339083
485.003519718
-165.541715843
-647.854264454
8605.45966558
-2538.22612192
-6566.61508502
7922.858153
-1912.04616791
-1181.67246936
1229.15586212
-4036.53838594
2342.65553235
683.163315711
1386.37063156
-317.052605708
-2436.23830799
4798.57660672
1003.35249013
-2243.81808959
679.307553004
-1208.70995285
-238.071121928
1419.78437233
-1252.06772104
-1326.80860275
549.654752999
1738.28449226
1537.57941584
-1226.64555878
170.694855732
1284.25054741
-509.241827151
689.501618542
-1216.8703975
-1865.18739618
1026.10532578
368.24623439
-72.5035302456
-366.773185234
115.890937361
1687.88014543
427.120888836
-16.8635466827
-200.6891315
-895.430710539
543.176223909
65.6447375041
-1291.52280866
10000.0
-2483.61279439
-8486.61418641
9648.4253652
-1531.59872882
-2400.13479217
2140.73439803
-4851.20607362
2516.39924902
1222.92479749
627.021383874
54.5336506398
-3197.75977289
5398.47924285
1782.7998499
-3650.46126687
1476.37695815
-1091.41250832
-645.550376103
2158.79285893
-2077.77127482
-1291.58759865
728.641286382
1506.48976593
1911.77389401
-1985.43936423
393.659543629
1851.4655246
-983.230041075
1048.82087212
-1323.62312619
-2047.09242555
1533.18720094
99.405320449
-301.782853457
-414.520880152
24.3912529188
1917.06188476
199.622534884
-120.369772121
63.2761882608
-906.019482533
801.751524113
70.9936758397
-1546.62563532
9930.17966345
-2011.14027891
-8615.74163748
9074.772638
-1109.86966645
-2366.25521075
1940.08491721
-4577.15416005
2377.32002885
1427.58991733
751.401495248
-0.594148400943
-3043.95471078
5037.44650341
1876.16938041
-3383.11833032
1076.62855015
-949.777908457
-518.874387386
1972.48818675
-1788.76846959
-1215.31242493
573.811726816
1416.55208986
2025.93774047
-1762.82775359
64.0173595807
1779.78833964
-767.509091886
880.113589753
-1098.00075497
-1964.49957709
1166.59941034
271.665915378
-65.7973431927
-474.177691782
-172.793655575
1750.80918631
431.165762796
-106.687096391
-6.8468710082
-836.512784681
555.526203913
277.55038404
-1208.34415628
9168.94298463
-1689.70179425
-8684.92034615
8582.89278915
-366.75150002
-2937.7335905
1902.3406959
-4265.1565832
1929.36127716
2018.70922141
356.388459431
-385.602839626
-2599.78762123
4613.36046574
2127.33679647
-3413.14357623
485.204642809
-570.412999528
-565.512837802
1913.83149485
-1737.05279931
-1604.60149462
839.759234985
1462.8710321
1806.29802768
-1701.31083327
-256.857102297
1945.78190441
-552.881838774
607.796657161
-1036.21984991
-2077.09241843
1282.26481455
526.60841214
-489.131550738
-507.671867293
-92.3172579628
1681.96964481
598.259591712
-378.964314965
-143.216495884
-612.872930133
612.412301943
350.4038071
-1462.6029954
8679.59615531
-1538.53285996
-7713.95878684
7524.23968997
-659.688857768
-2306.35658649
1709.831264
-3427.42425883
1335.78619059
1371.09579762
790.852784669
-71.7230455489
-2380.14400152
3679.22663805
1954.35402457
-2834.75098976
711.404051695
-317.962199376
-1005.14348175
1758.10117962
-945.782273395
-1403.71510017
625.492514428
1074.27222799
1375.13978539
-983.142643083
-158.99117899
1349.35702268
-498.826698514
411.025499708
-313.592214926
-1615.3651836
638.722831721
581.923116768
-389.970116333
-113.743614327
30.3625458501
836.883025045
533.062587875
-131.304107152
37.5841044307
-389.967404405
87.6829359248
349.02344618
-718.432542569
7403.99934479
-693.882407522
-6943.2162103
5137.58800657
932.470730061
-2131.43479642
837.836941566
-2185.77285603
45.3028649109
1718.15317703
1231.18951897
-110.060840005
-2068.30265808
2371.81350017
2907.54441776
-2249.3042592
-448.414598458
275.292332216
-1215.95456808
1341.71351658
-95.7164865449
-1578.58982814
297.908017471
1075.80502838
1700.87702116
-361.49533976
-974.307735568
1389.06556925
59.7417714431
-337.847192258
114.008721558
-1566.89329316
-155.325793014
995.309887651
-119.01730279
-102.824282234
-160.443751252
859.22463775
1158.87623422
-383.210497629
-27.0055851024
-126.733446239
-471.605401022
477.447017267
-472.542491484
6299.56026115
474.294246514
-7098.86653395
4378.97336176
2284.681463
-2780.05417062
1336.61117298
-1780.27744714
-533.143020432
2349.95954749
648.370315059
54.279511797
-1717.70819859
1622.7299737
3425.01044052
-2190.92320133
-759.916453575
960.861348086
-1160.40749275
1093.41854106
138.797322668
-1508.13767732
334.325537523
878.086290033
1457.3203081
-262.402158591
-991.7418381
1487.22312986
210.838238485
-498.803962644
310.530750663
-1137.79572258
-176.928048152
872.167192048
-139.16536437
-170.439680953
-70.2550370319
746.710193334
841.472874551
-368.784050671
72.9886235296
42.7551479563
-344.295328574
328.309038669
-303.943500059
6302.0007507
457.712485329
-7420.5676282
3984.74562081
2333.09019506
-2735.63764641
1172.53943876
-1884.20658213
-456.581898891
2487.5180537
748.95909904
-99.3690495637
-1622.28615238
1780.39274842
3284.98203568
-2200.50087997
-1107.07443074
828.721994848
-1040.47709026
791.043487962
226.939589426
-1465.98483943
173.781016773
1294.21035512
1524.41393117
-451.938534084
-843.693768452
1436.34657607
179.589622266
-573.769978783
99.2651801543
-1173.82357585
-330.173494866
977.399860268
32.5130481629
-366.638288207
74.8533996401
1003.25732334
835.972727751
-325.326966524
23.6622050728
-55.5796404887
-413.468696661
291.079738348
-342.003959493
6489.27213786
273.854369029
-7606.42490425
4425.76572308
2336.46289897
-2795.46458272
1288.76251108
-2017.53424942
-444.824862354
2572.88172357
603.899888306
-327.272714166
-1618.26534014
1809.94242386
3290.06344065
-2115.27672788
-997.705088167
921.439271566
-971.989997399
950.933964519
179.782689803
-1630.13436339
203.363678767
1204.47995493
1393.83443855
-419.774629401
-836.639071171
1383.05200867
278.129051194
-388.944918293
128.490157748
-1182.61454479
-250.029106547
922.596606437
-87.2091006799
-376.123382631
-25.1838068381
808.579089149
839.013302883
-189.906078207
12.0349464159
-49.5798880674
-249.192312152
338.315519627
-330.568209763
6524.83572744
-142.932608823
-7396.29154683
4765.96405775
1903.54749619
-2885.5908173
1431.85794852
-2126.53950413
-464.227283624
2674.78539899
580.348625603
-190.43364226
-1415.66336471
1477.89170856
3217.12874498
-1741.27229862
-1278.61669847
565.358750127
-784.697097396
899.687448826
190.556102959
-1506.33690773
30.94571177
1236.9284541
1603.17163997
-213.462319546
-975.39337109
955.947248151
482.097157999
-225.060401035
-202.216914959
-1246.71763374
-332.032150596
889.50229561
245.641516629
-282.402572532
-195.148359883
771.870676033
1091.0898261
9.74005181235
-288.135514499
-283.960031062
-203.162004279
283.781084615
-264.721458857
7200.06178354
-712.990809699
-7791.01811502
5932.6853228
1795.841536
-3336.99827185
1639.5852277
-2304.48032744
-422.019376294
2808.78813256
376.846208329
-261.93172864
-1451.7888671
1725.50447744
3438.46357266
-1903.01535367
-1264.96023988
589.71579345
-704.666534386
973.980940983
-121.871596711
-1688.20916151
49.5562681025
1309.49896466
1664.00539726
-381.869043593
-1010.09150143
1186.14261813
635.689488252
-173.753474133
-361.848730913
-1371.95186304
-187.700280503
905.877086337
61.6975946302
-478.899358608
-246.517549182
945.405593297
1165.62677168
-55.7340826594
-310.230863873
-233.943973556
-21.7247365552
339.316604924
-474.221909272
6832.78832644
-1100.63694884
-6714.21959144
5924.33264406
897.646505285
-2932.83712688
1552.89903975
-2109.84922612
-21.6883325064
2130.2249223
245.86166426
44.1825424813
-1508.13483781
1775.80170515
3072.02351364
-2103.30088102
-733.25686974
636.507067651
-874.780655127
944.921227963
-209.958340992
-1484.18316249
187.924044657
1065.9495293
1433.52705748
-365.21420018
-830.369698614
1243.38412506
457.776584225
-251.705769066
-153.876741979
-1207.96948047
-201.4077045
781.447309464
-55.8839836961
-406.159749753
-185.019651354
826.113721319
1023.15694812
-109.32014871
-150.624287264
-95.0659949673
-125.963674474
313.091542023
-379.220904458
7110.87600435
-1093.36902699
-7018.24689492
6109.85576009
763.734223919
-3547.24192397
1674.69674499
-2150.5684041
-162.882376871
2339.15733533
177.112106692
153.914311736
-1664.21019679
1835.31149819
3532.45224422
-2668.70676569
-880.145387147
944.307323603
-1404.16618903
1027.76982125
-95.9446032669
-1845.81538611
292.698708798
1192.54384348
1721.1522523
-430.512557088
-1161.59234985
1605.18725539
346.799081285
-536.460647304
16.8356326368
-1631.03196624
-371.911270865
1086.18437383
-112.935510494
-451.460116126
-236.477126841
1014.947084
1290.44386244
-284.857702379
-133.04255905
-157.386676394
-380.87369779
480.653824234
-470.287313557
6680.20725315
-957.792234989
-6715.89525165
6084.32575794
1025.38121478
-3244.05146598
1562.97517659
-2130.74303405
161.139440995
2162.98981719
-77.726537757
228.92045365
-1628.37077854
1820.33095582
3292.22925102
-2397.78309004
-518.632733679
824.764152605
-1146.17928286
1163.94604234
-130.719299296
-1681.87750132
220.420419689
1003.85458724
1444.39359017
-318.827177535
-881.454359188
1255.78976033
381.361773917
-129.19975842
53.491744519
-1365.90057153
-303.12204708
873.231140931
-32.0726073877
-391.643869632
-235.972840754
671.267497259
994.464203161
95.4121851948
-51.3529833013
-235.06452544
-174.556438813
442.511070403
-250.185395496
6365.62063179
-646.376574982
-6464.91239955
4949.26594823
1688.00651067
-2617.83427544
808.631045947
-2010.43502998
272.977075452
2232.16983898
447.366084036
58.1185956999
-1666.1923478
1812.85026296
3234.79720592
-1819.62780916
-941.199256742
192.330459434
-747.986009341
1190.62283766
-51.8181064765
-1604.27143786
-134.646087192
1206.27080405
1882.42197363
-205.467074628
-1028.08914489
912.209113325
522.658196686
196.230511122
-163.417201436
-1589.96223157
-402.862014518
885.971593816
408.198633858
-307.976090065
-568.318161172
758.77885967
1261.59811102
246.996171293
-116.673265739
-576.804980726
-239.143898295
577.241570781
-207.124589666
6262.24004144
-495.453551781
-6775.53302992
5093.36100429
2011.45942346
-2688.84791994
725.196662328
-2144.2483373
306.162910641
2359.38946462
360.40741562
-96.4785359121
-1749.57074947
1929.53373768
3317.97319638
-1823.95701803
-861.395876344
158.996071848
-461.986028408
1209.47637328
-376.118102688
-1209.955024
-239.715098751
937.657767685
2083.65069557
-474.967018373
-913.895312709
1076.86905949
324.235825991
344.215036025
-230.031629405
-1333.42422535
-138.544777011
452.704484592
473.429061238
-193.788081597
-665.450403192
864.721533347
930.973187739
133.578528972
79.6748078097
-478.454156516
-75.6428909507
329.450720791
-223.900339187
6461.73865879
-692.643091246
-6345.76057247
4980.51682543
1207.33071312
-2094.97584262
647.474488802
-2483.3625492
560.626656982
1716.16290426
773.560700596
455.234597333
-2281.40415894
2024.75289993
3190.20040831
-1689.1459732
-534.326724871
-303.170123042
-433.39168771
924.316310671
-450.537059649
-466.945208694
-789.107003337
629.677180024
2637.49039425
-486.21070103
-678.82857278
957.79660229
61.6656398098
506.21507628
-375.224722744
-1126.02373395
-407.053369033
-126.460141971
984.841122899
-41.5160518854
-875.853453312
1003.36194115
909.962560061
377.89078947
227.150945408
-559.759351392
-153.51760546
16.6061478691
-65.4313349078
7090.95463321
-1377.96067565
-6623.88800702
5524.25750787
1095.62244582
-1772.70727638
473.857142987
-2588.03959154
1101.76177551
1312.97917119
976.218280916
512.703301208
-2928.30788514
2361.31080317
3234.09600606
-1927.39894763
-493.753648065
-338.476812194
-151.963035739
982.569197966
-397.122418779
-333.998434988
-1005.46695209
665.497417891
2663.60557858
-736.400708711
-868.341517697
845.769448734
149.580393414
514.264876274
-354.13528212
-944.895154095
-336.412397311
54.79701197
1059.84573307
-149.346851366
-901.356235251
840.751063451
764.605482247
214.501218118
44.9330283542
-524.022643266
-138.423208227
108.771024202
79.9843316582
6753.15915727
-1439.68150287
-5817.87720614
4268.18364735
1280.9193172
-1105.68223595
-511.574435457
-1839.34573596
981.789821083
840.483756534
1039.98320944
606.276590807
-2268.26937456
1678.73870559
2689.34665936
-1197.18657985
-568.776593961
-409.292889128
-438.61462227
531.088492388
178.871969814
-288.774257732
-1037.12633977
394.791557489
2067.1055539
70.8345203926
-667.661627633
331.388309333
146.343505633
231.738598686
58.5743373448
-608.400856373
-780.72119689
-75.9879464197
822.914413021
177.989287497
-464.339619391
237.257938855
502.296287787
333.279810734
278.788496008
-178.563330847
-497.705880956
-157.177031003
250.41716443
6874.61826733
-1635.08138068
-5815.06872489
2757.27689032
2113.42531566
-380.495936589
-1256.73341203
-1289.45343025
562.886268909
837.966269637
1295.43667015
544.07481761
-2149.80699107
869.422822218
2528.67298361
-520.020413593
-797.806017886
-592.626494709
-669.991115282
480.917108651
791.947526639
-287.726046394
-1259.73304967
84.0099009323
1936.04744876
558.0878579
-784.081699589
-77.7393137259
65.3837939373
226.475717722
392.036854578
-509.65700505
-1033.83931431
-175.055361041
847.525469828
442.683895784
-478.325480642
-109.475673375
435.416731943
397.007271959
396.782568289
-121.147093136
-666.390849781
-208.287425346
366.159309642
5743.6357222
-1377.44533432
-4485.95947303
1815.82041155
1825.72334705
-45.5540122396
-1149.65950007
-1086.10785405
404.781835188
656.846328995
1087.11381182
538.943113693
-1786.3534783
549.365912233
1892.18751189
-191.974747759
-538.037978631
-535.37415962
-334.659092271
423.894443833
442.831046627
-22.6720534277
-753.56964777
-158.579757169
1315.32521761
430.092520367
-487.731157405
-134.796614113
-9.15285437181
240.923362471
201.390024251
-252.645627289
-429.235005192
-183.555736955
448.062479849
404.572713194
-246.949741426
-109.254357875
168.14635509
226.27227762
198.5422534
-110.437433029
-242.39373221
-86.8574126002
109.265912479
3187.84035657
-258.273782214
-1992.48666871
555.874023605
812.350208268
111.187203924
-696.712293025
-533.949040631
319.207629357
186.795010251
529.405139631
677.491041134
-751.204217648
201.886624558
757.03720024
44.658069575
-278.095151614
-320.802270682
86.7277156851
60.3940925739
-73.1917844118
263.361163405
13.3898464837
-171.801259841
433.17092463
219.541238762
-58.0943069705
-125.800263481
16.89789232
108.110613057
-131.166867213
-16.31729124
99.0550995813
-78.1874754553
42.7032045524
209.949884196
34.3517728946
-24.4098628957
-11.2286096004
103.663808871
-9.22285525683
-91.3864098691
45.7830969365
5.99190058771
-42.9299768247
52.2655905555
74.0776232082
-1.90465250425
-7.37549156958
44.5592288462
53.4320955493
-47.7337164608
-6.96405613088
38.0528655151
-23.2085567557
-12.5250708368
33.0865964681
22.789507429
-11.7002092805
9.9429466917
36.8239296707
1.81181086209
-21.0810572881
22.1751735072
7.14623242373
-16.9974963714
4.98507936532
18.4893710765
2.12064690557
-5.65620124807
16.4628479258
13.5534942706
-7.7106093602
1.56301160148
13.0865817496
-4.42325047846
-4.66631497208
7.63546986023
6.34394709779
-2.94880736177
2.33698163323
10.418800829
0.786723120971
-2.06404614011
5.80700661244
3.45140150056
-2.893171687
1.4878213311
4.43043196198
0.631489109678
-0.61977704662
3.98979364738
3.27661710253
-0.826057827257
1.47058687234
2.9028121105
0.104534826276
-0.414073851477
1220.06115157
-65.7292177208
-600.189048605
21.2294452338
266.6771367
9.79608533125
-240.899051
-179.858615606
73.3457942812
246.921127999
297.687929664
47.0554757524
-219.524008731
168.811045914
265.408100232
-110.141268736
-134.123542641
-58.7986614576
4.8448210385
49.8430871783
103.733499395
-1.7496075553
-25.5541223801
95.0553360107
146.325943108
-16.278746257
-43.431264987
17.0831747935
-32.0714483944
-3.77759152146
63.4014714066
-35.1837770125
-49.2671685625
56.090600699
75.1459090418
-4.05151458576
-2.84417767437
28.2114935931
2.88646123731
0.791645356336
41.107712388
-16.9832929965
-47.6559993661
36.3514791479
39.1458171074
939.717903394
-240.305711644
-381.785034936
39.9917222282
231.513173542
-29.2831828356
-145.151727791
-111.186958452
71.2088798799
109.158486956
206.818339474
-5.84230359222
-207.924947913
162.239709359
270.87091085
-117.763213664
-38.9112217242
-66.5793747832
-16.2064424601
33.7738787438
57.9849319795
-28.2658619587
-74.580627996
72.3753662379
186.400564582
-49.5446353212
-57.747818813
57.4010341417
-3.05575779668
24.4539275548
41.9673450399
-69.4334827137
-51.932960136
25.8212913518
88.7280394844
-21.7497852249
-62.8851128207
56.8322207811
49.4129544481
-2.06400048606
28.9050617471
-34.3581975701
-30.2360776161
40.9202296018
29.330207444
869.275262788
-431.462803541
-267.235650919
109.204980445
192.306671811
-100.801033303
-111.949300062
-29.4511879046
168.166991525
-73.8550547649
205.519323185
-8.49373562252
-197.242382363
143.577256772
231.867038194
-82.5443179666
-11.5625405651
-112.821711021
31.7014124121
39.4440997806
17.9911511198
16.5482857297
-92.8553032504
47.0630682945
174.327177637
-48.631011576
-48.1984170294
20.9660507232
-7.14000664175
59.5407926722
4.62966886766
-32.4530535121
-33.7230990364
-8.48743674034
79.5927898227
15.2395696595
-54.6853978581
28.3345378891
13.7174081846
17.3866639593
24.146219457
-29.6541142872
-16.0880264331
6.09460571253
21.9192505799
900.114180302
-540.254601059
-141.616257285
-74.8507956672
282.567474876
-60.4209546857
-62.6919672959
-135.851366668
210.96153955
-113.579899322
278.758132571
-59.9385747107
-123.139626332
79.1435721958
143.751155741
23.7344726837
-30.7526970355
-153.285558503
0.34682283483
75.8664717854
40.6399868142
31.829320916
-132.890324722
59.42540741
115.575849079
38.69663079
-41.2308213745
-31.9182761447
-18.8301294809
82.092539516
-5.36904863181
-27.7587610875
-62.0917812227
2.50868114607
70.9346221662
27.4632518794
-28.1393567723
-13.0758151397
12.9444692269
49.4734573389
22.0378522021
-38.4514510052
-25.9315748024
1.21581911055
31.1851451204
842.358752526
-558.821842144
-68.9374557325
-149.01216216
363.755405252
-77.6363897495
-57.8744630032
-188.087377912
157.698921699
-7.10736250022
216.468612846
-92.176609632
-105.304190455
143.261284349
115.010834314
27.7354539529
-94.797799592
-76.1931423152
-18.9657967081
95.0455251545
11.5333442398
-36.5391352515
-114.417361857
101.438630274
104.276647109
15.602964472
-46.3169283286
0.712783218686
29.8788078328
56.388703388
-8.68613344253
-68.1106633837
-51.8100907245
32.8427608281
50.9907613824
-26.0448318656
-34.4987175713
13.6351453811
47.9514600051
40.810454404
10.5744817253
-26.8041883475
-8.54306003026
28.1358085493
17.3508527906
635.872618007
-423.017771427
-50.4432600571
-54.7512865381
253.322374025
-117.530033064
-40.4631369526
-71.5845662474
53.5956819339
13.9044033424
144.292687105
-32.3633261204
-93.7194677716
174.33735399
84.7598344377
-3.1782687269
-102.417469766
16.7292175218
-28.8913164727
33.9999507805
-1.67079228095
-22.6099530739
-69.6244311515
90.2038212324
75.8133220907
-3.64760940804
-12.3616811618
37.7487747909
32.4238924104
-8.84750143967
0.188410413143
-45.2993192304
-28.0663330099
9.59017797701
31.569095563
-33.9390318676
-0.569758859557
28.1131154143
41.5950678788
7.00680859179
16.4995710632
-0.238996625926
-6.58624251954
6.19751691
-2.68370876277
491.365251695
-273.079999455
-48.1236341327
-40.3725256909
184.395759142
-119.077567259
-0.86408755371
1.72269237646
13.8245843928
-47.2329592115
127.912790745
-5.36725723863
-71.4281561329
141.008171539
41.5003555469
3.70351192577
-95.336338582
58.7657556153
-41.2733116571
9.75711059977
0.666389372734
18.0979226197
-63.2448045503
72.9301424706
36.2847029411
-5.92621847544
3.74528284838
36.4071832997
19.4039032172
-37.9049364416
13.4350099655
-22.7893855596
-13.5764147645
-1.99490452725
33.5414620304
-30.5793417852
15.298097079
22.091590413
24.6917271332
-9.41013119074
15.1605054799
8.30602739482
-13.958505192
-1.64554324001
-0.823270342692
428.64719611
-240.11554079
-20.7760895765
-28.6556917856
146.767390573
-89.3937885962
-6.15672043529
15.6112658888
16.3842504995
-45.529693694
109.458544876
-4.17892270892
-65.2371469033
129.654940873
24.8067351932
10.381833263
-66.6774162632
43.391101378
-22.9170406318
-7.57655383844
10.4410462812
22.626320859
-62.7389334799
50.1614617856
38.1620919699
-11.9255469388
6.85077015404
22.1253909588
23.9381956858
-23.854936666
9.51900853505
5.19045077241
-22.1449835146
-9.46379924499
32.4800612325
-18.4273694459
-0.690493055312
12.7022855659
14.212242475
-1.03876803338
3.17297008236
18.8492098683
-5.04686003017
-10.2779004641
12.6244892285
351.508469773
-194.953383791
-19.7167469605
-16.8267808212
87.9816367261
-41.5475962404
-35.1370940385
9.89708107329
4.07435988357
-44.7541113298
104.986535182
12.3278617482
-74.4345283891
84.2315868768
25.0004440413
34.1119539994
-41.0034450436
3.75569424306
-0.930672935664
-26.267688789
9.74650506062
36.4751495749
-61.8414284847
18.2268197636
35.0895344134
7.4877767869
14.3073807081
-8.48758224059
23.8141031132
-3.93669796833
-4.3988927908
19.567212681
-21.2099426123
-23.807640444
25.5783283002
-7.57780200172
7.31863499131
-2.40495178576
3.44515011006
15.9512894786
-3.07543475358
13.7816850687
3.25543329759
-17.9869185175
9.26305939859
285.278117291
-132.727801154
-20.5211351352
-23.2283452053
56.0490030979
-0.891444664977
-38.7767002303
-8.30173458553
24.6411988159
-54.3343842422
96.8251001622
14.1300315863
-56.5233511916
64.103024594
7.24554254527
38.6481892464
-19.2068393412
-20.1307483563
15.9770126186
-26.4380489184
-1.16780166716
38.330116821
-47.8524114084
18.6373837315
19.578890274
3.34217737813
28.0840610471
-14.91621061
12.0305906236
5.38300459569
-9.64112974116
13.6063565795
-16.8026354254
-17.0513496855
21.6432142825
-13.822308098
10.3042013168
3.75467717022
-2.54308421022
15.8828483526
2.16762788893
3.48943911372
4.7386393405
-10.9017772003
9.08687212155
-4.8469446862
-8.55220145474
7.3418330374
-6.7147158393
0.987286187806
6.71519046778
-1.32179176255
6.45925581619
-0.107950109929
3.00370661522
3.66943710894
-4.90864150402
2.77824462949
-0.610925190516
-6.24453124937
3.79497638136
-2.05852310166
-0.790001674398
1.82209288248
0.801832788614
2.58526805065
0.500867453715
0.818644674477
3.11071676124
-2.58985961257
1.2195327653
0.514909749109
-2.322063753
0.318735349679
0.275884801783
-0.816137202446
0.654438300003
0.110670405624
1.63413764662
-0.0292346607378
0.519527369797
1.41993390871
-0.345358924488
-4.71249379864
-1.10868882808
-2.70006847303
0.727322295899
3.25959879914
-4.23912855021
-1.70694447741
6.7272482224
1.50816223409
4.65521075022
-5.91922776597
-5.56810202009
5.87342206036
-0.560247101524
-7.38892393906
4.5740998921
-2.36352721956
5.03530846358
-6.79196088521
0.781628950823
5.22521273853
0.745886790562
0.915906554949
4.71766012128
-10.5214400561
0.0242540516436
-3.28644089458
6.23789499389
-2.42323797967
3.33871086632
2.68871223082
-3.19638243255
4.25123046069
0.355555444303
2.06750512827
-2.64638429689
2.09668300045
7.54736504638
-2.71355058839
-5.65976634034
4.75511040204
-5.22984071877
7.34801841976
0.376590787094
-1.43929638767
-6.04787341896
3.16785327204
5.20618779789
5.0606538288
-12.1776198539
5.39760059747
-2.67828606766
10.198381741
-3.92469939374
-2.39942218761
2.30888115871
6.25045967097
0.676834657622
0.830951539403
-8.2995030015
7.01888439872
-7.30934975147
2.2389830028
4.8914410428
0.966532411163
-1.68105567141
-1.23065249743
-0.473251676017
6.22102595426
-3.24918430856
-2.09343867111
-6.32600954504
6.00684989446
6.99453740936
1.14687647934
-8.45228958124
-0.290688269053
1.77731245626
3.81801574283
-4.88709099646
7.31681144205
-1.588863626
3.04429182367
1.40759702074
3.66897163672
-4.13140672965
1.20852411868
-8.25226240336
4.88443258332
0.983187672048
-2.43229813001
-6.9670781907
4.22105484472
6.25332832539
7.57472816517
-0.679927510683
-4.91247063097
3.73842917359
8.33356189846
-1.71349767735
-6.54517210005
1.07128323707
1.21423656638
0.584496880538
-2.71434172903
2.08741921935
5.75970749218
-1.36942978982
-3.33154472462
7.45966394041
-5.74741212678
1.96529158296
-3.4423787803
0.339767991192
4.76760117712
-1.17020023122
-7.45538957629
-1.31354631701
2.49946792918
0.60553764519
-1.13988362415
6.22182743399
-3.96566118747
-2.90589618644
7.97530290936
0.942578578258
-6.52396502042
4.91342785634
3.49436000804
-7.64152132624
-3.05913762491
0.146283674904
7.35687262204
-4.61042319597
-5.763650364
5.36243711896
-5.62465472216
4.58122989786
6.36597637186
-2.42448189923
-3.94678560935
7.69029447903
-1.53842936953
2.49501410271
-1.00537954007
7.79678019052
-12.2093633484
-6.33845738612
8.62344343693
2.40038279239
-4.10185206673
9.2104973784
-5.04155955031
8.9329091974
1.01990316165
7.15015646813
-0.881128303662
-8.6421772454
2.23695639491
8.68252292386
-14.1701265506
3.24817396546
-5.30144051252
-0.806101843821
3.03689930158
10.6539377045
-1.29697011363
-5.00757526523
-6.08839458071
14.0415227863
-11.8064089008
2.97750867761
-5.01299847119
0.106700676019
-6.14340373239
14.2373039759
-6.28676233929
1.04328780151
-2.98409744585
6.42273219025
-8.84671197591
5.15757754184
3.87132449417
7.84453835843
-9.92396054507
7.23686698699
3.1506668009
-3.91320525654
-6.42519611957
9.15685322815
-5.8073970075
2.79084749797
-5.13177507913
1.55231051389
-7.45108307141
3.567147137
-2.28835066424
7.86668761924
-1.76754061629
4.11649124848
-8.4206036942
-2.56886179212
4.78631136638
1.5858318038
-4.32832510207
-1.56982505421
-6.13132202935
-0.474771260058
-4.7695363359
8.35731959138
-8.20253347673
0.0706274078775
5.70116190944
5.92959556733
-8.62176395562
1.39293443886
-5.37682227934
-1.90405867834
-7.25333093134
8.28868664535
-8.96754565327
6.65139088949
0.439431540342
8.6682681684
-6.72655316702
7.80121170962
-4.50274791602
-1.44458507798
-2.77913333788
-1.2942519475
-2.58867773046
-3.3706421277
3.31254600982
1.67017476258
-1.40672898034
6.88037716722
1.28907284767
6.82074094524
-0.221524108207
6.19737420334
-6.42241952387
3.93107510425
2.43601887197
-5.36043754144
-3.79934274801
-1.48854694392
7.60673744695
0.261716003373
-0.54156183594
-2.69771535183
-1.78273719764
5.94281810673
-5.00520756431
-7.39494135039
6.8556545188
0.773232644468
-3.09405726937
0.647697160321
-2.87387356983
-8.82588166263
0.536987547097
9.61239542776
8.15911778278
3.37525014548
-1.24036364784
3.63435394082
-0.991284829752
-6.75782680836
2.95406959833
-2.34994577096
-8.84751506773
-5.72984768659
0.871036626522
11.3116430189
11.983741229
0.176797455744
-0.989167801807
5.25252110657
6.2352966625
3.42583092782
-15.8378350673
-4.29821085443
1.90003656565
-0.84755518144
-10.6510668919
6.95107997464
5.10804953348
3.81996096014
12.5245739829
8.63049238386
2.43983449733
13.8630226054
-18.2006844528
-2.48031368173
10.3204336886
-1.47620666436
-15.2682757381
-3.0084319583
-10.2960585515
-1.19256011765
13.9272425111
5.88136990527
-5.77680549528
9.63983987687
-0.537800034508
0.0132369370227
15.4862549595
15.3367200549
-12.6965586271
-2.25912883986
12.1909307948
1.75046461293
-9.45067215948
0.620968709688
6.90805083245
13.0322673825
14.0327315208
-27.7363749779
9.51114533957
43.4585406275
2.56314104596
-32.6243056846
2.16647321212
10.0795796256
-5.57954909328
-0.31049908972
26.9576183505
10.0388978577
-23.2652217302
15.3153390616
18.2719270282
6.63534322512
-0.607389658797
-8.18019276593
29.3968230874
17.7801698602
-33.5977159472
-26.814181112
14.6076710339
16.5656974977
19.8604741846
-10.7456300444
7.08940898892
-25.0780811134
4.00877885971
-5.08701063615
-14.2029279731
-9.62768461619
27.4264871611
-13.0919707482
-17.5102872983
-10.7977952425
-23.9519017453
-15.8704786745
54.9309614234
-33.0836598957
-16.8227517759
42.9163915898
22.7776453294
16.5624135069
-75.8205720721
9.76117100024
23.546971887
-24.2670520193
52.5131745225
13.0801398391
-18.7165170023
-21.6146101829
27.0527456998
67.5763469195
38.1557000332
-29.4564214213
-45.1944108935
-14.6684362606
92.5334379127
-12.6858953114
-65.5996243507
24.0512931263
16.1254641591
21.6254641084
41.8294179748
-56.4485621156
-37.5057550466
69.3800452808
36.8823153497
-40.8727195622
4.76754964099
-34.841089558
-5.22278981268
63.6355654713
-34.9346649794
-5.06981833233
43.7883337688
-29.370335666
35.9802665852
-48.3637512332
-55.7763786134
33.8483655953
-14.4552752448
26.337387385
11.8729644643
-8.62561647045
-33.0261158087
-13.3356335842
65.3373265878
-4.83776818412
0.92050722246
-53.9359682752
-3.94312658892
-9.51766615433
1.20373560159
-6.16678202519
-26.6620068373
25.0773450884
-25.7503844168
-23.8408842385
56.4942323042
-25.0172948737
-24.8048602963
-21.4703147983
-7.01476542249
27.6737038699
50.3148664242
-31.5921002512
-62.2167528781
-15.0729664965
78.0640203696
18.474836205
-59.6962027123
22.4276561425
25.5221202583
-4.44525241446
-21.6303030279
-49.0765515048
2.76298269161
21.3713781518
-11.582245195
40.7156977964
11.3777934955
-31.7143162569
20.3480235868
-51.2950598965
-21.8988480991
77.0888809444
-48.4892689989
19.384063095
10.7673379273
-9.43500098431
28.9291232954
22.8737996927
1.90306117849
50.8335309805
-1.6962939942
-27.932237142
45.5812712852
-61.3953780521
53.572293052
-20.7070614443
-43.9616685432
4.073698721
11.2254719384
-22.1478979419
68.6935315849
-2.49710037021
19.5246691043
-9.88038328083
29.8169951118
-21.436976296
-10.4224361125
41.2462770851
36.1360435426
-18.3599845969
5.17307698186
21.9834655706
-14.2108710394
4.42988163622
18.3744214966
-43.2936151248
34.5478898421
22.9283530224
4.64361567615
-34.9808695289
4.35366287267
-9.78166132632
37.2198188755
-37.8710874423
22.6581551021
-27.6771057196
36.8884311275
-17.6626368074
-9.76945784689
36.0377737131
-59.7638178494
65.1629686009
-15.1531768369
55.3270491961
-3.828223566
-7.23038240407
48.5595985165
8.74388866381
-44.4335621446
-25.6630461423
40.4533368088
-12.9098722988
33.228575543
-49.4102003833
-39.4812411635
75.3115881107
-76.3079103633
60.1991393946
-7.83376683073
0.784119097225
69.3465328049
-97.18940245
116.151732209
-77.6849833963
78.4827836341
-6.55604868476
-23.0420724553
17.3679519371
5.97039651869
-50.5235899504
24.5556379454
12.8447615021
8.08992763243
-46.2403721319
70.5756489615
-50.5063003527
26.1328401984
-26.6551255186
12.484062206
16.7337467428
51.585134056
-12.4391895712
-49.5016082564
105.456450707
-72.6272115807
119.286595992
-173.277095277
121.624489843
-1.91570873818
46.0322840293
-47.0267175629
34.366034167
-42.8653961081
132.842257717
-152.201831488
79.9816568053
7.93295599814
-8.70343420884
90.0139284737
-72.945130512
49.3606456036
28.173979678
38.8382394691
-7.73261864523
49.1328051233
-58.7116547668
74.1261043662
-10.5916419862
96.4842326229
-130.547061037
52.7522424152
36.7031265568
44.4734466134
-99.3955976477
133.813148921
-65.9422617457
102.301705833
-110.252415205
86.3382920976
-60.0748611815
58.8770730445
-36.5301167169
-4.6737973227
0.755916903911
123.316517703
-206.443144392
125.218482331
-148.484333514
128.051805718
3.46678398631
-102.829712605
60.3154169602
7.74545735363
-57.5598272672
101.864230178
-130.828724495
17.9628758685
32.4900747885
62.5565221609
-55.6323297585
-124.566661571
159.207755685
-75.0056457567
102.427824179
-198.677097548
195.92700351
-212.306188992
267.682158543
-253.992244126
199.423173061
-237.815150256
332.233261062
-349.317074259
259.640505697
-273.421119835
282.046090821
-152.40204853
22.3391731298
-8.78134311247
83.2323104849
-164.778285369
170.152000648
-225.054736495
246.805509172
-294.478741687
377.206108657
-298.397057162
176.603194822
-148.257770255
251.314912177
-195.789126354
14.6443924908
-14.709722391
-34.5381407186
73.3042447939
-34.976673746
14.5414412298
-32.9276879261
37.8512041193
-53.1828063585
-59.0759794774
17.4740358722
18.8462823461
75.2709243396
-208.284238261
246.485236013
-213.837897594
101.750217287
-133.584469767
197.768227198
-256.568315807
227.497055265
-118.122834034
125.406205443
-202.657262936
111.110281103
-85.0697934747
197.470014406
-343.174597243
349.981588893
-265.378741085
176.492994041
-147.050965331
60.207256092
-65.1916779444
-11.9366622804
16.8638457964
60.713290612
-117.100791827
20.7304674188
59.0827249237
-108.320971725
165.420819391
-270.943235249
217.489998108
-236.269096574
199.801634026
-110.952481955
93.2208844643
-175.682862161
149.786706988
-149.278350365
216.032961987
-201.23806363
19.0801260252
70.7852483881
-91.4281451799
95.6767130282
-256.111482476
329.560731599
-256.640244622
251.546474702
-282.47844526
279.728617508
-301.749834031
225.734624424
-223.331906357
134.52175389
-153.673073978
203.372015553
-188.686561893
201.806339919
-179.695600445
50.8449992776
-8.29073534293
18.3717715509
-67.4974911219
32.7193674553
-85.3940712412
197.79636986
-237.55249139
218.036294723
-206.744212206
129.006551428
-72.9922164078
6.36215058495
-9.03615691681
-52.0153671788
147.853700983
-100.606217828
62.2482384998
-141.762549312
134.076233441
-148.776233406
146.921350176
-115.368893767
18.3944369468
10.9952750504
2.19481539927
17.9251160482
-151.744441951
129.744474023
-135.246009427
228.602106734
-303.174987949
194.679929532
-198.138704511
208.479542889
-229.768212694
210.16522528
-150.777679619
164.501959111
-65.8926538135
40.1654893338
-147.214258629
78.7177932771
-33.1013572594
-18.2981451527
16.8611964203
-91.111538803
59.5893631095
-53.412258103
133.114532916
-223.825842792
108.189461146
22.8050279906
20.0912356947
-128.810796009
149.614053548
-126.320664691
148.990482485
-171.119074932
117.870857996
-173.119193602
231.59518927
-252.350560578
184.959977049
-105.193473148
112.191555165
-162.283319068
151.274145417
-186.71717656
122.531915611
-53.8915171635
-5.41372010276
-80.6207795779
137.632293742
-72.4664165787
63.1492475088
-140.988547962
92.9847946895
-65.1080984517
125.7835853
-212.74036596
170.390569119
-107.356413926
137.734187604
-202.731451167
123.580446752
-156.969358475
172.236435414
-67.8765936645
64.7889757481
-76.3405319612
61.2237396789
-20.604024684
-22.8669969739
5.11523954145
11.8291906925
1.57657744634
56.4358742596
-19.0042819836
-66.9018616313
70.9033332083
-76.1785732438
61.4484432124
-59.7102292963
59.3518892668
-35.2339406743
44.6314504925
-30.1944081139
-45.2990315236
99.5052195749
-62.0924582419
1.03309802606
-10.9744162757
70.7943212787
-72.4847661931
-6.16079667868
18.7465692453
20.4192020754
7.81845369867
35.3701958828
-73.2783099283
52.6432069511
-3.94911628605
63.1435916298
-68.7136269956
17.7958484182
-12.5181761067
43.8746850061
24.6944294301
4.80579187136
-73.2863309273
92.4588443666
-26.5139915594
-9.35547157493
-29.8939150709
55.7199436676
13.7525569056
-46.5478500119
37.2630009571
-83.4035728479
113.569837913
-102.077243077
99.273511842
-90.5767823882
34.2241355994
-7.72264850005
8.01208907256
-38.8074606347
63.4964758921
-66.3992641076
81.5496393034
-120.732579173
140.029626255
-120.746610735
95.7776737058
-36.0155463365
1.98536456032
30.966251407
-50.7457340432
26.4663083994
-68.0097462371
116.514540811
-73.1977567438
14.6788512159
45.3580293831
-84.0942749517
119.138517812
-126.955209162
103.496046524
-108.057208495
107.977636812
-112.655288875
52.9127213308
-25.0428182539
30.7779297641
-26.2510675499
-22.2744273645
35.2885046264
-53.4560054968
51.8776618865
-88.2864145368
71.9398088211
-27.2487078887
31.795585798
3.53587989433
-28.6838946857
42.3528321512
-73.2764968324
93.8325977989
-136.37586087
114.670939652
-51.506394047
-11.273281048
41.1848670718
-78.0347111127
76.9023960839
-32.9959790922
17.8120079191
19.0289798222
-6.72232193299
0.100085895814
4.85053572519
-39.6446002367
29.5999827006
-13.4899903056
52.7682225319
-79.7321298142
47.5108199992
-71.7888458646
76.3432770873
-80.6793460288
98.1714182312
-126.151924634
160.02402404
-180.015224839
161.858141705
-145.798756671
101.733054968
-58.3223752135
12.8169677729
-26.9508119282
36.8629366701
-24.875332975
1.93005894214
-2.64075829889
-17.2377206743
48.3238432197
-81.3263371532
81.2467314078
-76.7243676023
95.3422451973
-66.4749865294
70.7492986419
-51.2496259875
27.7399912178
10.2638031991
-49.0332332828
17.4572143089
-12.9117101435
67.9773512745
-100.561251796
99.9761081111
-112.270764973
108.374662553
-94.7428695433
78.9498236206
-82.1878766722
94.8736776907
-24.8870100804
-15.2417635955
42.4515388655
-36.3146164684
56.8935661846
-11.8824385213
-44.4888102796
79.6403102188
-117.510058933
181.510702623
-174.993005366
143.988917523
-78.0818751636
48.2318072723
-30.2626223764
-1.79350310526
-13.7421488683
41.0282189209
-9.74957323371
19.9035626208
-59.9003134529
89.4073325408
-44.9925548004
33.34736795
-38.2008741023
3.02875767509
36.4294859451
-14.137385818
29.4419598676
-16.4927844217
-33.3022657135
104.790986262
-115.730043737
65.6484089663
-37.2204680485
24.0986283777
-4.27179336039
37.1208036378
-80.0279290158
91.0877465388
-77.4256893232
116.586334753
-168.591565477
176.264805566
-191.608921376
144.475348568
-137.006937244
124.556334586
-154.262891266
169.947958037
-92.2663372252
63.1075080711
-56.5335574924
86.2854206437
-112.118689477
133.934216973
-177.399716556
148.660972688
-110.402575178
144.230398822
-174.037374399
185.276282719
-128.286843129
62.8533334151
-60.267227559
50.4049959244
-20.9599657224
38.3706297082
6.78619786278
-59.6131920384
53.2651081994
-39.0137738931
35.8624013899
5.73446012276
1.40026470692
28.9186193521
-11.7982691947
36.3423256101
-13.746513982
-4.36521671801
47.032011375
13.4987892152
19.1905191883
-46.2479749487
100.762118743
-122.409496746
178.584854869
-174.471940104
147.443082201
-127.33649538
182.763071769
-214.604099584
230.819160307
-218.004307746
232.491923396
-155.927312354
110.303474238
6.09486600452
-71.6087654084
198.218358278
-258.829646385
239.780974272
-262.989025963
322.912266424
-245.838588824
194.784938411
-140.533007138
52.0662881309
4.20861826725
-63.4934590678
162.464164578
-262.355336938
288.291638088
-254.673848949
194.438340453
-201.591386211
243.298862021
-265.735670908
220.543422859
-178.528450478
174.199933723
-136.94267475
120.786914934
-55.3974558812
-74.3455538937
191.620064273
-235.283368371
280.474397148
-248.840076236
201.504508625
-185.583088879
143.423255266
-40.82081122
-50.0506175606
68.4584649232
-40.0402054733
99.2440680057
-137.095149336
139.655799937
-88.7208815238
77.3412683083
-98.6146893285
157.91738659
-151.787033769
154.065396572
-159.755798706
184.308229612
-148.5811891
140.033793203
-126.482510031
86.2376057406
-15.5149503147
-20.3184259023
48.4880865182
-42.7307030054
60.2302950311
-102.518632008
180.877980891
-162.448325446
100.263805275
-12.3079214386
-13.6109542373
64.318700729
-102.936611354
123.202456101
-132.56672957
98.1129221096
10.6321990042
-21.8668589084
-30.3701774022
78.7511543365
-104.662425722
166.773123486
-198.778340844
164.882027517
-67.0936507326
-19.1043821343
132.29079856
-205.47063066
269.729780468
-252.417435821
221.076122601
-121.38907969
-15.3335342991
164.519835265
-204.416163296
257.670314961
-269.430214698
263.011457067
-182.999903324
90.9247357696
-24.1147030177
20.7359839779
37.4902715222
-42.1093604837
22.825732882
6.87241532151
-30.0359193336
87.7673971805
-121.732515986
142.936763841
-111.226345953
70.5693415042
-52.3812626144
47.6485603119
-48.5161556985
84.6600890696
-93.4886200074
114.32031382
-117.89052332
94.5581049286
-49.4318604172
-28.3135203338
34.4921967915
-48.5219525512
36.1127140868
24.6178682516
-83.7695467515
114.560946674
-150.605844158
145.085412054
-119.160269986
69.5341846293
-13.8439916646
-73.7075215902
108.077945684
-91.4744240663
100.749592312
-60.771181412
14.6455446033
18.7929588524
5.32096753307
-49.0426399394
87.8179542476
-152.986245716
174.259591596
-191.684855253
172.025446642
-177.478831846
153.82229012
-72.6051683613
28.4319982786
-17.313785626
29.3509850985
-13.7821540071
-33.4578493417
50.4073278336
-14.3549993907
-45.0031379729
70.349519086
-110.913312933
71.3745298755
-53.3205683686
91.2639987079
-103.790721708
87.6963175137
-44.8861703072
47.0467126544
-75.2268512885
18.591860279
-37.7600676736
16.4170849502
-1.23683098073
48.6883874548
-120.659522238
130.071903519
-78.9537066752
87.3905035756
-87.5335768495
39.5156491225
-30.2173897761
51.303913792
-83.7431840047
54.6248025306
-103.943916767
156.655325809
-119.217078315
127.884033589
-141.789506247
114.284684256
-83.1562299242
46.9175105396
4.40133568054
-87.9820872729
109.731348242
-56.8905252989
-3.21471180692
10.8961297836
-67.7525974338
88.5576905472
-57.1786249467
-7.0246058464
-42.6295683569
44.8910956017
-71.527208638
140.146173578
-200.85987626
199.696936874
-241.050787268
254.475446719
-300.795291996
240.510089864
-153.702942278
68.3475243412
55.3325682703
-163.820517402
137.800644221
-150.086598766
147.170041819
-143.340493424
102.131773538
-124.16889237
129.911449597
-69.8557078593
44.0261821806
-96.5109352429
95.3180377607
-103.050338203
126.28135678
-87.4584308342
-28.380292681
102.122958107
-87.0962819344
109.281584899
-132.754741406
150.793239336
-85.439487665
114.531313301
-68.8839457101
-58.8189780667
72.6714489243
-76.6235553553
113.875819586
-162.870563938
204.290672331
-243.993478851
342.375463312
-330.539271941
274.425051451
-278.330363508
320.635286198
-322.22404321
346.468121192
-345.059850313
237.57130322
-157.21121001
161.323472818
-133.618093266
147.83581483
-188.20154594
182.544141898
-188.247985248
213.756723629
-276.689390182
308.45145761
-336.334808219
311.394196629
-308.066179264
306.282222406
-303.834031741
308.412810461
-343.361135737
299.895473376
-229.909360699
124.10320721
12.554567898
-54.8696200055
85.0387372929
-65.5249868472
105.498628147
-181.101353101
156.659914905
-89.5158658692
0.0109022147109
63.871999854
-79.0023862953
56.4121757074
-95.9569502899
107.208134711
-82.3179279364
38.612183455
0.473641512205
45.3908718899
-3.19840052001
7.24808602136
23.5983571885
-26.9395760944
-14.5810462297
13.9123317659
69.1081417449
-35.0283355698
-17.9431701523
80.5265341815
-32.1614035135
-36.3459846727
106.320133194
-107.594573772
102.127451142
-104.926015844
41.4244314391
-22.954797176
66.1184101823
-135.631305389
113.485563634
-135.571933821
172.666230056
-204.835487107
197.945137555
-246.455085987
192.197411404
-109.114227899
63.0817743749
-72.5966129508
-1.68806671066
78.6826685374
-88.45155273
41.022363742
11.3814109545
27.9776112876
4.28335458157
-35.1637710227
-2.5975542631
73.5857065954
-74.706148199
65.8796368709
-66.621102161
97.4731969664
-25.808150687
13.2599325925
72.30376135
-110.744306199
171.812177461
-151.187662472
80.3914891827
-93.3949410975
115.459522928
-23.9957972778
-41.4702908498
7.39848626026
5.84833125034
-1.20930454994
-33.1632740744
138.14698495
-236.428507312
278.252565564
-249.807806222
226.82266862
-175.328441653
165.102763583
-193.628099502
227.593891716
-155.131653587
2.39201162921
93.2458377042
-202.335290962
212.210091357
-149.653570141
169.993185458
-154.168326787
182.895823595
-267.272803984
288.493944059
-239.9930069
111.220399954
-54.1565934195
53.1265430071
-100.95416362
98.979968695
-128.396011802
56.8208781392
-13.8916165631
20.6832790364
22.242905491
-50.093413226
69.3627124234
-96.6499887388
37.5531790695
-71.9102133206
154.375067665
-229.435773653
269.022087583
-194.473772656
98.0520933936
-10.4259247648
-19.6759614605
121.56710977
-117.844044191
184.381467202
-162.275385979
92.8035116213
-135.565873764
159.094363592
-174.43071099
217.828369064
-254.993476494
190.35712212
-69.5254151641
11.750017569
-42.9370054735
103.282998328
-168.281964549
253.518190498
-275.214388368
172.119664087
-134.910269603
104.396575689
-13.1649510451
-22.9895612849
41.7302265231
-8.96459775407
18.312281041
14.4452714917
-36.7911586794
89.7362545334
-130.158058009
224.085145831
-220.907328471
244.926556907
-243.062865281
251.153406419
-268.064161287
210.421576412
-89.3851308236
61.8923656125
-72.8430566963
97.607441681
-127.954501646
85.0830601104
29.2042496855
-87.3713802294
191.387951348
-216.179813493
226.535333155
-206.744571446
119.03148064
9.15241701188
-127.010304738
186.105177447
-126.870164092
86.513465126
-92.403844102
97.2816350534
-32.9599056529
-2.69504377403
-16.1720860021
51.6305468069
-8.62039396255
3.56445386739
29.2778571255
-110.441948487
204.743823332
-155.836392729
158.478043082
-224.085190308
196.488846874
-191.023016755
181.542395584
-119.305456138
56.4469060231
-14.5922175649
14.8531540296
11.4242320364
-49.7747961456
32.3036961057
46.6967678829
-39.140713115
2.41996013694
-53.3107443535
53.7932650544
-48.4118764638
19.8744930471
-69.0191542296
83.0498855566
-44.3027019716
4.10339079065
56.8856830266
-174.439400307
158.262501077
-152.768065697
99.1201603215
-93.820977016
51.1490785105
-56.9836932801
27.1663057976
-81.8953856961
115.046888498
-122.53621035
156.998004175
-166.201938146
125.249059577
-132.060270762
101.214992357
-44.2691878249
-52.6309679469
54.6696113803
-35.9137096418
-24.1274893082
53.5545548863
-82.8753181495
101.078704907
-127.754986137
101.290169962
-99.123110656
94.3525031973
-116.337803748
152.74754648
-125.54796332
147.716488706
-105.324900483
60.244637253
-34.6778769447
72.0521242581
-50.7912843455
-5.23645141298
61.9755534319
-53.8250219007
5.56612613843
-3.35189706653
17.9994309029
18.664718009
-18.4518408551
3.73208162456
45.0302851825
-66.4334242795
98.5428228305
-144.726657685
141.69850714
-64.511391879
-26.2348283289
93.7659376319
-169.819539728
205.976879187
-254.406442046
236.138204607
-228.290441889
148.680273242
-112.705574504
18.8336825554
56.0158481253
-156.208011668
187.288446939
-213.279809457
180.205131328
-171.399478424
172.819477694
-125.982196039
97.2254265226
-121.797249536
55.8703527345
-65.3852181512
15.5364705421
63.9066008459
-132.862235618
189.4188335
-195.203068113
126.589192138
-32.8420921396
-100.830269097
139.248776162
-155.903430853
104.234216319
-121.907425636
116.033192379
-142.370974288
124.619136424
-114.633205019
71.578482201
-113.020492807
177.71432068
-228.258090329
203.294935371
-207.580199532
98.720876349
-22.9129903373
-100.417425672
199.947970692
-314.015331879
347.697125769
-305.372663334
269.288776736
-291.539000221
190.72097927
-182.628053943
145.461193356
-102.628519263
-40.3170528819
101.076167253
-242.001144222
273.797411685
-325.784341418
340.137161102
-321.455579286
295.558598589
-293.428556058
271.467582307
-203.160636171
178.451923551
-202.639829869
217.769062942
-223.682314301
160.256170555
-61.5552840701
4.78854020944
111.567776975
-125.56899195
126.775476161
-187.883040826
180.419992342
-111.990441488
21.4577813381
9.51657718208
-26.7126494369
17.443873592
27.2194426676
-70.4536741142
-25.29040823
102.954276287
-100.673811484
37.1217190122
-84.4200387888
37.055844468
27.9362679216
-130.837188822
125.956585566
-197.642879438
125.233347273
-23.6054329625
-46.5855812132
-60.4639987332
112.433391882
-124.065502507
146.34260157
-137.774541066
-12.1315061066
58.1293965033
-96.0577827183
167.352830201
-210.500700499
125.522970485
-17.7299919542
-41.8486491102
36.9108462551
-99.6462808191
50.6272311915
48.2694928644
-83.0137592771
48.1226426008
-73.7722951634
82.4598199879
-4.41045839348
-24.8531532325
-46.9935000613
38.2321518779
6.72597224882
-7.40636944421
-52.4615991404
40.6456054621
6.2903197615
-42.5960329184
91.2802202341
-148.645096902
79.2910256908
3.65586821206
-22.0572456772
21.953762936
-64.2321420194
18.7311291775
-23.1052185162
-5.80931490369
-0.225025563323
1.64019960689
21.7150819694
-66.1540923173
49.5692281994
-42.4300788003
44.7057888685
-5.8725501571
-60.9400426811
127.468472756
-208.513320642
311.257515021
-297.707064126
234.810106097
-242.341420975
203.380774973
-158.739180928
171.841829465
-179.439374825
154.519748215
-159.463090328
167.386258303
-92.2607515784
61.1183010205
-1.79484409397
-14.8768033772
77.8413284787
-40.0097056059
-31.0220914545
39.9484110837
13.9523355169
-2.10929102714
-5.22510936451
-8.73310852794
32.0595435132
20.6889721351
-48.9520884423
55.331974964
-107.819633189
107.089790397
-37.4584382137
-11.4153782496
-20.7626819006
60.5087783372
-43.1161881436
106.053805449
-144.684298066
84.5424479755
-39.5711027904
71.607141973
-79.1776704577
70.8815337822
-132.253182747
227.21781695
-173.086436503
126.985243143
-155.309816834
99.1745900445
-44.0233460305
49.7459561728
-42.664977881
-34.4374154569
71.3817781549
-40.7302140123
57.061445497
-53.6596847853
-4.72658811145
32.4602955651
17.1400034239
-27.783275487
-3.39683023965
16.9005150279
-54.2758475589
107.421247121
-95.9098313613
106.825819545
-148.220207383
195.940368336
-155.693729127
79.3817819556
-82.9966082372
66.0698090791
-63.6337874453
28.0665715686
-26.5994052854
-8.27541799354
8.96311932376
-14.1501099826
51.4731322147
-91.939492293
90.7691807962
-34.2296072669
-39.9478215957
49.7984978779
-122.005383723
102.648302163
-82.104005428
114.418159548
-182.326024484
154.415484692
-185.521173549
214.247429458
-219.389895653
203.671998652
-261.067991358
270.473045743
-280.960747291
226.533961306
-161.607298942
72.3601794691
-1.92498494545
-25.072348731
50.419702502
-55.496569315
72.1861482484
-44.5868793969
61.4862071277
-44.469688389
-9.22518520525
37.1833016165
-42.0461295656
23.4086251137
-13.7453580626
9.98009913719
-40.8672117896
103.293906408
-93.4533307848
32.5792723389
35.7564001103
-37.1589717759
89.5347519734
-96.7582910846
62.000461629
-35.9697285431
79.3082510445
-56.2754116397
-3.37735282296
47.32703046
-80.2563593134
98.2066756876
-60.346343511
64.8249341422
-46.2295385552
26.8276471584
-30.8039958335
0.159404091593
-11.1601813581
31.3766905796
-44.7513165998
28.6540309291
13.8815891348
-15.8813867527
49.5627691749
-73.6721303151
56.1601023695
-24.4251912991
35.373683504
-15.0514191211
-16.8916367224
37.0347810837
-44.149858056
47.6925717413
-20.5139480813
-1.06925648858
36.3731839485
-50.575602486
76.8815434274
-72.7338116621
40.3293705649
-10.8145674791
-19.647474204
27.9207642982
-14.0390962415
3.00472885189
-14.9227497207
8.0433491681
-10.8987775251
25.6365620363
6.73295166256
-35.0193653187
87.3680964077
-152.364820475
185.550742251
-165.460201145
126.888996516
-100.516569101
65.9952493262
-38.7249286308
-4.61482028938
60.5780412152
-72.6926071522
67.7483745579
-88.9528090241
131.615361412
-155.455349924
162.175853778
-102.982389236
47.1770159365
33.0156940384
-94.1189530398
115.453280492
-132.835843365
194.416108896
-210.281596975
207.126461563
-223.968502736
174.410399429
-94.8383060064
5.34059032926
33.2346046655
-47.1513770244
62.5777189626
-28.3440183744
43.4558540793
-90.2899188919
89.4672413907
-53.6704422318
-2.18979003524
99.8246107072
-203.344511304
221.408151975
-192.686314934
146.582456665
-164.661087073
188.928613336
-241.497207242
313.034478367
-276.65637894
182.689502755
-178.905517334
148.165962718
-164.621348655
170.266409533
-210.362227063
137.969560902
-109.873484733
121.38581155
-159.954484134
188.204846815
-233.794520857
270.184216639
-272.998156788
316.175208503
-409.853265235
379.308630297
-402.92273081
430.70386036
-478.762607464
458.556055804
-469.513403059
398.45777667
-307.64673151
244.557714367
-196.334675492
130.337974702
-70.8156043251
-28.9116157033
77.191956079
-119.19725592
108.750756113
-133.462735891
176.681261465
-216.250035413
201.159627552
-125.750083271
79.3135117565
-79.2778989046
56.561058193
-91.8197592141
122.805427746
-83.6102163738
61.7679476819
-57.8672898141
7.21527222054
65.7121125962
-60.2589496231
10.7951842408
41.3890737797
-42.5630274466
52.1976634658
-34.4095845243
56.8982151997
-91.6848437425
138.275154088
-112.710638567
63.8026538784
-67.3258083537
53.0672698186
-42.4564050963
31.4536932028
-46.1632400632
76.8328539209
-86.7555787331
86.3731648113
-54.630882702
59.108228998
-62.6351051993
100.943311233
-69.6895280597
37.645663413
28.097419309
-71.2831294851
69.0410923658
-86.399676611
132.968480191
-198.214916262
206.774870219
-183.610463232
123.594877979
-97.4206333983
41.652549062
-16.3410852473
-46.553953499
88.6720253298
-112.639251586
115.624608298
-100.057898617
82.4474867613
-84.8938716201
53.646924333
9.87187644062
-32.2872458039
64.8080857826
-112.499403301
140.457604399
-123.563822882
101.369214787
-97.1627794549
64.2143037786
-84.5542496603
92.8443616542
-113.220681167
103.970237355
-67.1203685571
1.74435692852
14.149797596
6.993963365
-40.8748155687
65.457533048
-128.192191349
142.470092276
-145.858524615
167.339929714
-177.050858015
176.956786607
-121.720049471
91.1861407693
-26.409627165
-37.3590448958
90.4775596118
-156.934842863
206.4862477
-222.093489488
189.710140791
-173.345736019
186.426952589
-172.764668132
135.423703392
-128.034526003
127.869338373
-80.1521279795
14.1612124592
-18.3075589617
-2.42078209346
13.3571704988
12.3159654249
-78.4883415215
68.044008133
-109.497142721
121.259869529
-175.139217471
198.244744861
-229.072276578
240.649706216
-190.016999994
147.607706324
-96.3678155938
25.0590906344
-5.04487507733
22.0511433132
-48.7152629842
79.4146624432
-64.3330066252
106.826360844
-154.319467618
214.860537127
-263.832776009
259.159287137
-289.063856761
311.470306071
-268.015447668
225.115970272
-162.852573127
159.598986834
-82.5605067812
62.743021312
-10.0875972624
31.2690705317
-12.1591600837
24.6110025794
-49.690031798
118.098434279
-98.8806174015
79.5112317534
-110.847774506
125.294660502
-131.817467887
129.419591419
-124.888925774
116.156940931
-65.5667665173
69.5138008901
-79.0700837024
102.199469478
-69.4552403156
55.4341919914
-4.46444069687
-30.3219765524
84.6467972741
-134.780298035
123.811902498
-154.251183428
126.883493559
-68.9696314535
-0.540723624697
64.8543894676
-63.9527844194
90.5685360445
-79.7849449581
89.7721930292
-40.3493812885
26.6290514935
-23.8884144938
2.77295255456
6.82462619784
-45.6581221393
27.065688589
-55.530402213
70.2273840143
-52.5519099535
74.0689039825
-86.7033656358
108.417111284
-111.441192989
87.65946148
-72.5267634631
32.6410197078
-5.61769993073
3.83877829536
37.9369310036
-52.6473545954
71.6857467731
-91.7903515266
95.4299723812
-111.619132616
129.718608458
-125.489890305
115.128315027
-119.304900208
141.957027175
-132.29559323
103.068919175
-94.3373720053
91.398515254
-58.435561731
40.9092249695
-29.194416128
18.4017243781
-0.735822902551
-3.64237052631
-0.588533485492
-3.56167670981
8.25342853335
3.57839419142
-7.85375237868
11.5409196382
-19.4942799929
27.4354816656
-27.5653308627
32.0119234143
-33.521493639
32.6460523667
-23.2030345396
22.1941349548
-16.4766073594
7.38716897489
1.45112154948
-2.19881671176
10.9138395944
-14.6120446492
17.0112232413
-14.5142185665
16.4296435344
-13.9269881487
8.78253240942
-4.50553630793
3.27157594976
3.39866613749
-6.97857271824
8.99134494531
-9.853511848
12.8144388905
-11.101034178
10.0620890363
-7.9887471063
7.0197126986
-2.07084232362
0.167044754803
2.3141545852
-4.27906375541
7.38019425262
-6.82152886227
7.94329508894
-7.49650846177
7.25728359991
-4.72181250406
4.05261003842
-2.08734162716
0.271831005641
1.91314556293
-2.31645594235
4.0889064564
-4.6153511826
4.98457011125
-4.35664268318
4.62614589728
-3.41497404636
2.64001875357
-1.39632304191
0.840396052013
0.764942120013
-1.33339292984
2.08549721526
-2.44183870438
3.07093715972
-2.70959584734
2.74464446957
-2.3355342325
1.99512199648
-1.11642216807
0.804538030565
-0.0696386536336
-0.453578635456
1.06672423663
-1.17422388352
1.63600763374
-1.66397805046
1.68021041228
-1.41919044996
1.40982059996
-0.949984941728
0.665484341959
-0.270011313449
0.0510058408377
0.42886373811
-0.574742775676
0.781975231869
-0.873307566506
1.01214146912
-0.862801681857
0.830040659281
-0.679133899697
0.533008060021
-0.253405283522
0.157147364585
0.0783175619114
-0.220764287376
0.395295379842
-0.398193455607
0.514213934315
-0.486734148786
0.471526477191
-0.374311676745
0.344942964062
-0.20782819778
0.116375167362
-0.00841235791179
-0.046552088191
0.158198546841
-0.184175161286
0.222769169636
-0.221236432494
0.240376982706
-0.186725010639
0.166621371649
-0.117027092003
0.083698930086
-0.0164428692191
0.00189629707753
0.0477737427086
-0.0620017012598
0.095782099129
-0.0820144851387
0.0997217059481
-0.0811426262436
0.0790035624805
-0.0377593793636
0.0495618200108
-0.00858541370564
0.0124704999493
0.0206982413449
-0.0107615994655
0.04045472462
-0.0279870115479
0.0142077813628
-0.028380649971
0.0152250651815
-0.0232561859435
0.00784177060774
-0.0155655071986
0.000351032647242
-0.00430013190512
-0.00408512530987
-0.00388086904438
-0.00368682559216
-0.00350248431255
-0.00332736009692
-0.00316099209207
-0.00300294248747
-0.0028527953631
-0.00271015559494
-0.0025746478152
-0.00244591542444
-0.00232361965321
-0.00220743867055
-0.00209706673703
-0.00199221340017
-0.00189260273017
-0.00179797259366
-0.00170807396397
-0.00162267026578
-0.00154153675249
-0.00146445991486
-0.00139123691912
-0.00132167507316
-0.00125559131951
-0.00119281175353
-0.00113317116585
-0.00107651260756
-0.00102268697718
-0.000971552628324
-0.000922974996908
-0.000876826247062
-0.000832984934709
-0.000791335687974
-0.000751768903575
-0.000714180458396
-0.000678471435476
-0.000644547863703
-0.000612320470517
-0.000581704446992
-0.000552619224642
-0.00052498826341
-0.000498738850239
-0.000473801907727
-0.000450111812341
-0.000427606221724
-0.000406225910638
-0.000385914615106
-0.000366618884351
-0.000348287940133
-0.000330873543126
-0.00031432986597
-0.000298613372672
-0.000283682704038
-0.000269498568836
-0.000256023640394
-0.000243222458375
-0.000231061335456
-0.000219508268683
-0.000208532855249
-0.000198106212486
-0.000188200901862
-0.000178790856769
-0.000169851313931
-0.000161358748234
-0.000153290810822
-0.000145626270281
-0.000138344956767
-0.000131427708929
-0.000124856323482
-0.000118613507308
-0.000112682831943
-0.000107048690346
-0.000101696255828
-9.6611443037e-05
-9.17808708851e-05
-8.71918273409e-05
-8.28322359738e-05
-7.86906241752e-05
-7.47560929664e-05
-7.10182883181e-05
-6.74673739022e-05
-6.40940052071e-05
-6.08893049467e-05
-5.78448396994e-05
-5.49525977144e-05
-5.22049678287e-05
-4.95947194373e-05
-4.71149834654e-05
-4.47592342921e-05
-4.25212725775e-05
-4.03952089486e-05
-3.83754485012e-05
-3.64566760761e-05
-3.46338422723e-05
-3.29021501587e-05
-3.12570426508e-05
-2.96941905182e-05
-2.82094809923e-05
-2.67990069427e-05
-2.54590565956e-05
-2.41861037658e-05
-2.29767985775e-05
-2.18279586486e-05
-2.07365607162e-05
-1.96997326804e-05
-1.87147460464e-05
-1.77790087441e-05
-1.68900583069e-05
-1.60455553915e-05
-1.52432776219e-05
-1.44811137408e-05
-1.37570580538e-05
-1.30692051511e-05
-1.24157448936e-05
-1.17949576489e-05
-1.12052097664e-05
-1.06449492781e-05
-1.01127018142e-05
-9.60706672349e-06
-9.12671338732e-06
-8.67037771795e-06
-8.23685883205e-06
-7.82501589045e-06
-7.43376509593e-06
-7.06207684113e-06
-6.70897299908e-06
-6.37352434912e-06
-6.05484813167e-06
-5.75210572508e-06
-5.46450043883e-06
-5.19127541689e-06
-4.93171164604e-06
-4.68512606374e-06
-4.45086976055e-06
-4.22832627253e-06
-4.0169099589e-06
-3.81606446095e-06
-3.62526123791e-06
-3.44399817601e-06
-3.27179826721e-06
-3.10820835385e-06
-2.95279793616e-06
-2.80515803935e-06
-2.66490013738e-06
-2.53165513051e-06
-2.40507237399e-06
-2.28481875529e-06
-2.17057781752e-06
-2.06204892665e-06
-1.95894648032e-06
-1.8609991563e-06
-1.76794919848e-06
-1.67955173856e-06
-1.59557415163e-06
-1.51579544405e-06
-1.44000567185e-06
-1.36800538826e-06
-1.29960511884e-06
-1.2346248629e-06
-1.17289361976e-06
-1.11424893877e-06
-1.05853649183e-06
-1.00560966724e-06
-9.55329183876e-07
-9.07562724682e-07
-8.62184588448e-07
-8.19075359026e-07
-7.78121591075e-07
-7.39215511521e-07
-7.02254735945e-07
-6.67141999148e-07
-6.3378489919e-07
-6.02095654231e-07
-5.71990871519e-07
-5.43391327943e-07
-5.16221761546e-07
-4.90410673469e-07
-4.65890139795e-07
-4.42595632806e-07
-4.20465851165e-07
-3.99442558607e-07
-3.79470430677e-07
-3.60496909143e-07
-3.42472063686e-07
-3.25348460501e-07
-3.09081037476e-07
-2.93626985603e-07
-2.78945636322e-07
-2.64998354506e-07
-2.51748436781e-07
-2.39161014942e-07
-2.27202964195e-07
-2.15842815985e-07
-2.05050675186e-07
-1.94798141427e-07
-1.85058234355e-07
-1.75805322637e-07
-1.67015056506e-07
-1.5866430368e-07
-1.50731088496e-07
-1.43194534071e-07
-1.36034807368e-07
-1.29233066999e-07
-1.2277141365e-07
-1.16632842967e-07
-1.10801200819e-07
-1.05261140778e-07
-9.99980837389e-08
-9.49981795519e-08
-9.02482705743e-08
-8.57358570456e-08
-8.14490641933e-08
-7.73766109837e-08
-7.35077804345e-08
-6.98323914128e-08
-6.63407718421e-08
-6.302373325e-08
-5.98725465875e-08
-5.68789192581e-08
-5.40349732952e-08
-5.13332246305e-08
-4.87665633989e-08
-4.6328235229e-08
-4.40118234675e-08
-4.18112322942e-08
-3.97206706795e-08
-3.77346371455e-08
-3.58479052882e-08
-3.40555100238e-08
-3.23527345226e-08
-3.07350977965e-08
-2.91983429067e-08
-2.77384257613e-08
-2.63515044733e-08
-2.50339292496e-08
-2.37822327871e-08
-2.25931211478e-08
-2.14634650904e-08
-2.03902918359e-08
-1.93707772441e-08
-1.84022383819e-08
-1.74821264628e-08
-1.66080201396e-08
-1.57776191326e-08
-1.4988738176e-08
-1.42393012672e-08
-1.35273362039e-08
-1.28509693937e-08
-1.2208420924e-08
-1.15979998778e-08
-1.10180998839e-08
-1.04671948897e-08
-9.94383514521e-09
-9.44664338795e-09
-8.97431121855e-09
-8.52559565762e-09
-8.09931587474e-09
-7.69435008101e-09
-7.30963257696e-09
-6.94415094811e-09
-6.5969434007e-09
-6.26709623067e-09
-5.95374141913e-09
-5.65605434818e-09
-5.37325163077e-09
-5.10458904923e-09
-4.84935959677e-09
-4.60689161693e-09
-4.37654703608e-09
-4.15771968428e-09
-3.94983370007e-09
-3.75234201506e-09
-3.56472491431e-09
-3.38648866859e-09
-3.21716423516e-09
-3.05630602341e-09
-2.90349072224e-09
-2.75831618612e-09
-2.62040037682e-09
-2.48938035798e-09
-2.36491134008e-09
-2.24666577307e-09
-2.13433248442e-09
-2.0276158602e-09
-1.92623506719e-09
-1.82992331383e-09
-1.73842714814e-09
-1.65150579073e-09
-1.56893050119e-09
-1.49048397614e-09
-1.41595977733e-09
-1.34516178846e-09
-1.27790369904e-09
-1.21400851409e-09
-1.15330808838e-09
-1.09564268396e-09
-1.04086054977e-09
-9.88817522277e-10
-9.39376646163e-10
-8.92407813855e-10
-8.47787423162e-10
-8.05398052004e-10
-7.65128149404e-10
-7.26871741934e-10
-6.90528154837e-10
-6.56001747095e-10
-6.2320165974e-10
-5.92041576753e-10
-5.62439497916e-10
-5.3431752302e-10
-5.07601646869e-10
-4.82221564525e-10
-4.58110486299e-10
-4.35204961984e-10
-4.13444713885e-10
-3.92772478191e-10
-3.73133854281e-10
-3.54477161567e-10
-3.36753303489e-10
-3.19915638314e-10
-3.03919856399e-10
-2.88723863579e-10
-2.742876704e-10
-2.6057328688e-10
-2.47544622536e-10
-2.35167391409e-10
-2.23409021839e-10
-2.12238570747e-10
-2.01626642209e-10
-1.91545310099e-10
-1.81968044594e-10
-1.72869642364e-10
-1.64226160246e-10
-1.56014852234e-10
-1.48214109622e-10
-1.40803404141e-10
-1.33763233934e-10
-1.27075072237e-10
-1.20721318625e-10
-1.14685252694e-10
-1.08950990059e-10
-1.03503440556e-10
-9.83282685286e-11
-9.34118551021e-11
-8.8741262347e-11
-8.43041992297e-11
-8.00889892682e-11
-7.60845398048e-11
-7.22803128145e-11
-6.86662971738e-11
-6.52329823151e-11
-6.19713331994e-11
-5.88727665394e-11
-5.59291282124e-11
-5.31326718018e-11
-5.04760382117e-11
-4.79522363011e-11
-4.55546244861e-11
-4.32768932618e-11
-4.11130485987e-11
-3.90573961687e-11
-3.71045263603e-11
-3.52493000423e-11
-3.34868350402e-11
-3.18124932882e-11
-3.02218686238e-11
-2.87107751926e-11
-2.72752364329e-11
-2.59114746113e-11
-2.46159008807e-11
-2.33851058367e-11
-2.22158505449e-11
-2.11050580176e-11
-2.00498051167e-11
-1.90473148609e-11
-1.80949491179e-11
-1.7190201662e-11
-1.63306915789e-11
-1.55141569999e-11
-1.47384491499e-11
-1.40015266924e-11
-1.33014503578e-11
-1.26363778399e-11
-1.20045589479e-11
-1.14043310005e-11
-1.08341144505e-11
-1.0292408728e-11
-9.77778829158e-12
-9.288898877e-12
-8.82445393315e-12
-8.38323123649e-12
-7.96406967467e-12
-7.56586619093e-12
-7.18757288139e-12
-6.82819423732e-12
-6.48678452545e-12
-6.16244529918e-12
-5.85432303422e-12
-5.56160688251e-12
-5.28352653838e-12
-5.01935021146e-12
-4.76838270089e-12
-4.52996356585e-12
-4.30346538755e-12
-4.08829211818e-12
-3.88387751227e-12
-3.68968363665e-12
-3.50519945482e-12
-3.32993948208e-12
-3.16344250798e-12
-3.00527038258e-12
-2.85500686345e-12
-2.71225652028e-12
-2.57664369426e-12
-2.44781150955e-12
-2.32542093407e-12
-2.20914988737e-12
-2.098692393e-12
-1.99375777335e-12
-1.89406988468e-12
-1.79936639045e-12
-1.70939807093e-12
-1.62392816738e-12
-1.54273175901e-12
-1.46559517106e-12
-1.39231541251e-12
-1.32269964188e-12
-1.25656465979e-12
-1.1937364268e-12
-1.13404960546e-12
-1.07734712519e-12
-1.02347976893e-12
-9.7230578048e-13
-9.23690491456e-13
-8.77505966883e-13
-8.33630668539e-13
-7.91949135112e-13
-7.52351678356e-13
-7.14734094438e-13
-6.78997389717e-13
-6.45047520231e-13
-6.12795144219e-13
-5.82155387008e-13
-5.53047617658e-13
-5.25395236775e-13
-4.99125474936e-13
-4.74169201189e-13
-4.5046074113e-13
-4.27937704073e-13
-4.0654081887e-13
-3.86213777926e-13
-3.6690308903e-13
-3.48557934578e-13
-3.31130037849e-13
-3.14573535957e-13
-2.98844859159e-13
-2.83902616201e-13
-2.69707485391e-13
-2.56222111122e-13
-2.43411005566e-13
-2.31240455287e-13
-2.19678432523e-13
-2.08694510897e-13
-1.98259785352e-13
-1.88346796084e-13
-1.7892945628e-13
-1.69982983466e-13
-1.61483834293e-13
-1.53409642578e-13
-1.45739160449e-13
-1.38452202427e-13
-1.31529592305e-13
-1.2495311269e-13
-1.18705457056e-13
-1.12770184203e-13
-1.07131674993e-13
-1.01775091243e-13
-9.66863366809e-14
-9.18520198469e-14
-8.72594188545e-14
-8.28964479118e-14
-7.87516255162e-14
-7.48140442404e-14
-7.10733420284e-14
-6.7519674927e-14
-6.41436911806e-14
-6.09365066216e-14
-5.78896812905e-14
-5.4995197226e-14
-5.22454373647e-14
-4.96331654965e-14
-4.71515072216e-14
-4.47939318606e-14
-4.25542352675e-14
-4.04265235041e-14
-3.84051973289e-14
-3.64849374625e-14
-3.46606905894e-14
-3.29276560599e-14
-3.12812732569e-14
-2.97172095941e-14
-2.82313491144e-14
-2.68197816586e-14
-2.54787925757e-14
-2.42048529469e-14
-2.29946102996e-14
-2.18448797846e-14
-2.07526357954e-14
-1.97150040056e-14
-1.87292538053e-14
-1.77927911151e-14
-1.69031515593e-14
-1.60579939813e-14
-1.52550942823e-14
-1.44923395682e-14
-1.37677225897e-14
-1.30793364603e-14
-1.24253696372e-14
-1.18041011554e-14
-1.12138960976e-14
-1.06532012927e-14
-1.01205412281e-14
-9.61451416669e-15
-9.13378845836e-15
-8.67709903544e-15
-8.24324408367e-15
-7.83108187948e-15
-7.43952778551e-15
-7.06755139623e-15
-6.71417382642e-15
-6.3784651351e-15
-6.05954187835e-15
-5.75656478443e-15
-5.46873654521e-15
-5.19529971795e-15
-4.93553473205e-15
-4.68875799545e-15
-4.45432009568e-15
-4.23160409089e-15
-4.02002388635e-15
-3.81902269203e-15
-3.62807155743e-15
-3.44666797956e-15
-3.27433458058e-15
-3.11061785155e-15
-2.95508695897e-15
-2.80733261102e-15
-2.66696598047e-15
-2.53361768145e-15
-2.40693679738e-15
-2.28658995751e-15
-2.17226045963e-15
-2.06364743665e-15
-1.96046506482e-15
-1.86244181158e-15
-1.769319721e-15
-1.68085373495e-15
-1.5968110482e-15
-1.51697049579e-15
-1.441121971e-15
-1.36906587245e-15
-1.30061257883e-15
-1.23558194989e-15
-1.17380285239e-15
-1.11511270977e-15
-1.05935707428e-15
-1.00638922057e-15
-9.56069759542e-16
-9.08266271565e-16
-8.62852957987e-16
-8.19710310087e-16
-7.78724794583e-16
-7.39788554854e-16
-7.02799127111e-16
-6.67659170756e-16
-6.34276212218e-16
-6.02562401607e-16
-5.72434281527e-16
-5.4381256745e-16
-5.16621939078e-16
-4.90790842124e-16
-4.66251300018e-16
-4.42938735017e-16
-4.20791798266e-16
-3.99752208353e-16
-3.79764597935e-16
-3.60776368038e-16
-3.42737549636e-16
-3.25600672154e-16
-3.09320638547e-16
-2.93854606619e-16
-2.79161876288e-16
-2.65203782474e-16
-2.5194359335e-16
-2.39346413683e-16
-2.27379092999e-16
-2.16010138349e-16
-2.05209631431e-16
-1.9494914986e-16
-1.85201692367e-16
-1.75941607748e-16
-1.67144527361e-16
-1.58787300993e-16
-1.50847935943e-16
-1.43305539146e-16
-1.36140262189e-16
-1.29333249079e-16
-1.22866586625e-16
-1.16723257294e-16
-1.10887094429e-16
-1.05342739708e-16
-1.00075602723e-16
-9.50718225864e-17
-9.03182314571e-17
-8.58023198843e-17
-8.151220389e-17
-7.74365936955e-17
-7.35647640108e-17
-6.98865258102e-17
-6.63921995197e-17
-6.30725895437e-17
-5.99189600665e-17
-5.69230120632e-17
-5.40768614601e-17
-5.13730183871e-17
-4.88043674677e-17
-4.63641490943e-17
-4.40459416396e-17
-4.18436445576e-17
-3.97514623297e-17
-3.77638892133e-17
-3.58756947526e-17
-3.4081910015e-17
-3.23778145142e-17
-3.07589237885e-17
-2.92209775991e-17
-2.77599287191e-17
-2.63719322832e-17
-2.5053335669e-17
-2.38006688856e-17
-2.26106354413e-17
-2.14801036692e-17
-2.04060984858e-17
-1.93857935615e-17
-1.84165038834e-17
-1.74956786892e-17
-1.66208947548e-17
-1.5789850017e-17
-1.50003575162e-17
-1.42503396404e-17
-1.35378226583e-17
-1.28609315254e-17
-1.22178849492e-17
-1.16069907017e-17
-1.10266411666e-17
-1.04753091083e-17
-9.95154365287e-18
-9.45396647023e-18
-8.98126814672e-18
-8.53220473938e-18
-8.10559450241e-18
-7.70031477729e-18
-7.31529903843e-18
-6.9495340865e-18
-6.60205738218e-18
-6.27195451307e-18
-5.95835678742e-18
-5.66043894805e-18
-5.37741700064e-18
-5.10854615061e-18
-4.85311884308e-18
-4.61046290093e-18
-4.37993975588e-18
-4.16094276809e-18
-3.95289562968e-18
-3.7552508482e-18
-3.56748830579e-18
-3.3891138905e-18
-3.21965819597e-18
-3.05867528618e-18
-2.90574152187e-18
-2.76045444577e-18
-2.62243172348e-18
-2.49131013731e-18
-2.36674463044e-18
-2.24840739892e-18
-2.13598702898e-18
-2.02918767753e-18
-1.92772829365e-18
-1.83134187897e-18
-1.73977478502e-18
-1.65278604577e-18
-1.57014674348e-18
-1.49163940631e-18
-1.41705743599e-18
-1.34620456419e-18
-1.27889433598e-18
-1.21494961918e-18
-1.15420213822e-18
-1.09649203131e-18
-1.04166742975e-18
-9.8958405826e-19
-9.40104855347e-19
-8.93099612579e-19
-8.4844463195e-19
-8.06022400353e-19
-7.65721280335e-19
-7.27435216318e-19
-6.91063455503e-19
-6.56510282727e-19
-6.23684768591e-19
-5.92500530162e-19
-5.62875503653e-19
-5.34731728471e-19
-5.07995142047e-19
-4.82595384945e-19
-4.58465615698e-19
-4.35542334913e-19
-4.13765218167e-19
-3.93076957259e-19
-3.73423109396e-19
-3.54751953926e-19
-3.3701435623e-19
-3.20163638418e-19
-3.04155456497e-19
-2.88947683672e-19
-2.74500299489e-19
-2.60775284514e-19
-2.47736520289e-19
-2.35349694274e-19
-2.23582209561e-19
-2.12403099082e-19
-2.01782944128e-19
-1.91693796922e-19
-1.82109107076e-19
-1.73003651722e-19
-1.64353469136e-19
-1.56135795679e-19
-1.48329005895e-19
-1.409125556e-19
-1.3386692782e-19
-1.27173581429e-19
-1.20814902358e-19
-1.1477415724e-19
-1.09035449378e-19
-1.03583676909e-19
-9.84044930637e-20
-9.34842684105e-20
-8.881005499e-20
-8.43695522405e-20
-8.01510746284e-20
-7.6143520897e-20
-7.23363448522e-20
-6.87195276096e-20
-6.52835512291e-20
-6.20193736676e-20
-5.89184049842e-20
-5.5972484735e-20
-5.31738604983e-20
-5.05151674734e-20
-4.79894090997e-20
-4.55899386447e-20
-4.33104417125e-20
-4.11449196269e-20
-3.90876736455e-20
-3.71332899632e-20
-3.52766254651e-20
-3.35127941918e-20
-3.18371544822e-20
-3.02452967581e-20
-2.87330319202e-20
-2.72963803242e-20
-2.5931561308e-20
-2.46349832426e-20
-2.34032340805e-20
-2.22330723764e-20
-2.11214187576e-20
-2.00653478197e-20
-1.90620804288e-20
-1.81089764073e-20
-1.72035275869e-20
-1.63433512076e-20
-1.55261836472e-20
-1.47498744649e-20
-1.40123807416e-20
-1.33117617045e-20
-1.26461736193e-20
-1.20138649383e-20
-1.14131716914e-20
-1.08425131069e-20
-1.03003874515e-20
-9.78536807894e-21
-9.29609967499e-21
-8.83129469124e-21
-8.38972995668e-21
-7.97024345884e-21
-7.5717312859e-21
-7.19314472161e-21
-6.83348748553e-21
-6.49181311125e-21
-6.16722245569e-21
-5.8588613329e-21
-5.56591826626e-21
-5.28762235295e-21
-5.0232412353e-21
-4.77207917353e-21
-4.53347521486e-21
-4.30680145411e-21
-4.09146138141e-21
-3.88688831234e-21
-3.69254389672e-21
-3.50791670188e-21
-3.33252086679e-21
-3.16589482345e-21
-3.00760008228e-21
-2.85722007816e-21
-2.71435907426e-21
-2.57864112054e-21
-2.44970906452e-21
-2.32722361129e-21
-2.21086243073e-21
-2.10031930919e-21
-1.99530334373e-21
-1.89553817654e-21
-1.80076126772e-21
-1.71072320433e-21
-1.62518704411e-21
-1.54392769191e-21
-1.46673130731e-21
-1.39339474195e-21
-1.32372500485e-21
-1.25753875461e-21
-1.19466181688e-21
-1.13492872603e-21
-1.07818228973e-21
-1.02427317524e-21
-9.73059516483e-22
-9.24406540659e-22
-8.78186213626e-22
-8.34276902944e-22
-7.92563057797e-22
-7.52934904907e-22
-7.15288159662e-22
-6.79523751679e-22
-6.45547564095e-22
-6.1327018589e-22
-5.82606676596e-22
-5.53476342766e-22
-5.25802525628e-22
-4.99512399346e-22
-4.74536779379e-22
-4.5080994041e-22
-4.28269443389e-22
-4.0685597122e-22
-3.86513172659e-22
-3.67187514026e-22
-3.48828138325e-22
-3.31386731408e-22
-3.14817394838e-22
-2.99076525096e-22
-2.84122698841e-22
-2.69916563899e-22
-2.56420735704e-22
-2.43599698919e-22
-2.31419713973e-22
-2.19848728274e-22
-2.08856291861e-22
-1.98413477268e-22
-1.88492803404e-22
-1.79068163234e-22
-1.70114755072e-22
-1.61609017319e-22
-1.53528566453e-22
-1.4585213813e-22
-1.38559531224e-22
-1.31631554663e-22
-1.25049976929e-22
-1.18797478083e-22
-1.12857604179e-22
-1.0721472397e-22
-1.01853987771e-22
-9.67612883828e-23
-9.19232239636e-23
-8.73270627655e-23
-8.29607096272e-23
-7.88126741458e-23
-7.48720404385e-23
-7.11284384166e-23
-6.75720164958e-23
-6.4193415671e-23
-6.09837448874e-23
-5.79345576431e-23
-5.50378297609e-23
-5.22859382729e-23
-4.96716413592e-23
-4.71880592913e-23
-4.48286563267e-23
-4.25872235104e-23
-4.04578623348e-23
-3.84349692181e-23
-3.65132207572e-23
-3.46875597193e-23
-3.29531817334e-23
-3.13055226467e-23
-2.97402465144e-23
-2.82532341886e-23
-2.68405724792e-23
-2.54985438553e-23
-2.42236166625e-23
-2.30124358294e-23
-2.18618140379e-23
-2.0768723336e-23
-1.97302871692e-23
-1.87437728107e-23
-1.78065841702e-23
-1.69162549617e-23
-1.60704422136e-23
-1.52669201029e-23
-1.45035740978e-23
-1.37783953929e-23
-1.30894756233e-23
-1.24350018421e-23
-1.181325175e-23
-1.12225891625e-23
-1.06614597044e-23
-1.01283867191e-23
-9.62196738319e-24
-9.14086901403e-24
-8.68382556332e-24
-8.24963428516e-24
-7.8371525709e-24
-7.44529494236e-24
-7.07303019524e-24
-6.71937868548e-24
-6.3834097512e-24
-6.06423926364e-24
-5.76102730046e-24
-5.47297593544e-24
-5.19932713867e-24
-4.93936078173e-24
-4.69239274265e-24
-4.45777310551e-24
-4.23488445024e-24
-4.02314022773e-24
-3.82198321634e-24
-3.63088405552e-24
-3.44933985275e-24
-3.27687286011e-24
-3.1130292171e-24
-2.95737775625e-24
-2.80950886844e-24
-2.66903342501e-24
-2.53558175376e-24
-2.40880266608e-24
-2.28836253277e-24
-2.17394440613e-24
-2.06524718583e-24
-1.96198482653e-24
-1.86388558521e-24
-1.77069130595e-24
-1.68215674065e-24
-1.59804890362e-24
-1.51814645844e-24
-1.44223913552e-24
-1.37012717874e-24
-1.3016208198e-24
-1.23653977881e-24
-1.17471278987e-24
-1.11597715038e-24
-1.06017829286e-24
-1.00716937822e-24
-9.56810909305e-25
-9.0897036384e-25
-8.63521845648e-25
-8.20345753366e-25
-7.79328465697e-25
-7.40362042413e-25
-7.03343940292e-25
-6.68176743277e-25
-6.34767906113e-25
-6.03029510808e-25
-5.72878035267e-25
-5.44234133504e-25
-5.17022426829e-25
-4.91171305487e-25
-4.66612740213e-25
-4.43282103202e-25
-4.21117998042e-25
-4.0006209814e-25
-3.80058993233e-25
-3.61056043571e-25
-3.43003241393e-25
-3.25853079323e-25
-3.09560425357e-25
-2.94082404089e-25
-2.79378283885e-25
-2.65409369691e-25
-2.52138901206e-25
-2.39531956146e-25
-2.27555358338e-25
-2.16177590421e-25
-2.053687109e-25
-1.95100275355e-25
-1.85345261588e-25
-1.76077998508e-25
-1.67274098583e-25
-1.58910393654e-25
-1.50964873971e-25
-1.43416630272e-25
-1.36245798759e-25
-1.29433508821e-25
-1.2296183338e-25
-1.16813741711e-25
-1.10973054625e-25
-1.05424401894e-25
-1.00153181799e-25
-9.51455227094e-26
-9.03882465739e-26
-8.58688342452e-26
-8.1575392533e-26
-7.74966229063e-26
-7.3621791761e-26
-6.99407021729e-26
-6.64436670643e-26
-6.31214837111e-26
-5.99654095255e-26
-5.69671390492e-26
-5.41187820968e-26
-5.14128429919e-26
-4.88422008424e-26
-4.64000908002e-26
-4.40800862602e-26
-4.18760819472e-26
-3.97822778498e-26
-3.77931639574e-26
-3.59035057595e-26
-3.41083304715e-26
-3.24029139479e-26
-3.07827682505e-26
-2.9243629838e-26
-2.77814483461e-26
-2.63923759288e-26
-2.50727571324e-26
-2.38191192757e-26
-2.2628163312e-26
-2.14967551464e-26
-2.0421917389e-26
-1.94008215196e-26
-1.84307804436e-26
-1.75092414214e-26
-1.66337793504e-26
-1.58020903828e-26
-1.50119858637e-26
-1.42613865705e-26
-1.3548317242e-26
-1.28709013799e-26
-1.22273563109e-26
-1.16159884954e-26
-1.10351890706e-26
-1.04834296171e-26
-9.9592581362e-27
-9.46129522939e-27
-8.98823046792e-27
-8.53881894453e-27
-8.1118779973e-27
-7.70628409743e-27
-7.32096989256e-27
-6.95492139794e-27
-6.60717532804e-27
-6.27681656164e-27
-5.96297573355e-27
-5.66482694688e-27
-5.38158559953e-27
-5.11250631956e-27
-4.85688100358e-27
-4.6140369534e-27
-4.38333510573e-27
-4.16416835044e-27
-3.95595993292e-27
-3.75816193627e-27
-3.57025383946e-27
-3.39174114749e-27
-3.22215409011e-27
-3.06104638561e-27
-2.90799406633e-27
-2.76259436301e-27
-2.62446464486e-27
-2.49324141262e-27
-2.36857934199e-27
-2.25015037489e-27
-2.13764285614e-27
-2.03076071334e-27
-1.92922267767e-27
-1.83276154379e-27
-1.7411234666e-27
-1.65406729327e-27
-1.5713639286e-27
-1.49279573217e-27
-1.41815594556e-27
-1.34724814829e-27
-1.27988574087e-27
-1.21589145383e-27
-1.15509688114e-27
-1.09734203708e-27
-1.04247493523e-27
-9.90351188465e-28
-9.40833629041e-28
-8.93791947589e-28
-8.4910235021e-28
-8.06647232699e-28
-7.66314871064e-28
-7.27999127511e-28
-6.91599171136e-28
-6.57019212579e-28
-6.2416825195e-28
-5.92959839352e-28
-5.63311847385e-28
-5.35146255016e-28
-5.08388942265e-28
-4.82969495152e-28
-4.58821020394e-28
-4.35879969374e-28
-4.14085970906e-28
-3.9338167236e-28
-3.73712588742e-28
-3.55026959305e-28
-3.3727561134e-28
-3.20411830773e-28
-3.04391239234e-28
-2.89171677273e-28
-2.74713093409e-28
-2.60977438738e-28
-2.47928566802e-28
-2.35532138461e-28
-2.23755531538e-28
-2.12567754961e-28
-2.01939367213e-28
-1.91842398853e-28
-1.8225027891e-28
-1.73137764965e-28
-1.64480876716e-28
-1.56256832881e-28
-1.48443991237e-28
-1.41021791675e-28
-1.33970702091e-28
-1.27272166986e-28
-1.20908558637e-28
-1.14863130705e-28
-1.0911997417e-28
-1.03663975461e-28
-9.84807766884e-29
-9.3556737854e-29
-8.88789009613e-29
-8.44349559132e-29
-8.02132081176e-29
-7.62025477117e-29
-7.23924203261e-29
-6.87727993098e-29
-6.53341593443e-29
-6.20674513771e-29
-5.89640788082e-29
-5.60158748678e-29
-5.32150811244e-29
-5.05543270682e-29
-4.80266107148e-29
-4.56252801791e-29
-4.33440161701e-29
-4.11768153616e-29
-3.91179745935e-29
-3.71620758638e-29
-3.53039720707e-29
-3.35387734671e-29
-3.18618347938e-29
-3.02687430541e-29
-2.87553059014e-29
-2.73175406063e-29
-2.5951663576e-29
-2.46540803972e-29
-2.34213763773e-29
-2.22503075585e-29
-2.11377921805e-29
-2.00809025715e-29
-1.90768574429e-29
