0.851494184156
-0.183301621835
0.230315408816
-0.0265942647069
0.148115995454
0.0600221905573
-0.00281302899606
0.157249937584
0.123163694346
0.119988897892
0.00166180860425
-0.136901906759
-0.224878315544
0.234445683543
0.0811648271038
0.014661876814
-0.0283549605278
0.341651782864
-0.120195130922
0.00320134807759
-0.180756990859
0.168786860935
0.154312752187
0.149747824972
0.109581413014
-0.148324757412
0.0640803128004
0.0391325272686
-0.0883179681606
-0.197446683209
0.273066201901
0.15812546222
0.0392186136235
-0.207649170521
0.0309854481436
-0.0574894178897
0.0567589028111
-0.0219831232637
0.066289818163
0.0712098911321
0.140240060697
0.0146513639304
-0.250673528075
-0.00592614997017
0.114875837416
0.109513749396
-0.0875868541174
0.0746737793525
23.8345431436
-4.77885932794
6.31131397097
-1.03092543228
2.89816088995
1.79101724876
-2.01873192802
4.71515119028
3.05235664074
3.29761331825
-1.18778742159
-3.41637184447
-4.16547992016
5.34702548631
0.990752834038
1.08805639784
-0.194521641277
6.39100942378
-2.11929317437
-0.79038420716
-1.74698939981
2.81397738445
3.47763750124
0.482835304154
1.53946379435
-1.36083182088
1.63370428813
-0.393369920657
-0.710515752502
-0.725258588019
3.43490953669
1.05662995047
-0.201501235467
-1.49625251952
0.97831861893
0.247485703392
0.0864240055776
0.190871589421
0.765475844338
1.27775278499
0.0277769789014
-0.0803564378093
-0.973555413291
0.9485583968
0.572948667629
0.30721680815
-0.26443012543
0.693670866132
81.2067078477
-10.9532085192
19.0066978507
-0.103191193266
9.83148826406
4.92580953717
-8.26813000455
14.367746724
10.2406899195
9.02305081574
-3.73297952831
-0.971984968567
-0.595295445531
11.7987066495
3.8791407015
2.05212824488
6.26228912456
10.2368830807
-1.37197212822
-0.866309679402
1.6238385051
6.03232817688
4.12884163485
0.932076334188
4.06876178757
2.01153913485
2.14600123075
0.371198148716
2.27886971787
1.81403848854
4.23633693377
0.655471627977
1.48132548752
0.787974486183
1.717179383
1.05920092246
1.0873343331
1.8789096657
0.997964100667
1.37779698875
0.694664134299
1.3824360022
0.558666066726
0.89454759198
1.21946262614
0.873638490331
0.762781057177
0.581261722332
108.747015449
-7.86276862839
17.8452930888
-4.35721287144
11.2581764215
-0.351077207314
-7.61564743698
14.5293303036
12.6474805418
5.48940577558
-4.15962513973
7.96940000846
8.11463666213
6.91798711822
6.91926716207
-0.841457465573
13.8257614577
8.76836626829
2.44150254254
0.657391689819
2.80020434201
3.92669233631
0.12900088396
3.15076372908
5.75669572481
4.99606772756
0.299174766701
1.17893582928
4.60843018166
2.18805998328
3.17575526942
1.2854917599
3.13149560075
2.58302534141
2.02976890173
1.48911609868
1.44316187899
1.72140111485
0.795913557273
1.29165463402
1.8196357437
2.29259568327
1.29533587232
0.434035117697
1.27922410519
1.1723604401
1.05995313436
0.994181061744
112.355201121
-9.0528102616
15.1753335987
-16.7358099694
8.58623753298
-4.15530543274
1.21824315989
15.781613425
9.48604386527
1.90303192367
-0.474341736309
6.91909282421
-3.19289921588
7.35850708016
3.06563492331
5.03156347697
9.74326097681
13.9842622094
1.74985987517
-1.89013293055
-0.919495826456
1.4121992535
1.54868066466
4.01261769211
9.40590755242
1.15125604017
2.65470838928
-1.82727594209
2.41535333631
-1.89653612939
4.03644488614
3.29587393545
3.53059046155
3.0421566732
1.88055415415
0.395730114944
-2.16391892669
1.7359197292
0.0067671049973
3.44088602599
1.57741578846
3.67193190086
-0.335718360261
0.194081457385
-0.562417190336
0.14078046949
0.742806326657
1.67341522087
120.241819584
-22.0418536472
26.8812659506
-24.857861619
13.0453743331
1.6396053873
2.54649190457
27.508704437
3.07487881794
18.5554409268
-5.40261041452
5.97370228215
-16.9773647028
11.9761099965
-5.31026461836
15.99642981
8.45466680564
17.491703859
-0.496986711589
-4.73467107491
-1.093879605
-1.2148108513
7.31118292394
2.28534282243
17.4141804346
-1.60162697861
8.49535385518
-7.28454966695
1.73965081017
-4.70567628687
4.50846789641
5.62293490256
4.6000343691
7.14294099174
-1.27011682107
1.00098577398
-5.83717187517
2.77668200611
-1.31143223968
6.36384618217
2.62382680207
5.00395645128
-0.221666821677
-0.796773116913
-1.58273013493
-1.22571404238
1.96686065179
1.53735270489
129.495014998
-31.6609335497
43.0609862445
-26.2838163609
21.223151439
-0.181788751046
2.97367013807
32.4827171208
-0.264306569919
42.5315512096
-19.9050464658
10.3358694397
-15.6573269421
7.44996692287
-5.21546761162
18.5286798988
14.8727832255
13.7448656614
3.73810769013
-5.00015532077
-1.29971266641
-1.88824149664
8.55843004663
2.89398172711
19.2886407611
1.82784690749
7.87540883636
-6.79866408593
0.332884377457
-3.27448048349
3.78544815308
7.27097718873
5.54824018751
8.61323210562
-1.39103108358
0.678565531243
-4.68853670682
1.65080102918
0.39480566158
5.86785901537
4.5195136958
4.02373838437
0.95892532261
-1.41489163092
-1.40253323161
-0.838722015405
2.23728253622
2.36915753673
131.287360253
-30.1776622905
50.7262091242
-32.0333195799
27.8089479365
-6.94953707871
3.60101852719
26.2521350197
4.45930595463
41.4696665013
-15.9208213437
4.86232130631
-7.87011931932
0.869038500471
2.87570619496
11.6989305225
24.1898110102
7.37547798317
9.80663973066
-7.53211553617
1.83735179481
-1.37973614292
5.01657887679
7.2789884373
11.720430036
9.07588092094
1.72306995552
-2.1244878941
-1.74452954857
-1.61795895892
4.53320036892
4.10385347326
10.0048026981
3.47512663586
3.88187035118
-2.88076295934
-0.141463597756
-0.190175633287
1.38144487672
5.03872385507
3.50041532856
5.06232578518
-0.0544310595565
-0.19149507124
-1.10212929152
-0.674157241846
2.48501971602
1.20426771026
127.68427727
-19.8815112614
41.6180091123
-33.668885808
24.6381019555
-0.820079020435
-6.28693253142
21.1755034117
8.42982563268
26.8304531573
-4.55141132822
-1.71297238327
-1.37803461537
-4.76198580941
7.27290790187
3.79057486406
34.6457820761
-1.44675694709
13.1884225223
-10.6844415611
5.85817210529
0.0252355328364
-2.69601518942
11.8257064599
5.66903453153
11.9767160508
-1.38401500193
-0.761339483633
-0.00749081318915
-2.99704222551
4.67837084357
1.6157605861
12.9013818613
-0.596768249928
5.43710366301
-3.70463423934
1.82673073077
-0.222537594329
-1.01427177907
6.31775191844
1.85165812249
5.350800826
-0.894595413054
0.175873228666
0.381859171698
-1.55928796216
2.57750963072
0.628717767327
121.750557873
-7.31057105901
21.0008218887
-19.1343264674
8.87700609687
6.43326748916
-12.6043390007
18.4163822483
16.6492772669
14.9431330074
-0.758870115577
0.914272191645
-0.746267644867
-0.545974483756
1.70323369972
9.48238624921
31.3896688036
-3.5725734617
7.39887117898
-4.76855341116
3.82339616173
1.19297335455
-3.26223637848
11.4038928743
7.7824431925
3.98443910713
0.354061985018
0.0679058558506
1.09100793226
-0.385200661138
2.28276028803
5.76127868209
8.17674238186
-0.62099081226
2.18190629396
0.118196050613
0.848997245837
0.851931484495
0.0386033037331
5.29718655755
1.95344231366
0.947987029583
0.424108430087
0.433181515893
0.753791715943
0.0523721360331
1.90003146477
2.17475278656
116.616602247
-2.67412556824
14.5949608309
-5.10934490644
7.69871238228
-5.62982770119
-1.51784285087
10.3766841689
18.4468305271
5.30494617937
-5.47468756989
6.98890287049
-6.73565349638
11.9388079974
-4.22909789898
16.201857661
21.5478635884
5.31075489528
0.301587227083
3.78434305127
3.79317067111
-2.36555239541
2.20744993878
3.43772830957
9.70604150169
-3.50581407561
3.57544534159
-1.72834257181
1.58290655378
1.83008274726
3.20583681293
5.00940739372
5.53413792281
3.26740998756
-0.557977378445
2.88764783339
-0.266181182701
2.57511989866
-0.542313195653
3.39477783538
0.739234441522
0.230473439922
0.611833014176
0.545293770955
0.603896533104
0.717820202579
2.44495321132
0.712553566559
113.384070365
-1.7725373927
19.0925178389
-5.38623223391
13.4250970108
-20.8315888595
10.0173980418
7.01744800862
9.53928122656
5.46035574532
-10.7765874616
7.20134934011
-5.04101042045
20.2967414166
-5.79826895302
12.4445667606
10.5594793441
12.7009175614
-2.07803168513
6.92343289775
5.29900586324
-2.75723972033
1.15004078307
-0.0494737974333
6.66784212719
-0.798834052967
5.04515395575
-2.27003297512
2.83954189546
1.40601444301
4.00234980056
1.6826954512
4.26717051773
3.25020557509
0.298568179505
1.59141920578
1.11250016442
2.08805094305
0.0590698550752
1.89050583573
0.16797148529
1.12430040583
0.839146091824
1.35556280694
0.533642074116
1.03582147862
1.33828218956
0.614824355439
109.24146445
-9.08806265046
22.4925606728
-11.5922517207
12.5710637246
-9.28113399291
10.9458175157
14.8577498191
9.78905864521
5.85416143399
-7.58160025041
7.65765981266
6.77456798076
12.5002936949
-1.09416391744
8.30179312186
12.2070671368
0.846416962137
4.07109125458
3.52301748397
8.47102322462
0.165649690202
0.385571502046
6.43865635947
3.89205430036
1.69239186104
1.01788894313
4.15720585563
3.88695162527
0.202355390024
3.14746848372
2.95563839947
5.13022500306
-2.06043206465
2.97881172447
1.44606077322
3.77774432148
-0.303725314176
1.40298661514
3.68313628311
0.300906440231
0.595848150678
0.177677044489
3.41787781969
0.793595531736
0.060570547082
1.46876140028
1.60544543414
113.989254288
-27.4800761209
23.8362190143
-19.585910976
18.9795517543
4.13757902409
5.35662734787
20.9895327324
13.6924387965
7.28735622298
-10.2449783281
11.5376486386
5.9775025431
3.05744987022
6.16262704302
6.4197749648
27.8153800288
-10.6449311532
8.83067139465
-6.82012471573
12.2601749459
-0.413158061742
3.51909639006
10.902176499
4.61876425376
4.52290068202
-5.87952659508
6.4191456039
-0.0460282628882
1.54070525152
4.24988090984
4.53864879076
9.51652262844
-3.74789575072
3.59041894701
-3.11321509536
4.23371264521
-1.07789310682
3.54464212214
5.20578627241
1.99090546976
2.41063178945
-2.61560344492
2.21964523572
-1.44885002943
1.21715848025
2.23644762954
3.05041835601
131.936632162
-38.8379364494
27.5222185015
-36.9109375101
27.5225586418
-5.78910582726
9.00111559707
13.2587942353
15.791119596
13.6990792158
-15.1015774435
7.60092706039
-15.0372787025
7.25299256271
5.83150336234
7.27059265937
33.1221285477
-2.95159198459
7.62966731087
-14.660993577
6.73751931635
-4.53276426588
10.0067839654
7.08192800057
10.2545259276
7.40731666119
-5.4548145707
1.05423544228
-8.84653678419
1.96079018833
3.36653221305
7.24409335954
9.24471582175
2.67893051969
0.765484629447
-5.18051558563
-0.881765354493
-2.5145862678
4.86694025349
4.47323657837
5.77878437885
3.36143698952
-1.2885146778
-1.39673796347
-3.3532083038
-0.232304467766
2.01515314053
4.18640178297
136.371865546
-22.9694860317
40.0025121667
-21.758576256
23.072748899
0.896357674026
14.1238528679
11.2322666737
14.5829270845
18.9894251065
-14.8863628407
5.51812300189
-30.0908181247
5.24614291154
-3.51065933642
2.13713607002
21.4684633156
2.82840522082
8.76455254641
-5.28905915013
6.13050969656
-0.0656126070835
16.4190929005
9.04883561387
15.4201507422
12.0754667352
2.40450140691
4.88057167839
-6.51797248158
0.864168557892
-0.45403450891
1.57705532656
1.21009596942
-0.458014396515
-2.98631743365
-4.8571525162
-2.90030279054
-3.10652180633
3.02096008357
3.37550601842
5.61450960037
5.93599140451
3.75320994638
4.35414096714
2.63645494329
3.40958095056
3.70593983438
3.39894277923
138.427407487
16.5765859847
71.5285114146
43.5381704264
37.9977093043
31.7734012795
17.6310997573
23.4453862549
3.59889974979
9.59988979008
-23.8855309188
2.15521248611
-28.3706705645
-10.118457443
-4.67099465183
-13.2111650613
14.0541889665
-0.365736460288
14.2757044515
13.8611364993
21.4584607986
19.0913428834
27.2159970419
27.8699713969
20.9762856293
25.5235556528
10.509562044
12.6862101241
0.195790331635
-4.13086298447
-4.98136571729
-12.373649896
-9.72865480704
-12.0400920221
-7.97227757652
-8.02765697271
-1.14495855282
0.51473772121
4.36602906374
9.631325126
8.12978574413
12.7664667651
10.3862477725
11.7884674213
10.0523080946
8.48266764566
7.58097248512
4.46558592778
186.722151348
73.9281801204
128.897303693
172.71049581
93.4616612561
82.4583527679
72.3955125479
30.8963980412
-5.19222021162
-13.9240319221
-50.4411253
-26.45123052
-45.2761490058
-25.6418423657
-3.32297251964
-28.4868280871
3.99918212895
5.55285053784
-10.2617617075
14.5415709855
28.7061404189
11.885333683
40.4802821492
58.3609478579
47.5057316308
69.5139468261
64.2079597789
52.6205862305
43.4673135022
19.6063206389
9.17109502599
-8.46557716488
-26.5623798944
-23.9589589107
-27.7146087868
-35.4613138475
-16.2532487394
-14.3190033141
-17.960121787
-0.82910759482
-4.56224042243
-7.14198382111
2.92755708301
2.83308527957
6.43327026581
16.3769162496
20.1035075966
28.1495168023
283.438107773
155.395350207
223.111792853
326.476920904
177.045931993
163.911085126
161.135178949
52.393895976
11.8815883938
-21.8543753822
-74.3863808007
-52.5100673066
-71.8753748529
-49.5588734625
-18.4375012461
-58.4452473225
-28.4533085284
-8.23859406196
-50.2025433614
-2.6408491038
26.3098337345
4.99319020307
60.9002467508
90.8563612351
85.4611004323
120.279219192
115.083407212
93.2159329186
85.1899195813
45.2718203997
26.2466200049
6.3142028645
-27.4977368061
-24.502682534
-33.5479688716
-48.5954127904
-28.2789217623
-29.7150292146
-35.6272908391
-15.2307582743
-17.7050933627
-16.1678038167
2.44858743031
4.63264025785
15.576509986
29.7297899095
31.736872736
41.4190646966
296.172355725
171.138862211
256.721670406
329.751641694
204.786203445
191.999607069
166.747307655
63.4269244514
23.5087091156
-17.9908862152
-79.1251144829
-64.9309717524
-80.4409880755
-67.3184917846
-34.8223876117
-56.5760339725
-18.1473383528
0.656588347304
-17.7922726292
32.5708916992
46.740205585
42.6568232346
90.3338239507
96.9481078363
96.4437686388
121.910068225
102.064703069
85.1606511567
74.2756092913
32.8674934873
11.158217043
-14.5321713352
-44.0240081076
-49.4811024489
-62.2442299217
-63.2204510274
-46.5047663145
-43.0287370591
-24.3432929172
-1.78551871182
4.06097732278
24.603344858
38.3377555228
39.1702141085
52.0865328287
53.9745589406
49.8453898112
52.5602078878
329.951819608
196.767579708
311.966905709
404.779329525
257.965176136
255.390134594
209.040040343
46.5412714509
-0.178563411312
-63.2884831671
-154.331587623
-144.134588156
-154.399887383
-122.203197052
-76.0286531198
-71.7823594018
3.97630102248
28.4774845914
13.3575129497
95.6843308265
93.3050169655
85.373015792
163.331048154
147.127380343
142.274522619
182.284748251
136.19246615
106.761089918
85.5596971084
16.2465983223
-20.8713198848
-65.460951128
-104.367201885
-104.982557202
-123.56238513
-105.761145891
-67.5803541258
-62.9030128699
-17.0377254269
22.0292660797
23.6181570852
61.9454099557
78.5376556047
70.3071414618
90.2769279601
85.4358545572
72.079569284
72.6229490057
573.87571792
347.456370288
463.862943281
828.446998249
326.663192343
361.307908986
378.816343335
-139.912107697
-111.692015528
-174.845099395
-405.443485804
-238.012735401
-225.804881245
-139.825707977
52.6462634988
-3.86306482077
198.273128699
216.454158526
59.3854182802
291.789261557
175.593331327
57.1586226341
302.470685926
145.207816807
89.9710644663
248.845598867
45.3116748594
0.853378774668
15.7896750032
-166.462753011
-146.356382875
-178.518841204
-198.512262456
-62.3125608861
-80.2808802334
40.7537401723
178.497268992
98.5372053573
211.439294057
224.842283254
63.8756246258
127.84681856
59.4793211651
-68.4814809719
4.15457382713
-53.4050579253
-81.6448901568
-12.5001715332
1033.101897
573.44676808
789.542229604
1734.98467081
450.183593407
611.733462947
766.375714406
-487.989286052
-244.623459452
-325.62866706
-815.367774886
-311.121442495
-323.605305287
-100.101564082
282.564328933
42.1353420112
507.648016504
397.749507373
-7.61693525196
568.114754013
207.262160422
-7.50588744514
626.677125644
212.089291261
157.204590472
534.854099786
10.3137318259
-45.0786904918
-39.2265731061
-456.76971958
-349.212131464
-433.114332733
-405.496422987
-52.1625455878
-127.571034629
210.86773594
476.719151158
214.555209554
510.606542847
454.998711906
55.8275520459
277.527858152
76.1198248858
-172.158291066
63.2294059588
-113.425714228
-145.43069203
-4.58897205151
1326.68060552
731.632873794
942.978559287
2193.71373251
476.730621313
543.900367937
848.899746195
-810.382377495
-480.606072076
-386.410515539
-945.854057544
-205.336763526
-100.098956378
225.993481915
623.846859708
285.372292553
806.857460445
462.505204158
-91.8871403364
599.757519981
7.71195513814
-208.895750755
599.188347751
-7.18620208255
4.2022143374
450.063615712
-204.86398401
-147.220809042
-93.0383728403
-402.251596123
-107.197538584
-114.031820153
132.181286275
467.356564747
269.584083845
609.143412239
494.93670652
-20.734999626
187.446728312
-205.561690217
-554.335558432
-194.106445512
-374.763077194
-262.548374396
162.886372133
119.797945683
321.906274381
393.968448075
2384.5214316
1573.84851287
1512.00416301
3471.47645126
483.951079036
190.894702071
834.708427045
-2367.45319217
-1683.78281547
-1199.88192354
-2316.26980803
-419.820481055
87.8751752427
708.172763104
1900.19999946
1305.55040527
2150.34987115
1460.71993004
180.2162571
1240.93361537
-333.054873461
-854.122175759
532.015827037
-1097.21764641
-768.126273444
94.4747385757
-1335.79312354
-566.989376813
-343.137511232
-746.104999105
444.232626027
448.497370619
1177.37632741
1856.88975938
1163.49822024
1831.82661284
958.79103146
-386.092915563
17.4323898552
-1466.66167012
-1937.23631079
-957.007722233
-1646.71494362
-726.690917547
354.774871866
141.851109484
1136.81789364
1141.02245187
3794.71395441
3104.84093124
2519.78956295
5353.61962295
981.924121475
-51.8957210478
1037.95607636
-4044.72794197
-3149.43212675
-2000.13716272
-3942.14117994
-780.814300396
331.790902261
875.000163467
2999.48436301
2231.59223654
3090.00106164
2385.96990007
536.33682173
1783.37109584
-326.319150934
-1147.47077331
593.360796057
-1717.96226043
-1306.87655081
-88.8244333251
-2021.50301201
-810.914123554
-195.400355324
-769.996174544
881.687621235
1039.16808743
1499.50344348
2159.45219022
1267.69422378
1582.57462802
596.676770541
-692.692274914
-224.64709843
-1467.69021954
-1615.33980992
-478.469367995
-1115.26438645
-299.09130522
590.037488499
63.1763261077
727.685249327
732.559503899
3759.47808526
3272.85603914
2897.26020708
5885.22938915
894.178613722
-533.684623314
235.189937634
-5282.58257038
-3608.21468189
-1797.61998329
-2995.94214445
1332.98885017
2461.83229635
2750.98680967
4060.81193427
1994.60962378
1836.1119467
32.4726122558
-1699.64466561
-168.045284706
-1866.27040675
-992.99104549
1144.01906961
-727.898564494
658.265838744
1059.20451163
-830.809158264
534.213204001
277.440664987
31.959903904
1264.30017495
763.324180826
1084.75439726
517.1094245
-543.963840351
-384.09695388
-1712.47516878
-1412.443382
-275.677254767
-585.517491316
1121.8235213
1882.76207018
1256.28313296
1831.7126923
756.92256805
-375.992155401
-633.043306705
-1536.59278262
2858.45242973
2500.1136941
2514.37657026
6669.67321634
480.700218579
-944.553469281
-113.851465549
-6479.47664575
-3302.84893572
-802.288784483
-1478.27586095
4105.30085027
4272.20400003
3871.10528773
4116.97254488
146.84796399
-125.899710194
-2339.35039775
-3592.23159583
-459.272717944
-1819.24555963
208.563019831
2699.24704845
79.0929742901
1745.77089664
1283.29713926
-953.632090725
855.253833553
-66.3283770077
123.997171564
1261.36586941
-10.3490829252
697.349269243
-426.95689341
-1418.94554745
-348.264255356
-1643.56913493
-408.639036803
1107.89500561
349.783710694
2042.76793455
1752.28835511
451.638599739
823.024635335
-754.806401715
-1166.20971667
-902.382023165
-1398.09163908
4237.24198611
4018.27436425
3293.60008263
6873.83585769
-504.968369958
-2709.87364098
-1572.8131128
-7256.27823802
-3077.24131517
584.219763302
317.543056143
5336.07332566
4672.27404424
3158.7307772
2511.17970621
-1346.37933224
-1051.05896508
-2313.69154055
-2547.41010632
831.405275223
-733.651560205
552.229136758
1950.85302645
-1033.55240697
578.306097586
614.0235923
-360.855111058
2026.19636262
1383.33450323
1398.28769328
1221.80272681
-974.466984397
-986.851346368
-2454.03719662
-2428.82400527
-336.445136642
-486.382672217
1781.11157441
2977.99828393
1612.30611809
2190.6039618
488.641303504
-1217.25173373
-954.739246465
-1944.52834983
-1203.56851663
-318.952252424
-174.405624785
5810.63409976
5032.16180831
3553.89869296
6269.39582811
-1872.19909426
-4054.87471344
-2334.7036982
-7305.64358146
-2212.62461087
1823.07184588
1278.28610943
5680.87787446
4198.11708432
2117.17034339
1369.30039714
-1905.64244818
-845.014262862
-1588.09566835
-1307.05306711
1691.40911444
-723.916512255
113.345612214
775.240474201
-2260.83548691
151.446750413
684.427758817
473.494503952
3282.10712483
2223.31666278
1734.16627196
783.132594605
-1907.36207328
-1919.61395088
-3109.13437453
-2282.58754955
259.425119707
277.20254465
2583.01448679
3050.94619239
1207.35948685
1615.18740811
-293.60803239
-1473.88406523
-707.754025322
-1443.04573902
-436.933898434
134.462433503
-131.137616762
5099.08521194
4223.23905851
2955.80948057
4978.22322897
-1595.26074442
-3742.15621306
-2270.74835492
-5547.15306801
-1595.09586317
1940.44469922
1984.23720607
4535.37858645
3224.19766133
1578.08239837
368.880235842
-1733.64485979
-549.132832681
-1167.3015254
-691.426683079
1337.3193068
-618.446958975
-174.19970664
279.485508237
-1390.44990836
453.002413605
1101.81609657
1225.91609923
2501.99243677
1333.27987587
599.298636187
-618.42129538
-2201.55062902
-1692.57805983
-1846.75469106
-669.834035587
1258.71492858
1274.81153884
2102.33788687
1810.81623352
354.968832807
94.6351620574
-829.696663284
-1080.68757358
-561.951387988
-579.203988788
85.2666947359
157.660485733
51.5532502715
4564.80675929
4560.33987403
2990.85612696
4097.58132492
-1166.97715949
-4917.75414779
-3493.15346511
-4898.77237136
-2308.1027898
2694.40026137
3772.68734259
4605.6178489
4091.11559456
1529.48222584
-893.213604493
-2164.58069342
-1631.2970619
-1527.57287562
-428.019649295
1132.49404885
59.5627316892
-136.001309786
165.364834129
-648.159218333
439.731442741
1684.71298094
1890.6120213
2049.96666378
1051.34770394
-460.095769406
-1950.0094628
-2669.7335882
-1976.41845784
-1026.69579045
678.767496808
2272.62821805
2258.07213751
1942.35920135
983.86032378
-551.088337459
-1134.77806134
-1228.91004405
-952.431558685
-239.157012963
237.860666354
427.053046492
248.717134985
74.675082365
4414.67157878
4529.46807242
2639.99184314
3652.07055511
-1942.43143583
-5543.00157728
-3583.5327501
-4634.15585208
-1229.79028587
4137.44428374
4538.79452726
4932.92491977
3445.15496332
-158.254192849
-2259.02588038
-3138.68417615
-2076.34890328
-741.116339351
611.253264228
1970.64129546
895.25500168
128.977230094
83.4705745375
-684.796324578
246.647367751
1266.38491948
1182.63822797
1097.16652644
-9.99697356252
-1157.01725987
-1717.77059943
-1657.3742113
-349.486906729
732.644173291
1612.25233274
2128.8649552
1088.27018486
97.5109435253
-699.253733201
-1518.06973836
-1070.93621582
-371.662353418
208.036186448
876.190010072
774.216369645
477.136663556
124.762178473
-266.335794612
4963.46538334
4587.17823053
1470.48805659
2808.04975412
-4307.70556482
-7139.30906877
-2910.72709624
-3588.81207568
1868.61560501
7387.73519009
5429.30482764
4774.3813892
1057.58910087
-3698.53494501
-4338.31317517
-4198.74101784
-1226.98334873
1412.11408516
2302.13066065
3144.12131742
729.374299623
-596.495326881
-395.181161879
-964.542735522
964.104901795
1730.33640369
874.440684036
394.545342079
-1830.03105587
-2536.00107883
-1868.90886054
-925.064153359
1882.11317498
2912.52490838
2744.63954663
2152.01334387
-630.578458841
-2036.02222084
-2394.78406803
-2373.12031626
-342.464234138
893.851049949
1491.22439698
1772.34846669
554.891154416
-42.6502568852
-465.669625013
-654.498936777
5648.21977559
4645.36884101
1216.92757334
2461.06186106
-5801.76916261
-7711.0408692
-2668.44941587
-2899.88716748
3677.05467628
8677.9776005
5628.17979614
4213.55051398
-497.880953836
-5136.0554976
-4989.47833848
-4066.89744338
-321.244712053
2252.07872673
2898.04119704
3165.86271938
333.774041803
-679.416923252
-476.37697757
-825.045712899
1112.28267865
1248.57208035
214.520209118
-291.892066903
-2177.66336265
-2043.69000479
-864.307178502
233.776454137
2543.31862141
2713.23039426
1869.61043726
857.583069441
-1529.07888385
-2229.86322517
-1971.02742633
-1448.70278459
375.809908974
1202.56346645
1420.4085016
1385.87820411
336.581876251
-127.019418689
-443.036981604
-650.126839552
5639.65346319
4016.58489726
382.239633808
2105.57969083
-5805.26860492
-7080.902121
-1163.56288554
-1892.32720967
3918.2931644
8385.54983808
3863.16929803
2632.58283593
-1106.96258236
-5297.45712719
-3774.07651087
-2550.32554966
286.979305132
2314.54203291
2063.43773146
2000.93885718
-226.90616032
-485.03285584
413.184908849
-135.827786223
1407.26911737
696.054175955
-1245.05870425
-1130.3221573
-2501.87636176
-1565.71169059
813.263684749
1377.68984165
2968.95178932
2371.30100155
290.041392374
-499.393445268
-2277.34791444
-2185.59159952
-855.052944069
-424.806922084
1058.77098916
1127.6032014
504.32351072
651.308992259
-210.912551812
11.0515793569
362.705575282
-185.674166271
6313.16929153
3449.14446967
-629.356954971
1547.99442351
-6428.03377044
-6469.1564972
161.388177026
-1097.46536801
4561.87290078
8006.88955342
2328.20204577
1586.28998593
-1819.12592135
-5033.92513493
-2574.21858989
-1322.10331799
1071.39143923
2062.66919626
1388.34806692
1017.55519791
-936.092091344
-91.135114509
939.568064781
399.975562187
1973.2116124
253.245782983
-1745.4655564
-1304.70206783
-2640.46364435
-952.788533953
1445.35842078
1614.10543142
2885.44574968
1739.12553909
-314.457960545
-813.140171959
-2091.51315201
-1490.70861733
-242.763616881
84.7580766927
1122.52668391
741.491998903
233.658371537
301.248154907
-277.276092266
206.832454973
386.980528244
12.9675719405
6822.2675771
3146.41824027
-666.961335335
1383.67766326
-7127.36261945
-6478.41680818
695.532102735
-592.601675962
5175.43440442
8622.63692946
1703.54250028
566.653382038
-2218.60828085
-5739.79568877
-2337.53360193
79.4004148454
1596.03731284
2480.91529272
1552.42551697
-121.248882349
-1629.41090387
-163.702341288
941.667983441
1134.13517481
2672.17594665
306.194470695
-2138.59359613
-1834.13775695
-3098.8195541
-1082.27684569
2162.24627632
2326.25209335
3215.20398987
1987.49667732
-943.40934148
-1629.85001792
-2340.85480144
-1703.45265474
212.491902304
835.160727594
1360.82396881
883.770220728
-38.1709690025
-106.417395724
-332.430047706
312.618187797
746.585703778
196.844274246
7753.70527744
3487.05378052
-1407.2991929
1427.13928946
-8183.38940226
-7282.91602368
1723.75604224
-190.115817678
6071.69757028
10000.0
1120.79889322
-168.945783038
-2787.70921707
-6922.3688033
-2167.20640965
786.076252222
2185.43516496
3232.02703865
1687.9128217
-303.559244983
-1948.97367451
-283.163066162
1112.4366127
1015.14754092
2626.70583902
77.6526624774
-2723.14559525
-1632.99397476
-2622.93394049
-491.444126143
3119.66092773
2428.26991834
2682.93034075
1282.68485834
-1900.30815135
-1973.94735518
-1969.5319948
-1084.63835831
930.232833222
1174.62956948
1265.53147217
582.239417631
-319.799731322
-125.758466758
-292.301770219
312.297690739
591.803362146
-193.20260222
6948.24153751
3676.47064384
-1097.82414674
1566.04606727
-7104.32707734
-6985.9932337
1160.40035373
76.3758884349
5413.2434565
9259.37025203
1481.37654488
-759.170514805
-2800.48822339
-6402.15320325
-2118.41537727
1342.70682915
2461.08981842
3109.86870968
1482.6464114
-783.524734607
-2032.49768002
-325.608801672
1170.19492494
1371.90230879
2179.60794097
-143.699938824
-2704.01192636
-1910.24957813
-1793.78751996
117.472726259
3182.32364468
2662.37130517
1788.50149437
440.026084588
-2042.6021384
-2162.70266482
-1216.64690309
-291.20528039
1069.47885566
1321.87846146
723.500206513
121.36464773
-228.135874137
-63.5373700475
221.877686521
523.785954306
302.139654983
-423.892999087
6626.51309442
3926.52619196
-779.284076922
1527.73541699
-6914.33586497
-7294.38512133
831.31331464
635.658205629
5494.7839978
9653.5098907
1845.09811025
-1541.44153933
-3100.13343866
-6776.34744814
-2493.49985625
2122.81885145
2859.28686749
3355.56846313
1928.29967976
-1302.86386686
-2224.88290437
-299.462297817
888.922648512
1604.37412416
2100.19328502
-454.98691947
-2733.35497615
-1969.92657729
-1440.67331962
714.622886626
3527.70433037
2857.76659529
1332.45666827
-250.429644148
-2554.86537269
-2579.94989467
-891.314031046
300.090003355
1534.63312791
1807.06262845
694.916811116
-225.545122906
-454.6860595
-407.152200987
45.0196197243
548.544095522
196.62070698
-399.74418233
6186.21917348
3499.1629187
-10.9762617537
1368.60229175
-6357.45749164
-6427.31926445
-7.25084555149
559.138231013
4967.60068795
8409.53423924
1962.13059401
-1142.06276973
-2955.93751481
-5671.37538135
-2146.30201931
1672.45556116
2659.8284696
2452.52675407
1416.47280112
-1217.76918279
-1817.61917289
188.445015905
1156.56869481
1464.90549153
1538.97934485
-835.04853441
-2728.23085146
-1531.43846142
-933.355429343
1066.2284526
3123.73368167
2014.22577805
674.889039021
-519.049411206
-1950.50907989
-1501.25919044
-64.6260832755
376.452775265
873.008878603
613.23616324
-122.433266659
-218.6533698
212.607790204
628.7617835
628.689335255
461.434310796
-433.145107697
-1083.40663893
5908.61340918
4067.56391154
645.395408964
1225.51443339
-6783.51279941
-7464.64657949
-550.455650273
1202.5018867
5787.98210759
9607.41712248
2485.99417592
-1728.62375968
-4106.59981826
-6618.5823619
-2518.26182393
2145.83864845
3684.96678336
2899.58887201
1429.7466514
-1529.58411657
-2337.62433264
233.505185789
1744.54937041
1580.89370704
1644.94758921
-1354.20952317
-3805.6001788
-1675.89549499
-701.895002997
1812.38118317
4332.0175269
2367.45446596
178.903812594
-1210.16839841
-2998.06375344
-1907.4149308
359.273151301
971.518801359
1439.41684417
822.8554528
-337.229087737
-664.722504539
172.667505531
789.677452526
788.647007376
603.184759447
-685.184449498
-1712.37412876
5404.66633706
3826.4978683
1054.32841671
1905.78538578
-5749.63698314
-6921.68736187
-786.796789047
457.065764208
4521.35248071
8585.01782069
2339.46679746
-1110.60157882
-3001.43525407
-5303.85931662
-2372.95891016
1688.84605073
2623.90654534
1929.79802754
1305.77928778
-1006.51723879
-1491.14312194
559.161628752
1505.30671277
915.17801552
1007.91418402
-1237.90519182
-2806.09259565
-1097.23273859
-175.266515432
1389.61459158
2880.58378054
1748.34661157
47.7151938566
-697.902967546
-1660.2328187
-1229.77436567
-20.9097197147
433.04257496
540.70699252
484.108523932
216.659009425
28.1023481831
460.214803349
514.741746628
203.560294594
-93.3447247342
-579.018188745
-879.665019112
5530.50770028
3369.64929206
672.956839272
307.114551038
-5402.88620152
-5554.77586211
93.4775194218
1638.63604084
4072.64722276
6431.61152358
964.776306259
-1737.48413315
-2390.36488387
-3024.16553376
-1121.64955004
1653.33623174
1278.39869047
144.829869697
201.624428193
-326.113436476
265.608372249
1729.1027531
1922.53797657
-86.2413755303
-1026.11731323
-2132.80481335
-2368.24480178
-289.919822508
1593.80214865
1960.53447056
1900.04800371
933.403541558
-864.914233038
-981.282946785
-589.738669794
-375.619589814
-24.8597885606
166.44079627
-360.256527423
-195.177404156
641.579810984
1004.55564822
1181.7423861
874.63471788
-260.253758503
-1321.05171312
-1271.66146185
-861.646238994
6088.11310483
3939.77564853
1486.85641584
-167.145695621
-5606.71473853
-5446.16314821
-107.365525016
2026.52736063
4119.35401204
5824.42183023
521.333585159
-1901.1093561
-2380.87651825
-2022.94354245
-407.479141119
1835.8875346
1026.35411488
-578.180594812
-476.528233944
-339.345030081
791.041458065
2080.97153747
2252.17797789
-237.642461377
-1457.22995192
-2300.07567195
-2029.73852451
35.3330991382
1925.20911328
2021.90411459
1317.73936839
430.714431548
-1041.76271328
-876.594366602
-294.561511767
72.0880138197
-22.3264271613
-6.07915520203
-412.183917555
-232.30251713
635.800084108
1015.63730594
975.205854821
391.609684672
-448.038636227
-1251.88094948
-946.082429573
-373.544388923
6411.83998345
3671.61585699
858.763391519
-1029.46165089
-5633.98991619
-5101.16359155
479.149724896
2863.37305308
3595.12107827
5141.23423975
245.951637864
-2102.43633777
-1929.66646917
-983.950916714
-468.090700875
1088.06835137
368.335429501
-1405.8320811
-286.543871318
943.962624432
1967.40495199
2225.7401495
1878.52321945
-1466.33426476
-2634.62806366
-2183.05482178
-1190.66774453
801.293969157
2447.16674278
1907.18351857
370.460856023
183.452457607
-629.879917081
-349.803548686
169.571375396
34.6792338521
-1036.81563713
-924.353258714
-376.604246385
294.722910091
1737.85727427
1980.15846528
900.629677677
-528.688814312
-1200.36429847
-1773.27928157
-837.935596181
380.834255814
7477.93343344
4186.43222394
110.765875117
-1506.91161837
-6203.58787967
-5184.90008531
1384.0384383
3563.75061424
3361.00005819
4738.74349078
-373.984488568
-2573.93130764
-1391.04533553
-131.682158391
-89.1246469073
874.018966335
-50.4130822729
-2090.27503313
-368.607679692
1613.5002751
2474.58353986
2267.37524918
1549.43304428
-2165.27349166
-3137.89881615
-1785.8681167
-471.906808618
1370.47474085
2627.53149598
1497.17654051
-357.371020427
-248.908501695
-584.397500906
-169.71403782
393.731161305
98.3786884839
-1106.9613001
-884.216074864
-63.0850088361
623.507318033
1729.92682045
1623.16133718
241.929837918
-1093.37657662
-1321.06649189
-1312.26110491
-202.183395869
895.143533165
7521.06840153
4216.89636829
-421.84747734
-2207.51019545
-6083.01773278
-5500.40465046
1193.18946002
4315.4528276
3720.66032794
4631.70619517
328.381080257
-2464.07972741
-1945.98361102
-243.41847356
-567.159497929
-26.0463167322
-106.666326082
-1293.7423117
166.283767999
2462.24788367
3167.75562806
1680.25568258
517.856758144
-2587.47566413
-3508.26636497
-1759.89736997
384.053890506
1676.39558847
2333.3372054
1537.40770404
-207.455447602
-186.137556671
-45.3418577243
49.5797066796
-406.202555483
-721.877991553
-1517.32212349
-975.837944098
677.108638657
1760.35741084
2054.03265551
1271.57525958
-239.101932815
-1681.14307193
-1446.3042966
-806.995147332
91.3871949467
609.732183229
7256.38574882
4942.89686365
-895.827712398
-2229.39440276
-5329.02324618
-5754.99718736
902.815529403
4880.59777141
3217.37264038
3727.30296971
724.21517296
-2282.19102525
-1798.14764085
478.704169267
-67.5721072494
-846.982102817
-311.205162575
-1431.16438759
-253.883235094
2744.05302675
3592.34179468
1464.06940707
288.548971999
-2300.85869108
-3571.78731663
-1326.13424181
697.904593839
1544.77068371
1653.85412556
1145.46332935
-399.002202096
-78.1442147274
675.142970656
404.204445301
-384.207050531
-1018.71974163
-1667.20499029
-1234.96062058
944.795926731
1934.37796162
1947.76034004
1100.36133733
-469.944241372
-1650.10090385
-1253.26714059
-312.736042805
152.366679624
579.007935117
6411.77294303
4958.78396528
-591.605714361
-2124.85773445
-5101.05854612
-5362.84558967
431.890451111
4511.67343428
3478.99846089
3306.68895193
834.405388865
-1743.05045091
-1644.29365239
106.019596289
-21.2099160504
-1050.58198376
-525.311869619
-1079.71213524
213.651141917
2503.53011392
3246.50943706
1401.0919867
-211.327173697
-2083.22924106
-2815.26913532
-1016.49530743
484.810160811
1381.45489188
1047.75750095
765.6831458
-0.946354502229
348.445961551
672.30597638
262.570665173
-524.045140452
-1340.76806902
-1279.63894026
-635.26258424
991.497458687
1480.60638262
1411.99333967
447.916187945
-457.138925936
-835.959738384
-589.584447078
-84.3560193614
-93.1010792727
45.1375185418
5587.30018362
4669.64380957
138.343644999
-2337.2125942
-5236.77445409
-4626.31664625
455.784659567
4713.39583418
3843.44279694
2634.48858808
-118.036033588
-1785.72155354
-1611.2006929
351.149113837
635.155792169
-797.439512258
-802.193991643
-987.199356805
512.671252239
2177.82884439
3098.90549206
973.524943605
-885.962656028
-1989.4586194
-1961.3537822
-411.691600524
841.907423658
1263.44948008
219.69756477
301.568368603
174.254693032
717.357953699
790.019357577
258.449879811
-961.345259138
-1583.74118101
-833.971770286
-32.3740870035
1217.02754104
1308.21765623
865.053523184
-176.114319651
-339.73841925
-355.99475927
-234.162899337
-70.9204057883
-331.078179067
-340.330463908
5667.3946563
4140.80546693
246.405513458
-2397.8386701
-4945.96018934
-4035.01830521
880.913685467
4662.38296336
3065.2755954
1827.66932272
-683.514768182
-1355.6300557
-854.184504165
1248.25409006
423.074591096
-1540.13470668
-1297.88619979
-829.658291817
928.83410169
2409.0818762
2786.1645468
-12.5439356182
-1047.12129808
-1290.94059864
-898.634406626
-57.8285054248
461.149303681
1.80840983948
-627.07006083
638.606938995
1078.33991224
1297.07528616
579.582125076
-323.100192535
-1551.3176741
-1130.80792731
-46.992286605
351.304119738
615.216954267
409.95428836
239.211820534
58.6395208715
645.320256118
290.983755316
-275.340170177
-729.072297423
-688.663588026
-357.82194402
6262.82305963
4412.63994675
-598.588544209
-3404.38846578
-4558.5349628
-3251.11401778
1820.19548537
5259.4657442
2279.26244862
372.398128772
-1264.98558638
-704.436528659
60.3454141012
1992.64098806
136.369775903
-2498.03296444
-1926.01437879
-134.426051953
1770.63796751
2608.83397556
2335.39701194
-935.584851602
-1513.75358136
-668.837415902
359.929292543
276.343241594
33.4515399785
-911.569162773
-1236.90205003
758.438397453
1968.07873369
1845.67609289
273.955710646
-774.545644337
-1839.52912341
-917.187330244
459.412578818
784.684902209
164.353358985
-264.501269222
-79.3100131691
272.647815919
1212.69361134
877.750851954
-188.562479803
-1247.38469537
-1042.70544727
-440.648491348
6237.60550164
4806.54599055
-731.076565628
-3729.59666831
-4245.38044856
-2695.4953971
2102.43115668
5137.95571541
1830.23171801
-357.662790761
-1497.28369207
-287.998169065
631.565022143
2119.57083665
215.603279656
-2467.23869686
-2113.54141357
-119.255901577
1853.26379986
2252.65193847
1854.59704344
-869.697645098
-1356.38369663
-447.963566444
674.602188955
433.331447131
-215.385948431
-919.349791324
-1128.59983461
556.118034387
1611.31247153
1644.60715395
215.685138242
-630.490121596
-1225.83366878
-587.778888698
367.608779938
485.119781648
76.8135057829
-384.541818495
-10.5988911408
294.290708096
914.318424136
585.499368114
-92.4064326278
-749.515988008
-683.965168142
-186.954342878
5608.3540869
4204.48870553
-1282.46622779
-3865.84559257
-3799.46460382
-1826.2393694
2126.2677735
4530.2826436
1289.38140592
-574.849773648
-847.018773912
615.547997702
804.144361917
902.384285403
-581.912093252
-2427.0078117
-1402.85052571
597.719180334
2181.85669651
1280.69487333
760.373334321
-496.697806952
-327.835445305
324.0243101
644.161620905
-289.198452881
-1516.52148448
-962.860775074
-204.939893721
1229.24355111
1293.64855004
1023.76327816
-234.209404278
-406.069358395
-30.7788406577
120.858191691
-106.415492231
-756.00693915
-527.632923308
-358.475940325
749.325316636
936.454519105
794.821499531
-30.1171548174
-223.638631112
-109.742828257
-111.913010911
-37.4828691941
4972.07901476
3515.51232076
-1946.94564257
-3646.04222755
-2962.74429382
-907.357199673
2073.14037959
3884.20608989
743.019965962
-889.910767894
-364.097033249
1323.45435601
723.430544683
-18.101199375
-847.822463751
-1987.63459051
-672.040458583
1073.87776104
1836.60663457
236.317639262
120.657395197
51.4308031261
410.757423741
555.532569792
287.135187302
-713.876452381
-1567.47605958
-381.007730073
401.622001943
969.682759277
538.138002067
485.212546975
-79.3178319996
23.5756073455
349.054311131
49.0765989244
-412.484568758
-741.537078419
-178.075454862
-41.429871212
492.492857424
464.082053498
347.691968502
2.10703318424
60.4115259252
162.392241933
-99.7387501848
-161.678369679
4574.66991736
2846.75444487
-1850.74288586
-3193.50403261
-2079.55900161
-334.686927921
1493.29281447
2526.61140956
5.30438133143
-690.148548517
362.998429951
2127.79069971
601.689030718
-719.499081141
-830.131842098
-1022.13112429
-139.84053997
553.972031099
558.495799319
-891.165657805
100.833094986
1255.36947652
1459.51941841
371.015795183
-374.896127378
-646.289078597
-883.906342387
109.337384352
164.948406328
-197.923691493
-623.274203401
467.090728663
946.999836308
676.369769265
287.50913498
-140.118876968
-204.431113509
-225.350508734
254.882977796
-339.451892935
-682.554620155
-430.412272076
401.878291904
635.970008142
416.304637809
291.02909724
-80.4704056608
49.8036228747
5275.76556818
2897.69873458
-2781.35969656
-3794.79607613
-1876.84589815
188.644540418
1444.9564612
1861.60656468
-483.306741882
-568.3820608
1313.03870985
3126.74875744
557.027417525
-1595.09142753
-1216.87099911
-804.428724117
155.714021835
400.35280305
-145.866231962
-1407.4685863
335.032308617
2188.19521216
2096.3079505
256.998951473
-856.416895863
-815.269332034
-643.127058808
297.080464527
-82.6799983103
-843.394608733
-947.279699499
697.965620126
1522.52161412
1070.16427256
256.079737569
-362.9516864
-289.932509605
-68.3769471283
227.238655206
-594.56369819
-998.362749271
-515.103195544
554.130752683
924.722485986
641.497088935
239.265798893
-136.979537767
69.3205327428
5007.36257768
2469.05786714
-2967.09271424
-3325.50405538
-1214.49417301
505.049310751
1100.62024668
1090.83484328
-804.215654396
-188.514272123
1885.89034601
2858.25943807
-40.9861757448
-1507.92716958
-850.719854004
-312.841232657
262.259072316
-93.7282444625
-628.544178793
-1022.22841539
843.949866983
1839.04507915
1247.0263955
-147.770426981
-312.304566209
-26.8173484566
-4.71399388555
-18.2054354693
-694.046412596
-809.786704304
-375.272021165
756.517849542
693.86265521
308.789586839
106.098611073
357.111572781
411.467986765
129.450082097
-197.522974652
-632.455403203
-421.06764771
-126.602835174
161.873633743
-97.0010939421
16.4809615113
280.098279429
502.356130045
387.819325784
5147.84430439
2490.49740232
-2828.60217621
-2704.81195552
-448.716751935
477.974842123
-199.659097143
-237.346614854
-1129.6117087
318.281180935
2550.51337603
3039.54902849
-426.60537739
-1118.89533155
343.004688633
711.44891382
-95.9408064378
-1465.34660692
-1538.66376342
-1103.17639372
1121.37312468
1725.931469
644.336382061
-449.874737596
747.521217201
1470.22522477
640.15479137
-550.003403333
-1434.78530093
-1057.06198368
-340.867888074
585.972130534
-119.961633352
-499.9321373
222.324128821
1441.33540911
1290.34786896
324.899280764
-331.361667676
-583.005681516
-194.434226758
-117.399309999
-375.486837853
-1016.980759
-471.60884796
503.09879552
963.606607717
580.298150884
5243.99761834
2572.44700196
-2473.65008316
-2090.97562896
-75.4173734973
220.273497659
-943.060328105
-1022.7653085
-1378.39179895
485.82433748
2742.9201053
2781.12818633
-588.584129822
-629.473586653
1270.28814034
1243.18573246
-579.09165233
-1895.61886362
-1419.16287934
-809.498996
734.326845572
877.352303771
-52.6911007144
-218.858384095
1550.69526199
1818.70480798
334.559302857
-615.174753477
-566.921554685
-375.569067823
-487.717146533
-286.613620254
-669.594094361
-504.48288669
399.40890635
1106.50895032
571.247144317
184.017576654
444.303939423
393.397419295
-36.4290195825
-302.842054892
-357.583905
-612.280148599
-379.62744745
-2.04635037242
60.2470260765
-19.4843248602
318.834147311
516.373912441
296.132833123
182.968982492
198.437368252
6.76093451091
-252.949151228
-184.243263487
-165.871785213
-251.210020207
-176.892949825
33.1526431008
46.0977868851
62.4444719564
225.704492241
245.882836539
95.6770475809
62.5602142237
110.301616242
-15.2396037016
-128.357307289
-106.599733057
-98.6515377356
-144.017568373
-65.4472008977
28.2940509314
12.6472530536
33.7587107008
137.804710152
149.382266652
67.643443818
55.6146472429
48.0922189095
-28.3865874894
-80.0092267786
-66.7437123156
-88.8514907823
-108.138020181
-47.7967272208
15.5316492559
21.4469301115
46.2905328215
97.5039298475
91.2621016113
54.1239578673
41.8234660297
17.3863637018
-39.5218748118
-61.8673099514
-52.909541084
-59.4869928617
-56.3373769075
-15.0906124085
19.4958654269
28.6702601008
47.1965330207
62.7548308536
47.2755020303
23.4007849227
11.9781535268
-8.96909951146
-35.813404027
-41.2529721167
-33.7184959355
-30.8692356553
-19.8391801047
3.44513482835
18.2573468028
23.1323825364
29.7263094429
30.3618904145
18.0616132718
5.7592470207
-1.67066605002
-11.8721537692
-20.5570288173
-19.3950566168
-14.2044475487
-10.1191626576
-2.70394829419
6.57944421164
10.9542826569
11.853080658
12.6512178504
10.1869337284
4.10250910627
-0.8014099423
-3.66236644356
-6.74125161723
-8.09056146799
-6.3280951915
-3.88805027644
-1.70906473725
1.29494008408
3.99294875484
4.53443192821
4.27072256343
3.77711596418
2.3441006899
0.394584236121
-0.906830050655
-1.68138535325
-2.28151770273
-2.09146081645
-1.42823801037
-0.785212211446
-0.194670357902
0.458828810295
0.843480207596
0.780675407195
0.541316369798
0.514250551308
0.488538023742
0.464111122555
0.440905566428
0.418860288106
0.397917273701
0.378021410016
0.359120339515
0.341164322539
0.324106106412
0.307900801092
0.292505761037
0.277880472985
0.263986449336
0.250787126869
0.238247770526
0.226335381999
0.215018612899
0.204267682255
0.194054298142
0.184351583235
0.175134004073
0.166377303869
0.158058438676
0.150155516742
0.142647740905
0.13551535386
0.128739586167
0.122302606858
0.116187476515
0.11037810269
0.104859197555
0.0996162376774
0.0946354257936
0.0899036545039
0.0854084717787
0.0811380481898
0.0770811457803
0.0732270884913
0.0695657340667
0.0660874473634
0.0627830749952
0.0596439212454
0.0566617251832
0.053828638924
0.0511372069778
0.0485803466289
0.0461513292975
0.0438437628326
0.041651574691
0.0395689959564
0.0375905461586
0.0357110188507
0.0339254679081
0.0322291945127
0.0306177347871
0.0290868480477
0.0276325056453
0.0262508803631
0.0249383363449
0.0236914195277
0.0225068485513
0.0213815061237
0.0203124308175
0.0192968092767
0.0183319688128
0.0174153703722
0.0165446018536
0.0157173717609
0.0149315031729
0.0141849280142
0.0134756816135
0.0128018975328
0.0121618026562
0.0115537125234
0.0109760268972
0.0104272255523
0.00990586427473
0.009410571061
0.00894004250795
0.00849304038255
0.00806838836342
0.00766496894525
0.00728172049799
0.00691763447309
0.00657175274943
0.00624316511196
0.00593100685636
0.00563445651355
0.00535273368787
0.00508509700348
0.0048308421533
0.00458930004564
0.00435983504335
0.00414184329119
0.00393475112663
0.0037380135703
0.00355111289178
0.00337355724719
0.00320487938483
0.00304463541559
0.00289240364481
0.00274778346257
0.00261039428944
0.00247987457497
0.00235588084622
0.00223808680391
0.00212618246372
0.00201987334053
0.0019188796735
0.00182293568983
0.00173178890534
0.00164519946007
0.00156293948707
0.00148479251271
0.00141055288708
0.00134002524272
0.00127302398059
0.00120937278156
0.00114890414248
0.00109145893536
0.00103688598859
0.000985041689159
0.000935789604701
0.000889000124466
0.000844550118242
0.00080232261233
0.000762206481714
0.000724096157628
0.000687891349747
0.000653496782259
0.000620821943146
0.000589780845989
0.00056029180369
0.000532277213505
0.00050566335283
0.000480380185188
0.000456361175929
0.000433543117132
0.000411865961276
0.000391272663212
0.000371709030051
0.000353123578549
0.000335467399621
0.00031869402964
0.000302759328158
0.00028762136175
0.000273240293663
0.00025957827898
0.000246599365031
0.000234269396779
0.00022255592694
0.000211428130593
0.000200856724064
0.00019081388786
0.000181273193467
0.000172209533794
0.000163599057104
0.000155419104249
0.000147648149037
0.000140265741585
0.000133252454506
0.00012658983178
0.000120260340191
0.000114247323182
0.000108534957023
0.000103108209172
9.79527987129e-05
9.30551587773e-05
8.84024008384e-05
8.39822807965e-05
7.97831667567e-05
7.57940084188e-05
7.20043079979e-05
6.8404092598e-05
6.49838879681e-05
6.17346935697e-05
5.86479588912e-05
5.57155609467e-05
5.29297828993e-05
5.02832937544e-05
4.77691290666e-05
4.53806726133e-05
4.31116389826e-05
4.09560570335e-05
3.89082541818e-05
3.69628414727e-05
3.51146993991e-05
3.33589644291e-05
3.16910162077e-05
3.01064653973e-05
2.86011421274e-05
2.71710850211e-05
2.581253077e-05
2.45219042315e-05
2.32958090199e-05
2.21310185689e-05
2.10244676405e-05
1.99732442585e-05
1.89745820455e-05
1.80258529433e-05
1.71245602961e-05
1.62683322813e-05
1.54549156672e-05
1.46821698839e-05
1.39480613897e-05
1.32506583202e-05
1.25881254042e-05
1.1958719134e-05
1.13607831773e-05
1.07927440184e-05
1.02531068175e-05
9.74045147662e-06
9.25342890279e-06
8.79075745765e-06
8.35121958477e-06
7.93365860553e-06
7.53697567525e-06
7.16012689149e-06
6.80212054691e-06
6.46201451957e-06
6.13891379359e-06
5.83196810391e-06
5.54036969872e-06
5.26335121378e-06
5.00018365309e-06
4.75017447044e-06
4.51266574691e-06
4.28703245957e-06
4.07268083659e-06
3.86904679476e-06
3.67559445502e-06
3.49181473227e-06
3.31722399566e-06
3.15136279587e-06
2.99379465608e-06
2.84410492328e-06
2.70189967711e-06
2.56680469326e-06
2.43846445859e-06
2.31654123566e-06
2.20071417388e-06
2.09067846519e-06
1.98614454193e-06
1.88683731483e-06
1.79249544909e-06
1.70287067664e-06
1.6177271428e-06
1.53684078566e-06
1.45999874638e-06
1.38699880906e-06
1.31764886861e-06
1.25176642518e-06
1.18917810392e-06
1.12971919872e-06
1.07323323879e-06
1.01957157685e-06
9.68592998005e-07
9.20163348105e-07
8.741551807e-07
8.30447421665e-07
7.88925050582e-07
7.49478798052e-07
7.1200485815e-07
6.76404615242e-07
6.4258438448e-07
6.10455165256e-07
5.79932406993e-07
5.50935786644e-07
5.23388997312e-07
4.97219547446e-07
4.72358570074e-07
4.4874064157e-07
4.26303609491e-07
4.04988429017e-07
3.84739007566e-07
3.65502057188e-07
3.47226954328e-07
3.29865606612e-07
3.13372326281e-07
2.97703709967e-07
2.82818524469e-07
2.68677598245e-07
2.55243718333e-07
2.42481532417e-07
2.30357455796e-07
2.18839583006e-07
2.07897603856e-07
1.97502723663e-07
1.8762758748e-07
1.78246208106e-07
1.693338977e-07
1.60867202815e-07
1.52823842675e-07
1.45182650541e-07
1.37923518014e-07
1.31027342113e-07
1.24475975008e-07
1.18252176257e-07
1.12339567444e-07
1.06722589072e-07
1.01386459618e-07
9.63171366375e-08
9.15012798057e-08
8.69262158154e-08
8.25799050246e-08
7.84509097734e-08
7.45283642847e-08
7.08019460705e-08
6.7261848767e-08
6.38987563286e-08
6.07038185122e-08
5.76686275866e-08
5.47851962072e-08
5.20459363969e-08
4.9443639577e-08
4.69714575982e-08
4.46228847183e-08
4.23917404824e-08
4.02721534582e-08
3.82585457853e-08
3.63456184961e-08
3.45283375713e-08
3.28019206927e-08
3.11618246581e-08
2.96037334252e-08
2.81235467539e-08
2.67173694162e-08
2.53815009454e-08
2.41124258981e-08
2.29068046032e-08
2.17614643731e-08
2.06733911544e-08
1.96397215967e-08
1.86577355169e-08
1.7724848741e-08
1.6838606304e-08
1.59966759888e-08
1.51968421893e-08
1.44370000799e-08
1.37151500759e-08
1.30293925721e-08
1.23779229435e-08
1.17590267963e-08
1.11710754565e-08
1.06125216837e-08
1.00818955995e-08
9.5778008195e-09
9.09891077852e-09
8.6439652396e-09
8.21176697762e-09
7.80117862874e-09
7.4111196973e-09
7.04056371243e-09
6.68853552681e-09
6.35410875047e-09
6.03640331295e-09
5.7345831473e-09
5.44785398994e-09
5.17546129044e-09
4.91668822592e-09
4.67085381462e-09
4.43731112389e-09
4.2154455677e-09
4.00467328931e-09
3.80443962485e-09
3.6142176436e-09
3.43350676142e-09
3.26183142335e-09
3.09873985218e-09
2.94380285958e-09
2.7966127166e-09
2.65678208077e-09
2.52394297673e-09
2.39774582789e-09
2.2778585365e-09
2.16396560967e-09
2.05576732919e-09
1.95297896273e-09
1.85533001459e-09
1.76256351386e-09
1.67443533817e-09
1.59071357126e-09
1.5111778927e-09
1.43561899806e-09
1.36383804816e-09
1.29564614575e-09
1.23086383846e-09
1.16932064654e-09
1.11085461421e-09
1.0553118835e-09
1.00254628933e-09
9.52418974862e-10
9.04798026119e-10
8.59558124813e-10
8.16580218572e-10
7.75751207644e-10
7.36963647262e-10
7.00115464899e-10
6.65109691654e-10
6.31854207071e-10
6.00261496717e-10
5.70248421881e-10
5.41736000787e-10
5.14649200748e-10
4.88916740711e-10
4.64470903675e-10
4.41247358491e-10
4.19184990567e-10
3.98225741038e-10
3.78314453987e-10
3.59398731287e-10
3.41428794723e-10
3.24357354987e-10
3.08139487237e-10
2.92732512875e-10
2.78095887232e-10
2.6419109287e-10
2.50981538227e-10
2.38432461315e-10
2.2651083825e-10
2.15185296337e-10
2.0442603152e-10
1.94204729944e-10
1.84494493447e-10
1.75269768775e-10
1.66506280336e-10
1.58180966319e-10
1.50271918003e-10
1.42758322103e-10
1.35620405998e-10
1.28839385698e-10
1.22397416413e-10
1.16277545592e-10
1.10463668313e-10
1.04940484897e-10
9.96934606523e-11
9.47087876197e-11
8.99733482387e-11
8.54746808268e-11
8.12009467854e-11
7.71408994461e-11
7.32838544738e-11
6.96196617501e-11
6.61386786626e-11
6.28317447295e-11
5.9690157493e-11
5.67056496184e-11
5.38703671375e-11
5.11768487806e-11
4.86180063416e-11
4.61871060245e-11
4.38777507233e-11
4.16838631871e-11
3.95996700277e-11
3.76196865264e-11
3.57387022e-11
3.395176709e-11
3.22541787355e-11
3.06414697988e-11
2.91093963088e-11
2.76539264934e-11
2.62712301687e-11
2.49576686603e-11
2.37097852273e-11
2.25242959659e-11
2.13980811676e-11
2.03281771092e-11
1.93117682538e-11
1.83461798411e-11
1.7428870849e-11
1.65574273066e-11
1.57295559412e-11
1.49430781442e-11
1.4195924237e-11
1.34861280251e-11
1.28118216239e-11
1.21712305427e-11
1.15626690155e-11
1.09845355648e-11
1.04353087865e-11
9.9135433472e-12
9.41786617984e-12
8.94697287084e-12
8.4996242273e-12
8.07464301594e-12
7.67091086514e-12
7.28736532188e-12
6.92299705579e-12
6.576847203e-12
6.24800484285e-12
5.93560460071e-12
5.63882437067e-12
5.35688315214e-12
5.08903899453e-12
4.8345870448e-12
4.59285769256e-12
4.36321480794e-12
4.14505406754e-12
3.93780136416e-12
3.74091129595e-12
3.55386573116e-12
3.3761724446e-12
3.20736382237e-12
3.04699563125e-12
2.89464584969e-12
2.7499135572e-12
2.61241787934e-12
2.48179698538e-12
2.35770713611e-12
2.2398217793e-12
2.12783069034e-12
2.02143915582e-12
1.92036719803e-12
1.82434883813e-12
1.73313139622e-12
1.64647482641e-12
1.56415108509e-12
1.48594353084e-12
1.41164635429e-12
1.34106403658e-12
1.27401083475e-12
1.21031029301e-12
1.14979477836e-12
1.09230503944e-12
1.03768978747e-12
9.85805298098e-13
9.36515033193e-13
8.89689281533e-13
8.45204817457e-13
8.02944576584e-13
7.62797347755e-13
7.24657480367e-13
6.88424606349e-13
6.54003376031e-13
6.2130320723e-13
5.90238046868e-13
5.60726144525e-13
5.32689837298e-13
5.06055345434e-13
4.80752578162e-13
4.56714949254e-13
4.33879201791e-13
4.12185241702e-13
3.91575979616e-13
3.71997180636e-13
3.53397321604e-13
3.35727455524e-13
3.18941082747e-13
3.0299402861e-13
2.8784432718e-13
2.73452110821e-13
2.5977950528e-13
2.46790530016e-13
2.34451003515e-13
2.22728453339e-13
2.11592030672e-13
2.01012429139e-13
1.90961807682e-13
1.81413717298e-13
1.72343031433e-13
1.63725879861e-13
1.55539585868e-13
1.47762606575e-13
1.40374476246e-13
1.33355752434e-13
1.26687964812e-13
1.20353566571e-13
1.14335888243e-13
1.08619093831e-13
1.03188139139e-13
9.80287321821e-14
9.3127295573e-14
8.84709307943e-14
8.40473842546e-14
7.98450150419e-14
7.58527642898e-14
7.20601260753e-14
6.84571197715e-14
6.5034263783e-14
6.17825505938e-14
5.86934230641e-14
5.57587519109e-14
5.29708143154e-14
5.03222735996e-14
4.78061599196e-14
4.54158519236e-14
4.31450593275e-14
4.09878063611e-14
3.8938416043e-14
3.69914952409e-14
3.51419204788e-14
3.33848244549e-14
3.17155832321e-14
3.01298040705e-14
2.8623313867e-14
2.71921481737e-14
2.5832540765e-14
2.45409137267e-14
2.33138680404e-14
2.21481746384e-14
2.10407659065e-14
1.99887276111e-14
1.89892912306e-14
1.8039826669e-14
1.71378353356e-14
1.62809435688e-14
1.54668963904e-14
1.46935515709e-14
1.39588739923e-14
1.32609302927e-14
1.25978837781e-14
1.19679895892e-14
1.13695901097e-14
1.08011106042e-14
1.0261055074e-14
9.74800232031e-15
9.26060220429e-15
8.79757209408e-15
8.35769348937e-15
7.9398088149e-15
7.54281837416e-15
7.16567745545e-15
6.80739358268e-15
6.46702390354e-15
6.14367270837e-15
5.83648907295e-15
5.5446646193e-15
5.26743138834e-15
5.00405981892e-15
4.75385682797e-15
4.51616398657e-15
4.29035578725e-15
4.07583799788e-15
3.87204609799e-15
3.67844379309e-15
3.49452160344e-15
3.31979552326e-15
3.1538057471e-15
2.99611545975e-15
2.84630968676e-15
2.70399420242e-15
2.5687944923e-15
2.44035476768e-15
2.3183370293e-15
2.20242017783e-15
2.09229916894e-15
1.9876842105e-15
1.88829999997e-15
1.79388499997e-15
1.70419074997e-15
1.61898121248e-15
1.53803215185e-15
1.46113054426e-15
1.38807401705e-15
1.31867031619e-15
1.25273680038e-15
1.19009996036e-15
1.13059496235e-15
1.07406521423e-15
1.02036195352e-15
9.69343855842e-16
9.2087666305e-16
8.74832829897e-16
8.31091188402e-16
7.89536628982e-16
7.50059797533e-16
7.12556807657e-16
6.76928967274e-16
6.4308251891e-16
6.10928392965e-16
5.80381973316e-16
5.51362874651e-16
5.23794730918e-16
4.97604994372e-16
4.72724744653e-16
4.49088507421e-16
4.2663408205e-16
4.05302377947e-16
3.8503725905e-16
3.65785396097e-16
3.47496126293e-16
3.30121319978e-16
3.13615253979e-16
2.9793449128e-16
2.83037766716e-16
2.6888587838e-16
2.55441584461e-16
2.42669505238e-16
2.30536029976e-16
2.19009228477e-16
2.08058767054e-16
1.97655828701e-16
1.87773037266e-16
1.78384385403e-16
1.69465166132e-16
1.60991907826e-16
1.52942312435e-16
1.45295196813e-16
1.38030436972e-16
1.31128915124e-16
1.24572469367e-16
1.18343845899e-16
1.12426653604e-16
1.06805320924e-16
1.01465054878e-16
9.63918021338e-17
9.15722120271e-17
8.69936014257e-17
8.26439213544e-17
7.85117252867e-17
7.45861390224e-17
7.08568320713e-17
6.73139904677e-17
6.39482909443e-17
6.07508763971e-17
5.77133325773e-17
5.48276659484e-17
5.2086282651e-17
4.94819685184e-17
4.70078700925e-17
4.46574765879e-17
4.24246027585e-17
4.03033726206e-17
3.82882039895e-17
3.63737937901e-17
3.45551041005e-17
3.28273488955e-17
3.11859814507e-17
2.96266823782e-17
2.81453482593e-17
2.67380808463e-17
2.5401176804e-17
2.41311179638e-17
2.29245620656e-17
2.17783339623e-17
2.06894172642e-17
1.9654946401e-17
1.8672199081e-17
1.77385891269e-17
1.68516596706e-17
1.6009076687e-17
1.52086228527e-17
1.44481917101e-17
1.37257821246e-17
1.30394930183e-17
1.23875183674e-17
1.1768142449e-17
1.11797353266e-17
1.06207485603e-17
1.00897111322e-17
9.58522557563e-18
9.10596429685e-18
8.65066608201e-18
8.21813277791e-18
7.80722613901e-18
7.41686483206e-18
7.04602159046e-18
6.69372051094e-18
6.35903448539e-18
6.04108276112e-18
5.73902862306e-18
5.45207719191e-18
5.17947333231e-18
4.9204996657e-18
4.67447468241e-18
4.44075094829e-18
4.21871340088e-18
4.00777773083e-18
3.80738884429e-18
3.61701940208e-18
3.43616843197e-18
3.26436001038e-18
3.10114200986e-18
2.94608490936e-18
2.7987806639e-18
2.6588416307e-18
2.52589954917e-18
2.39960457171e-18
2.27962434312e-18
2.16564312597e-18
2.05736096967e-18
1.95449292118e-18
1.85676827513e-18
1.76392986137e-18
1.6757333683e-18
1.59194669989e-18
1.51234936489e-18
1.43673189665e-18
1.36489530181e-18
1.29665053672e-18
1.23181800989e-18
1.17022710939e-18
1.11171575392e-18
1.05612996623e-18
1.00332346792e-18
9.5315729452e-19
9.05499429794e-19
8.60224458304e-19
8.17213235389e-19
7.7635257362e-19
7.37534944939e-19
7.00658197692e-19
6.65625287807e-19
6.32344023417e-19
6.00726822246e-19
5.70690481134e-19
5.42155957077e-19
5.15048159223e-19
4.89295751262e-19
4.64830963699e-19
4.41589415514e-19
4.19509944738e-19
3.98534447501e-19
3.78607725126e-19
3.5967733887e-19
3.41693471926e-19
3.2460879833e-19
3.08378358414e-19
2.92959440493e-19
2.78311468468e-19
2.64395895045e-19
2.51176100293e-19
2.38617295278e-19
2.26686430514e-19
2.15352108988e-19
2.04584503539e-19
1.94355278362e-19
1.84637514444e-19
1.75405638722e-19
1.66635356786e-19
1.58303588946e-19
1.50388409499e-19
1.42868989024e-19
1.35725539573e-19
1.28939262594e-19
1.22492299465e-19
1.16367684491e-19
1.10549300267e-19
1.05021835253e-19
9.97707434907e-20
9.47822063162e-20
9.00430960004e-20
8.55409412004e-20
8.12638941404e-20
7.72006994333e-20
7.33406644617e-20
6.96736312386e-20
6.61899496767e-20
6.28804521928e-20
5.97364295832e-20
5.6749608104e-20
5.39121276988e-20
5.12165213139e-20
4.86556952482e-20
4.62229104858e-20
4.39117649615e-20
4.17161767134e-20
3.96303678777e-20
3.76488494839e-20
3.57664070097e-20
3.39780866592e-20
3.22791823262e-20
3.06652232099e-20
2.91319620494e-20
2.76753639469e-20
2.62915957496e-20
2.49770159621e-20
2.3728165164e-20
2.25417569058e-20
2.14146690605e-20
2.03439356075e-20
1.93267388271e-20
1.83604018858e-20
1.74423817915e-20
1.65702627019e-20
1.57417495668e-20
1.49546620885e-20
1.4206928984e-20
1.34965825348e-20
1.28217534081e-20
1.21806657377e-20
1.15716324508e-20
1.09930508283e-20
1.04433982869e-20
9.92122837251e-21
9.42516695389e-21
8.95390860619e-21
8.50621317588e-21
8.08090251709e-21
7.67685739123e-21
7.29301452167e-21
6.92836379559e-21
6.58194560581e-21
6.25284832552e-21
5.94020590924e-21
5.64319561378e-21
5.36103583309e-21
5.09298404144e-21
4.83833483937e-21
4.5964180974e-21
4.36659719253e-21
4.1482673329e-21
3.94085396626e-21
3.74381126794e-21
3.55662070455e-21
3.37878966932e-21
3.20985018585e-21
3.04935767656e-21
2.89688979273e-21
2.7520453031e-21
2.61444303794e-21
2.48372088604e-21
2.35953484174e-21
2.24155809965e-21
2.12948019467e-21
2.02300618494e-21
1.92185587569e-21
1.82576308191e-21
1.73447492781e-21
1.64775118142e-21
1.56536362235e-21
1.48709544123e-21
1.41274066917e-21
1.34210363571e-21
1.27499845393e-21
1.21124853123e-21
1.15068610467e-21
1.09315179944e-21
1.03849420946e-21
9.8656949899e-22
9.37241024041e-22
8.90378972839e-22
8.45860024197e-22
8.03567022987e-22
7.63388671838e-22
7.25219238246e-22
6.88958276333e-22
6.54510362517e-22
6.21784844391e-22
5.90695602171e-22
5.61160822063e-22
5.3310278096e-22
5.06447641912e-22
4.81125259816e-22
4.57068996825e-22
4.34215546984e-22
4.12504769635e-22
3.91879531153e-22
3.72285554595e-22
3.53671276866e-22
3.35987713022e-22
3.19188327371e-22
3.03228911003e-22
2.88067465453e-22
2.7366409218e-22
2.59980887571e-22
2.46981843192e-22
2.34632751033e-22
2.22901113481e-22
2.11756057807e-22
2.01168254917e-22
1.91109842171e-22
1.81554350062e-22
1.72476632559e-22
1.63852800931e-22
1.55660160885e-22
1.4787715284e-22
1.40483295198e-22
1.33459130439e-22
1.26786173917e-22
1.20446865221e-22
1.1442452196e-22
1.08703295862e-22
1.03268131069e-22
9.81047245152e-23
9.31994882895e-23
8.8539513875e-23
8.41125381812e-23
7.99069112722e-23
7.59115657086e-23
7.21159874231e-23
6.8510188052e-23
6.50846786494e-23
6.18304447169e-23
5.87389224811e-23
5.5801976357e-23
5.30118775392e-23
5.03612836622e-23
4.78432194791e-23
4.54510585051e-23
4.31785055799e-23
4.10195803009e-23
3.89686012858e-23
3.70201712216e-23
3.51691626605e-23
3.34107045274e-23
3.17401693011e-23
3.0153160836e-23
2.86455027942e-23
2.72132276545e-23
2.58525662718e-23
2.45599379582e-23
2.33319410603e-23
2.21653440073e-23
2.10570768069e-23
2.00042229666e-23
1.90040118182e-23
1.80538112273e-23
1.7151120666e-23
1.62935646327e-23
1.5478886401e-23
1.4704942081e-23
1.39696949769e-23
1.32712102281e-23
1.26076497167e-23
1.19772672308e-23
1.13784038693e-23
1.08094836758e-23
1.0269009492e-23
9.75555901744e-24
9.26778106657e-24
8.80439201324e-24
8.36417241258e-24
7.94596379195e-24
7.54866560235e-24
7.17123232223e-24
6.81267070612e-24
6.47203717082e-24
6.14843531228e-24
5.84101354666e-24
5.54896286933e-24
5.27151472586e-24
5.00793898957e-24
4.75754204009e-24
4.51966493809e-24
4.29368169118e-24
4.07899760662e-24
3.87504772629e-24
3.68129533998e-24
3.49723057298e-24
3.32236904433e-24
3.15625059211e-24
2.99843806251e-24
2.84851615938e-24
2.70609035141e-24
2.57078583384e-24
2.44224654215e-24
2.32013421504e-24
2.20412750429e-24
2.09392112908e-24
1.98922507262e-24
1.88976381899e-24
1.79527562804e-24
1.70551184664e-24
1.62023625431e-24
1.53922444159e-24
1.46226321951e-24
1.38915005854e-24
1.31969255561e-24
1.25370792783e-24
1.19102253144e-24
1.13147140487e-24
1.07489783462e-24
1.02115294289e-24
9.70095295747e-25
9.2159053096e-25
8.75511004412e-25
8.31735454191e-25
7.90148681482e-25
7.50641247408e-25
7.13109185037e-25
6.77453725785e-25
6.43581039496e-25
6.11401987521e-25
5.80831888145e-25
5.51790293738e-25
5.24200779051e-25
4.97990740098e-25
4.73091203094e-25
4.49436642939e-25
4.26964810792e-25
4.05616570252e-25
3.8533574174e-25
3.66068954653e-25
3.4776550692e-25
3.30377231574e-25
3.13858369995e-25
2.98165451496e-25
2.83257178921e-25
2.69094319975e-25
2.55639603976e-25
2.42857623777e-25
2.30714742588e-25
2.19179005459e-25
2.08220055186e-25
1.97809052427e-25
1.87918599805e-25
1.78522669815e-25
1.69596536324e-25
1.61116709508e-25
1.53060874033e-25
1.45407830331e-25
1.38137438815e-25
1.31230566874e-25
1.2466903853e-25
1.18435586604e-25
1.12513807273e-25
1.0688811691e-25
1.01543711064e-25
9.64665255111e-26
9.16431992355e-26
8.70610392737e-26
8.270798731e-26
7.85725879445e-26
7.46439585473e-26
7.09117606199e-26
6.7366172589e-26
6.39978639595e-26
6.07979707615e-26
5.77580722235e-26
5.48701686123e-26
5.21266601817e-26
4.95203271726e-26
4.7044310814e-26
4.46920952733e-26
4.24574905096e-26
4.03346159841e-26
3.83178851849e-26
3.64019909257e-26
3.45818913794e-26
3.28527968104e-26
3.12101569699e-26
2.96496491214e-26
2.81671666653e-26
2.67588083321e-26
2.54208679155e-26
2.41498245197e-26
2.29423332937e-26
2.1795216629e-26
2.07054557976e-26
1.96701830077e-26
1.86866738573e-26
1.77523401644e-26
1.68647231562e-26
1.60214869984e-26
1.52204126485e-26
1.44593920161e-26
1.37364224153e-26
1.30496012945e-26
1.23971212298e-26
1.17772651683e-26
1.11884019099e-26
1.06289818144e-26
1.00975327237e-26
9.59265608747e-27
9.1130232831e-27
8.65737211894e-27
8.224503513e-27
7.81327833735e-27
7.42261442048e-27
7.05148369945e-27
6.69890951448e-27
6.36396403876e-27
6.04576583682e-27
5.74347754498e-27
5.45630366773e-27
5.18348848434e-27
4.92431406013e-27
4.67809835712e-27
4.44419343926e-27
4.2219837673e-27
4.01088457894e-27
3.81034034999e-27
3.61982333249e-27
3.43883216587e-27
3.26689055757e-27
3.10354602969e-27
2.94836872821e-27
2.8009502918e-27
2.66090277721e-27
2.52785763835e-27
2.40146475643e-27
2.28139151861e-27
2.16732194268e-27
2.05895584554e-27
1.95600805327e-27
1.8582076506e-27
1.76529726807e-27
1.67703240467e-27
1.59318078444e-27
1.51352174521e-27
1.43784565795e-27
1.36595337506e-27
1.2976557063e-27
1.23277292099e-27
1.17113427494e-27
1.11257756119e-27
1.05694868313e-27
1.00410124898e-27
9.53896186527e-28
9.06201377201e-28
8.60891308341e-28
8.17846742924e-28
7.76954405777e-28
7.38106685489e-28
7.01201351214e-28
6.66141283653e-28
6.32834219471e-28
6.01192508497e-28
5.71132883072e-28
5.42576238919e-28
5.15447426973e-28
4.89675055624e-28
4.65191302843e-28
4.41931737701e-28
4.19835150816e-28
3.98843393275e-28
3.78901223611e-28
3.59956162431e-28
3.41958354309e-28
3.24860436594e-28
3.08617414764e-28
2.93186544026e-28
2.78527216824e-28
2.64600855983e-28
2.51370813184e-28
2.38802272525e-28
2.26862158899e-28
2.15519050954e-28
2.04743098406e-28
1.94505943486e-28
1.84780646311e-28
1.75541613996e-28
1.66764533296e-28
1.58426306631e-28
1.505049913e-28
1.42979741735e-28
1.35830754648e-28
1.29039216916e-28
1.2258725607e-28
1.16457893266e-28
1.10634998603e-28
1.05103248673e-28
9.98480862392e-29
9.48556819272e-29
9.01128978309e-29
8.56072529393e-29
8.13268902924e-29
7.72605457778e-29
7.33975184889e-29
6.97276425644e-29
6.62412604362e-29
6.29291974144e-29
5.97827375437e-29
5.67936006665e-29
5.39539206332e-29
5.12562246015e-29
4.86934133714e-29
4.62587427029e-29
4.39458055677e-29
4.17485152893e-29
3.96610895249e-29
3.76780350486e-29
3.57941332962e-29
3.40044266314e-29
3.23042052998e-29
3.06889950348e-29
2.91545452831e-29
2.76968180189e-29
2.6311977118e-29
2.49963782621e-29
2.3746559349e-29
2.25592313815e-29
2.14312698125e-29
2.03597063218e-29
1.93417210057e-29
1.83746349555e-29
1.74559032077e-29
1.65831080473e-29
1.57539526449e-29
1.49662550127e-29
1.4217942262e-29
1.35070451489e-29
1.28316928915e-29
1.21901082469e-29
1.15806028346e-29
1.10015726928e-29
1.04514940582e-29
9.9289193553e-30
9.43247338753e-30
8.96084971815e-30
8.51280723225e-30
8.08716687063e-30
7.6828085271e-30
7.29866810075e-30
6.93373469571e-30
6.58704796093e-30
6.25769556288e-30
5.94481078473e-30
5.6475702455e-30
5.36519173322e-30
5.09693214656e-30
4.84208553923e-30
4.59998126227e-30
4.36998219916e-30
4.1514830892e-30
3.94390893474e-30
3.746713488e-30
3.5593778136e-30
3.38140892292e-30
3.21233847678e-30
3.05172155294e-30
2.89913547529e-30
2.75417870153e-30
2.61646976645e-30
2.48564627813e-30
2.36136396422e-30
2.24329576601e-30
2.13113097771e-30
2.02457442882e-30
1.92334570738e-30
1.82717842201e-30
1.73581950091e-30
1.64902852587e-30
1.56657709957e-30
1.4882482446e-30
1.41383583237e-30
1.34314404075e-30
1.27598683871e-30
1.21218749677e-30
1.15157812194e-30
1.09399921584e-30
1.03929925505e-30
9.87334292295e-31
9.3796757768e-31
8.91069198796e-31
8.46515738856e-31
8.04189951913e-31
7.63980454318e-31
7.25781431602e-31
6.89492360022e-31
6.55017742021e-31
6.2226685492e-31
5.91153512174e-31
5.61595836565e-31
5.33516044737e-31
5.068402425e-31
4.81498230375e-31
4.57423318856e-31
4.34552152913e-31
4.12824545268e-31
3.92183318004e-31
3.72574152104e-31
3.53945444499e-31
3.36248172274e-31
3.1943576366e-31
3.03463975477e-31
2.88290776703e-31
2.73876237868e-31
2.60182425975e-31
2.47173304676e-31
2.34814639442e-31
2.2307390747e-31
2.11920212097e-31
2.01324201492e-31
1.91257991417e-31
1.81695091846e-31
1.72610337254e-31
1.63979820391e-31
1.55780829372e-31
1.47991787903e-31
1.40592198508e-31
1.33562588583e-31
1.26884459153e-31
1.20540236196e-31
1.14513224386e-31
1.08787563167e-31
1.03348185008e-31
9.8180775758e-32
9.32717369701e-32
8.86081501216e-32
8.41777426155e-32
7.99688554847e-32
7.59704127105e-32
7.21718920749e-32
6.85632974712e-32
6.51351325976e-32
6.18783759678e-32
5.87844571694e-32
5.58452343109e-32
5.30529725954e-32
5.04003239656e-32
4.78803077673e-32
4.54862923789e-32
4.321197776e-32
4.1051378872e-32
3.89988099284e-32
3.7048869432e-32
3.51964259604e-32
3.34366046624e-32
3.17647744292e-32
3.01765357078e-32
2.86677089224e-32
2.72343234763e-32
2.58726073025e-32
2.45789769373e-32
2.33500280905e-32
2.21825266859e-32
2.10734003516e-32
2.00197303341e-32
1.90187438174e-32
1.80678066265e-32
1.71644162952e-32
1.63061954804e-32
1.54908857064e-32
1.47163414211e-32
1.398052435e-32
1.32814981325e-32
1.26174232259e-32
1.19865520646e-32
1.13872244614e-32
1.08178632383e-32
1.02769700764e-32
9.76312157256e-33
9.27496549394e-33
8.81121721924e-33
8.37065635828e-33
7.95212354036e-33
7.55451736334e-33
7.17679149518e-33
6.81795192042e-33
6.4770543244e-33
6.15320160818e-33
5.84554152777e-33
5.55326445138e-33
5.27560122881e-33
5.01182116737e-33
4.761230109e-33
4.52316860355e-33
4.29701017337e-33
4.08215966471e-33
3.87805168147e-33
3.6841490974e-33
3.49994164253e-33
3.3249445604e-33
3.15869733238e-33
3.00076246576e-33
2.85072434247e-33
2.70818812535e-33
2.57277871908e-33
2.44413978313e-33
2.32193279397e-33
2.20583615427e-33
2.09554434656e-33
1.99076712923e-33
1.89122877277e-33
1.79666733413e-33
1.70683396743e-33
1.62149226905e-33
1.5404176556e-33
1.46339677282e-33
1.39022693418e-33
1.32071558747e-33
1.2546798081e-33
1.19194581769e-33
1.13234852681e-33
1.07573110047e-33
1.02194454544e-33
9.70847318172e-34
9.22304952263e-34
8.7618970465e-34
8.32380219418e-34
7.90761208447e-34
7.51223148024e-34
7.13661990623e-34
6.77978891092e-34
6.44079946537e-34
6.11875949211e-34
5.8128215175e-34
5.52218044163e-34
5.24607141954e-34
4.98376784857e-34
4.73457945614e-34
4.49785048333e-34
4.27295795917e-34
4.05931006121e-34
3.85634455815e-34
3.66352733024e-34
3.48035096373e-34
3.30633341554e-34
3.14101674476e-34
2.98396590753e-34
2.83476761215e-34
2.69302923154e-34
2.55837776996e-34
2.43045888147e-34
2.30893593739e-34
2.19348914052e-34
2.0838146835e-34
1.97962394932e-34
1.88064275186e-34
1.78661061426e-34
1.69728008355e-34
1.61241607937e-34
1.5317952754e-34
1.45520551163e-34
1.38244523605e-34
1.31332297425e-34
1.24765682554e-34
1.18527398426e-34
1.12601028505e-34
1.0697097708e-34
1.01622428226e-34
9.65413068143e-35
9.17142414735e-35
8.71285293999e-35
8.27721029299e-35
7.86334977834e-35
7.47018228942e-35
7.09667317495e-35
6.7418395162e-35
6.40474754039e-35
6.08451016337e-35
5.7802846552e-35
5.49127042244e-35
5.21670690132e-35
4.95587155626e-35
4.70807797844e-35
4.47267407952e-35
4.24904037554e-35
4.03658835677e-35
3.83475893893e-35
3.64302099198e-35
3.46086994238e-35
3.28782644526e-35
3.123435123e-35
2.96726336685e-35
2.81890019851e-35
2.67795518858e-35
2.54405742915e-35
2.4168545577e-35
2.29601182981e-35
2.18121123832e-35
2.0721506764e-35
1.96854314258e-35
1.87011598546e-35
1.77661018618e-35
1.68777967687e-35
1.60339069303e-35
1.52322115838e-35
1.44706010046e-35
1.37470709544e-35
1.30597174066e-35
1.24067315363e-35
1.17863949595e-35
1.11970752115e-35
1.06372214509e-35
1.01053603784e-35
9.60009235948e-36
9.1200877415e-36
8.66408335443e-36
8.23087918671e-36
7.81933522737e-36
7.428368466e-36
7.0569500427e-36
6.70410254057e-36
6.36889741354e-36
6.05045254286e-36
5.74792991572e-36
5.46053341993e-36
5.18750674894e-36
4.92813141149e-36
4.68172484092e-36
4.44763859887e-36
4.22525666893e-36
4.01399383548e-36
3.81329414371e-36
3.62262943652e-36
3.44149796469e-36
3.26942306646e-36
3.10595191314e-36
2.95065431748e-36
2.80312160161e-36
2.66296552153e-36
2.52981724545e-36
2.40332638318e-36
2.28316006402e-36
2.16900206082e-36
2.06055195778e-36
1.95752435989e-36
1.85964814189e-36
1.7666657348e-36
1.67833244806e-36
1.59441582566e-36
1.51469503437e-36
1.43896028265e-36
1.36701226852e-36
1.2986616551e-36
1.23372857234e-36
1.17204214372e-36
1.11344003654e-36
1.05776803471e-36
1.00487963298e-36
9.54635651326e-37
9.0690386876e-37
8.61558675322e-37
8.18480741556e-37
7.77556704478e-37
7.38678869254e-37
7.01744925792e-37
6.66657679502e-37
6.33324795527e-37
6.01658555751e-37
5.71575627963e-37
5.42996846565e-37
5.15847004237e-37
4.90054654025e-37
4.65551921324e-37
4.42274325257e-37
4.20160608994e-37
3.99152578545e-37
3.79194949618e-37
3.60235202137e-37
3.4222344203e-37
3.25112269928e-37
3.08856656432e-37
2.9341382361e-37
2.7874313243e-37
2.64805975808e-37
2.51565677018e-37
2.38987393167e-37
2.27038023509e-37
2.15686122333e-37
2.04901816217e-37
1.94656725406e-37
1.84923889135e-37
1.75677694679e-37
1.66893809945e-37
1.58549119447e-37
1.50621663475e-37
1.43090580301e-37
1.35936051286e-37
1.29139248722e-37
1.22682286286e-37
1.16548171972e-37
1.10720763373e-37
1.05184725204e-37
9.99254889441e-38
9.49292144969e-38
9.01827537721e-38
8.56736160835e-38
8.13899352793e-38
7.73204385153e-38
7.34544165896e-38
6.97816957601e-38
6.62926109721e-38
6.29779804235e-38
5.98290814023e-38
5.68376273322e-38
5.39957459656e-38
5.12959586673e-38
4.87311607339e-38
4.62946026972e-38
4.39798725624e-38
4.17808789343e-38
3.96918349876e-38
3.77072432382e-38
3.58218810763e-38
3.40307870225e-38
3.23292476713e-38
3.07127852878e-38
2.91771460234e-38
2.77182887222e-38
2.63323742861e-38
2.50157555718e-38
2.37649677932e-38
2.25767194035e-38
2.14478834334e-38
2.03754892617e-38
1.93567147986e-38
1.83888790587e-38
1.74694351057e-38
1.65959633505e-38
1.57661651829e-38
1.49778569238e-38
1.42289640776e-38
1.35175158737e-38
1.284164008e-38
1.2199558076e-38
1.15895801722e-38
1.10101011636e-38
1.04595961054e-38
9.93661630017e-39
9.43978548516e-39
8.9677962109e-39
8.51940640036e-39
8.09343608034e-39
7.68876427632e-39
7.3043260625e-39
6.93910975938e-39
6.59215427141e-39
6.26254655784e-39
5.94941922995e-39
5.65194826845e-39
5.36935085503e-39
5.10088331228e-39
4.84583914666e-39
4.60354718933e-39
4.37336982986e-39
4.15470133837e-39
3.94696627145e-39
3.74961795788e-39
3.56213705998e-39
3.38403020699e-39
3.21482869664e-39
3.0540872618e-39
2.90138289871e-39
2.75631375378e-39
2.61849806609e-39
2.48757316279e-39
2.36319450465e-39
2.24503477941e-39
2.13278304044e-39
2.02614388842e-39
1.924836694e-39
1.8285948593e-39
1.73716511633e-39
1.65030686052e-39
1.56779151749e-39
1.48940194162e-39
1.41493184454e-39
1.34418525231e-39
1.27697598969e-39
1.21312719021e-39
1.1524708307e-39
1.09484728916e-39
1.04010492471e-39
9.88099678471e-40
9.38694694547e-40
8.9175995982e-40
8.47171961829e-40
8.04813363737e-40
7.6457269555e-40
7.26344060773e-40
6.90026857734e-40
6.55525514848e-40
6.22749239105e-40
5.9161177715e-40
5.62031188292e-40
5.33929628878e-40
5.07233147434e-40
4.81871490062e-40
4.57777915559e-40
4.34889019781e-40
4.13144568792e-40
3.92487340353e-40
3.72862973335e-40
3.54219824668e-40
3.36508833435e-40
3.19683391763e-40
3.03699222175e-40
2.88514261066e-40
2.74088548013e-40
2.60384120612e-40
2.47364914582e-40
2.34996668852e-40
2.2324683541e-40
2.12084493639e-40
2.01480268957e-40
1.9140625551e-40
1.81835942734e-40
1.72744145597e-40
1.64106938317e-40
1.55901591402e-40
1.48106511832e-40
1.4070118624e-40
1.33666126928e-40
1.26982820582e-40
1.20633679552e-40
1.14601995575e-40
1.08871895796e-40
1.03428301006e-40
9.8256885956e-41
9.33440416582e-41
8.86768395753e-41
8.42429975965e-41
8.00308477167e-41
7.60293053309e-41
7.22278400643e-41
6.86164480611e-41
6.5185625658e-41
6.19263443751e-41
5.88300271564e-41
5.58885257986e-41
5.30940995086e-41
5.04393945332e-41
4.79174248065e-41
4.55215535662e-41
4.32454758879e-41
4.10832020935e-41
3.90290419888e-41
3.70775898894e-41
3.52237103949e-41
3.34625248752e-41
3.17893986314e-41
3.01999286998e-41
2.86899322649e-41
2.72554356516e-41
2.5892663869e-41
2.45980306756e-41
2.33681291418e-41
2.21997226847e-41
2.10897365505e-41
2.0035249723e-41
1.90334872368e-41
1.8081812875e-41
1.71777222312e-41
1.63188361197e-41
1.55028943137e-41
1.4727749598e-41
1.39913621181e-41
1.32917940122e-41
1.26272043116e-41
1.1995844096e-41
1.13960518912e-41
1.08262492966e-41
1.02849368318e-41
9.77068999021e-42
9.2821554907e-42
8.81804771617e-42
8.37714533036e-42
7.95828806384e-42
7.56037366065e-42
7.18235497762e-42
6.82323722874e-42
6.4820753673e-42
6.15797159894e-42
5.85007301899e-42
5.55756936804e-42
5.27969089964e-42
5.01570635466e-42
4.76492103692e-42
4.52667498508e-42
4.30034123582e-42
4.08532417403e-42
3.88105796533e-42
3.68700506706e-42
3.50265481371e-42
3.32752207302e-42
3.16114596937e-42
3.0030886709e-42
2.85293423736e-42
2.71028752549e-42
2.57477314922e-42
2.44603449176e-42
2.32373276717e-42
2.20754612881e-42
2.09716882237e-42
1.99231038125e-42
1.89269486219e-42
1.79806011908e-42
1.70815711312e-42
1.62274925747e-42
1.5416117946e-42
1.46453120487e-42
1.39130464462e-42
1.32173941239e-42
1.25565244177e-42
1.19286981968e-42
1.1332263287e-42
1.07656501226e-42
1.02273676165e-42
9.71599923568e-43
9.2301992739e-43
8.7686893102e-43
8.33025484469e-43
7.91374210246e-43
7.51805499734e-43
7.14215224747e-43
6.78504463509e-43
6.44579240334e-43
6.12350278317e-43
5.81732764401e-43
5.52646126181e-43
5.25013819872e-43
4.98763128879e-43
4.73824972435e-43
4.50133723813e-43
4.27627037622e-43
4.06245685741e-43
3.85933401454e-43
3.66636731381e-43
3.48304894812e-43
3.30889650072e-43
3.14345167568e-43
2.9862790919e-43
2.8369651373e-43
2.69511688044e-43
2.56036103642e-43
2.4323429846e-43
2.31072583537e-43
2.1951895436e-43
2.08543006642e-43
1.9811585631e-43
1.88210063494e-43
1.78799560319e-43
1.69859582303e-43
1.61366603188e-43
1.53298273029e-43
1.45633359377e-43
1.38351691409e-43
1.31434106838e-43
1.24862401496e-43
1.18619281421e-43
1.1268831735e-43
1.07053901483e-43
1.01701206409e-43
9.66161460883e-44
9.17853387838e-44
8.71960718447e-44
8.28362682524e-44
7.86944548398e-44
7.47597320978e-44
7.10217454929e-44
6.74706582183e-44
6.40971253074e-44
6.0892269042e-44
5.78476555899e-44
5.49552728104e-44
5.22075091699e-44
4.95971337114e-44
4.71172770258e-44
4.47614131745e-44
4.25233425158e-44
4.039717539e-44
3.83773166205e-44
3.64584507895e-44
3.463552825e-44
3.29037518375e-44
3.12585642456e-44
2.96956360334e-44
2.82108542317e-44
2.68003115201e-44
2.54602959441e-44
2.41872811469e-44
2.29779170895e-44
2.18290212351e-44
2.07375701733e-44
1.97006916646e-44
1.87156570814e-44
1.77798742273e-44
1.6890880516e-44
1.60463364902e-44
1.52440196657e-44
1.44818186824e-44
1.37577277483e-44
1.30698413609e-44
1.24163492928e-44
1.17955318282e-44
1.12057552368e-44
1.06454674749e-44
1.01131941012e-44
9.60753439612e-45
9.12715767631e-45
8.6707997925e-45
8.23725980287e-45
7.82539681273e-45
7.43412697209e-45
7.06242062349e-45
6.70929959231e-45
6.3738346127e-45
6.05514288206e-45
5.75238573796e-45
5.46476645106e-45
5.19152812851e-45
4.93195172208e-45
4.68535413598e-45
4.45108642918e-45
4.22853210772e-45
4.01710550233e-45
3.81625022722e-45
3.62543771586e-45
3.44416583006e-45
3.27195753856e-45
3.10835966163e-45
2.95294167855e-45
2.80529459462e-45
2.66502986489e-45
2.53177837165e-45
2.40518945307e-45
2.28492998041e-45
2.17068348139e-45
2.06214930732e-45
1.95904184196e-45
1.86108974986e-45
1.76803526237e-45
1.67963349925e-45
1.59565182428e-45
1.51586923307e-45
1.44007577142e-45
1.36807198285e-45
1.2996683837e-45
1.23468496452e-45
1.17295071629e-45
1.11430318048e-45
1.05858802145e-45
1.00565862038e-45
9.55375689362e-46
9.07606904894e-46
8.6222655965e-46
8.19115231667e-46
7.78159470084e-46
7.3925149658e-46
7.02288921751e-46
6.67174475663e-46
6.3381575188e-46
6.02124964286e-46
5.72018716072e-46
5.43417780268e-46
5.16246891255e-46
4.90434546692e-46
4.65912819357e-46
4.42617178389e-46
4.2048631947e-46
3.99462003496e-46
3.79488903322e-46
3.60514458156e-46
3.42488735248e-46
3.25364298485e-46
3.09096083561e-46
2.93641279383e-46
2.78959215414e-46
2.65011254643e-46
2.51760691911e-46
2.39172657315e-46
2.2721402445e-46
2.15853323227e-46
2.05060657066e-46
1.94807624213e-46
1.85067243002e-46
1.75813880852e-46
1.67023186809e-46
1.58672027469e-46
1.50738426095e-46
1.43201504791e-46
1.36041429551e-46
1.29239358074e-46
1.2277739017e-46
1.16638520661e-46
1.10806594628e-46
1.05266264897e-46
1.00002951652e-46
9.50028040694e-47
9.02526638659e-47
8.57400306726e-47
8.1453029139e-47
7.73803776821e-47
7.3511358798e-47
6.98357908581e-47
6.63440013152e-47
6.30268012494e-47
5.98754611869e-47
5.68816881276e-47
5.40376037212e-47
5.13357235351e-47
4.87689373584e-47
4.63304904905e-47
4.40139659659e-47
4.18132676676e-47
3.97226042843e-47
3.77364740701e-47
3.58496503666e-47
3.40571678482e-47
3.23543094558e-47
3.0736593983e-47
2.91997642839e-47
2.77397760697e-47
2.63527872662e-47
2.50351479029e-47
2.37833905077e-47
2.25942209824e-47
2.14645099332e-47
2.03912844366e-47
1.93717202147e-47
1.8403134204e-47
1.74829774938e-47
1.66088286191e-47
1.57783871882e-47
1.49894678288e-47
1.42399944373e-47
1.35279947154e-47
1.28515949797e-47
1.22090152307e-47
1.15985644692e-47
1.10186362457e-47
1.04677044334e-47
9.94431921174e-48
9.44710325116e-48
8.9747480886e-48
8.52601068417e-48
8.09971014996e-48
7.69472464246e-48
7.30998841034e-48
6.94448898982e-48
6.59726454033e-48
6.26740131331e-48
5.95403124765e-48
5.65632968527e-48
5.373513201e-48
5.10483754095e-48
4.84959566391e-48
4.60711588071e-48
4.37676008667e-48
4.15792208234e-48
3.95002597822e-48
3.75252467931e-48
3.56489844535e-48
3.38665352308e-48
3.21732084693e-48
3.05645480458e-48
2.90363206435e-48
2.75845046113e-48
2.62052793808e-48
2.48950154117e-48
2.36502646411e-48
2.24677514091e-48
2.13443638386e-48
2.02771456467e-48
1.92632883644e-48
1.83001239461e-48
1.73851177488e-48
1.65158618614e-48
1.56900687683e-48
1.49055653299e-48
1.41602870634e-48
1.34522727102e-48
1.27796590747e-48
1.2140676121e-48
1.15336423149e-48
1.09569601992e-48
1.04091121892e-48
9.88865657978e-49
9.39422375079e-49
8.92451256325e-49
8.47828693508e-49
8.05437258833e-49
7.65165395891e-49
7.26907126097e-49
6.90561769792e-49
6.56033681302e-49
6.23231997237e-49
5.92070397375e-49
5.62466877507e-49
5.34343533631e-49
5.0762635695e-49
4.82245039102e-49
4.58132787147e-49
4.3522614779e-49
4.134648404e-49
3.9279159838e-49
3.73152018461e-49
3.54494417538e-49
3.36769696661e-49
3.19931211828e-49
3.03934651237e-49
2.88737918675e-49
2.74301022741e-49
2.60585971604e-49
2.47556673024e-49
2.35178839373e-49
2.23419897404e-49
2.12248902534e-49
2.01636457407e-49
1.91554634537e-49
1.8197690281e-49
1.7287805767e-49
1.64234154786e-49
1.56022447047e-49
1.48221324694e-49
1.4081025846e-49
1.33769745537e-49
1.2708125826e-49
1.20727195347e-49
1.1469083558e-49
1.08956293801e-49
1.03508479111e-49
9.8333055155e-50
9.34164023972e-50
8.87455822774e-50
8.43083031635e-50
8.00928880053e-50
7.60882436051e-50
7.22838314248e-50
6.86696398536e-50
6.52361578609e-50
6.19743499679e-50
5.88756324695e-50
5.5931850846e-50
5.31352583037e-50
5.04784953885e-50
4.79545706191e-50
4.55568420881e-50
4.32789999837e-50
4.11150499845e-50
3.90592974853e-50
3.7106332611e-50
