1.1004478002
-0.101529262489
0.291624390399
-0.101412154669
0.137987798722
-0.183280494444
-0.275795494144
0.474476501396
-0.0588941835802
-0.0206567442332
-0.0327780430928
0.16197921741
-0.0318973212767
-0.216968595485
0.371325209739
-0.0303183104486
0.510459533473
-0.225144728683
0.487894199679
-0.249849456728
-0.0260467335463
-0.0455685581008
-0.316856945215
0.437771077116
-0.311038326493
0.312830215314
-0.205951371851
0.123019833691
0.045783199717
-0.357671572796
0.482772667227
-0.243832224098
0.525617878907
-0.375009004541
0.470546732584
-0.177420595321
-0.151666680633
0.0996224504942
-0.302928186481
0.434022396643
-0.485098100458
0.462449983277
-0.210019898432
0.0430687593025
0.074795902575
-0.291134055247
0.466114806811
-0.442704186223
32.6923357436
-4.70288477169
9.22571700056
-6.79889823922
6.26759699461
-6.77246833396
-9.34317479785
11.7758154604
-4.56558446852
1.80211818463
-3.9680894624
5.65305467877
0.0633522927634
-4.93757654799
7.55032157422
-1.19373792945
13.4762226887
-6.96604506034
9.80961928442
-5.87616050704
2.96312936531
-4.1619975353
-4.06161285267
6.69499253471
-5.81929192421
5.76742610982
-5.17320587865
6.08903007591
-1.5796689893
-2.05486318191
5.22599042097
-2.62544764755
7.44091674665
-6.86205995257
7.38845999277
-4.37888609176
1.68467257924
-2.03495804967
-1.19503040731
3.81298890491
-4.78123463827
5.07807369743
-3.68970911261
4.17189255207
-2.22618568395
0.327517463132
2.31565571093
-2.31315226199
115.233537064
-19.978544143
35.1038651796
-26.5842642216
31.1440637675
-17.685546218
-21.6216911207
30.0984276288
-14.919077121
18.8063935716
-14.3281140895
17.6877456336
-2.33291661045
-4.8112088771
15.9663741818
-2.23988199174
33.9804444206
-16.6353255364
21.6804536891
-11.8682647246
12.7457768795
-9.69855892612
-3.85558365972
12.6028954428
-7.86700367622
13.1824584122
-10.2722580557
13.5510455398
-5.08127483138
2.29165274943
5.35746542943
-1.73866646699
11.4374150661
-8.81903263748
11.6068105531
-6.7555889205
6.02743572073
-4.10436987966
1.18493627919
4.33242721112
-3.55920489052
6.25229013566
-4.43265588358
6.55953463877
-3.46391718576
2.75236983623
0.764808058665
-0.153346180415
146.218272062
-30.4738878916
37.3978930562
-31.3500457255
39.8975757591
-13.530576866
-15.1705316309
27.4658067847
-7.20406195092
29.4946028283
-7.68375558477
16.518986213
-8.327096263
7.36622963955
9.11757587755
0.612770468682
27.7912275766
-10.4258563459
19.7962212025
-8.74902753217
14.7159725659
-6.1206292493
1.79175203045
8.78372887076
0.671984439346
8.76250831399
-2.92195327842
9.41432596458
-3.91405714775
6.36190899398
0.4772948511
3.12603405606
5.32434407568
-0.963791833787
6.97480275726
-2.80605521157
5.31437619857
-1.25678079063
2.61848939008
1.95282624838
1.60487914722
2.22443318966
0.491304481298
2.77694455375
-0.461735772425
2.48348362394
-0.127257764715
2.20522439823
129.183580869
-26.8457605345
23.4226453517
-23.3235772124
15.3102413248
-8.37687595645
-5.16841747179
19.6161198442
5.72675269656
18.7410630797
6.2786891538
8.88636455806
-10.026314695
9.94553273839
2.62972127715
3.23690646168
21.6114378966
-3.19764041562
11.8716182485
-7.78091012986
5.11377251283
-1.48285825661
1.97536342727
8.67743560746
5.35536156677
4.75817546924
2.69961968822
2.03173300534
-2.86312296294
2.37648650764
1.54218236357
4.46672675534
5.76622113007
1.71384261239
3.06036150904
-2.50424273239
0.364618987799
0.423875230174
1.48746077385
4.01722404861
3.09082351742
2.04409537012
0.960620798837
-0.622655921201
-0.665509609469
0.216082427151
1.51371803639
2.52743332458
124.452331876
-22.9705892864
26.8174002972
-28.2439150455
0.926592827401
-7.94457848344
-6.03728805704
31.2740557127
1.494169338
19.9391662339
-4.57769570949
4.63241907202
-5.70051881309
-3.58858199489
7.51615463952
10.0258325857
24.5692220407
1.1080222503
2.2604919142
-5.37377648857
-3.91567771651
-2.03066157189
3.64586964883
11.5486260833
8.52412783232
2.15637351665
0.553604307684
-1.36368477966
-2.44772258068
-1.69528957367
4.38356637703
7.03921858035
6.87155549916
0.571231640908
-0.133450838218
-1.24283974471
-2.28980997103
0.0798950684353
2.16785852948
6.1611945095
2.63746719567
0.509786786294
-0.193653308828
-0.560796271995
-0.858593021291
-0.744392482316
2.63623979391
3.34778613721
141.683099191
-40.660396988
53.25520483
-39.9727307957
14.5704035268
-7.86587945955
-12.8069094207
47.4822516254
6.71044645712
23.1674849078
-17.2168724932
6.69033058018
8.06171884537
-7.40255121209
4.80099305863
22.3169851266
16.7989889902
2.68004545022
-6.39031467711
2.46089206822
9.85535603507
-7.86214687198
8.94269766907
8.51131050368
13.8578068324
-4.86052675183
-4.32852919473
7.6905745811
3.36109093509
-0.986354552869
1.14463474157
8.50916778267
7.3618123883
-4.36482070492
-1.17441547573
5.81728572361
3.62025430506
-1.90273228399
-0.055206736923
6.35039582683
4.10795246949
-3.74712864811
0.299280381873
4.23384534713
2.96712480336
-2.28490300211
-0.328875912441
5.14289210516
167.568900392
-69.3361194539
77.1423112534
-46.7841212998
47.0817929089
-28.9760639279
-9.0555797988
36.8474263541
20.3249436078
25.6342194766
-24.1096688894
21.7580035678
16.9710675381
-6.25966523875
2.75922024568
16.189452407
26.26660995
-11.1205145076
10.2807070978
-3.18740769351
26.3451581528
-11.4500546699
3.84828937261
11.6485372481
6.90462157801
3.79741274895
-9.31998822675
18.0470411401
3.56930381569
0.477207309753
2.28882443914
1.0098193607
14.400940647
-9.66825826017
7.22901874686
2.15371741111
8.6190312333
-0.82409611603
-2.81469119388
8.78495356194
-1.96066011935
4.50763840907
-3.80326685655
7.15684351161
3.24506809922
-1.86433707198
3.45409836593
-1.40671206842
181.650979076
-73.8027133398
80.3703548868
-32.3072152607
59.9106191499
-38.0950003688
-8.86041406063
25.5110418358
1.78118886879
45.3800566004
-31.2725030893
32.5201720477
6.52546787972
-10.7323320651
17.7692371474
-10.1136821008
38.9097900913
-18.6867525149
34.7276009211
-7.85686789603
13.2141121576
2.98654968879
-11.4156383397
22.1409535933
-11.9892999746
19.151141645
-5.42810271068
12.1754930882
4.73607365339
-6.09001377573
12.9464170836
-11.8461008247
17.8081545968
-6.92078299783
9.38976605997
3.25044611723
-0.439906653644
8.3820172625
-8.41342638805
10.9430704856
-6.14737847195
7.84480744859
0.27131842548
0.651861857425
6.55876838834
-5.45599194058
7.65953589096
-5.28914508201
170.40346888
-49.9150395923
64.5921987505
3.37681374693
25.8448923693
-4.69864052565
-26.076375593
45.3711991521
-19.5219583083
55.6045252686
-21.336464191
17.2436174625
2.85038040609
-18.4517285994
26.5686225187
-18.2033517269
38.3742880466
-1.43886981002
24.3406463513
4.98069059749
-3.52024955804
11.3466166188
-10.9883875867
16.9647061207
-1.15677569074
12.8765563818
7.93272662532
-1.50219983211
6.34661274549
-7.44434611277
5.88538669645
-1.09323730925
6.46522132643
8.50955360771
1.27638257051
7.74113292342
-3.26410253824
3.33812383087
-1.50216829201
2.40464120953
4.84756875019
1.68164117529
6.42532810573
-0.957175159187
2.51103467293
-1.93020629897
0.62876433625
1.53253215573
166.749013656
-37.6432629209
66.8457160711
7.20989411759
12.0759593385
13.0687853659
-27.151621906
66.9072739621
-23.6000672391
56.8629209354
-21.2647228273
26.3482995927
-12.738784937
-18.8105948213
28.6987359773
-15.2548028489
40.6866654887
-3.51847665272
26.225816293
-3.84763543452
-3.80585900692
8.19187601253
-3.15510156617
15.2602265618
-2.07761302447
21.6997650329
1.00245616189
1.81257075057
1.32901307554
-1.88744693784
5.70704409658
-0.722724715479
14.1933513526
4.11449313252
6.03352011009
-0.159434986914
2.71055830523
1.60333250783
-1.56243736387
7.46094203735
1.0241129807
6.71078650863
-1.10858896939
4.15407909872
-1.22809558639
-1.04885806524
2.22244131774
0.209646472956
240.757896661
-101.647993284
132.49674003
0.499723764295
9.81154906069
91.7784220313
-46.6708414562
127.930367043
-20.7695522653
55.0302821594
-2.95963621478
40.5228661113
4.10798841919
-44.3096369867
53.866122018
-13.9144620797
26.8444228494
-4.92126721138
18.6255268739
-9.26184770175
-7.02550188429
15.0571096967
-5.01930471825
28.5131397647
-5.66015063771
10.474266203
22.0086608739
0.820429399683
0.803342865889
16.8112457545
3.83197091812
9.55080740996
12.940901488
6.40530023648
9.20971700253
-1.69466213742
9.96720096289
-4.65622411727
13.7456553662
0.3982504249
-1.58506243538
12.6314837113
-6.23728445835
7.17004811707
-3.00955709369
5.78207725674
-1.63802193231
3.92413206208
682.556407885
-625.426559169
681.010461166
-0.683662305951
-230.662111467
708.087829131
-525.193083089
548.109734848
-106.902535784
-15.3877897662
171.505065793
-93.3179812795
202.075481476
-284.162249249
255.825855901
-76.3738442967
-42.1490020182
101.763584731
-62.0234261669
82.1649514704
-26.4492531168
41.2552154125
16.3278463525
66.9936051561
31.3905176124
-52.4736730733
133.479360987
20.9258535626
-84.7350114322
157.239463396
-72.7629731311
54.3990699345
20.8598139306
-50.7565012723
99.6016123317
-67.6261912204
54.8878871877
-50.8431516794
68.6450148152
-7.65483600464
-49.3889851954
85.239377088
-39.469428658
30.5781787766
-11.3115459442
21.3425252578
14.1749913169
1.38429117125
1440.29081786
-1521.94378617
1704.82470063
-103.942563808
-571.714543265
1694.84707474
-1399.07515754
1370.53183747
-368.83925761
12.1439653801
363.2687084
-210.792552329
404.767257912
-557.552256772
527.376643572
-183.525803174
-57.5492099364
161.485888001
-72.8129170661
94.2716348542
66.4609812441
-100.756803495
209.313590526
-11.8466884554
138.415193353
-101.637587901
194.492605647
179.145919272
-337.051624949
504.70570006
-328.777322113
289.540215198
-60.0084012701
-67.3871978333
246.489941477
-191.262677278
175.402748164
-168.258908647
202.949819697
-81.9488258414
-26.5407607208
88.1608017199
-9.87952520935
-2.68916683358
28.933745327
-36.3124824783
91.8202976499
-26.7445304635
1549.19589934
-1622.65504446
1892.19304959
-258.982897062
-506.89457223
1747.98532605
-1570.74401487
1701.48860894
-654.362517779
342.108712118
200.936962028
-117.662719498
379.794858959
-582.238092328
617.995637039
-257.058763029
55.6692199308
113.054906195
-11.1438384747
-8.23817023233
163.324028362
-276.102236864
390.534494063
-188.449757305
243.005093305
-77.9285233407
112.464059347
258.289743591
-451.35871512
639.12141829
-484.839740737
447.297058296
-165.256894148
53.0601559233
200.721159319
-218.368941266
240.990623658
-226.212909644
249.757273389
-147.862557232
89.581466264
17.7393665845
33.0398124047
-44.7904077141
66.4766121874
-62.2056561635
76.6348265902
-9.98009810912
1228.46347338
-1243.42283097
1331.65978882
-120.290963216
-447.151741965
1179.89329979
-1046.19545396
1180.25243106
-511.194210729
360.756071118
0.496742144341
-7.02313707345
186.240370927
-449.091552492
481.520674661
-204.130009925
75.0598981562
35.0471400766
95.397511598
-90.4353843787
111.67884176
-144.943644176
234.888523318
-76.1266561379
111.11114956
70.0747759198
-17.8613524558
224.664036887
-307.456005955
346.94674176
-175.0270539
109.169878091
0.7119846957
6.74315152317
96.9061825176
-134.054311672
119.061467614
-106.595616089
105.887230025
-67.5150296179
50.5359931193
32.2057488944
8.52981623373
-4.18504608918
10.6833284991
39.9840227607
-21.5414997834
39.9238582278
1860.87737688
-2393.7136765
2192.13485238
406.814504689
-1808.2846993
2547.99986788
-1626.99012271
1044.22531942
121.719183946
-607.567511636
619.304238722
-102.725014444
-124.802607715
-404.934734047
568.129587711
-224.126554627
-209.068117999
38.8290103857
404.597315151
-349.882383886
131.552314859
83.9134964642
114.820008929
223.591494143
-241.203054174
372.95086515
-41.0282941515
358.685890744
-520.866193533
414.730187459
253.154609646
-551.683099489
381.471048077
-170.822922368
163.826646273
-191.968679812
-48.3587860686
97.0016704351
40.2234951611
-109.271817216
-99.8242332894
271.752416595
-53.5123297376
-79.7391644881
-5.43324469726
279.816283598
-133.213010697
-24.9237946825
3506.10928649
-4821.26710775
4571.3011737
634.029294177
-3668.43867412
5395.01325778
-3333.38491788
1829.34646815
577.106176585
-1419.15591379
1386.39103426
-189.188451217
-244.058134929
-502.404742497
912.492811356
-396.674482465
-374.183808369
65.770267059
691.073539682
-661.512340476
257.250397378
166.689945217
82.3924166635
377.842383931
-397.856312536
512.733635913
30.2323905368
510.780756575
-805.21128932
766.295877331
314.251977282
-733.243370707
573.833080934
-192.852181652
294.466275658
-292.192524295
-1.78471799912
152.260977265
90.230111534
-204.85484392
-107.625808056
368.631304751
-82.020574196
-166.71549955
17.0294939341
376.069610921
-220.126479229
-37.9852619313
3340.29822308
-4256.07466502
4145.17229911
553.886651743
-2906.86320858
4596.40634672
-2670.9349665
1617.13904694
496.176050003
-874.804602957
980.672852845
28.2390483059
-115.994332191
-402.068241226
692.146909227
-191.692056436
-349.003525365
106.774759738
493.238370347
-505.639626685
310.303834724
-68.732147098
295.495980315
97.7400325176
-128.326042358
371.218912676
-10.7083126987
512.771225225
-599.197389821
623.9541393
189.205619498
-340.16234583
289.434470978
6.31421653843
170.81552796
-170.714685376
29.6341255661
95.4238169145
75.3994756618
-158.407561752
11.0931298206
125.516895004
84.0917051975
-210.132166297
103.396526676
215.40955443
-128.805859409
40.0577970734
2416.47645615
-2729.84525178
2672.27424394
656.242210824
-1822.61733145
2950.60635795
-1460.24601055
1003.54529709
323.358801776
-387.454434578
380.336898293
239.206952914
-155.907010634
-380.579124472
457.953086412
-32.6907267718
-417.834866793
93.0360035687
385.443544753
-461.304517307
379.74349039
-270.188697821
443.625416739
-22.4871352176
-43.602926928
296.608015784
-41.7827340949
521.487656315
-545.557314938
492.357272388
176.798203192
-214.776349094
95.5385886806
95.9791610114
73.0863065248
-104.899385434
-13.3420400462
21.0556963813
138.497239666
-180.026313318
13.3888850573
46.4410004455
164.334691842
-219.773862682
55.1604514575
204.611527282
-86.0035275465
29.2322185819
2621.43628245
-3165.72625486
2953.35186259
1034.03069748
-2491.03107255
3470.17027425
-1420.41743661
928.456158848
463.555739441
-519.10999877
748.101833415
11.7693560925
-17.910945369
-347.897630221
493.395854026
114.395181196
-557.638692447
61.2463315797
745.85662507
-644.571230833
153.51971527
248.366657884
137.804671332
108.622281232
-168.688420416
506.546290231
-65.3004825016
329.490658161
-265.128362227
237.036009017
506.871267632
-520.154674365
198.241353178
237.452848471
6.68703578519
-179.804008143
29.817580968
253.858907072
-119.369249977
-84.6272043454
63.2698468241
145.785208839
-22.7003017501
-85.6646586579
49.52124109
228.138228764
-70.1927929375
-137.444058087
4264.76158063
-5752.89167238
4744.75399393
2330.28172917
-5322.7018182
6111.11248026
-2486.46963406
1330.20028165
821.96299749
-1413.08377006
1948.04258407
-656.688562026
327.586591778
-786.075779206
825.589092432
433.075886
-1161.03473892
-58.4485022969
1652.06359927
-1228.57028647
-217.682111317
1080.0692281
-353.84981278
476.824571064
-619.731955449
980.022567118
-125.397406181
337.309154121
-265.429767433
28.3819765411
1323.68564645
-1311.07881347
416.313825348
479.920029562
36.4833534977
-464.217081189
65.3027403776
612.953211498
-409.555629585
-48.2373200343
-18.2651824441
396.01201976
-154.949790762
-142.332651677
-30.4176064411
534.114638695
-161.482043416
-460.066100042
5672.83576085
-7429.56164111
5980.38620399
2831.43770842
-6570.86143468
7549.49348645
-3114.16942327
1749.65484862
813.758875678
-1300.21676777
2083.32420796
-706.498320723
584.419034647
-957.079958909
959.296855847
546.143320586
-1212.59717678
-231.768217052
2127.1783884
-1651.54925909
-54.7690071346
1160.8185123
-378.737512657
407.284048788
-580.676187051
1195.38437787
-455.884755617
670.803336037
-455.345139704
240.562238991
1175.06040453
-1191.70826321
462.699818523
432.8890667
198.588069476
-703.828430117
402.336665693
442.117975545
-368.058461264
-91.7436948638
163.065473059
281.629684422
-246.85394455
55.951933812
-100.428613048
548.701077553
-293.870507877
-197.005535368
6273.62463491
-9032.59591926
7565.41594518
2615.18818443
-7374.27176469
8284.44559129
-3391.37448412
2225.67584802
-95.4215540791
-627.741121548
1833.4742137
-689.086986653
571.651668456
-1349.81933693
1372.15564786
571.304171733
-1645.5534066
-420.421290772
3058.10193601
-2446.58690099
-113.292044033
1487.70507242
-241.290746391
80.8188316932
-626.660466793
1560.90428555
-701.788463809
953.835255366
-920.561788396
598.25720254
1279.64808342
-1326.18828629
200.899897696
715.914423069
542.464206579
-1469.05433908
754.069383579
567.119034256
-440.528823218
-319.440817482
240.681700651
427.567159861
-325.075140426
5.36037379258
-293.022760475
936.498863329
-376.544204502
-451.216055728
7305.22977791
-10454.3963511
9023.37249123
2297.75777279
-7987.50757122
9242.86371717
-3731.81547078
2601.92875488
-701.961522951
87.8346761865
1891.7943812
-1270.72412408
1025.44843183
-1210.93968845
1037.59964843
700.776366797
-1595.26655209
-492.706525433
3087.95945021
-2505.54942563
-153.820149998
1625.84418871
-250.664373059
-201.588232075
-252.309287521
1530.22406655
-791.20684106
795.105109227
-427.530261153
517.386274418
806.801832882
-760.599063538
188.331693783
512.584601178
480.023983611
-1145.34556606
645.096360537
490.874145283
-489.954965384
-210.118871539
365.012125071
170.861425362
-360.84241431
149.904006259
-52.6524466236
366.922864662
-194.941711462
-99.1052593691
7301.21214981
-11101.9921761
9260.31326868
3063.84360691
-8970.46950127
8949.69546697
-2627.81912395
2213.03373729
-1555.52863233
630.841299148
2356.36174952
-2207.36324848
1169.02470432
-837.614397516
537.009056952
907.485998285
-1729.85541078
-730.215089762
3361.54476379
-2376.52481722
-944.350304898
2163.256729
128.685348672
-1003.75897551
-57.2495285583
1979.66046732
-906.222812077
226.899364041
252.201660574
463.812596637
413.624920341
-323.288101159
-46.888066751
538.764280833
664.89963302
-1356.87101964
439.451083207
918.670360367
-645.369384167
-667.253881777
722.744180507
321.10990541
-801.918087638
150.755405412
302.601678235
102.327756975
-226.948217529
16.1422577099
8003.88253429
-12119.3600069
10000.0
3523.26419516
-9703.40258176
9470.73131255
-2456.21500564
2297.19845605
-1850.88141512
972.347037562
2675.53599318
-2881.70542627
1615.24597287
-589.525130218
-262.059779585
1554.44402711
-1865.07817332
-1155.97827988
3747.87602544
-2638.72191322
-655.07946297
1635.79598162
406.388823553
-533.419832092
-1015.41663812
2755.22915113
-1002.06397293
-40.4897620528
709.600896819
18.1392883021
871.690757055
-520.042240192
-89.3894680623
735.702608759
348.088165596
-885.816996466
106.258279356
722.296733928
-77.8290239074
-1039.10835804
630.210860817
509.592824786
-836.713267402
251.745574722
-69.9374702851
479.194695091
-248.689407709
-269.075902653
8123.37677419
-11498.7721441
8597.96601836
5031.46423596
-9724.01745932
8127.98070053
-1338.90208876
2748.50200719
-2750.81089434
635.378918543
4320.63520394
-4164.9276467
1472.44408418
385.921417995
-991.82293535
1556.46816791
-1397.84752936
-1465.21985971
3587.28157432
-2289.02611142
-25.8990850257
221.389003815
1181.42307026
1086.88736619
-3797.85645589
4486.76759168
-616.825041235
-905.623342277
911.60944358
-47.152490346
1797.23055422
-2003.54376643
758.227808143
729.132465041
-240.971139859
-319.621638655
-211.471307322
233.357257707
774.391763608
-1295.9250573
-189.945566073
1455.5377532
-987.372126385
258.811643812
-801.190172944
1687.77137052
-475.257807019
-1091.88341251
9099.61323597
-11287.0839251
7478.16865895
6291.93778927
-9501.93210132
6843.90254422
-194.274716355
2929.69229595
-3480.18605748
717.999149062
4856.97661345
-4308.2752306
535.528137351
1488.3202415
-1326.17215341
648.932179797
-285.409360419
-1997.90510122
3172.85747012
-1835.80924901
123.430217503
-435.188237906
1512.60073811
1397.02735576
-4097.29323356
4344.38651762
-150.98218017
-836.495688002
265.712054241
935.435941017
1214.62759428
-1836.48640659
1014.22526713
472.73548418
25.9200669461
-645.693451235
267.73104877
-152.004140681
727.268615597
-1004.67865063
-360.142554284
1254.6944908
-739.700049296
38.6110986897
-644.575982734
1548.145383
-633.395058518
-596.539791841
6966.13484296
-7496.67218791
3930.22484393
5941.94403789
-5671.13753697
2529.15499179
1511.25552031
2656.34909443
-2800.84540932
-91.5201030569
3871.11109338
-1732.12714865
-1455.4091565
1422.35103886
-46.169443384
-432.345131357
-128.90987742
-1356.06089183
1893.2637627
-734.974761207
-497.014213834
-135.46988065
1088.49101851
999.059316821
-2113.14939955
1587.22301593
1296.02018321
-410.441004623
-657.44081225
1278.02276287
923.455322596
-798.304794097
-120.392076107
776.196030492
486.69585129
-1019.53892554
181.035984576
188.956337607
205.243657121
-535.693919247
-384.431227352
623.847458002
-50.9484451191
-345.341806204
-238.823475489
701.408486561
86.4028488144
-369.527931371
4817.69563608
-3950.49369526
976.453974334
5801.52149768
-3109.59389061
-255.197344237
2535.94476888
2373.56670649
-2189.71666357
-879.131290657
3397.3771961
-249.412989773
-2690.33893824
1212.93818304
874.569079372
-1105.01271838
-387.979845087
-720.368055762
1268.54370722
-558.669723464
-693.097106924
235.248495051
529.61144047
938.382357129
-1230.31877787
444.022413818
1751.13096226
-175.30898244
-803.201040567
1005.77859779
1137.3937473
-423.384300759
-709.329617566
954.294514757
721.79995536
-1120.38722958
-96.7842049789
469.811371252
133.870805125
-669.296508405
-407.394804189
609.381260381
-49.1830781975
-515.87730861
-129.573378258
506.080660634
183.947974834
-431.313671544
4175.44121787
-2453.39057231
-308.808310172
5380.86801309
-1424.37297818
-1130.24746146
1910.20226721
2812.36452382
-1253.97047765
-1811.68975082
2961.92185345
705.216571858
-2567.80061374
224.044526644
1192.55521673
-444.004079927
-1123.59083516
-424.81411252
1190.94089626
-526.038976244
-565.685111031
268.477292524
358.436036571
877.218305197
-554.409298216
90.4318031923
1273.10711157
489.542667639
-366.5258794
50.2792863293
1243.63113879
355.764385038
-983.332112499
297.999700848
960.180539765
-415.670013538
-836.567491009
180.130673193
631.882542089
-630.241710197
-742.211559613
459.554388749
271.352792984
-443.206379753
-308.210017224
427.323786172
384.710254941
-234.006074479
3951.69246808
-1746.19553219
-1083.00521386
5629.14382608
-279.059439732
-2071.20281282
1518.56054297
3876.71738326
-1005.30762488
-3030.0213139
3211.52921808
1588.04247803
-2907.34042858
-817.662290039
1849.93603936
138.168995175
-2138.06670348
-369.494692567
1464.2158139
-471.147433041
-812.766996071
194.19427387
524.027837839
884.163543671
-360.525805122
-111.222166758
1130.05639192
1015.32364057
-215.487399402
-531.976797058
1447.21377281
938.477770897
-1142.72111514
-200.708790167
1232.34605305
141.707466316
-1298.40772556
-162.564968632
1004.68970539
-432.00956052
-1089.38867682
180.564251394
549.226483764
-293.633231952
-626.67619663
248.870287554
589.035819948
-76.7691822807
3863.8790737
-2154.03581204
-794.026990677
5820.6376387
-325.123523675
-2178.04052472
1370.75341944
4484.51919287
-1088.19040523
-3483.26805208
3323.37296046
2126.82518685
-3069.83112041
-1296.29039543
2015.3826763
543.263288107
-2326.24862539
-906.656199426
1825.06626027
-392.732103127
-875.509944629
-65.1120740438
491.005500089
1242.35631773
-457.36098694
-233.497296669
971.651571713
1391.70523108
-3.613343628
-947.220544177
1299.70924037
1525.99740404
-1070.80847711
-791.759511774
1267.34884587
658.127143516
-1317.25860121
-894.36170579
1251.13713159
41.3300068023
-1416.81081358
-173.424365451
720.798027835
78.4165797391
-884.876257987
22.146448374
797.48187191
143.570547615
4350.16068606
-2961.20038571
-637.72210525
6574.33455659
-191.083461758
-2728.10457042
1125.93848039
5647.00794249
-1075.01199676
-4528.56511389
3388.04714256
3381.14100123
-3625.98374654
-2270.68956543
2497.74821007
1198.77061264
-2827.62613176
-1719.57256909
2478.16265283
-156.500648366
-1328.40362073
-237.867381004
664.248151078
1420.48608174
-395.006876861
-415.622463444
856.23591279
1837.41713717
276.106894632
-1301.94197807
1039.84515915
2316.70095834
-818.632357309
-1571.00972709
1357.09982151
1447.80861205
-1432.47653605
-1619.01249451
1468.30775602
681.117857425
-1813.36553812
-725.846493563
1082.86915767
320.867770895
-1218.29416272
-255.39643611
969.943692093
320.929081415
3984.55234459
-2855.08971186
-374.014325288
5949.97683964
495.972495773
-2500.26128212
416.606941533
5765.96295677
-265.428005475
-4545.31935547
2493.57636133
3930.63024637
-2853.52314651
-2837.51313243
2154.30444362
1653.71653559
-2512.69049126
-2017.28946783
2190.19301847
252.093971295
-1443.77300651
-235.753254757
749.679899544
967.310809352
-160.327944386
-130.249266999
607.345147931
1305.32279437
553.11410714
-661.497269515
353.267760849
1708.14708479
-30.808409177
-1245.61834746
556.057403796
1156.84003514
-650.358841472
-1359.15677638
618.507542276
734.752588776
-1073.69227676
-736.118177024
671.664616894
333.495987565
-705.038701321
-166.020465089
667.169010195
264.812188602
3803.86472741
-2099.06572409
-547.181197247
4668.36412862
1278.33459431
-1652.20817649
-528.288282185
4694.26827937
750.366397443
-3636.35738656
1054.9049264
3323.09712693
-1537.06479194
-2474.22028362
1005.54380158
1450.37435989
-1397.37499845
-1718.51406238
1353.67845103
174.425304383
-651.551066528
59.3738453589
272.600722446
569.836456616
490.462359318
400.943789613
-15.2241833251
751.105300849
1202.26868002
-55.1385892036
-456.971881982
1135.37941273
804.812555119
-787.185205302
-337.809791197
834.455953099
202.510983498
-1119.23760984
-131.121067047
600.745878597
-346.139888167
-657.455345498
135.649273974
285.366067819
-225.009753641
-77.9630198226
270.810776464
164.596205431
3834.34161733
-1617.68652143
-754.685602745
3867.54662258
1655.47710085
-1059.70235276
-1025.3730699
4026.69116207
1175.41699575
-2860.96444411
291.801671865
2623.07244032
-616.613579262
-2119.49388096
262.765505938
1157.07003108
-896.411669583
-1304.65786509
723.029559012
-210.98501352
-108.570898073
209.414659552
64.9161807255
59.1900267057
601.769126059
1052.03380561
-401.143486168
169.781856459
1360.61056422
578.99206327
-672.38539377
289.452663754
1125.77164074
-133.522059779
-817.323601034
258.368807978
545.483027304
-716.545350181
-500.322283091
164.507219576
-6.86975617511
-557.545323984
-109.99443004
261.958437608
-271.396081879
-30.9760031774
335.970917233
176.857447699
3602.85758201
-1432.28046629
-421.535442843
3460.19118947
1338.27154698
-472.186658597
-1051.55304027
3411.72413057
1190.35004882
-2293.33601918
-2.95179891451
1881.27596804
-224.263378229
-1783.47472044
-252.137683434
781.138042446
-628.367386883
-1109.74371313
425.512710108
-536.365443255
101.698811715
354.634482336
9.41234004837
-166.329106958
477.229007575
1520.27442061
-369.763649921
-233.338350772
1351.8834105
1080.38137718
-626.062224551
-233.469304212
1206.42439464
376.592310339
-992.129671832
-170.712158542
738.049987581
-488.977080675
-705.123627652
-103.727032177
109.247737305
-524.762383901
-285.596369995
217.193147243
-339.790190311
-88.3532875903
381.508217369
159.906632944
3407.73771461
-1269.5772047
-328.516157258
3216.81619712
1421.2709809
-52.2235880915
-1087.41997612
2903.98236158
1614.30687023
-1849.87243984
-264.860942429
1532.74193703
63.5354796195
-1310.73355719
-618.442602425
564.574342284
-517.479765797
-918.160441315
301.261896978
-648.857388842
-24.1946463465
359.472834123
174.454153044
-215.119884124
249.241906883
1367.96347996
39.3101630178
-224.322958753
1057.19389583
948.120475851
-242.077192799
-82.6111304839
854.645694677
323.417213672
-742.609784196
18.4925882594
449.221369181
-526.683484114
-566.900963597
19.8273046184
3.29204542923
-613.497939527
-224.429015647
267.455584489
-255.158156322
-209.538199307
334.390532762
232.028141427
3462.74507134
-1376.94076157
-379.090014635
2850.59700196
1859.14014169
-46.3176291165
-1371.37542107
2569.34192957
1965.28557122
-1751.63366013
-430.947207659
1177.29844544
248.642843914
-1021.78928334
-781.455878655
446.686875039
-649.456113182
-590.792658794
330.390036949
-725.854493246
-228.461869516
475.623668091
444.974494944
-338.608291517
39.7217012581
1278.8190752
403.672710079
-291.573716127
762.441876951
863.276496956
46.304648422
-56.6144508304
560.374239283
255.324443341
-497.166437087
65.6478246386
240.715430607
-525.436687044
-447.115526496
101.728254085
-100.374846743
-627.134519248
-169.443389594
282.405243352
-219.684689326
-297.449934203
298.132874096
270.767138777
3338.74738158
-1481.6253538
-96.5019824457
2338.21458377
2022.79323467
-13.4227129511
-1194.03928338
2167.19966529
1936.84556643
-1545.88923169
-118.342050403
705.747440883
294.393362764
-799.327085169
-526.048839869
242.889633824
-783.503820467
-404.727782451
529.957989754
-709.003648052
-482.770942354
478.500241035
687.839851446
-302.429268081
-191.218743374
1091.31753075
666.573170584
-270.939076877
501.596641948
769.269612168
154.607099424
-73.2004209294
457.282028117
236.086653959
-456.109503332
-49.1482167795
344.024217685
-411.621922646
-580.381779688
60.9560075167
110.837534155
-496.328519806
-328.406819852
268.551629027
36.649058572
-284.964360204
178.301614163
351.980202898
3326.6102823
-1464.21951871
-57.6062756611
2176.47300851
2062.41483616
-52.8048481738
-950.580903
1814.30055396
1801.6039038
-1376.30144707
98.70549937
417.37658525
17.5986626324
-590.028917099
-160.149780633
-105.251857891
-1001.86205471
-240.219443829
820.991641658
-777.678051595
-817.763293506
618.502777038
930.510330677
-336.683236898
-300.699170124
1018.32941146
815.646835065
-175.578324585
424.558459218
742.735464044
101.970403046
37.3182037348
570.856816904
118.314771236
-550.943540342
16.3930811608
482.017811377
-448.669235527
-768.792648973
117.856327538
221.643321195
-545.087967965
-421.628302016
248.409711422
74.335902946
-294.629912905
149.107650078
344.049333779
3121.66288324
-1424.47712501
332.014488724
1748.63335173
1886.56648979
101.526496713
-514.115939913
1461.43412904
1391.59296902
-854.666250064
357.435441044
14.6690312226
-62.7661087758
-339.665252086
74.8986950527
-290.06713112
-1068.9548758
28.1516714949
631.345161266
-621.837835184
-654.156324921
384.884292596
828.602951874
-153.102564291
-94.1147351721
749.566363276
470.415990575
205.900246964
474.002956391
457.368317316
18.3348798872
101.405354115
610.704272876
16.6078621876
-498.130965866
27.3341637201
273.035854212
-231.572109903
-534.886769535
-64.8067597911
64.9765825851
-299.176394059
-119.506212985
70.3007379915
-86.8295162
-50.7475107246
253.058646673
254.848762751
2872.30934785
-1314.92322928
573.985297289
1162.93125974
1826.20640348
147.215226565
-549.610927144
1250.17016572
1031.48814696
-581.709834511
303.582509974
-255.598823073
-62.5613910967
-302.582470566
130.546213521
-183.992997238
-1239.83210763
154.919801694
594.834268822
-387.048698679
-640.572784768
175.662210494
874.17960524
53.9332943717
-100.43008821
609.28197605
324.680460512
354.483904121
506.900189914
385.257625245
-78.9250151136
45.4555074303
671.660862564
120.063556253
-562.812770253
-98.9539086607
279.562151565
-75.0299496768
-513.549383643
-198.975202592
4.24129811943
-218.682930655
-87.1917915135
27.1229054538
-174.04147826
-108.924545232
278.001397828
298.72903425
2739.02907816
-1359.94284751
623.788011206
1064.20461213
1906.58131316
72.7506528801
-373.261660433
1082.68689916
1088.48308304
-472.204466538
417.292050794
-303.428405558
-86.1757210229
-329.486680049
290.133921355
-222.098965982
-1176.54617148
-96.5943705657
588.21618513
-235.264528616
-623.492490076
-18.1301950673
676.014565258
180.795232317
35.7117937489
477.097180244
246.108373841
306.317005229
562.709604223
512.891458348
-67.9038768863
-31.1709503702
510.219999635
306.496479048
-347.165190147
-222.771807347
79.6439842789
-19.3308163689
-308.860984018
-176.797583413
-143.901428712
-239.154683124
-79.634658859
115.46721765
-81.6134397149
-177.699836926
125.107232163
328.660685863
2927.34068744
-1267.18031915
309.781647158
942.734818712
2141.44439003
174.399914633
-417.35240934
709.149457577
1205.17253077
-481.136001039
525.734236922
-338.778159797
-255.368159815
-461.878408999
437.970493263
-29.0671435371
-1198.13738356
-430.557452959
682.280978264
31.5925629659
-536.370242563
-174.474496221
558.325171895
308.06963858
156.658512196
529.946956948
139.227384511
167.279107298
596.726621285
684.795434748
-67.6275139762
-234.517695597
415.74549156
436.303089386
-262.869119158
-292.157898183
-41.3459855477
-19.9892080276
-241.871687003
-108.894145028
-168.04637495
-357.22412456
-77.0710448093
206.488378245
-36.6822356143
-267.563017648
55.3306067592
375.717607578
2898.434435
-1240.90927447
306.028408534
967.116928937
1938.98538334
374.154411032
-310.160869883
638.035868499
1133.78003399
-466.045856978
760.758260102
-328.930457458
-330.05501216
-414.278667331
356.762089601
119.080912755
-1147.20026085
-431.625210825
480.343241275
-45.073344327
-300.374294842
-160.817360312
356.926005855
192.325990879
154.642361896
728.61505815
53.4599750309
156.106501005
489.204012045
650.664796694
157.549037204
-133.580394422
311.927259042
305.69726176
-212.301997204
6.79099920923
-88.3216129014
-132.46512843
-301.146403031
-75.4457304018
-8.29623994291
-353.900021013
-174.35969619
81.31208078
-33.450213121
-53.9417136104
31.7217607045
218.949997167
2741.98655943
-1104.27610939
394.736619425
1022.68094769
1574.12243066
485.453729535
-205.529902828
692.577180636
1061.67692342
-741.369335823
886.867027958
-125.015817874
-362.885731992
-603.18124872
147.950313503
390.476202936
-1007.69886998
-576.299525451
319.002853846
-103.686167949
-118.173679656
-64.8595108563
294.733937118
41.2501662774
13.9318661027
980.280078623
218.335035759
11.0524425572
271.865929791
683.282955045
393.841052974
-100.060621807
186.86546028
242.740477644
-254.962970347
123.231296781
38.4929496644
-192.683618554
-495.756063609
-110.793744756
192.160214856
-305.12006023
-342.803068088
-6.4156508692
4.42042260373
-34.1772876523
44.1813800621
206.498850818
2482.17664183
-894.39024016
436.532206742
945.717182296
1409.18316166
503.589210056
32.8474183087
650.001152093
920.352226695
-641.844081817
879.263782388
22.3652467357
-332.924976823
-623.171912224
122.201340798
328.216120353
-763.401687448
-516.050724157
132.469357733
-149.658943825
-129.895385239
106.808686122
238.465514657
-82.3501730209
-14.9986971078
844.706048625
302.083555988
77.6577001181
174.094719815
575.677739044
259.35923886
73.8984058994
257.976024668
167.325241377
-269.075560129
54.6795199857
127.767228273
-78.6837336967
-423.879395252
-110.134123093
44.5140141363
-202.230562253
-165.248218404
33.2129718072
-41.2647291122
-128.813149186
87.9157764312
259.521186666
2282.18689271
-473.335504049
202.882490143
560.903469264
1334.31089693
700.793487092
169.220307111
379.508961475
607.100526439
-507.231149276
733.7622106
266.274224837
-355.478569059
-789.44832031
-25.9456917704
379.430344723
-343.561101501
-555.174352241
-18.5000676251
-190.294935857
-100.114687785
354.25676722
351.412738235
-166.283406771
-166.625993112
664.356074794
663.008119966
103.7861655
66.7803157989
367.134412712
186.937067355
167.134569054
346.911077702
157.071096414
-380.170525373
-214.469041078
282.845975102
86.9696492934
-402.840969057
-282.408218917
-55.9659589345
-122.07218733
-94.9172656125
102.998188272
-45.641914025
-301.823714645
32.617025773
403.748244757
2246.79021426
-272.914329453
-64.4635547656
576.035086991
1247.22288007
924.565549892
254.098655159
435.155709492
358.560597127
-430.59365098
811.260596926
498.541612181
-443.172563619
-793.932988891
-125.655723994
401.164778063
-255.859692146
-527.390811292
-45.5044200611
-373.559052112
-129.319072643
408.186617122
360.766078832
-185.570698567
-233.784331174
564.514745977
710.121833735
135.241465881
181.317289359
286.665134965
174.853568111
194.389204669
385.376701568
223.359737926
-305.72076551
-234.717587166
224.96141081
69.8168020034
-272.655896676
-262.580796135
-110.820806006
-144.013972625
-118.597151702
78.3723407235
-15.2527748095
-224.839151131
-16.1035954549
261.853556983
2095.97037793
-209.102764532
-2.1286135881
510.81723648
978.873969673
965.820330199
231.693755064
571.768823118
241.554904838
-495.532974277
635.350602799
547.001682125
-272.853325872
-661.729316457
-307.056276966
276.010965466
-251.793277735
-347.527209233
69.9140812719
-344.637679267
-293.966948523
272.503797472
466.92544961
54.5759332495
-218.671272996
353.863078062
569.506952249
185.118151448
276.885631045
369.816479537
106.321237359
-8.38962989698
269.777386994
360.180948711
-121.529104817
-293.568018472
38.8112974177
15.994011305
-204.26448239
-136.156369132
-43.4879425148
-210.334571106
-263.998932722
53.1639265034
144.329230362
-122.629108712
-102.012229466
142.166736612
2005.12703714
-190.634450303
161.622441107
522.907704355
782.225539015
813.235379241
369.067296963
765.199974649
178.20541487
-530.387270369
548.498109782
574.873383734
-213.980785427
-430.240535034
-290.744280832
59.1467443298
-358.592957004
-162.890322921
198.302151461
-410.027130936
-394.173091469
219.731007685
356.855653907
75.7946759545
-81.823991946
337.953368742
341.63349333
81.9882934149
417.040343222
422.219064061
50.2787629785
7.35599942201
260.809629375
296.137892163
-88.7939489909
-117.60689692
84.0265440168
-120.618864841
-194.736000775
-15.8249385377
-23.8692331433
-216.019124631
-215.937009619
56.9041702548
46.2075822253
-118.877948696
18.3666326088
116.581769094
1752.03772295
-106.71094
252.603827662
435.240227722
671.351208214
715.396264286
489.166776275
702.034394137
170.532502324
-458.885977232
400.706830415
485.560000393
-126.058304483
-233.149668429
-289.897616415
-77.2414620156
-362.624793908
-111.863467926
254.38422623
-271.013717936
-333.340255571
102.143740011
242.641984374
162.153603769
80.7968605641
334.942736651
273.684377843
20.9741373815
333.764916379
432.517019903
153.490550719
36.1967876185
130.322603188
168.909688562
-56.0329513499
-66.3556473024
93.878641253
-100.15232457
-248.234760704
-100.414308694
-13.972410053
-113.401878265
-163.081156002
-9.61129130094
15.5942699127
-101.218433645
13.1161898068
160.13615867
1692.38272315
0.286559847158
190.948273647
394.713920628
644.087247502
725.180149828
525.534816261
731.577064327
210.728364977
-482.213952036
313.269942175
471.239270792
23.22574657
-216.588006816
-283.910652905
-139.064259088
-424.68100042
-100.018975198
260.002172932
-190.898221494
-360.515909661
-65.0537182017
228.028906889
155.942314517
118.090625075
347.726145326
195.893093873
22.5472098519
268.008061312
469.954156531
267.641642097
28.3702088991
131.90882949
139.596571813
-15.598906279
20.2906638563
98.487286489
-52.1019969249
-260.965444826
-139.689952517
4.94299692699
-98.1338591924
-129.29813489
-54.3239683172
-44.3585809707
-102.322611369
-11.4009785058
148.750727483
1679.17733373
-34.1150519602
231.405853951
340.851583447
484.293550354
761.753255127
452.973867419
842.02076251
255.451035123
-551.988237239
279.918402898
304.806348318
123.499341566
-115.444561739
-260.28515974
-109.56847824
-552.411167282
-110.636939055
266.190810812
-146.458558013
-238.149755975
-101.095599566
162.722521531
117.787348191
120.181960452
425.877489962
201.954447851
21.9966767392
260.514616564
391.93911761
250.850520812
74.4243191158
166.561799547
118.638960996
-83.6117939196
4.75935741632
98.5444396556
-82.8148820132
-229.510470232
-116.862933882
-50.1936809669
-154.864555706
-125.8409985
1.31787699233
-46.0951999768
-122.905123431
18.9066368564
131.934761584
1739.33167631
-38.0178743908
430.783710195
374.835494863
352.649346573
761.97342179
499.704413615
979.666387119
286.046522175
-517.521198258
258.25263833
189.706089599
30.8443903744
55.7696968195
-181.501697149
-195.365159563
-627.713930216
-193.067839055
256.576143275
-188.962856922
-173.054086682
4.3153759281
-15.4760605384
8.43062415718
165.756719992
466.538319293
243.92261771
2.99577999712
318.232127798
340.731704503
150.837987398
215.56444845
276.656369727
108.691451589
-104.723478008
26.5243291947
143.422088558
-115.364420668
-163.001391846
-9.48074751351
-112.140795784
-221.905936529
-93.827196632
38.5335868386
-78.8769809826
-150.2984178
47.268001705
79.2643770213
1529.46338744
48.9209625093
514.039735163
349.229237916
252.466260544
645.339717041
570.223347344
930.127120801
326.844671098
-362.465635863
176.764757007
145.608560221
-16.4163556845
193.264079178
-11.7597457351
-197.307369154
-512.565607761
-240.811702852
228.511573297
-127.269958478
-69.4352446172
141.804947089
-60.1862363801
-68.9630717244
122.212044386
393.018582292
264.315628969
27.6791079212
298.816376692
255.565279099
1.4001758657
158.085261836
264.988731075
118.302970771
-77.5759073514
5.10677836629
106.793027578
-153.580768294
-150.130025582
77.7164511545
-36.7961638243
-178.229752512
-75.3378916293
46.2932741045
-56.8321428194
-117.479487547
111.136257627
130.972734183
1544.09565915
69.3911247748
539.087513526
363.478185204
180.409953085
592.046291482
616.767966096
962.987996539
316.202903883
-368.35884611
127.424204247
52.8876620943
-68.9868932872
268.457538475
75.2946740593
-212.650078849
-567.62485561
-282.481659099
174.711325822
-125.998881608
51.8050388445
225.282226701
-103.889528027
-147.970604763
106.108919946
418.16314719
304.720674222
142.716606987
367.068465498
177.024276109
-59.0389482974
197.679674475
327.353644051
160.837698475
-26.4369241119
27.7420641366
9.10941230102
-229.575821481
-92.3641889391
115.947574873
-64.4401718846
-192.826325679
-100.067130925
-46.1947223533
-129.280012992
-61.4893685371
155.282359791
74.4537611181
-74.5833897923
44.0014141463
122.751196975
56.5793183839
76.8209911627
188.265859536
136.894704982
-21.7996699382
23.0418678102
108.340997381
25.9401093363
-7.03552883719
53.7317730224
13.2856873791
-97.0848328422
-77.145343208
12.1507413621
-23.237757132
-67.0554158211
-9.66079965663
-6.50796227334
-66.3079623333
-39.2536640904
38.9033963696
32.9814165867
-6.91161760534
25.0125002403
45.0115398381
4.17458563726
10.5067696499
59.0832536292
47.958005083
5.85167688228
11.1437301641
25.2759435712
-1.67030748526
-10.8165925886
16.1761411734
10.0379146486
-21.183769982
-18.9092321224
-2.83638697235
-11.6037561235
-17.1613146963
0.839489655092
4.33204566894
-12.2067897157
-9.00135754477
6.21774589015
5.01973856153
0.658393156218
9.15202384829
12.0502964916
2.17391782277
1.07117308028
8.95670255627
7.65084341947
2.11353380791
3.84820932581
4.66694084118
-1.03065955191
-2.86500538667
1.41275137524
1.21832499504
-1.99034498004
-1.50772833304
-0.13743015549
-1.80872121524
-2.31723148248
0.305369968885
1.23949576075
0.165125580038
0.61129395436
1.36895161766
0.834902560644
0.732453155036
1.75689728856
1.87337079458
0.853803285967
0.915075112852
0.858138093725
0.506459379237
0.47762351714
0.68478453451
0.505460258197
0.145794671562
0.159769676736
0.0647874148682
0.0329670174195
0.128594690443
0.163358310118
0.119244895324
0.141827984649
0.197713331102
0.173714525173
0.195792578905
0.197995452717
0.162312747861
0.157808539556
0.171891109172
0.147541443029
0.115408471921
0.116626838951
0.101936551253
0.0901626449443
0.0905252039241
0.0865313389395
0.0762695619748
0.0735900079779
0.0738008798305
0.0668170995325
0.0634762445559
0.0603024323281
0.0572873107117
0.0544229451761
0.0517017979173
0.0491167080214
0.0466608726204
0.0443278289894
0.0421114375399
0.0400058656629
0.0380055723797
0.0361052937608
0.0343000290727
0.0325850276191
0.0309557762381
0.0294079874262
0.0279375880549
0.0265407086522
0.0252136732196
0.0239529895586
0.0227553400807
0.0216175730766
0.0205366944228
0.0195098597016
0.0185343667166
0.0176076483807
0.0167272659617
0.0158909026636
0.0150963575304
0.0143415396539
0.0136244626712
0.0129432395377
0.0122960775608
0.0116812736827
0.0110972099986
0.0105423494987
0.0100152320237
0.00951447042255
0.00903874690142
0.00858680955635
0.00815746907853
0.00774959562461
0.00736211584338
0.00699401005121
0.00664430954865
0.00631209407121
0.00599648936765
0.00569666489927
0.00541183165431
0.00514124007159
0.00488417806801
0.00463996916461
0.00440797070638
0.00418757217106
0.00397819356251
0.00377928388438
0.00359031969016
0.00341080370566
0.00324026352037
0.00307825034435
0.00292433782714
0.00277812093578
0.00263921488899
0.00250725414454
0.00238189143731
0.00226279686545
0.00214965702218
0.00204217417107
0.00194006546251
0.00184306218939
0.00175090907992
0.00166336362592
0.00158019544463
0.0015011856724
0.00142612638878
0.00135482006934
0.00128707906587
0.00122272511258
0.00116158885695
0.0011035094141
0.0010483339434
0.000995917246226
0.000946121383914
0.000898815314719
0.000853874548983
0.000811180821534
0.000770621780457
0.000732090691434
0.000695486156862
0.000660711849019
0.000627676256568
0.00059629244374
0.000566477821553
0.000538153930475
0.000511246233951
0.000485683922254
0.000461399726141
0.000438329739834
0.000416413252842
0.0003955925902
0.00037581296069
0.000357022312656
0.000339171197023
0.000322212637172
0.000306102005313
0.000290796905048
0.000276257059795
0.000262444206805
0.000249321996465
0.000236855896642
0.00022501310181
0.000213762446719
0.000203074324383
0.000192920608164
0.000183274577756
0.000174110848868
0.000165405306425
0.000157135041104
0.000149278289048
0.000141814374596
0.000134723655866
0.000127987473073
0.000121588099419
0.000115508694448
0.000109733259726
0.00010424659674
9.90342669026e-05
9.40825535574e-05
8.93784258796e-05
8.49095045856e-05
8.06640293563e-05
7.66308278885e-05
7.27992864941e-05
6.91593221694e-05
6.57013560609e-05
6.24162882578e-05
5.9295473845e-05
5.63307001527e-05
5.35141651451e-05
5.08384568878e-05
4.82965340434e-05
4.58817073413e-05
4.35876219742e-05
4.14082408755e-05
3.93378288317e-05
3.73709373901e-05
3.55023905206e-05
3.37272709946e-05
3.20409074449e-05
3.04388620726e-05
2.8916918969e-05
2.74710730205e-05
2.60975193695e-05
2.4792643401e-05
2.3553011231e-05
2.23753606694e-05
2.1256592636e-05
2.01937630042e-05
1.9184074854e-05
1.82248711113e-05
1.73136275557e-05
1.64479461779e-05
1.5625548869e-05
1.48442714256e-05
1.41020578543e-05
1.33969549616e-05
1.27271072135e-05
1.20907518528e-05
1.14862142602e-05
1.09119035472e-05
1.03663083698e-05
9.84799295132e-06
9.35559330375e-06
8.88781363856e-06
8.44342295664e-06
8.0212518088e-06
7.62018921836e-06
7.23917975745e-06
6.87722076957e-06
6.5333597311e-06
6.20669174454e-06
5.89635715731e-06
5.60153929945e-06
5.32146233448e-06
5.05538921775e-06
4.80261975686e-06
4.56248876902e-06
4.33436433057e-06
4.11764611404e-06
3.91176380834e-06
3.71617561792e-06
3.53036683703e-06
3.35384849517e-06
3.18615607042e-06
3.0268482669e-06
2.87550585355e-06
2.73173056087e-06
2.59514403283e-06
2.46538683119e-06
2.34211748963e-06
2.22501161515e-06
2.11376103439e-06
2.00807298267e-06
1.90766933354e-06
1.81228586686e-06
1.72167157352e-06
1.63558799484e-06
1.5538085951e-06
1.47611816534e-06
1.40231225708e-06
1.33219664422e-06
1.26558681201e-06
1.20230747141e-06
1.14219209784e-06
1.08508249295e-06
1.0308283683e-06
9.79286949886e-07
9.30322602392e-07
8.83806472272e-07
8.39616148659e-07
7.97635341226e-07
7.57753574164e-07
7.19865895456e-07
6.83872600683e-07
6.49678970649e-07
6.17195022117e-07
5.86335271011e-07
5.5701850746e-07
5.29167582087e-07
5.02709202983e-07
4.77573742834e-07
4.53695055692e-07
4.31010302908e-07
4.09459787762e-07
3.88986798374e-07
3.69537458455e-07
3.51060585533e-07
3.33507556256e-07
3.16832178443e-07
3.00990569521e-07
2.85941041045e-07
2.71643988993e-07
2.58061789543e-07
2.45158700066e-07
2.32900765063e-07
2.21255726809e-07
2.10192940469e-07
1.99683293446e-07
1.89699128773e-07
1.80214172335e-07
1.71203463718e-07
1.62643290532e-07
1.54511126005e-07
1.46785569705e-07
1.3944629122e-07
1.32473976659e-07
1.25850277826e-07
1.19557763935e-07
1.13579875738e-07
1.07900881951e-07
1.02505837853e-07
9.73805459608e-08
9.25115186627e-08
8.78859427296e-08
8.34916455931e-08
7.93170633135e-08
7.53512101478e-08
7.15836496404e-08
6.80044671584e-08
6.46042438005e-08
6.13740316104e-08
5.83053300299e-08
5.53900635284e-08
5.2620560352e-08
4.99895323344e-08
4.74900557177e-08
4.51155529318e-08
4.28597752852e-08
4.0716786521e-08
3.86809471949e-08
3.67468998352e-08
3.49095548434e-08
3.31640771012e-08
3.15058732462e-08
2.99305795839e-08
2.84340506047e-08
2.70123480744e-08
2.56617306707e-08
2.43786441372e-08
2.31597119303e-08
2.20017263338e-08
2.09016400171e-08
1.98565580163e-08
1.88637301154e-08
1.79205436097e-08
1.70245164292e-08
1.61732906077e-08
1.53646260773e-08
1.45963947735e-08
1.38665750348e-08
1.31732462831e-08
1.25145839689e-08
1.18888547705e-08
1.12944120319e-08
1.07296914303e-08
1.01932068588e-08
9.68354651588e-09
9.19936919009e-09
8.73940073059e-09
8.30243069406e-09
7.88730915935e-09
7.49294370139e-09
7.11829651632e-09
6.7623816905e-09
6.42426260598e-09
6.10304947568e-09
5.79789700189e-09
5.5080021518e-09
5.23260204421e-09
4.970971942e-09
4.7224233449e-09
4.48630217765e-09
4.26198706877e-09
4.04888771533e-09
3.84644332957e-09
3.65412116309e-09
3.47141510493e-09
3.29784434969e-09
3.1329521322e-09
2.97630452559e-09
2.82748929931e-09
2.68611483435e-09
2.55180909263e-09
2.424218638e-09
2.3030077061e-09
2.18785732079e-09
2.07846445475e-09
1.97454123202e-09
1.87581417041e-09
1.78202346189e-09
1.6929222888e-09
1.60827617436e-09
1.52786236564e-09
1.45146924736e-09
1.37889578499e-09
1.30995099574e-09
1.24445344595e-09
1.18223077366e-09
1.12311923497e-09
1.06696327323e-09
1.01361510956e-09
9.62934354086e-10
9.14787636382e-10
8.69048254563e-10
8.25595841834e-10
7.84316049743e-10
7.45100247256e-10
7.07845234893e-10
6.72452973148e-10
6.38830324491e-10
6.06888808266e-10
5.76544367853e-10
5.4771714946e-10
5.20331291987e-10
4.94314727388e-10
4.69598991018e-10
4.46119041468e-10
4.23813089394e-10
4.02622434924e-10
3.82491313178e-10
3.63366747519e-10
3.45198410143e-10
3.27938489636e-10
3.11541565154e-10
2.95964486897e-10
2.81166262552e-10
2.67107949424e-10
2.53752551953e-10
2.41064924355e-10
2.29011678138e-10
2.17561094231e-10
2.06683039519e-10
1.96348887543e-10
1.86531443166e-10
1.77204871008e-10
1.68344627457e-10
1.59927396085e-10
1.5193102628e-10
1.44334474966e-10
1.37117751218e-10
1.30261863657e-10
1.23748770474e-10
1.17561331951e-10
1.11683265353e-10
1.06099102085e-10
1.00794146981e-10
9.5754439632e-11
9.09667176504e-11
8.64183817679e-11
8.20974626795e-11
7.79925895455e-11
7.40929600682e-11
7.03883120648e-11
6.68688964616e-11
6.35254516385e-11
6.03491790566e-11
5.73317201038e-11
5.44651340986e-11
5.17418773936e-11
4.9154783524e-11
4.66970443478e-11
4.43621921304e-11
4.21440825239e-11
4.00368783977e-11
3.80350344778e-11
3.61332827539e-11
3.43266186162e-11
3.26102876854e-11
3.09797733011e-11
2.94307846361e-11
2.79592454043e-11
2.6561283134e-11
2.52332189773e-11
2.39715580285e-11
2.27729801271e-11
2.16343311207e-11
2.05526145647e-11
1.95249838364e-11
1.85487346446e-11
1.76212979124e-11
1.67402330168e-11
1.59032213659e-11
1.51080602976e-11
1.43526572827e-11
1.36350244186e-11
1.29532731977e-11
1.23056095378e-11
1.16903290609e-11
1.11058126079e-11
1.05505219775e-11
1.00229958786e-11
9.52184608466e-12
9.04575378043e-12
8.59346609141e-12
8.16379278684e-12
7.7556031475e-12
7.36782299012e-12
6.99943184061e-12
6.64946024858e-12
6.31698723615e-12
6.00113787435e-12
5.70108098063e-12
5.4160269316e-12
5.14522558502e-12
4.88796430577e-12
4.64356609048e-12
4.41138778595e-12
4.19081839666e-12
3.98127747682e-12
3.78221360298e-12
3.59310292283e-12
3.41344777669e-12
3.24277538786e-12
3.08063661846e-12
2.92660478754e-12
2.78027454816e-12
2.64126082076e-12
2.50919777972e-12
2.38373789073e-12
2.2645509962e-12
2.15132344639e-12
2.04375727407e-12
1.94156941036e-12
1.84449093985e-12
1.75226639285e-12
1.66465307321e-12
1.58142041955e-12
1.50234939857e-12
1.42723192864e-12
1.35587033221e-12
1.2880768156e-12
1.22367297482e-12
1.16248932608e-12
1.10436485978e-12
1.04914661679e-12
9.96689285948e-13
9.4685482165e-13
8.99512080568e-13
8.54536476539e-13
8.11809652712e-13
7.71219170077e-13
7.32658211573e-13
6.96025300994e-13
6.61224035945e-13
6.28162834147e-13
5.9675469244e-13
5.66916957818e-13
5.38571109927e-13
5.11642554431e-13
4.86060426709e-13
4.61757405374e-13
4.38669535105e-13
4.1673605835e-13
3.95899255432e-13
3.76104292661e-13
3.57299078028e-13
3.39434124126e-13
3.2246241792e-13
3.06339297024e-13
2.91022332173e-13
2.76471215564e-13
2.62647654786e-13
2.49515272047e-13
2.37039508444e-13
2.25187533022e-13
2.13928156371e-13
2.03231748552e-13
1.93070161125e-13
1.83416653069e-13
1.74245820415e-13
1.65533529394e-13
1.57256852925e-13
1.49394010278e-13
1.41924309765e-13
1.34828094276e-13
1.28086689562e-13
1.21682355084e-13
1.1559823733e-13
1.09818325464e-13
1.0432740919e-13
9.91110387309e-14
9.41554867944e-14
8.94477124547e-14
8.49753268319e-14
8.07265604903e-14
7.66902324658e-14
7.28557208425e-14
6.92129348004e-14
6.57522880604e-14
6.24646736574e-14
5.93414399745e-14
5.63743679758e-14
5.3555649577e-14
5.08778670981e-14
4.83339737432e-14
4.59172750561e-14
4.36214113033e-14
4.14403407381e-14
3.93683237012e-14
3.73999075161e-14
3.55299121403e-14
3.37534165333e-14
3.20657457066e-14
3.04624584213e-14
2.89393355002e-14
2.74923687252e-14
2.6117750289e-14
2.48118627745e-14
2.35712696358e-14
2.2392706154e-14
2.12730708463e-14
2.0209417304e-14
1.91989464388e-14
1.82389991169e-14
1.7327049161e-14
1.6460696703e-14
1.56376618678e-14
1.48557787744e-14
1.41129898357e-14
1.34073403439e-14
1.27369733267e-14
1.21001246604e-14
1.14951184274e-14
1.0920362506e-14
1.03743443807e-14
9.85562716166e-15
9.36284580358e-15
8.8947035134e-15
8.44996833773e-15
8.02746992084e-15
7.6260964248e-15
7.24479160356e-15
6.88255202338e-15
6.53842442221e-15
6.2115032011e-15
5.90092804105e-15
5.60588163899e-15
5.32558755705e-15
5.05930817919e-15
4.80634277023e-15
4.56602563172e-15
4.33772435014e-15
4.12083813263e-15
3.914796226e-15
3.7190564147e-15
3.53310359396e-15
3.35644841426e-15
3.18862599355e-15
3.02919469387e-15
2.87773495918e-15
2.73384821122e-15
2.59715580066e-15
2.46729801063e-15
2.3439331101e-15
2.22673645459e-15
2.11539963186e-15
2.00962965027e-15
1.90914816775e-15
1.81369075937e-15
1.7230062214e-15
1.63685591033e-15
1.55501311481e-15
1.47726245907e-15
1.40339933612e-15
1.33322936931e-15
1.26656790085e-15
1.2032395058e-15
1.14307753051e-15
1.08592365399e-15
1.03162747129e-15
9.80046097724e-16
9.31043792838e-16
8.84491603196e-16
8.40267023037e-16
7.98253671885e-16
7.5834098829e-16
7.20423938876e-16
6.84402741932e-16
6.50182604836e-16
6.17673474594e-16
5.86789800864e-16
5.57450310821e-16
5.2957779528e-16
5.03098905516e-16
4.7794396024e-16
4.54046762228e-16
4.31344424117e-16
4.09777202911e-16
3.89288342765e-16
3.69823925627e-16
3.51332729346e-16
3.33766092878e-16
3.17077788234e-16
3.01223898823e-16
2.86162703882e-16
2.71854568688e-16
2.58261840253e-16
2.4534874824e-16
2.33081310828e-16
2.21427245287e-16
2.10355883023e-16
1.99838088872e-16
1.89846184428e-16
1.80353875207e-16
1.71336181446e-16
1.62769372374e-16
1.54630903755e-16
1.46899358567e-16
1.39554390639e-16
1.32576671107e-16
1.25947837552e-16
1.19650445674e-16
1.1366792339e-16
1.07984527221e-16
1.0258530086e-16
9.74560358169e-17
9.25832340261e-17
8.79540723248e-17
8.35563687085e-17
7.93785502731e-17
7.54096227594e-17
7.16391416215e-17
6.80571845404e-17
6.46543253134e-17
6.14216090477e-17
5.83505285953e-17
5.54330021656e-17
5.26613520573e-17
5.00282844544e-17
4.75268702317e-17
4.51505267201e-17
4.28930003841e-17
4.07483503649e-17
3.87109328467e-17
3.67753862043e-17
3.49366168941e-17
3.31897860494e-17
3.15302967469e-17
2.99537819096e-17
2.84560928141e-17
2.70332881734e-17
2.56816237647e-17
2.43975425765e-17
2.31776654477e-17
2.20187821753e-17
2.09178430665e-17
1.98719509132e-17
1.88783533675e-17
1.79344356992e-17
1.70377139142e-17
1.61858282185e-17
1.53765368076e-17
1.46077099672e-17
1.38773244688e-17
1.31834582454e-17
1.25242853331e-17
1.18980710665e-17
1.13031675131e-17
1.07380091375e-17
1.02011086806e-17
9.69105324658e-18
9.20650058425e-18
8.74617555504e-18
8.30886677728e-18
7.89342343842e-18
7.4987522665e-18
7.12381465317e-18
6.76762392052e-18
6.42924272449e-18
6.10778058827e-18
5.80239155885e-18
5.51227198091e-18
5.23665838186e-18
4.97482546277e-18
4.72608418963e-18
4.48977998015e-18
4.26529098114e-18
4.05202643209e-18
3.84942511048e-18
3.65695385496e-18
3.47410616221e-18
3.3004008541e-18
3.13538081139e-18
2.97861177082e-18
2.82968118228e-18
2.68819712317e-18
2.55378726701e-18
2.42609790366e-18
2.30479300848e-18
2.18955335805e-18
2.08007569015e-18
1.97607190564e-18
1.87726831036e-18
1.78340489484e-18
1.6942346501e-18
1.6095229176e-18
1.52904677172e-18
1.45259443313e-18
1.37996471147e-18
1.3109664759e-18
1.2454181521e-18
1.1831472445e-18
1.12398988227e-18
1.06779038816e-18
1.01440086875e-18
9.63680825315e-19
9.1549678405e-19
8.69721944847e-19
8.26235847605e-19
7.84924055224e-19
7.45677852463e-19
7.0839395984e-19
6.72974261848e-19
6.39325548756e-19
6.07359271318e-19
5.76991307752e-19
5.48141742364e-19
5.20734655246e-19
4.94697922484e-19
4.6996302636e-19
4.46464875042e-19
4.2414163129e-19
4.02934549725e-19
3.82787822239e-19
3.63648431127e-19
3.45466009571e-19
3.28192709092e-19
3.11783073637e-19
2.96193919956e-19
2.81384223958e-19
2.6731501276e-19
2.53949262122e-19
2.41251799016e-19
2.29189209065e-19
2.17729748612e-19
2.06843261181e-19
1.96501098122e-19
1.86676043216e-19
1.77342241055e-19
1.68475129002e-19
1.60051372552e-19
1.52048803925e-19
1.44446363728e-19
1.37224045542e-19
1.30362843265e-19
1.23844701102e-19
1.17652466047e-19
1.11769842744e-19
1.06181350607e-19
1.00872283077e-19
9.58286689229e-20
9.10372354767e-20
8.64853737029e-20
8.21611050178e-20
7.80530497669e-20
7.41503972785e-20
7.04428774146e-20
6.69207335439e-20
6.35746968667e-20
6.03959620233e-20
5.73761639222e-20
5.45073557261e-20
5.17819879398e-20
4.91928885428e-20
4.67332441156e-20
4.43965819099e-20
4.21767528144e-20
4.00679151736e-20
3.8064519415e-20
3.61612934442e-20
3.4353228772e-20
3.26355673334e-20
3.10037889667e-20
2.94535995184e-20
2.79809195425e-20
2.65818735654e-20
2.52527798871e-20
2.39901408927e-20
2.27906338481e-20
2.16511021557e-20
2.05685470479e-20
1.95401196955e-20
1.85631137107e-20
1.76349580252e-20
1.67532101239e-20
1.59155496177e-20
1.51197721369e-20
1.436378353e-20
1.36455943535e-20
1.29633146358e-20
1.2315148904e-20
1.16993914588e-20
1.11144218859e-20
1.05587007916e-20
1.0030765752e-20
9.52922746442e-21
9.0527660912e-21
8.60012778664e-21
8.17012139731e-21
7.76161532744e-21
7.37353456107e-21
7.00485783302e-21
6.65461494137e-21
6.3218841943e-21
6.00578998458e-21
5.70550048535e-21
5.42022546109e-21
5.14921418803e-21
4.89175347863e-21
4.6471658047e-21
4.41480751446e-21
4.19406713874e-21
3.9843637818e-21
3.78514559271e-21
3.59588831308e-21
3.41609389742e-21
3.24528920255e-21
3.08302474243e-21
2.9288735053e-21
2.78242983004e-21
2.64330833854e-21
2.51114292161e-21
2.38558577553e-21
2.26630648675e-21
2.15299116242e-21
2.04534160429e-21
1.94307452408e-21
1.84592079788e-21
1.75362475798e-21
1.66594352008e-21
1.58264634408e-21
1.50351402688e-21
1.42833832553e-21
1.35692140925e-21
1.28907533879e-21
1.22462157185e-21
1.16339049326e-21
1.1052209686e-21
1.04995992017e-21
9.97461924159e-22
9.47588827951e-22
9.00209386553e-22
8.55198917225e-22
8.12438971364e-22
7.71817022796e-22
7.33226171656e-22
6.96564863073e-22
6.6173661992e-22
6.28649788924e-22
5.97217299478e-22
5.67356434504e-22
5.38988612778e-22
5.1203918214e-22
4.86437223033e-22
4.62115361881e-22
4.39009593787e-22
4.17059114098e-22
3.96206158393e-22
3.76395850473e-22
3.57576057949e-22
3.39697255052e-22
3.22712392299e-22
3.06576772684e-22
2.9124793405e-22
2.76685537348e-22
2.6285126048e-22
2.49708697456e-22
2.37223262583e-22
2.25362099454e-22
2.14093994482e-22
2.03389294757e-22
1.9321983002e-22
1.83558838519e-22
1.74380896593e-22
1.65661851763e-22
1.57378759175e-22
1.49509821216e-22
1.42034330155e-22
1.34932613648e-22
1.28185982965e-22
1.21776683817e-22
1.15687849626e-22
1.09903457145e-22
1.04408284288e-22
9.91878700732e-23
9.42284765695e-23
8.9517052741e-23
8.5041200104e-23
8.07891400988e-23
7.67496830938e-23
7.29121989392e-23
6.92665889922e-23
6.58032595426e-23
6.25130965655e-23
5.93874417372e-23
5.64180696503e-23
5.35971661678e-23
5.09173078594e-23
4.83714424664e-23
4.59528703431e-23
4.3655226826e-23
4.14724654847e-23
3.93988422104e-23
3.74289000999e-23
3.55574550949e-23
3.37795823402e-23
3.20906032232e-23
3.0486073062e-23
2.89617694089e-23
2.75136809385e-23
2.61379968915e-23
2.4831097047e-23
2.35895421946e-23
2.24100650849e-23
2.12895618306e-23
2.02250837391e-23
1.92138295522e-23
1.82531380745e-23
1.73404811708e-23
1.64734571123e-23
1.56497842567e-23
1.48672950438e-23
1.41239302916e-23
1.34177337771e-23
1.27468470882e-23
1.21095047338e-23
1.15040294971e-23
1.09288280222e-23
1.03823866211e-23
9.86326729008e-24
9.37010392557e-24
8.9015987293e-24
8.45651879283e-24
8.03369285319e-24
7.63200821053e-24
7.2504078e-24
6.88788741e-24
6.5434930395e-24
6.21631838753e-24
5.90550246815e-24
5.61022734474e-24
5.32971597751e-24
5.06323017863e-24
4.8100686697e-24
4.56956523621e-24
4.3410869744e-24
4.12403262568e-24
3.9178309944e-24
3.72193944468e-24
3.53584247245e-24
3.35905034882e-24
3.19109783138e-24
3.03154293981e-24
2.87996579282e-24
2.73596750318e-24
2.59916912802e-24
2.46921067162e-24
2.34575013804e-24
2.22846263114e-24
2.11703949958e-24
2.0111875246e-24
1.91062814837e-24
1.81509674095e-24
1.72434190391e-24
1.63812480871e-24
1.55621856827e-24
1.47840763986e-24
1.40448725787e-24
1.33426289497e-24
1.26754975023e-24
1.20417226271e-24
1.14396364958e-24
1.0867654671e-24
1.03242719374e-24
9.80805834058e-25
9.31765542355e-25
8.85177265237e-25
8.40918401975e-25
7.98872481876e-25
7.58928857783e-25
7.20982414894e-25
6.84933294149e-25
6.50686629441e-25
6.18152297969e-25
5.87244683071e-25
5.57882448917e-25
5.29988326471e-25
5.03488910148e-25
4.78314464641e-25
4.54398741408e-25
4.31678804338e-25
4.10094864121e-25
3.89590120915e-25
3.70110614869e-25
3.51605084126e-25
3.3402482992e-25
3.17323588424e-25
3.01457409002e-25
2.86384538552e-25
2.72065311625e-25
2.58462046043e-25
2.45538943741e-25
2.33261996554e-25
2.21598896727e-25
2.1051895189e-25
1.99993004296e-25
1.89993354081e-25
1.80493686377e-25
1.71469002058e-25
1.62895551955e-25
1.54750774357e-25
1.47013235639e-25
1.39662573858e-25
1.32679445165e-25
1.26045472906e-25
1.19743199261e-25
1.13756039298e-25
1.08068237333e-25
1.02664825466e-25
9.75315841931e-26
9.26550049835e-26
8.80222547343e-26
8.36211419976e-26
7.94400848977e-26
7.54680806528e-26
7.16946766202e-26
6.81099427892e-26
6.47044456497e-26
6.14692233672e-26
5.83957621989e-26
5.54759740889e-26
5.27021753845e-26
5.00670666153e-26
4.75637132845e-26
4.51855276203e-26
4.29262512393e-26
4.07799386773e-26
3.87409417434e-26
3.68038946563e-26
3.49636999234e-26
3.32155149273e-26
3.15547391809e-26
2.99770022219e-26
2.84781521108e-26
2.70542445052e-26
2.570153228e-26
2.4416455666e-26
2.31956328827e-26
2.20358512385e-26
2.09340586766e-26
1.98873557428e-26
1.88929879556e-26
1.79483385579e-26
1.705092163e-26
1.61983755485e-26
1.5388456771e-26
1.46190339325e-26
1.38880822359e-26
1.31936781241e-26
1.25339942179e-26
1.1907294507e-26
1.13119297816e-26
1.07463332925e-26
1.02090166279e-26
9.69856579652e-27
9.2136375067e-27
8.75295563136e-27
8.31530784979e-27
7.89954245731e-27
7.50456533444e-27
7.12933706772e-27
6.77287021433e-27
6.43422670362e-27
6.11251536843e-27
5.80688960001e-27
5.51654512001e-27
5.24071786401e-27
4.97868197081e-27
4.72974787227e-27
4.49326047866e-27
4.26859745472e-27
4.05516758199e-27
3.85240920289e-27
3.65978874274e-27
3.47679930561e-27
3.30295934033e-27
3.13781137331e-27
2.98092080464e-27
2.83187476441e-27
2.69028102619e-27
2.55576697488e-27
2.42797862614e-27
2.30657969483e-27
2.19125071009e-27
2.08168817459e-27
1.97760376586e-27
1.87872357756e-27
1.78478739868e-27
1.69554802875e-27
1.61077062731e-27
1.53023209595e-27
1.45372049115e-27
1.38103446659e-27
1.31198274326e-27
1.2463836061e-27
1.18406442579e-27
1.12486120451e-27
1.06861814428e-27
1.01518723707e-27
9.64427875213e-28
9.16206481452e-28
8.70396157379e-28
8.2687634951e-28
7.85532532035e-28
7.46255905433e-28
7.08943110161e-28
6.73495954653e-28
6.39821156921e-28
6.07830099075e-28
5.77438594121e-28
5.48566664415e-28
5.21138331194e-28
4.95081414634e-28
4.70327343903e-28
4.46810976708e-28
4.24470427872e-28
4.03246906479e-28
3.83084561155e-28
3.63930333097e-28
3.45733816442e-28
3.2844712562e-28
3.12024769339e-28
2.96423530872e-28
2.81602354328e-28
2.67522236612e-28
2.54146124781e-28
2.41438818542e-28
2.29366877615e-28
2.17898533734e-28
2.07003607048e-28
1.96653426695e-28
1.86820755361e-28
1.77479717593e-28
1.68605731713e-28
1.60175445127e-28
1.52166672871e-28
1.44558339227e-28
1.37330422266e-28
1.30463901153e-28
1.23940706095e-28
1.1774367079e-28
1.11856487251e-28
1.06263662888e-28
1.00950479744e-28
9.59029557567e-29
9.11078079688e-29
8.65524175704e-29
8.22247966919e-29
7.81135568573e-29
7.42078790144e-29
7.04974850637e-29
6.69726108105e-29
6.362398027e-29
6.04427812565e-29
5.74206421937e-29
5.4549610084e-29
5.18221295798e-29
4.92310231008e-29
4.67694719457e-29
4.44309983485e-29
4.2209448431e-29
4.00989760095e-29
3.8094027209e-29
3.61893258486e-29
3.43798595561e-29
3.26608665783e-29
3.10278232494e-29
2.94764320869e-29
2.80026104826e-29
2.66024799585e-29
2.52723559605e-29
2.40087381625e-29
2.28083012544e-29
2.16678861917e-29
2.05844918821e-29
1.9555267288e-29
1.85775039236e-29
1.76486287274e-29
1.6766197291e-29
1.59278874265e-29
1.51314930552e-29
1.43749184024e-29
1.36561724823e-29
1.29733638582e-29
1.23246956653e-29
1.1708460882e-29
1.11230378379e-29
1.0566885946e-29
1.00385416487e-29
9.53661456626e-30
9.05978383795e-30
8.60679464605e-30
8.17645491375e-30
7.76763216806e-30
7.37925055966e-30
7.01028803168e-30
6.65977363009e-30
6.32678494859e-30
6.01044570116e-30
5.7099234161e-30
5.4244272453e-30
5.15320588303e-30
4.89554558888e-30
4.65076830944e-30
4.41822989396e-30
4.19731839927e-30
3.9874524793e-30
3.78807985534e-30
3.59867586257e-30
3.41874206944e-30
3.24780496597e-30
3.08541471767e-30
2.93114398179e-30
2.7845867827e-30
2.64535744356e-30
2.51308957139e-30
2.38743509282e-30
2.26806333818e-30
2.15466017127e-30
2.0469271627e-30
1.94458080457e-30
1.84735176434e-30
1.75498417612e-30
1.66723496732e-30
1.58387321895e-30
1.504679558e-30
1.4294455801e-30
1.3579733011e-30
1.29007463604e-30
1.22557090424e-30
1.16429235903e-30
1.10607774108e-30
1.05077385402e-30
9.98235161322e-31
9.48323403256e-31
9.00907233093e-31
8.55861871439e-31
8.13068777867e-31
7.72415338973e-31
7.33794572025e-31
6.97104843423e-31
6.62249601252e-31
6.2913712119e-31
5.9768026513e-31
5.67796251874e-31
5.3940643928e-31
5.12436117316e-31
4.8681431145e-31
4.62473595878e-31
4.39349916084e-31
4.1738242028e-31
3.96513299266e-31
3.76687634302e-31
3.57853252587e-31
3.39960589958e-31
3.2296256046e-31
3.06814432437e-31
2.91473710815e-31
2.76900025274e-31
2.63055024011e-31
2.4990227281e-31
2.3740715917e-31
2.25536801211e-31
2.14259961151e-31
2.03546963093e-31
1.93369614938e-31
1.83701134191e-31
1.74516077482e-31
1.65790273608e-31
1.57500759927e-31
1.49625721931e-31
1.42144435834e-31
1.35037214043e-31
1.28285353341e-31
1.21871085674e-31
1.1577753139e-31
1.0998865482e-31
1.04489222079e-31
9.92647609754e-32
9.43015229267e-32
8.95864467803e-32
8.51071244413e-32
8.08517682192e-32
7.68091798083e-32
7.29687208179e-32
6.9320284777e-32
6.58542705381e-32
6.25615570112e-32
5.94334791607e-32
5.64618052026e-32
5.36387149425e-32
5.09567791954e-32
4.84089402356e-32
4.59884932238e-32
4.36890685626e-32
4.15046151345e-32
3.94293843778e-32
3.74579151589e-32
3.55850194009e-32
3.38057684309e-32
3.21154800093e-32
3.05097060089e-32
2.89842207084e-32
2.7535009673e-32
2.61582591894e-32
2.48503462299e-32
2.36078289184e-32
2.24274374725e-32
2.13060655989e-32
2.02407623189e-32
1.9228724203e-32
1.82672879928e-32
1.73539235932e-32
1.64862274135e-32
1.56619160428e-32
1.48788202407e-32
1.41348792287e-32
1.34281352672e-32
1.27567285039e-32
1.21188920787e-32
1.15129474747e-32
1.0937300101e-32
1.0390435096e-32
9.87091334116e-33
9.3773676741e-33
8.9084992904e-33
8.46307432588e-33
8.03992060958e-33
7.6379245791e-33
7.25602835015e-33
6.89322693264e-33
6.54856558601e-33
6.22113730671e-33
5.91008044137e-33
5.6145764193e-33
5.33384759834e-33
5.06715521842e-33
4.8137974575e-33
4.57310758463e-33
4.34445220539e-33
4.12722959512e-33
3.92086811537e-33
3.7248247096e-33
3.53858347412e-33
3.36165430041e-33
3.19357158539e-33
3.03389300612e-33
2.88219835582e-33
2.73808843803e-33
2.60118401613e-33
2.47112481532e-33
2.34756857455e-33
2.23019014583e-33
2.11868063853e-33
2.01274660661e-33
1.91210927628e-33
1.81650381246e-33
1.72567862184e-33
1.63939469075e-33
1.55742495621e-33
1.4795537084e-33
1.40557602298e-33
1.33529722183e-33
1.26853236074e-33
1.2051057427e-33
1.14485045557e-33
1.08760793279e-33
1.03322753615e-33
9.81566159342e-34
9.32487851375e-34
8.85863458806e-34
8.41570285866e-34
7.99491771573e-34
7.59517182994e-34
7.21541323844e-34
6.85464257652e-34
6.5119104477e-34
6.18631492531e-34
5.87699917905e-34
5.58314922009e-34
5.30399175909e-34
5.03879217113e-34
4.78685256258e-34
4.54750993445e-34
4.32013443773e-34
4.10412771584e-34
3.89892133005e-34
3.70397526355e-34
3.51877650037e-34
3.34283767535e-34
3.17569579158e-34
3.016911002e-34
2.8660654519e-34
2.72276217931e-34
2.58662407034e-34
2.45729286683e-34
2.33442822348e-34
2.21770681231e-34
2.10682147169e-34
2.00148039811e-34
1.9014063782e-34
1.80633605929e-34
1.71601925633e-34
1.63021829351e-34
1.54870737884e-34
1.4712720099e-34
1.3977084094e-34
1.32782298893e-34
1.26143183948e-34
1.19836024751e-34
1.13844223513e-34
1.08152012338e-34
1.02744411721e-34
9.76071911348e-35
9.27268315781e-35
8.80904899992e-35
8.36859654992e-35
7.95016672243e-35
7.5526583863e-35
7.17502546699e-35
6.81627419364e-35
6.47546048396e-35
6.15168745976e-35
5.84410308677e-35
5.55189793243e-35
5.27430303581e-35
5.01058788402e-35
4.76005848982e-35
4.52205556533e-35
4.29595278706e-35
4.08115514771e-35
3.87709739032e-35
3.68324252081e-35
3.49908039477e-35
3.32412637503e-35
3.15792005628e-35
3.00002405346e-35
2.85002285079e-35
2.70752170825e-35
2.57214562284e-35
2.4435383417e-35
2.32136142461e-35
2.20529335338e-35
2.09502868571e-35
1.99027725143e-35
1.89076338886e-35
1.79622521941e-35
1.70641395844e-35
1.62109326052e-35
1.54003859749e-35
1.46303666762e-35
1.38988483424e-35
1.32039059253e-35
1.2543710629e-35
1.19165250975e-35
1.13206988427e-35
1.07546639005e-35
1.02169307055e-35
9.70608417023e-36
9.22077996172e-36
8.75974096364e-36
8.32175391546e-36
7.90566621968e-36
7.5103829087e-36
7.13486376326e-36
6.7781205751e-36
6.43921454635e-36
6.11725381903e-36
5.81139112808e-36
5.52082157167e-36
5.24478049309e-36
4.98254146843e-36
4.73341439501e-36
4.49674367526e-36
4.2719064915e-36
4.05831116692e-36
3.85539560858e-36
3.66262582815e-36
3.47949453674e-36
3.3055198099e-36
3.14024381941e-36
2.98323162844e-36
2.83407004702e-36
2.69236654467e-36
2.55774821743e-36
2.42986080656e-36
2.30836776623e-36
2.19294937792e-36
2.08330190903e-36
1.97913681357e-36
1.8801799729e-36
1.78617097425e-36
1.69686242554e-36
1.61201930426e-36
1.53141833905e-36
1.4548474221e-36
1.38210505099e-36
1.31299979844e-36
1.24734980852e-36
1.18498231809e-36
1.12573320219e-36
1.06944654208e-36
1.01597421498e-36
9.65175504226e-37
9.16916729015e-37
8.71070892564e-37
8.27517347936e-37
7.86141480539e-37
7.46834406512e-37
7.09492686187e-37
6.74018051877e-37
6.40317149284e-37
6.08301291819e-37
5.77886227228e-37
5.48991915867e-37
5.21542320074e-37
4.9546520407e-37
4.70691943866e-37
4.47157346673e-37
4.24799479339e-37
4.03559505373e-37
3.83381530104e-37
3.64212453599e-37
3.46001830919e-37
3.28701739373e-37
3.12266652404e-37
2.96653319784e-37
2.81820653795e-37
2.67729621105e-37
2.5434314005e-37
2.41625983047e-37
2.29544683895e-37
2.180674497e-37
2.07164077215e-37
1.96805873354e-37
1.86965579687e-37
1.77617300702e-37
1.68736435667e-37
1.60299613884e-37
1.5228463319e-37
1.4467040153e-37
1.37436881454e-37
1.30565037381e-37
1.24036785512e-37
1.17834946236e-37
1.11943198925e-37
1.06346038978e-37
1.01028737029e-37
9.59773001779e-38
9.1178435169e-38
8.66195134106e-38
8.22885377401e-38
7.8174110853e-38
7.42654053104e-38
7.05521350449e-38
6.70245282926e-38
6.3673301878e-38
6.04896367841e-38
5.74651549449e-38
5.45918971977e-38
5.18623023378e-38
4.92691872209e-38
4.68057278598e-38
4.44654414668e-38
4.22421693935e-38
4.01300609238e-38
3.81235578776e-38
3.62173799838e-38
3.44065109846e-38
3.26861854353e-38
3.10518761636e-38
2.94992823554e-38
2.80243182376e-38
2.66231023257e-38
2.52919472095e-38
2.4027349849e-38
2.28259823565e-38
2.16846832387e-38
2.06004490768e-38
1.95704266229e-38
1.85919052918e-38
1.76623100272e-38
1.67791945258e-38
1.59402347995e-38
1.51432230596e-38
1.43860619066e-38
1.36667588113e-38
1.29834208707e-38
1.23342498272e-38
1.17175373358e-38
1.1131660469e-38
1.05750774456e-38
1.00463235733e-38
9.54400739462e-39
9.06680702489e-39
8.61346667365e-39
8.18279333996e-39
7.77365367296e-39
7.38497098932e-39
7.01572243985e-39
6.66493631786e-39
6.33168950197e-39
6.01510502687e-39
5.71434977552e-39
5.42863228675e-39
5.15720067241e-39
4.89934063879e-39
4.65437360685e-39
4.42165492651e-39
4.20057218018e-39
3.99054357117e-39
3.79101639261e-39
3.60146557298e-39
3.42139229433e-39
3.25032267962e-39
3.08780654564e-39
2.93341621836e-39
2.78674540744e-39
2.64740813707e-39
2.51503773021e-39
2.3892858437e-39
2.26982155152e-39
2.15633047394e-39
2.04851395024e-39
1.94608825273e-39
1.84878384009e-39
1.75634464809e-39
1.66852741569e-39
1.5851010449e-39
1.50584599266e-39
1.43055369302e-39
1.35902600837e-39
1.29107470795e-39
1.22652097256e-39
1.16519492393e-39
1.10693517773e-39
1.05158841885e-39
9.99008997903e-40
9.49058548008e-40
9.01605620607e-40
8.56525339577e-40
8.13699072598e-40
7.73014118968e-40
7.3436341302e-40
6.97645242369e-40
6.6276298025e-40
6.29624831238e-40
5.98143589676e-40
5.68236410192e-40
5.39824589683e-40
5.12833360198e-40
4.87191692189e-40
4.62832107579e-40
4.396905022e-40
4.1770597709e-40
3.96820678236e-40
3.76979644324e-40
3.58130662108e-40
3.40224129002e-40
3.23212922552e-40
3.07052276425e-40
2.91699662603e-40
2.77114679473e-40
2.632589455e-40
2.50095998225e-40
2.37591198313e-40
2.25711638398e-40
2.14426056478e-40
2.03704753654e-40
1.93519515971e-40
1.83843540173e-40
1.74651363164e-40
1.65918795006e-40
1.57622855255e-40
1.49741712493e-40
1.42254626868e-40
1.35141895525e-40
1.28384800748e-40
1.21965560711e-40
1.15867282675e-40
1.10073918542e-40
1.04570222615e-40
9.93417114839e-41
9.43746259097e-41
8.96558946142e-41
8.51730998835e-41
8.09144448893e-41
7.68687226449e-41
7.30252865126e-41
6.9374022187e-41
6.59053210776e-41
6.26100550238e-41
5.94795522726e-41
5.65055746589e-41
5.3680295926e-41
5.09962811297e-41
4.84464670732e-41
4.60241437195e-41
4.37229365336e-41
4.15367897069e-41
3.94599502215e-41
3.74869527105e-41
3.56126050749e-41
3.38319748212e-41
3.21403760801e-41
3.05333572761e-41
2.90066894123e-41
2.75563549417e-41
2.61785371946e-41
2.48696103349e-41
2.36261298181e-41
2.24448233272e-41
2.13225821609e-41
2.02564530528e-41
1.92436304002e-41
1.82814488802e-41
1.73673764362e-41
1.64990076144e-41
1.56740572336e-41
1.4890354372e-41
1.41458366534e-41
1.34385448207e-41
1.27666175797e-41
1.21282867007e-41
1.15218723656e-41
1.09457787474e-41
1.039848981e-41
9.8785653195e-42
9.38463705352e-42
8.91540520084e-42
8.4696349408e-42
8.04615319376e-42
7.64384553407e-42
7.26165325737e-42
6.8985705945e-42
6.55364206478e-42
6.22595996154e-42
5.91466196346e-42
5.61892886529e-42
5.33798242202e-42
5.07108330092e-42
4.81752913588e-42
4.57665267908e-42
4.34782004513e-42
4.13042904287e-42
3.92390759073e-42
3.72771221119e-42
3.54132660063e-42
3.3642602706e-42
3.19604725707e-42
3.03624489422e-42
2.88443264951e-42
2.74021101703e-42
2.60320046618e-42
2.47304044287e-42
2.34938842073e-42
2.23191899969e-42
2.12032304971e-42
2.01430689722e-42
1.91359155236e-42
1.81791197474e-42
1.727016376e-42
1.6406655572e-42
1.55863227934e-42
1.48070066538e-42
1.40666563211e-42
1.3363323505e-42
1.26951573298e-42
1.20603994633e-42
1.14573794901e-42
1.08845105156e-42
1.03402849898e-42
9.82327074034e-43
9.33210720333e-43
8.86550184316e-43
8.422226751e-43
8.00111541345e-43
7.60105964278e-43
7.22100666064e-43
6.85995632761e-43
6.51695851123e-43
6.19111058567e-43
5.88155505638e-43
5.58747730356e-43
5.30810343839e-43
5.04269826647e-43
4.79056335314e-43
4.55103518549e-43
4.32348342621e-43
4.1073092549e-43
3.90194379216e-43
3.70684660255e-43
3.52150427242e-43
3.3454290588e-43
3.17815760586e-43
3.01924972557e-43
2.86828723929e-43
2.72487287732e-43
2.58862923346e-43
2.45919777179e-43
2.3362378832e-43
2.21942598904e-43
2.10845468958e-43
2.0030319551e-43
1.90288035735e-43
1.80773633948e-43
1.71734952251e-43
1.63148204638e-43
1.54990794406e-43
1.47241254686e-43
1.39879191952e-43
1.32885232354e-43
1.26240970736e-43
1.199289222e-43
1.1393247609e-43
1.08235852285e-43
1.02824059671e-43
9.76828566874e-44
9.2798713853e-44
8.81587781603e-44
8.37508392523e-44
7.95632972897e-44
7.55851324252e-44
7.1805875804e-44
6.82155820138e-44
6.48048029131e-44
6.15645627674e-44
5.8486334629e-44
5.55620178976e-44
5.27839170027e-44
5.01447211526e-44
4.7637485095e-44
4.52556108402e-44
4.29928302982e-44
4.08431887833e-44
3.88010293441e-44
3.68609778769e-44
3.50179289831e-44
3.32670325339e-44
3.16036809072e-44
3.00234968619e-44
2.85223220188e-44
2.70962059178e-44
2.57413956219e-44
2.44543258408e-44
2.32316095488e-44
2.20700290714e-44
2.09665276178e-44
1.99182012369e-44
1.89222911751e-44
1.79761766163e-44
1.70773677855e-44
1.62234993962e-44
1.54123244264e-44
1.46417082051e-44
1.39096227948e-44
1.32141416551e-44
1.25534345723e-44
1.19257628437e-44
1.13294747015e-44
1.07630009665e-44
1.02248509181e-44
9.71360837222e-45
9.22792795361e-45
8.76653155593e-45
8.32820497814e-45
7.91179472923e-45
7.51620499277e-45
7.14039474313e-45
6.78337500597e-45
6.44420625567e-45
6.12199594289e-45
5.81589614575e-45
5.52510133846e-45
5.24884627154e-45
4.98640395796e-45
4.73708376006e-45
4.50022957206e-45
4.27521809345e-45
4.06145718878e-45
3.85838432934e-45
3.66546511288e-45
3.48219185723e-45
3.30808226437e-45
3.14267815115e-45
2.98554424359e-45
2.83626703141e-45
2.69445367984e-45
2.55973099585e-45
2.43174444606e-45
2.31015722376e-45
2.19464936257e-45
2.08491689444e-45
1.98067104972e-45
1.88163749723e-45
1.78755562237e-45
1.69817784125e-45
1.61326894919e-45
1.53260550173e-45
1.45597522664e-45
1.38317646531e-45
1.31401764205e-45
1.24831675994e-45
1.18590092195e-45
1.12660587585e-45
1.07027558206e-45
1.01676180295e-45
9.65923712806e-46
9.17627527166e-46
8.71746150807e-46
8.28158843267e-46
7.86750901104e-46
7.47413356048e-46
7.10042688246e-46
6.74540553834e-46
6.40813526142e-46
6.08772849835e-46
5.78334207343e-46
5.49417496976e-46
5.21946622127e-46
4.95849291021e-46
4.7105682647e-46
4.47503985146e-46
4.25128785889e-46
4.03872346595e-46
3.83678729265e-46
3.64494792802e-46
3.46270053162e-46
3.28956550503e-46
3.12508722978e-46
2.96883286829e-46
2.82039122488e-46
2.67937166363e-46
2.54540308045e-46
2.41813292643e-46
2.29722628011e-46
2.1823649661e-46
2.0732467178e-46
1.96958438191e-46
1.87110516281e-46
1.77754990467e-46
1.68867240944e-46
1.60423878897e-46
1.52402684952e-46
1.44782550704e-46
1.37543423169e-46
1.30666252011e-46
1.2413293941e-46
1.1792629244e-46
1.12029977818e-46
1.06428478927e-46
1.0110705498e-46
9.60517022313e-47
9.12491171198e-47
8.66866612638e-47
8.23523282006e-47
7.82347117906e-47
7.4322976201e-47
7.0606827391e-47
6.70764860214e-47
6.37226617204e-47
6.05365286344e-47
5.75097022026e-47
5.46342170925e-47
