-0.011839092314
-0.01154733874
-0.00689884808535
0.0154047554778
0.0066863036168
0.0217882187055
-0.00760691782318
0.00865493143547
0.00851106279991
0.0384182114856
0.0515738384457
0.00765917354592
-0.0104343598985
0.0210331763485
-0.0495584637304
-0.0229232374571
0.0533827297901
0.0366780753268
0.104429817311
-0.0681404051099
0.0705457398157
0.0419725168172
-0.124449431702
0.0589843680602
-0.0570951793098
0.0163998270025
0.0064839713513
-0.150505011037
-0.0537300057902
-0.0213513421126
-0.123471444722
0.0280822800562
0.0706485668332
0.155635545943
-0.0850319824587
-0.051565417177
0.268358383575
0.0251044363362
0.207019769841
0.00466047719418
0.0923230357498
-0.156710241428
-0.225804502523
-0.103391232763
-0.435996223753
-0.0360341214768
-0.588973870271
0.385213312717
0.323615971773
0.467752813654
-0.514325333599
0.285406151141
-0.502821926149
0.533986108608
-0.380982083829
0.605943137691
0.731427974219
0.472242627415
0.0446719613608
0.341279331146
0.174718053401
0.524220807646
-0.683786891643
-0.218189509342
-0.886074373143
0.888463822859
-0.534032897414
0.30429207805
-0.0876098115668
-0.0540775165361
0.838761790423
-0.0319601421575
0.34624469387
-0.309337216434
-0.449696042651
-1.23592423746
-0.382512078634
-0.988569877802
0.186962711435
-1.3741934174
0.883384549709
0.182318953464
-0.847870786439
0.215761669949
1.05574793675
-0.378185302781
0.686079152953
1.1282022862
0.480607553822
-1.31974017377
-1.63060159956
1.29774779983
-0.133575679562
0.0515821075999
-2.05042435803
-0.775221016237
0.887920830335
0.827374353988
-1.34001985367
1.15109315321
-0.520977481667
0.761002747705
0.271712074969
0.755995444292
-1.6807192475
-0.049666342902
-2.20791578044
0.415463858929
-3.32684628795
-1.92584301776
-2.64369552307
-0.563367026308
-0.0419961528729
-2.59084729625
3.02872275828
-1.52100304847
0.0901928070724
-2.35347469688
-2.09066881984
1.65194935748
-3.06308647454
-0.939367110234
-3.45296672717
-1.65412294452
-2.27734049467
-3.39741675953
0.0814081140584
1.60793645947
-1.19885723622
-2.05217105324
-0.125683809751
0.175636758261
2.56617219332
-1.49570458769
-2.03433744328
-2.48080074728
-4.6869447385
-1.52741572227
0.671643685376
-1.45768110653
-0.189886830754
0.440479890466
2.30140087319
-0.806453869083
2.76524423568
0.72491543654
2.51372351388
1.73809562219
0.909927113603
1.76998015443
-3.58403289716
2.69164382247
-5.41452249439
4.73027310711
-2.68304174682
3.01763971313
-1.47015837172
-0.518442744507
3.69602814191
1.66617346278
4.18549393396
-3.56032819205
0.214842730208
-2.071890625
0.765431899779
0.46339918459
1.95922343731
2.64010551502
-0.502766510926
2.5115294537
-1.81343867916
0.363961188396
-4.20640909752
4.37617635282
0.0446043505047
5.15119185308
-2.65516738882
-1.83325782117
1.33911539058
0.550926055229
2.30863210099
-3.52004036866
-0.636119603245
-1.75922230957
1.18949765807
2.39377864341
-1.31234906503
-1.51144835969
-4.31855492016
3.81574597434
-4.30178017557
5.11068503895
-4.10371391074
0.806095454849
1.00348932694
-0.543995765535
-2.08758974066
-0.527584308832
-1.33617960269
2.67520728333
0.418952933076
-2.86748763214
-2.48029832853
-0.101948579841
-2.03621625404
3.29023432832
-4.69018692502
2.33831694986
-4.1114846122
3.05505357583
-2.94608457239
-2.32648887959
2.35640827844
-3.82135783234
1.2080504012
-1.36437880899
2.81298642718
0.30447636354
0.430177898484
-2.91761793621
1.72743625903
0.0619233328962
2.0891789203
2.65211246633
-1.37649786465
0.241114376302
2.16591402558
-1.36657097867
-1.94668741786
-0.615387829063
-0.0107864947871
-1.77215492616
-0.51578252544
1.19494634465
-3.21890030193
3.55108081837
-5.37426600241
1.95321404667
-1.2570959193
-2.8452528972
3.02370334904
-4.44292786629
5.59744724965
-1.32207508282
4.49060074793
-2.12704333343
-0.319778251844
0.943193803672
-2.38811401935
5.07424566525
0.770223340805
1.53534765462
-0.338275835022
-0.44752321435
2.86476917905
-0.592695129812
2.61526795205
-0.528712664439
0.928913851012
1.71193964669
0.52993851562
-0.67197622049
-2.48097874558
3.81773100955
1.38894196209
-0.501176820467
-0.0183241313203
-2.19484482636
-2.21100873523
0.64102701156
-0.277725201754
-0.832051491888
0.850628137643
0.160159648306
0.193964760565
0.151854005491
1.3557315874
0.415261521481
-1.29320359813
-1.41018680077
1.58130891764
2.65943060463
2.63289050029
-0.0028831615054
-1.61790319638
1.58455287452
0.787950381239
1.91434610887
-2.05630860211
4.5583685566
-0.251264151221
3.70174130639
2.47463348768
0.163661434096
3.23567705506
-4.13315761211
3.97877027084
0.493387281327
5.20947207397
0.664731414488
0.525471677297
4.12362290701
1.9933161893
0.177051332571
-1.45614803
0.134172720402
-2.59493085743
0.374280847199
0.92075788959
1.3791197286
3.5023380267
-1.83585128409
-1.57218695231
0.0736682417446
-0.33303251001
4.26579022449
0.0364197593323
1.77553559356
-0.399103214079
1.83372399915
-3.31974537511
-1.22794727836
-0.6459578276
-0.625848766606
0.99702300957
2.94228630624
-1.39178476898
-1.40872265587
0.100917779352
0.854268019411
-2.3205584558
-2.80425258839
3.50834769349
1.68255401517
-2.65465223498
2.79022230772
-1.63845928757
0.0488062431654
-5.06376506152
-1.61255918842
1.91738533813
-2.95467816094
0.690283358393
-3.4974586966
2.80046471871
0.180437888624
1.14121141392
-3.2038869114
-0.828532769826
0.523432133039
-2.94866744257
-2.02627574276
-0.988798408081
-0.880939543236
1.39567669765
-3.20841609601
0.823216793227
1.27992573814
-0.771574337461
-2.00015841636
1.47838493042
2.08240407034
-1.28516868745
-2.42674827332
0.323270019647
-0.556618266964
-3.19903908944
-0.871821394087
0.661536548126
-2.13872954622
-3.37934050766
1.23963799507
0.0324174323818
-0.245874968091
-3.64665765676
-1.44359359852
0.916799621787
-0.773217724426
-1.43889648343
-0.778125232183
-2.19104804676
0.800397193479
1.03986865296
-0.209093457807
0.243313582271
-2.16920784299
0.914662636657
1.50347162696
-1.00477503376
0.645389512583
-1.33352067433
0.0241767577515
2.01065456587
0.42576594043
-1.30969232968
0.263335504201
0.707707343928
0.997777871652
1.09604152034
-0.536789928608
2.76667227025
-0.760759135068
2.41664733562
1.50232235803
-1.34580320412
0.635583349661
-1.81651669778
2.14452110701
-2.61139964652
-1.43361341505
1.93921084153
1.70350036866
-0.50369331446
-1.6981930148
1.73242067386
2.26906115875
0.635119822691
-2.16539233444
-0.284765463607
1.12521917289
-1.20442340874
0.175812634259
1.54285556519
-1.96446534033
1.45543593809
-1.00481323714
3.69879232412
-2.1403067758
-1.33775562196
-1.89606609877
2.92725888449
-0.726405961228
-2.38266077702
-0.859209255974
1.09382567213
1.2159009871
-2.31990512965
0.924469277621
1.52185402502
2.62926219524
-1.31175803426
0.928369927105
2.15801244912
0.996728095399
1.17956827897
0.0621610036396
1.43492777265
0.753089820069
-0.307519844466
1.58849098526
3.06528896236
-1.12158608768
2.0777438725
2.27140505
3.54501775205
-1.30914744286
2.98725008259
-2.27752803218
2.28088404198
-2.7664106202
1.1759442438
-1.92356558054
0.763635451658
1.59558201376
0.651800809696
2.93337739828
1.75904313112
-1.73253676505
3.62980403715
1.13733455278
1.17931984956
0.943242682421
-1.06695977934
3.25415113013
-2.99509329144
0.319170012752
-3.18686279374
3.53321134459
1.47206513769
2.92120996041
2.69055737798
1.63012052992
1.51256378814
1.55191902327
0.0941010073817
2.53935498997
-0.732864804624
-0.81445696059
1.10966112085
-0.211240769153
-0.929199106029
-0.837212095364
1.79269242165
-1.87626148665
2.17683131577
2.15696757277
-1.37526563414
-0.62199859942
-0.746358534498
4.34993974227
-2.91775571011
1.96715851717
-1.07461488229
-1.11042915716
-2.49165110702
0.804248949092
0.752590183331
1.30566356203
-0.553290974836
0.481797255239
0.306788041267
-3.07337933759
-2.54033495774
-3.34553789988
-0.153899405856
0.926744183182
-0.941451147657
2.00212186546
-2.43718055159
0.791349978217
-3.77130635531
1.70089190577
1.45272932495
0.150471146564
-2.36207181331
0.646101905978
-1.86292987477
0.512505527086
-3.90520211283
2.54248549113
0.725575901656
3.28129799842
-3.85076796013
-0.204569045558
1.08022534768
1.89202411301
2.1188194267
-3.74847499608
2.00972363135
-2.49897835818
1.95448483929
1.24608844191
3.27078703043
-1.07643716022
1.80942883421
-3.14389041416
3.6274296493
-2.12361731195
-0.85530359539
2.25812378491
-2.16943025704
2.15291107011
-4.66034448901
-0.997136030959
1.50767997392
1.42200194805
2.51635959996
-2.3075726551
0.131038481621
2.67056202683
0.165464383143
0.404156554376
-1.58668650341
0.46123160036
1.11947094441
3.02264138403
-3.22615670755
0.592276974732
-1.3026594457
-3.06685389549
3.89103680659
-2.29720997585
3.66240918158
-1.10318137228
-0.0763037802063
-2.47571978436
3.26739188733
-0.027401089144
1.03761159807
-1.25604210887
1.23284479764
-1.59761354373
-3.4589831195
-0.991490328493
1.75046162977
2.62811219023
-2.33196260195
-1.0312963986
2.87757609665
-0.45102538601
-2.60419268511
-0.485833260351
4.26627653869
2.76539246049
1.75636309153
2.57991748645
0.721070128111
0.729664761407
-3.70453892718
0.216471441398
3.33483758297
2.46686603022
3.15994843202
-1.76051625755
5.64745360488
-0.475070769022
0.780642680271
0.225941477804
1.20639186599
0.397947442835
-0.62303580468
-1.42535722591
3.37080746613
2.47890061851
0.503892429573
1.0653474746
-1.53936774348
0.736492088147
0.654126410153
-1.58275841102
-0.772826580929
-1.23071127901
3.55137404975
-3.07949098926
2.38852119907
-3.8550645749
4.3231783468
-1.53854805958
4.29974694691
-3.09591170259
-1.32123037375
-3.16643140684
2.05857821138
-3.24906811553
-1.45594613843
0.223714823902
-3.36034849465
-1.4638412174
-4.54447830706
-1.20548218212
2.26670117153
-3.35098173296
0.217057489267
-4.89923324528
4.31351033478
-4.45045678666
3.16645763862
-2.63032032515
3.11894940219
-3.52116032418
-3.2626616785
-2.31053002624
-2.37911231463
-2.65443348272
-4.22316130933
-0.708418415642
-1.88390294591
-4.67724964454
0.163771455485
-6.45666645852
3.27160917518
-6.26629864347
2.31236877952
-3.06922405484
1.69007409952
-1.13981804823
0.343554136302
2.50294000697
-3.39024645437
1.95816691329
-1.62724663101
2.4407394718
-2.04583777802
-2.54837166754
-1.93059009475
-3.52057970128
-2.4097741979
-0.253269705269
1.64487089319
1.42807886458
0.766149997252
-2.05740962041
0.133160531571
-0.311288439738
-4.13911258366
2.16049528716
-2.53670238808
2.68128720658
-4.64008768313
2.81908705483
-4.02491511399
0.403936808227
-4.38436096852
3.27724282286
-3.16388761674
2.73324107848
0.656755972571
-2.86471817861
-1.92870588949
-4.4947832527
-0.15789319807
-2.64858075891
-0.134678567308
-2.55955492029
-0.39585992199
2.01364367519
-2.44072292376
-0.334125140782
-5.25224017957
4.09364866688
0.0152174441247
-1.95004867848
-2.37819942994
1.61929048863
-3.12538589791
-3.15069612626
0.913101455765
-2.45399562429
-2.51056341638
-0.0681875352179
0.0371740921992
-1.08427209509
1.1151614133
1.45830676106
-2.64585731185
-2.71249201449
0.773958718313
2.52070681331
-0.298431201778
0.99337423556
-2.67612114024
-1.39974924396
-2.41035759753
-1.77604880253
-1.08935746632
2.0150311452
2.08260614855
-0.289204813025
-1.04007036536
-0.084022817412
-2.08155857125
0.657074816545
-4.68835804587
4.53905784015
-3.79207570968
3.4625045496
-6.20154580384
1.08573189536
-4.10985061658
1.50503106585
1.33988015722
2.25657039631
-1.63776233375
2.61149438753
-2.38986965933
-2.57571469597
-3.54589570834
0.155683940198
-3.35594362507
1.93572063133
-2.27534740882
1.96749211256
-3.22243228319
1.5644947777
-5.46350598599
-1.19196017361
-4.25332153833
-1.54225277971
-3.93136806224
1.52683555709
-3.15669344045
-0.606067063512
-5.22339425788
1.70418326452
-5.20624083854
3.20624476652
-6.96949634435
4.01991227004
-0.891285515289
-1.35417896228
-2.51991301066
2.00273404906
1.47858331393
0.0863729554394
-1.44992066288
2.9488084629
-2.55625804829
0.942534267095
-5.77762029473
5.27575473402
-2.23811597102
4.93693062127
-6.66072386982
1.25313054113
0.708595206407
-4.30958942932
-3.05816226186
-2.73122988087
3.62628246611
-1.67389603774
0.983612530726
3.10462168089
-3.2058130493
3.51361078501
-2.42514667097
0.747330424606
3.11967875494
-3.00213831016
-2.6169841347
4.36335739104
1.2733085034
-0.900394113779
-0.46184172187
0.525911915231
4.38158389784
-5.54009435636
-2.47616333972
-2.64763204368
4.87504368004
1.99034654381
1.44273173182
-1.75896408999
3.44452335895
-5.28691667888
0.0892422503232
-1.06805628377
1.19079886305
-0.479273236623
0.793296787647
0.261936313771
-1.27814777733
2.0051846327
1.49749480564
4.02591138062
-2.93476683852
5.74228481358
-4.82396458363
6.94316691313
-2.19739832851
5.17545750021
-6.51806876914
7.12116327057
-7.35503463546
5.36958747084
-7.63385288144
6.76944815635
1.64127412196
-0.44462190941
-2.60785798814
5.56054912998
0.557757164698
-1.20847926298
1.95392428499
5.03399951399
4.00373675073
5.95332717957
1.20955769639
1.52772967797
4.25133241623
-7.97617342374
4.69940126658
-0.688129061307
7.94153963811
-10.8709379996
13.234462889
-5.91871174752
13.1270424562
-13.350369554
14.4078811174
-9.59243776064
6.23776462279
-7.28542448046
4.59223950873
-6.23753362765
-3.2876800293
6.83515945237
-10.7593829601
17.1828042646
-10.5911055951
12.4540489455
-12.2891234078
18.0290179134
-11.1959779377
14.3663037285
1.35868370842
2.60245390196
6.55351978104
-8.87706792769
8.78191686894
-4.35504650552
7.5498160919
-6.35040534352
12.712975255
-2.92915340885
8.01166270249
-10.673086296
6.49906470155
-3.7832543314
11.0476047803
3.0409067233
-0.322855817492
11.8386411956
-0.640304255237
9.89934344746
-8.47563944287
10.861282598
-2.77512757818
-0.734467272497
4.02088513372
-2.1817740202
362.104583373
-186.233139153
225.11943252
-182.707633757
226.123891276
-182.614120649
173.692280448
-117.327327065
79.8598209116
40.6578906331
-24.6330688132
16.1378139258
-16.2060971675
67.3187860242
-44.2198563595
114.654586728
-53.8037979058
46.7954125331
7.15876034003
25.6563894981
-23.5532697509
23.8087859684
24.7989559765
-25.5175255126
55.2357229067
-41.4748334211
28.9076580382
-10.701432812
46.8282834457
-42.4509468114
49.3238032714
-8.87608832169
9.93235137435
4.97578135271
7.10533187645
-4.97945527583
12.2284858152
19.7127901013
-23.7149234883
21.907667048
-3.94467384681
6.6894650646
-4.15344253561
17.1065224215
-12.5098550259
15.3430478935
6.33829445621
-8.19696263553
5.3030898671
6.45957438451
1.63479924314
-2.5502899589
12.581008936
-10.3800601426
513.822486731
-369.2910025
388.940400177
-316.27198323
390.992683205
-316.126407772
273.621578276
-188.953664289
133.039975973
38.6518765302
-71.8674820227
27.8359866466
-22.5732878182
121.330549515
-86.8371671139
153.727360686
-74.6339891659
70.1626363046
11.8618982272
-7.42873466049
19.5359748669
-20.6340393844
87.3282448165
-90.40963738
110.227368084
-86.4742578488
60.181309045
-22.7098238601
44.9740079098
-18.9776028702
17.6930523835
33.8489837624
-28.5768852027
45.4850605322
-33.5541951171
29.285706938
-4.75274658685
17.8572984825
-7.01879655432
-6.2153164163
35.9188213242
-36.6572972562
42.1260458746
-31.8082531579
37.7835352247
-20.4333356277
24.3410840867
-11.8407729035
5.12451684896
15.8642890151
-19.4173844723
25.803635473
-20.6001228345
25.7746106299
696.206627136
-657.446482032
720.094444241
-635.306696708
685.250940831
-541.214211388
408.711825547
-271.823716266
148.363839575
37.4681466074
-221.821918455
258.34404653
-181.724935383
306.663232263
-315.055633862
383.716457585
-208.168537345
186.61831643
-32.5092134381
-63.1054964788
205.861085694
-268.159763509
306.219234848
-382.013789523
420.401212652
-369.641944901
264.186632748
-166.310807397
122.848279943
14.6052620424
-84.1041560202
200.48126311
-223.906403738
313.427017418
-320.393796841
291.765860754
-219.805441067
169.181062585
-116.078056419
14.0095181018
87.2019643356
-160.1790506
219.696851076
-253.839613214
283.943113331
-239.848399735
218.517061017
-162.924596396
120.958426831
-23.3594320078
-53.0120972809
114.620291429
-157.975780844
193.989749865
826.129009456
-867.148681375
1108.19492147
-997.205118521
1059.44465553
-862.713298986
705.095483466
-524.928990475
294.841632158
4.27487737057
-368.280751411
466.258828668
-438.281447134
553.519929401
-580.092741184
680.521144936
-416.99101601
366.486490853
-56.9249086204
-113.455775743
338.546796355
-393.308694854
457.172651194
-526.892865896
578.917229041
-489.798109159
318.065466952
-173.018073335
30.3674848102
124.803302331
-204.073733463
327.551650157
-342.261749132
429.796813997
-369.42548288
288.282209531
-149.635510248
63.8577638921
42.8936576444
-122.095335872
220.132259078
-267.675699848
292.253296604
-283.850006473
227.339778324
-141.056324164
76.9564327498
8.4301074235
-57.3851321829
140.943790276
-180.089816363
202.964700252
-186.847749463
162.510889164
949.666191474
-973.985965958
1271.91838276
-1127.98380318
1130.02296398
-859.451047855
738.026662187
-512.084708408
355.603426358
33.1080277388
-289.584023828
370.666501189
-459.007895447
490.855715918
-465.897451246
527.21908788
-249.523987496
167.947586455
115.03442551
-254.211221872
401.069168898
-406.226927923
471.90329798
-414.751980317
442.913004607
-292.487960311
181.914504002
-57.948065014
-65.2329120015
161.549087054
-193.177515036
275.722472292
-240.871698729
254.013690099
-178.808038751
107.350754997
-17.3435314889
-37.4443609134
121.851955547
-131.316321374
190.640229559
-175.500291007
171.051408913
-137.309011549
93.0770060011
-36.6424474626
6.11231431686
51.4991749064
-65.7805427817
99.4405022093
-98.8815670909
97.0038578176
-74.5820563805
60.1335478547
888.016869123
-881.689129226
1115.63114982
-1001.28408607
1028.54863653
-766.515662295
728.688262136
-496.316317296
522.343303209
-213.94527238
120.663198544
7.51574295364
-109.774338665
151.644011271
-123.730388207
207.767251627
-31.7670501566
47.1968027519
61.4950455844
-76.8222633526
143.500328171
-139.546434763
198.016034211
-133.36539028
199.198064245
-113.921631704
108.433975669
-57.5434787251
37.3327979062
5.55938558344
7.0750376367
50.7048461774
-13.4806389254
47.4415369233
-19.4714831515
23.1817645349
-6.22264053854
9.39330184979
16.5899926252
4.81782480838
25.0414557591
-7.02561576006
19.8545043468
-7.94553236634
17.6353216351
-4.28223707357
19.3733636575
0.534275529995
17.3565038645
-2.03550612655
13.6890835806
-8.57559027858
13.8082002618
-7.9917032307
957.321160468
-930.133364565
1260.02621578
-1240.71746428
1278.19416277
-940.437510978
869.036426578
-546.007814529
631.481174329
-345.711214789
281.581972033
-131.436501336
109.617463531
20.2995310882
24.9133270223
93.211963917
20.5006566737
61.0254332372
-7.15618309478
30.3369719113
82.7869798837
-76.7965602279
188.221273961
-172.507215339
276.453486435
-225.905430514
259.135050153
-208.299383622
231.639805954
-166.535187364
178.501762454
-111.864616407
130.475161089
-66.8249147086
71.4169341196
-25.1133220233
38.3796936576
3.47659080916
11.84660388
18.2411748222
11.3616086141
6.79454228834
22.2647731163
-16.6402457953
49.1434782375
-40.6499676139
65.4098242801
-54.3695159537
75.0181474632
-59.1862169943
70.0304544303
-53.7932738292
61.8064379622
-42.4809553336
1006.34663694
-896.607601676
1305.28725231
-1224.69789084
1294.5571886
-935.468140222
869.897966636
-520.333530133
610.928233841
-360.490587916
312.441505964
-164.922399961
235.838907165
-73.616717302
109.726203499
4.27006194389
93.0582654518
-2.49922360604
73.0199139394
-6.78383247005
135.400512405
-80.9106016003
162.953120804
-123.48407456
213.230602439
-153.263784786
189.514350126
-121.035431875
167.823778131
-104.719649863
128.32238989
-67.6552125074
98.597628016
-41.12305606
58.7973132407
-10.9414975029
42.5159405889
-0.680961743839
22.5567833837
12.031120402
19.9891420559
2.28346255929
26.1957994416
-7.04560207788
36.861600332
-19.6755624651
43.7770847513
-26.8676599672
51.7328721568
-34.4006384353
50.2125623919
-30.9322195247
45.6563149002
-28.273851164
1029.64446139
-908.927601314
1205.94845586
-1021.40715518
1264.80229148
-1120.251654
1114.86240847
-940.230920807
1004.58108278
-643.274341588
567.478202151
-338.246784046
404.434698438
-198.266350287
120.097709194
66.8137484846
17.3365655814
62.2347211624
64.2599095904
-18.2837345828
170.622805622
-152.66123088
278.737247451
-318.245586029
491.386923173
-482.473614369
554.791820362
-491.333810428
552.652755348
-483.726097054
486.781386419
-373.915066873
342.085764988
-208.685707903
177.431722648
-80.3195276018
79.3913578243
-5.68075782007
11.4423043589
25.5066529173
30.566241349
-38.1127594697
114.2366865
-131.569103075
202.837664283
-221.114178646
282.464869198
-291.57996071
330.029350175
-306.69588438
309.83322055
-263.912649652
249.510116813
-195.907496821
1369.97212842
-1354.95069893
1596.07306277
-1386.71035985
1587.30966442
-1464.6857128
1432.63327437
-1337.70664239
1399.69858211
-944.782918602
784.153766917
-544.951414172
460.329449033
-259.538131145
156.096421426
-18.759391274
148.792085016
-80.20130635
271.825820556
-260.119132704
375.028864622
-400.842991168
512.19477277
-558.002399037
711.52688737
-641.596409025
677.925656767
-556.971523216
522.005770493
-433.738849683
370.172444457
-275.210352505
247.399810171
-121.766578897
125.567214622
-49.6347542861
59.2393743227
-44.2419776397
63.9201129092
-80.7222883868
141.39096769
-133.166027593
199.94836001
-177.501772883
204.706282898
-196.843566309
196.02503493
-182.431964309
178.469698887
-129.362177112
130.542945052
-71.0819324756
68.583381326
-39.9976192647
981.582783639
-1029.62729141
1254.5522963
-1011.48478899
968.417275637
-664.055426756
641.496312419
-505.619775034
640.060300444
-303.733758986
298.161443775
-143.98462437
74.6514299616
31.9558674252
19.8740662395
34.0271264643
131.498260728
-46.1681344142
189.964852853
-91.3097657877
99.2710283741
-47.1251373115
109.842357993
-66.6357208462
188.880858623
-108.058480902
184.579501472
-97.9417242924
113.43218346
-48.9948187614
68.9612536821
1.40725223841
57.6306215556
29.4953741678
30.7711386821
31.5709509151
7.7996721429
18.02150219
27.7954514545
-12.0107597043
72.9872280433
-28.2224325977
74.705635599
-23.9223075026
41.4927767098
0.454010625406
16.5649700374
19.9684114087
9.28675365867
28.7184552571
10.0414113014
19.4376506276
10.1221763778
7.67219022706
747.793561837
-735.282100019
895.182660702
-659.387422658
557.215011088
-264.613148526
200.591301029
30.0026302967
45.4629780758
198.15126275
-84.6820255777
44.7478280135
70.639174956
-47.6305408311
131.532131851
-68.4679458597
171.842682317
-77.580878101
110.559616376
20.1925587859
-69.1657251358
143.174322532
-63.6548241061
81.5174817167
9.58317673083
24.6112065293
53.8912033852
-40.8831794903
95.6980271692
-61.2622722176
63.945942417
15.5784436138
-0.0917054999748
30.1062034531
6.57927661487
26.171018079
-4.82870177366
19.36442565
20.9083257061
-18.3283790167
52.0586212747
-19.9311417738
21.7074293668
6.73836459184
12.2287917816
5.3612670552
0.695837720655
21.8793420127
-7.15149490477
14.4359284856
10.3382588831
-5.21466477056
14.0093448405
3.45671738541
857.195173674
-840.140638962
987.342773701
-884.646904045
848.594963239
-593.272813256
602.115091406
-300.775946468
289.066315107
26.8966137247
49.9090691781
-158.637924434
262.590378492
-138.999756359
240.825405384
-156.867045307
226.115379882
-154.547164744
182.944677967
-44.2453146243
6.18153624918
56.3535350007
54.6342718478
11.8373373254
1.00514233828
31.4959632042
26.668030425
4.43504325383
53.4251535886
-19.8469721457
24.3931468007
36.0707155251
7.99719284931
0.32750161628
14.8871567244
28.2300665225
4.46166940175
12.6534455378
12.5136787866
0.0712078001259
22.1376950536
12.6417818249
-0.416554401913
9.73387632633
13.0701020813
12.1938404209
-1.24032346617
12.3086442629
4.25404756058
8.3822096754
8.43983641805
3.22486072138
3.09216653845
8.29227525049
1123.59341131
-1306.56400364
1431.34142335
-1448.92215318
1396.99316516
-1106.72161012
1127.91219558
-730.142601785
614.591906042
-203.006264803
188.192666432
-221.85414553
243.644930548
-30.8512323456
140.496462659
-30.5016814455
76.3729159236
-26.0574022607
59.3913371575
69.4373133222
-45.6983793919
89.4150196203
26.6686908264
33.0281655608
7.02471670429
0.797851363443
64.1780523778
-22.8995699483
85.630743412
-32.0650442274
38.2786365233
15.1770303163
21.4982798677
8.92686542351
11.0315798081
25.1654330098
13.4360654184
11.7145545267
18.6176200219
-2.3496320729
24.0092136149
7.39043211812
12.1686142083
5.12798447569
13.0499275327
9.94315453356
5.11282741086
12.3538350569
2.00610898713
10.5608548285
6.32046880007
7.74526244432
2.72419224099
9.32952080055
1105.04740821
-1315.66835121
1431.40079419
-1327.82666924
1238.99707205
-961.868297098
1030.4113461
-661.505757689
597.053463043
-241.562013012
182.843294312
-154.780936087
191.786665371
-5.43048425982
18.5381050484
124.43588521
37.3381076307
-60.9528674732
141.266577007
-54.6845720122
76.1394082472
-3.47469540849
118.938338624
-72.7421999311
128.783151487
-31.9982835107
28.6521266401
13.8176433986
49.7329054211
8.12098951266
-20.9611852172
115.643952977
-87.4437971841
89.9689595899
-36.2921820523
57.3073940826
-52.5487831931
100.954720071
-62.8176574337
56.6577124275
-5.55460346005
36.1198052482
-40.423941597
66.6660442823
-26.298661422
22.094340311
1.23433175424
34.4615898312
-32.9459986366
42.9606299375
-6.8043856277
-2.2687923392
15.6204310623
11.6146257811
1100.47457461
-1155.39853592
1353.9854042
-1053.40267541
1124.93247744
-891.224083782
1030.35866774
-734.038725387
816.097742088
-501.801078919
465.285908154
-538.365836418
688.271842959
-593.494669473
464.774643755
-303.139163963
418.282297444
-398.364485205
389.321161197
-238.185240207
158.455308932
23.3793542874
75.7400279632
-41.0316297415
121.976542924
71.3478781973
-127.230805602
199.969649683
-110.794962858
183.947288886
-204.59678888
339.922668749
-361.067791799
367.500300995
-293.649675287
275.320268653
-285.266041507
360.587760559
-333.941957184
297.047846328
-232.177936487
248.828210481
-262.610325773
301.497712055
-245.703699592
213.690922411
-135.938322661
142.923509187
-132.197500822
135.809007746
-67.9832981939
31.2575521847
14.2342252641
7.21933025916
1176.9227208
-1132.23065632
1312.90597762
-922.650904924
1181.71545717
-834.669189149
974.448824999
-689.087760714
873.905815256
-549.212110224
588.98176665
-808.54910269
994.235277984
-850.466040068
757.77868034
-671.579426954
670.124164461
-490.977357134
400.267864798
-249.342661121
160.729439048
43.6435237784
131.725933883
-79.8163668973
132.580627898
26.0223547431
50.5969955989
49.2103412816
-52.9687770631
198.908277898
-185.238134322
323.911120666
-363.556202308
359.847699302
-308.606594343
325.910660343
-297.568835869
261.723102824
-211.346976322
245.079571978
-227.176648631
224.880424348
-229.506435687
292.02806088
-246.814257696
243.127803085
-205.621481725
201.923784278
-116.257915287
88.7778197806
-66.3653737026
56.3893696183
-1.44854708625
9.97467170872
994.667425707
-830.159622023
876.106274013
-403.50950584
726.361211477
-318.306191904
452.110505855
-222.646827235
411.781205371
-143.398650682
301.999542017
-540.713263615
654.626849405
-462.903153276
410.000377892
-461.731906172
424.810146922
-213.99134564
159.306726807
-33.8642191877
-0.835489783842
126.039831758
144.621959596
-101.127570686
151.362955498
-6.01437512611
210.38580342
-104.432977686
83.6103088311
69.6823872661
-30.6402811116
168.187740254
-184.757988491
143.947897774
-51.2053644357
76.4270091092
-72.6963748655
-6.40986990598
55.6859090893
-7.09604345323
-10.8105534295
32.1920381831
-64.5502051056
146.098184394
-104.623806588
77.8051654928
-50.392971919
82.2988660664
-6.50980064055
-18.1407913123
40.8720527663
-22.1944547907
41.0379448815
-0.467207709986
824.823217051
-550.689058208
546.765729054
-27.0630192972
402.088129072
-116.137403652
241.987455071
17.250103638
143.517720638
94.0173572749
25.6730736865
-246.13969866
371.789378401
-219.155237746
25.3447716749
-64.0624183713
140.043408548
-62.4634314832
1.55311683896
117.160673731
-74.1965986079
159.091247679
69.9603171572
-51.1016855013
158.513907936
69.1852345216
35.9922703756
-1.48782214079
111.13933155
13.9153390945
-44.7481304516
101.25633554
-68.5616480621
17.112167589
24.7287727512
-43.9991865772
-0.497062579977
14.3057760373
17.3643780196
-46.4155633829
57.0484199095
32.686090348
-29.946441756
65.6173913686
17.2565098559
14.1306841167
31.5088507974
19.276181216
7.95231918258
9.27176996215
30.9945472387
-30.9965254398
7.03044511531
19.2020246065
944.26886767
-666.615498766
522.964786795
265.998032354
257.120134335
-92.7202310504
202.857993861
248.130892981
-52.9157759745
190.732121858
-103.919222099
-117.032510421
256.622538619
-154.559412244
-190.613889732
79.4993284069
102.77705274
-93.8124920378
-86.2019723234
209.578951955
-23.0250961186
95.2952754414
97.3644211047
9.58812162119
162.095073986
116.849814148
16.303839826
-6.81990151315
152.364697823
31.7177646956
-91.597079042
44.4291815106
10.792827961
-40.966572238
-24.7533752074
-32.8604799996
-17.4250548796
2.67560200059
17.4278044078
-48.8364389255
36.3377171005
69.1996945259
-0.710544506947
16.0723820715
61.6943655009
48.7009156783
14.989576686
28.8070405855
28.2252862747
7.76606645622
25.450475524
-12.7847741079
-13.9126173448
5.72970008044
1417.54382269
-984.73130068
358.752738811
1000.68965301
-49.0529047699
-204.118269687
341.284394569
511.656524914
-186.553465134
57.9451559621
73.0694650969
-290.146237418
497.460948489
-345.49424613
-353.000093971
290.847920279
231.718126279
-319.590488931
-225.185107455
607.511796887
-49.9281901621
-192.527430483
395.774017295
-27.5299870148
238.356659538
90.7405301898
4.76140723961
1.9355171329
267.589474102
62.077559725
-400.153160696
289.694262763
125.934835625
-333.133859291
30.7237256045
52.9219798057
6.7288661498
-153.400486399
113.717338409
-46.2735818277
-3.93375229712
225.593711824
-184.104073663
67.5906748388
231.774740213
-35.9422260478
-64.4642644739
101.096231619
176.082732898
-180.191806673
58.1957750049
80.0092219346
-107.177462385
67.2106567798
2712.8735286
-2000.23574369
45.5741223509
3046.88614899
-867.877962535
-631.376221188
999.258468112
1079.03163646
-595.753039239
-147.381550744
551.827340168
-785.611588891
1136.24039693
-752.430609506
-1116.95650596
1213.63983101
253.814759537
-1060.13564662
-402.632154546
1609.26605218
-352.730752459
-869.116524023
1182.12966497
-54.1367738262
276.22185831
233.105366153
-198.006327122
348.539463352
550.06378434
-87.3940707714
-870.078914741
971.220696921
329.972001418
-1195.61332006
322.967073657
378.67751803
-282.025688484
-375.742872084
169.739092164
62.0613380717
-110.141317894
286.535320616
-454.416091164
252.388145366
617.500617545
-477.223079668
-81.2251317371
554.6105481
183.089251776
-466.106392762
180.814105781
387.059205275
-299.244592409
50.1185743601
3556.69237814
-2690.62288729
146.527382193
4241.6171289
-1649.92321517
-466.594463634
1544.2518108
1330.20913314
-1316.34912552
375.072611093
996.608306255
-1479.96155291
1598.74060671
-878.990026107
-1291.9987289
1751.57667742
-184.674245594
-1398.75185869
239.431112222
1838.9335112
-1225.64811978
-597.726491219
1991.54932496
-540.610117966
-39.2152577635
746.608102332
-83.2543818413
336.088976482
398.280761581
-177.344090776
-354.951079167
1040.39261522
-279.393759093
-1120.38090341
1098.8916728
31.1642897726
-976.608129677
263.841831236
446.408688268
-385.161905897
-259.891579433
523.679689391
-186.963616752
64.1051172944
368.512889425
-357.771596781
397.980208524
388.250822105
-391.009625922
59.3326402822
554.607062596
-121.157058712
-463.994270067
477.965272419
4339.05160041
-3816.47779206
427.093176174
5522.46557286
-2414.82965687
-394.672907893
2031.23683713
1805.31067911
-1897.27353033
705.188932242
1425.34646288
-1873.59393888
2056.22449227
-1342.68620389
-1241.97607899
2325.55442849
-801.593730822
-1739.88271575
818.77138492
1973.94929704
-1981.68118746
-517.867095519
2716.77774098
-934.122237216
-254.514561648
1113.34787277
32.0644981648
492.314619936
187.661571644
-77.6463267493
17.4974438827
1040.22076146
-499.633769459
-1138.85433578
1588.15741242
-201.532065662
-1324.05931113
548.593423052
490.19179456
-536.167703665
-482.317580462
646.792007616
-80.4165350534
-144.969581131
345.985637228
-334.000387226
536.437944024
328.945945021
-479.817033254
256.020934457
595.54968986
-107.420830814
-478.876481091
551.167955747
4490.92039556
-3986.36997182
517.463248685
5809.26322737
-2991.51951126
-453.924165079
2678.33271131
1293.26744397
-2239.65785549
1152.21253007
1538.10341971
-2270.57265474
1893.54959418
-876.811670397
-1187.20034218
2087.56179646
-1003.21592503
-1186.63561386
1129.03503521
1069.03389005
-1724.83476512
189.191275525
2314.34494658
-1405.6704097
-24.2273200407
1577.16471555
-357.689486537
42.2068228017
421.692768751
336.251398509
-221.107059414
296.460636059
79.0944893024
-533.851451051
715.517555832
-455.078041985
-515.593162166
679.775935047
-283.168794591
-461.161299782
210.993795942
434.265193995
-530.006682929
-76.8612686666
785.062494893
-368.265535811
-64.4411054164
447.631880408
42.7953484192
-10.129044056
10.5642098655
194.127772404
-6.26480485218
33.3771967955
4572.69876982
-4216.41125036
948.420321817
6103.07182255
-4407.81130213
309.022182981
3430.43084189
289.12612959
-2785.09540534
2323.50147228
1569.03934292
-3440.62223222
2564.41350343
-930.478694093
-938.743791583
1763.47949598
-1729.49151832
-155.582324416
1185.91139604
162.111716118
-1982.63069022
1601.62200709
1804.3712332
-2782.25985234
1373.65705667
1728.41954833
-1085.20771513
-56.9995186843
983.656247072
624.213099942
-984.058568507
603.90506669
277.423468077
-316.327849347
435.010005946
-895.752882688
513.80258789
366.614321044
-894.252052471
-89.9582252803
652.730566576
77.084269694
-1176.90542017
852.878065638
675.392805341
-1031.66955966
315.257079653
619.165228667
18.7124805432
-410.511494404
358.520549051
450.668423095
-328.040043608
87.7714264782
4725.428731
-4527.64388934
1567.78659544
5691.90194948
-4661.07637138
1479.63880824
2564.69147049
134.896403945
-2170.51084922
2399.56097908
876.245948778
-2875.08277467
2967.74552574
-2075.19215892
463.739557574
1244.42036644
-2405.36659501
1095.35832209
725.716378601
-425.004182766
-1488.38384404
2186.62301015
479.543744297
-2362.11254153
2183.60911613
423.599243628
-608.287896607
175.27430903
451.385893188
878.554127448
-904.361264748
245.462168968
498.835638488
162.732985371
-398.012468232
-597.753259905
1385.51515552
-617.297995135
-861.996010063
820.906439469
183.641995722
-353.594606917
-601.316038271
951.805159275
143.219966886
-814.896556106
434.427749094
406.495669598
148.152522819
-672.160633253
388.414277562
779.330505613
-717.719166692
-74.698077113
5018.57506396
-4525.42680702
1528.10160625
5313.38088751
-4040.64829566
1590.02824744
1996.32632501
761.36253375
-1894.7575796
2030.70882786
958.107894805
-2204.30519777
2607.85394697
-2228.1282585
1135.95166669
885.695396795
-2515.95193747
1604.53273343
430.132596471
-596.014531539
-1001.04722829
2017.62467067
184.212553399
-1934.989959
2306.37665493
-107.76704133
-227.799919774
426.980317668
-23.8273025687
1163.027239
-839.700164807
159.145595791
512.738796634
218.56067601
-425.961085052
-571.219189636
1554.97925858
-965.690552668
-559.685104466
945.347099767
-202.535069046
-152.761399913
-435.535362574
860.964192035
-91.12718833
-542.151475416
508.093727742
106.132749615
265.88659783
-604.664504452
440.771134192
558.213341747
-697.386804096
171.678449043
4811.17079281
-4813.76958926
2216.76749131
5386.53804876
-5088.90868166
2533.19293896
2350.95162947
-392.579672415
-1249.67180795
2108.68803112
621.267307809
-2184.51724353
2593.69918923
-2204.97265435
1165.00454218
901.106087757
-3044.86805025
2572.22239611
37.4926104691
-1433.12403763
363.088064805
1590.38961187
-401.227997006
-1448.89615579
2592.18438797
-513.845312893
-487.492604794
1042.19425947
-394.209719525
1144.12905218
-947.911137757
72.5281210449
1123.91311982
-671.870061672
-279.815806338
127.522484559
987.366938626
-1141.2072452
-218.524332598
1365.20499083
-900.618635171
-2.83523051724
184.021500269
375.998078207
21.5433767412
-670.917813625
894.975387707
56.1747828896
-343.202679153
19.9947610219
427.588387978
275.680818361
-874.911405276
600.766325349
4976.89936755
-6033.48038438
3655.95998835
4993.45841247
-5884.48011272
3602.77558653
2029.74460088
-683.859390129
-834.500957058
2057.83058474
507.382318355
-1738.66433879
2152.9146645
-2037.4114936
1694.45544312
184.813431417
-2974.35180467
3415.69911089
-779.938938956
-1615.73930324
1380.88090837
780.623504753
-509.40307203
-888.485460453
2261.27471448
-501.332151867
-525.015344599
1148.60951946
-278.856864957
1020.35996244
-1041.34810404
464.664971084
1217.00082039
-1290.94131428
332.338134423
358.126333963
239.895829514
-754.204634215
23.1196161827
1031.29634442
-1044.27728186
159.317030198
318.427829908
17.451337626
-35.728187947
-416.653597177
893.305638512
-281.713920046
-291.394922985
493.409174993
48.3955167851
56.8271747678
-324.871196145
532.775615341
4415.93247246
-6071.78256547
4410.47422725
4235.15372081
-6420.43302194
4457.50381
1620.59866239
-1545.91901413
222.497465556
1130.35945317
876.324388232
-1527.15043735
872.628400434
-430.904070314
1129.08339707
-886.906467888
-1810.46946862
3705.85208642
-2200.02304436
-1352.62112691
2886.26724891
-1042.93570574
-449.937334209
445.150413452
991.312231975
-186.593294919
-493.582605406
1013.03334853
231.025090424
195.929996219
-818.038666408
1064.43155186
782.163595922
-1911.82550384
1191.45546959
636.366893348
-1162.6173967
240.172723912
365.640272457
77.0017929218
-572.357950434
144.960520578
439.41141957
-176.090291946
-252.217179639
76.4777407208
777.890271577
-603.182425742
-257.822412543
1070.70254647
-423.201168662
-301.736957703
509.772753981
101.604047205
4048.22152979
-5789.35295184
4455.60488145
3728.97658512
-6358.9219077
4901.24336999
1111.11076488
-1245.54008816
315.111004011
931.218290923
1289.1748855
-1771.19590191
934.967652052
-58.5518812519
960.825136937
-1098.40739851
-1144.70194834
3464.78941068
-2509.05002067
-672.637415677
2516.62151276
-978.433763913
-421.637696886
399.167352314
1140.38506657
-571.035471469
-243.123163721
928.755467181
189.442983376
46.3325536997
-724.183142914
1309.25836755
165.11951536
-1388.46634383
1156.53874616
360.84774181
-802.178392903
-31.3112529898
685.767912983
-98.9869522818
-624.73816464
454.50800883
263.552641653
-186.018695086
-299.038379347
386.886062302
428.454995601
-663.202702992
170.911990872
619.248855466
-311.382121838
-273.063320631
457.062053821
192.685652135
3421.37904153
-4864.07413263
4336.13141275
2450.68585063
-5231.69426261
4984.9188237
-208.695073419
-494.841205266
383.709029411
429.992662342
1284.86257215
-1627.38833641
827.810054525
-12.5411026364
1028.87150016
-1604.039536
-110.723401948
2856.71955136
-3005.87873961
687.370122553
1586.84320572
-987.011427816
172.752795243
-116.264102897
1393.82233126
-653.548052446
-426.913110402
1127.70299642
171.541291726
-380.105088006
-540.86758606
1680.27666788
-626.285748486
-1047.41326647
1522.781167
-335.134062107
-328.306982025
-115.197537235
529.335428706
312.392692971
-1058.32917866
648.517663515
506.200405676
-483.230468653
-306.102099372
641.778244972
390.169212137
-1013.91505809
547.106867429
497.389446495
-483.552106072
-30.0543887958
115.516032699
505.124223806
3590.28086572
-5748.0382261
5395.14505894
2032.78126868
-5790.96926349
5753.82082354
-741.423746462
-130.188203934
-63.0849192906
625.512442054
1542.76802017
-2091.71732934
882.956710565
23.2631673126
1403.2501314
-2415.67369514
256.701293416
3374.38173347
-4040.83600678
1411.18294767
1298.82511277
-1176.48009169
696.902566099
-926.974525805
1984.99659641
-712.601432398
-793.925008999
1406.36724206
123.736076171
-260.94818145
-846.828389616
2048.07329871
-835.953827201
-980.996233595
1641.70983497
-822.929133242
439.25360477
-688.319312208
465.285335789
752.744972989
-1520.70789548
944.467892191
159.450288708
-223.350251435
-247.853974462
257.372206438
661.708924316
-1019.98514242
617.270828029
146.047681002
-117.320936257
58.0671613739
-307.881734843
859.327319957
3476.37531354
-5668.86280354
5612.89125129
1322.07076379
-5084.76356128
5905.90314951
-1929.05689102
613.362804476
432.64744741
-738.288049416
2239.01285917
-1841.78836988
123.525414477
676.656135271
679.914971465
-1904.91120444
489.989656491
2334.1557702
-3313.33630475
1848.93005658
340.166581996
-996.781659869
1720.59442605
-2114.05370606
2389.07516012
-297.174205232
-1662.44218089
2498.84859469
-934.583569865
-30.4312321284
110.001811084
497.288253439
51.0754208809
-802.047386633
998.36283466
-418.161912618
343.378949086
-598.801466565
332.58817843
964.204599215
-1817.10740511
1352.53846557
114.863087859
-858.868245573
863.493619378
-620.186481719
768.283913197
-479.435099471
-281.505777015
988.146953088
-695.414393942
43.0715293023
148.775105006
280.408910003
3909.11191247
-6153.29995358
6587.28413317
95.2068576928
-4472.52348452
6775.17738264
-3381.99310282
1892.50118273
-20.0469723883
-795.803035593
2774.12447779
-2570.26829018
957.903858467
563.070136464
276.892690221
-1294.66318113
464.735580748
2195.87035966
-3107.36994114
2026.58880019
210.342809108
-749.583961579
1487.6359149
-2028.90650109
2817.40828151
-1019.21767539
-1155.11302956
2539.2690838
-1340.46173744
366.897610809
-233.509073167
775.42751933
-31.9016434864
-1031.11126207
1353.15380607
-520.675229176
223.135679052
-529.901844231
603.454429953
628.035630615
-1629.27943542
1471.61058907
-132.87884954
-459.831580818
402.918461849
-237.589325465
830.593766405
-943.458562444
350.583079457
603.81269715
-580.411261012
144.485448801
-11.3498924113
551.837140358
2957.0692274
-4556.5189702
5276.27500812
116.998688404
-3116.8442417
4891.22927567
-2007.6593439
1392.11192695
-63.3854094849
-576.115778116
2592.50979013
-2422.0818411
984.027564823
652.882235187
-48.6606242596
-592.448411455
132.974198315
1722.78556482
-1878.71096412
1173.500317
162.682478841
56.6409434039
682.72659509
-1514.75678723
2584.45583066
-1202.3210883
-350.894139576
1608.23746035
-1073.22562865
1026.8190595
-1002.74794396
946.657911763
351.973317093
-1197.93087982
1265.31825934
-478.467995235
464.733654751
-534.879542574
357.019018127
724.130856656
-1158.59953572
977.277493457
-379.907071956
337.914290556
-126.901585605
-405.451029513
1180.84865522
-1126.37769334
523.987888867
116.901419081
-231.011848912
436.652680034
-738.42111774
926.671030853
3576.93498227
-5482.06399559
5868.06605736
335.250026789
-3464.60992517
5438.59900956
-2465.25675061
1761.66574447
221.37268406
-1287.85125284
3320.68727282
-2681.11852152
929.164069745
803.383745484
-271.245571321
-322.095493297
78.9858150489
1398.82549424
-1570.47727549
1314.93110473
-523.282719187
716.836637289
440.010757523
-1678.78308555
3065.95250624
-1905.78911792
310.964688843
1402.35795985
-1459.65846019
1644.07847117
-1371.06612088
1033.07040414
275.549997609
-1163.66500222
1342.69519298
-659.734383814
395.755052597
-410.932241322
473.103674585
118.412366576
-652.188907909
967.646569369
-749.73938633
712.666339377
-433.662113138
59.3499825551
799.575451761
-1185.11447319
1153.3821721
-441.086184164
-60.1619667913
513.831894505
-629.325646343
794.432042985
3418.27951797
-5096.41916058
5520.26018959
463.273158066
-3717.23630145
5724.77275154
-2659.46678027
1486.94626745
438.487530586
-1256.70021613
3219.22995115
-3091.9963765
1167.99303016
1208.21996762
-1623.24770322
444.86968367
265.030815576
381.183766462
-1091.00559656
1136.45904151
-317.477983952
257.239979675
370.39841034
-969.957580195
2447.95424593
-1992.56381307
730.653444698
1542.98279373
-2108.1437036
2036.38748189
-1115.75296175
432.288718745
695.920633906
-1633.82664857
1863.49341745
-1017.71233658
-139.540751627
712.137985138
-611.116673392
457.175716361
-461.267803733
524.765734315
-216.983547751
23.4538581193
181.281335412
-162.515950068
550.793893791
-802.14326073
850.493649986
-190.714827606
-473.992494939
967.411306646
-937.33029003
690.702681364
3872.5237156
-5938.17107412
6604.71611056
-697.108691044
-2815.34384456
5853.29173116
-3862.37359086
3400.86931547
-1075.82078172
-713.983021891
3717.96047744
-4001.02734654
2087.75011402
524.208821397
-1336.77696421
590.239899575
-257.372691052
766.473175476
-1228.81706989
1078.02026822
-580.217769222
711.077366882
-19.2255377678
-1069.42637987
2869.68504807
-2566.13467307
1312.45640781
968.648750899
-1791.65973211
2373.84000475
-1974.52210033
1383.84264155
272.712463429
-1648.13962896
2097.46797175
-1247.6734173
288.435434146
119.89317608
-175.07966451
418.214207483
-709.103259638
666.398866916
-334.079886855
300.625401365
-419.190949687
315.035725003
486.108309053
-1113.10877266
1212.79018511
-533.928017439
14.9946382261
431.737546437
-668.961332209
1018.11885544
2911.48914979
-4749.70882568
6183.97341556
-1463.24982617
-1374.28163239
4338.87438745
-2926.42358145
2976.97551171
-978.808122571
-480.006501306
3203.82690823
-3379.43138165
1779.05715987
366.861257111
-803.52811988
241.07140889
-151.788430647
899.821258601
-1051.8920832
672.063827543
-135.612152168
708.785277413
-370.384874023
-511.026733443
2330.07918583
-2031.98265174
1113.66269407
587.7476128
-803.762251772
1361.77339092
-1538.24192734
1684.72093446
-369.845920771
-956.381963636
1605.59739847
-973.347534166
508.069564707
-405.999934706
407.498543582
326.428984561
-900.918631837
931.208897515
-311.635931495
221.220463457
-321.720705761
299.908324336
510.933496594
-983.561722461
903.78020889
-231.978846466
54.2553543462
70.4321653087
-279.225634774
854.569089166
3276.52063787
-5301.34555686
6823.89102206
-1645.59878838
-1428.98679545
4640.37907815
-3264.87164275
3516.23624604
-1433.25605904
-553.183194985
3913.50468054
-4242.25283628
2439.80189897
13.3054422142
-491.859329152
278.86538386
-646.84141879
1813.3737727
-1583.45508234
760.844577737
61.9089534429
743.600357919
-283.56068844
-891.548163489
2961.12803044
-2378.8827964
1063.43995836
724.519484533
-846.584046022
1636.43076116
-2167.78915743
2320.98001443
-465.993055774
-1331.20944311
2023.22431448
-1194.08280525
813.956210471
-817.475108357
644.358800969
564.069973276
-1362.46753485
1239.9451233
-421.078117991
434.467519923
-651.176211687
391.625112774
861.208543661
-1496.70585801
1231.7925001
-358.564969243
170.091305306
6.66147386543
-482.85710722
1356.23600808
2971.9011395
-5408.41673002
7294.78058373
-1893.99209242
-1297.7935075
4413.60622487
-2871.14358886
3400.88488299
-1662.35982304
-58.4446299141
3566.52177786
-3920.08702337
2014.20182072
304.225026733
-214.908848794
-695.661517134
390.266602916
1244.47271166
-1761.74759678
1218.72074314
-529.382195906
1320.79941195
-907.225166252
-586.291913002
3088.705917
-2772.19670393
1303.8192327
626.051699564
-530.688548915
876.937005933
-1403.9745495
2115.13516193
-940.09107041
-543.527679944
1198.6690576
-365.523576406
106.477023743
-738.454004087
1451.97561602
-716.660378622
-417.37963031
903.294157735
-420.487970662
473.151480706
-962.846018524
1110.48990515
-10.348570103
-1040.39077102
1161.1458969
-365.073923848
119.682689294
-339.280889615
403.472442922
344.425710226
3881.19712285
-6268.41911559
8125.70336566
-1895.90187188
-2256.56287819
6474.81627465
-4768.04826991
4813.69243871
-2250.292431
-419.240866995
4891.73685181
-5838.11500339
3634.01027092
-340.461016836
-395.704785784
-144.464217366
-202.832046022
2147.21919141
-2637.55913003
1973.64435509
-603.574281038
1203.64979768
-536.054537872
-1158.30450332
4082.10329202
-3875.62138578
1841.07232801
812.761999882
-1412.41366406
1886.75991841
-2530.05755482
2860.59681354
-1139.38358651
-1249.43965175
2329.7906702
-1401.71185185
670.816224976
-862.060125167
1247.37144294
-137.756629286
-1111.23330251
1506.90461925
-684.524337815
604.05449228
-1048.15806048
1058.33411569
425.805981959
-1774.10492786
1854.90734226
-824.195613284
279.31183414
-159.093966192
-281.628513999
1405.8944436
3061.86530368
-5864.91489263
8242.85513287
-2493.54455295
-1159.62851216
5162.26425899
-3588.83597624
4548.49741959
-2481.85495847
303.669839255
4311.44624273
-5082.96216277
3106.00454172
201.587397162
-556.013793446
-7.29604302011
-41.5192914006
1604.24428087
-1610.55646403
864.705105183
12.3762874231
1252.35068924
-1169.91522843
-160.817785394
3021.3509859
-2978.65252276
1773.4824934
364.306430321
-542.9875951
1418.04961046
-2091.21537371
2748.28221389
-971.943542875
-1005.65929833
2087.6628304
-1193.56969277
617.683170962
-569.273480831
743.608576609
185.796530193
-976.218414731
1005.23563723
-222.076975489
226.898710315
-665.091529719
848.148564579
173.888063513
-1037.88728402
1241.01064881
-589.708058992
450.93935144
-230.840249813
-116.962450103
1072.24517518
3708.43423641
-6681.34303449
8666.87739984
-2725.73325906
-1142.70813334
5240.1064697
-3833.54082906
4305.84331198
-1743.69773383
-559.756830658
4834.06906617
-5153.36898401
3170.56942848
196.950987038
-913.680957508
793.385603554
-804.075782128
1791.56499851
-1403.68845364
652.926548504
-179.355214206
1409.09991043
-1103.83508352
-468.087395776
3351.56425916
-3377.54487232
2212.32805605
162.482045611
-1021.68253493
2700.67214277
-3533.88080845
3586.43990805
-864.586553976
-1843.27246648
3282.11786811
-2405.4683134
1544.75626018
-737.052148033
27.3223437824
1405.82639412
-1974.3414238
1454.55278096
-221.855213902
144.796676798
-499.057873829
516.649928381
708.664545488
-1524.61893003
1649.07457023
-977.082214018
761.382477675
-154.198415303
-883.002859531
2297.1382639
2979.40873283
-6916.07262647
10000.0
-4541.61845932
621.770729426
3611.39573391
-2912.85716952
4363.78691532
-2789.94439712
711.547618512
3954.16645924
-4936.05726427
3051.53863
26.2844249135
-591.278940512
76.9192227389
-254.52772187
1329.95056442
-1240.85196905
360.173444491
-136.359062232
1660.68812051
-1972.73422575
556.069206298
2334.97086434
-2766.00936121
2050.24604307
-361.036004613
65.2174006757
1253.61959889
-2362.18421208
3121.20137565
-1315.80568125
-748.63249754
1928.91891882
-1307.40222786
833.70949991
-730.877807748
580.861047862
365.761899054
-1036.00504383
785.26984022
-20.0881400747
42.0545536595
-568.529194767
757.546016237
36.9997845199
-709.661452368
877.957117435
-494.930082602
541.407202268
-426.710759167
19.6749362674
865.151025701
3455.06681064
-6442.45316306
8665.29826267
-3454.78206451
-276.285902814
3896.7824602
-2811.25957138
3408.52919081
-1695.53254582
-263.443186954
3909.97177306
-4414.23956324
2324.38931834
329.094632226
-938.65304469
230.707656181
-423.257890265
1089.50477391
-1153.56390752
422.570694475
-336.942397002
1311.06541515
-1180.25733
-285.054765848
2414.24538821
-2296.75476326
1193.29809987
480.566013222
-909.440638056
1861.59944616
-2310.50035233
2035.94671925
-103.671159961
-1672.38306389
2023.50875138
-1124.99957645
292.62374424
-119.973359035
-265.879798844
822.674512465
-1044.94395898
360.98456477
247.727901146
-79.5597694822
-460.21628379
363.398024767
496.721708703
-1014.88710412
883.223675242
-400.477819942
253.980418046
106.115391999
-780.464696057
1433.77736655
3431.2742933
-7101.57345526
9745.17177876
-4508.5829062
782.491727803
3170.88627088
-2502.03499093
3706.73924835
-2035.10997512
-113.131966843
4260.39716823
-4765.49917099
2648.60081207
242.66533111
-801.697427667
208.407380002
-416.762321593
1167.40034394
-1051.79981371
274.836677578
-337.087779308
1711.00956364
-1827.10311931
296.643822887
2196.23885769
-2263.64910933
1314.89120182
389.305351531
-722.465701945
1889.65068652
-2529.05146686
2644.60450373
-468.763215128
-1461.09351279
2207.62786701
-1143.27351987
368.015294249
-68.3280666916
-110.875065004
804.66277892
-1048.15387964
420.900024202
430.232863774
-345.033214001
-292.216289348
474.828251693
308.441839868
-930.211176587
936.545737799
-409.340207173
306.279446373
-87.7584491472
-353.96063006
1118.98497579
-1022.94105978
258.045721529
686.858633342
-804.943091372
588.88841155
-328.963576722
278.249279242
92.20589697
-535.548537428
690.474343573
-281.521986529
-103.761304533
134.511595334
104.528518234
-85.6948795952
-119.335243464
255.778673473
-96.2472962317
-5.46670936747
-5.92972259841
72.0050329188
140.294801173
-347.066209729
363.523911375
-53.742128456
-169.684969304
233.288165598
-141.47193375
161.88665964
-125.837398783
19.576352321
181.483668533
-200.75086164
87.4558551516
60.5229106175
-51.2801701699
21.666021417
-20.4089294096
91.8503867777
-75.1322569496
21.3767550555
33.5653219674
6.61654417394
-6.36973595071
-7.57594083483
79.9153546697
-52.8459008407
9.85494859634
51.3067432568
-26.6568330403
24.4535281683
-5.36233926282
25.2775966514
14.6903820322
-33.7603247429
53.4382194991
-11.3905598882
-0.803683182393
12.282507996
6.50598608501
4.55307756069
-7.4416128798
13.6935066341
6.56444534005
-6.91277907446
7.11892812669
5.25506249346
5.41546323943
-3.93779815332
8.03099550601
7.57232755568
-6.17712573018
8.49001018107
1.47652296844
4.08918857355
3.34648807302
2.55894425882
6.82586475145
0.803086051203
1.99711678186
6.34720853148
0.550508967364
3.01213212694
2.42674856912
3.03629301821
2.00323414097
1.63408555757
2.95340383263
1.68874418277
1.79453158457
1.55052772669
1.94705837924
1.50034348609
1.14535859063
1.77142391266
1.29668485409
1.01019600836
1.48994936758
0.874231071513
0.830519517938
0.788993542041
0.749543864939
0.712066671692
0.676463338107
0.642640171202
0.610508162642
0.57998275451
0.550983616784
0.523434435945
0.497262714148
0.47239957844
0.448779599518
0.426340619542
0.405023588565
0.384772409137
0.36553378868
0.347257099246
0.329894244284
0.31339953207
0.297729555466
0.282843077693
0.268700923808
0.255265877618
0.242502583737
0.23037745455
0.218858581823
0.207915652731
0.197519870095
0.18764387659
0.178261682761
0.169348598623
0.160881168691
0.152837110257
0.145195254744
0.137935492007
0.131038717406
0.124486781536
0.118262442459
0.112349320336
0.10673185432
0.101395261604
0.0963254985234
0.0915092235972
0.0869337624174
0.0825870742965
0.0784577205817
0.0745348345526
0.070808092825
0.0672676881837
0.0639043037745
0.0607090885858
0.0576736341565
0.0547899524487
0.0520504548263
0.0494479320849
0.0469755354807
0.0446267587067
0.0423954207713
0.0402756497328
0.0382618672461
0.0363487738838
0.0345313351896
0.0328047684301
0.0311645300086
0.0296063035082
0.0281259883328
0.0267196889162
0.0253837044703
0.0241145192468
0.0229087932845
0.0217633536203
0.0206751859393
0.0196414266423
0.0186593553102
0.0177263875447
0.0168400681674
0.0159980647591
0.0151981615211
0.0144382534451
0.0137163407728
0.0130305237342
0.0123789975475
0.0117600476701
0.0111720452866
0.0106134430222
0.0100827708711
0.00957863232758
0.0090997007112
0.00864471567564
0.00821247989186
0.00780185589726
0.0074117631024
0.00704117494728
0.00668911619992
0.00635466038992
0.00603692737042
0.0057350810019
0.00544832695181
0.00517591060422
0.00491711507401
0.00467125932031
0.00443769635429
0.00421581153658
0.00400502095975
0.00380476991176
0.00361453141617
0.00343380484536
0.0032621146031
0.00309900887294
0.00294405842929
0.00279685550783
0.00265701273244
0.00252416209582
0.00239795399102
0.00227805629147
0.0021641534769
0.00205594580305
0.0019531485129
0.00185549108726
0.00176271653289
0.00167458070625
0.00159085167094
0.00151130908739
0.00143574363302
0.00136395645137
0.0012957586288
0.00123097069736
0.00116942216249
0.00111095105437
0.00105540350165
0.00100263332657
0.000952501660239
0.000904876577227
0.000859632748366
0.000816651110948
0.0007758185554
0.00073702762763
0.000700176246249
0.000665167433936
0.000631909062239
0.000600313609127
0.000570297928671
0.000541783032237
0.000514693880626
0.000488959186594
0.000464511227265
0.000441285665901
0.000419221382606
0.000398260313476
0.000378347297802
0.000359429932912
0.000341458436266
0.000324385514453
0.000308166238731
0.000292757926794
0.000278120030454
0.000264214028932
0.000251003327485
0.000238453161111
0.000226530503055
0.000215203977902
0.000204443779007
0.000194221590057
0.000184510510554
0.000175284985026
0.000166520735775
0.000158194698986
0.000150284964037
0.000142770715835
0.000135632180043
0.000128850571041
0.000122408042489
0.000116287640365
0.000110473258346
0.000104949595429
9.97021156577e-05
9.47170098748e-05
8.99811593811e-05
8.5482101412e-05
8.12079963414e-05
7.71475965243e-05
7.32902166981e-05
6.96257058632e-05
6.61444205701e-05
6.28371995416e-05
5.96953395645e-05
5.67105725863e-05
5.38750439569e-05
5.11812917591e-05
4.86222271711e-05
4.61911158126e-05
4.3881560022e-05
4.16874820209e-05
3.96031079198e-05
3.76229525238e-05
3.57418048976e-05
3.39547146528e-05
3.22569789201e-05
3.06441299741e-05
2.91119234754e-05
2.76563273016e-05
2.62735109366e-05
2.49598353897e-05
2.37118436202e-05
2.25262514392e-05
2.13999388673e-05
2.03299419239e-05
1.93134448277e-05
1.83477725863e-05
1.7430383957e-05
1.65588647592e-05
1.57309215212e-05
1.49443754451e-05
1.41971566729e-05
1.34872988392e-05
1.28129338973e-05
1.21722872024e-05
1.15636728423e-05
1.09854892002e-05
1.04362147402e-05
9.91440400316e-06
9.418683803e-06
8.94774961285e-06
8.50036213221e-06
8.0753440256e-06
7.67157682432e-06
7.2879979831e-06
6.92359808395e-06
6.57741817975e-06
6.24854727076e-06
5.93611990722e-06
5.63931391186e-06
5.35734821627e-06
5.08948080546e-06
4.83500676518e-06
4.59325642692e-06
4.36359360558e-06
4.1454139253e-06
3.93814322903e-06
3.74123606758e-06
3.5541742642e-06
3.37646555099e-06
3.20764227344e-06
3.04726015977e-06
2.89489715178e-06
2.75015229419e-06
2.61264467948e-06
2.48201244551e-06
2.35791182323e-06
2.24001623207e-06
2.12801542047e-06
2.02161464945e-06
1.92053391697e-06
1.82450722112e-06
1.73328186007e-06
1.64661776706e-06
1.56428687871e-06
1.48607253478e-06
1.41176890804e-06
1.34118046264e-06
1.2741214395e-06
1.21041536753e-06
1.14989459915e-06
1.09239986919e-06
1.03777987573e-06
9.85890881948e-07
9.36596337851e-07
8.89766520958e-07
8.4527819491e-07
8.03014285165e-07
7.62863570906e-07
7.24720392361e-07
6.88484372743e-07
6.54060154106e-07
6.21357146401e-07
5.90289289081e-07
5.60774824626e-07
5.32736083395e-07
5.06099279225e-07
4.80794315264e-07
4.56754599501e-07
4.33916869526e-07
4.1222102605e-07
3.91609974747e-07
3.7202947601e-07
3.53428002209e-07
3.35756602099e-07
3.18968771994e-07
3.03020333394e-07
2.87869316724e-07
2.73475850888e-07
2.59802058344e-07
2.46811955427e-07
2.34471357655e-07
2.22747789773e-07
2.11610400284e-07
2.0102988027e-07
1.90978386256e-07
1.81429466943e-07
1.72357993596e-07
1.63740093916e-07
1.55553089221e-07
1.4777543476e-07
1.40386663022e-07
1.33367329871e-07
1.26698963377e-07
1.20364015208e-07
1.14345814448e-07
1.08628523725e-07
1.03197097539e-07
9.80372426621e-08
9.3135380529e-08
8.84786115026e-08
8.40546809274e-08
7.98519468811e-08
7.5859349537e-08
7.20663820602e-08
6.84630629572e-08
6.50399098093e-08
6.17879143188e-08
5.86985186029e-08
5.57635926727e-08
5.29754130391e-08
5.03266423872e-08
4.78103102678e-08
4.54197947544e-08
4.31488050167e-08
4.09913647659e-08
3.89417965276e-08
3.69947067012e-08
3.51449713661e-08
3.33877227978e-08
3.17183366579e-08
3.0132419825e-08
2.86257988338e-08
2.71945088921e-08
2.58347834475e-08
2.45430442751e-08
2.33158920614e-08
2.21500974583e-08
2.10425925854e-08
1.99904629561e-08
1.89909398083e-08
1.80413928179e-08
1.7139323177e-08
1.62823570181e-08
1.54682391672e-08
1.46948272089e-08
1.39600858484e-08
1.3262081556e-08
1.25989774782e-08
1.19690286043e-08
1.13705771741e-08
1.08020483154e-08
1.02619458996e-08
9.74884860463e-09
9.2614061744e-09
8.79833586568e-09
8.35841907239e-09
7.94049811877e-09
7.54347321283e-09
7.16629955219e-09
6.80798457458e-09
6.46758534585e-09
6.14420607856e-09
5.83699577463e-09
5.5451459859e-09
5.26788868661e-09
5.00449425228e-09
4.75426953966e-09
4.51655606268e-09
4.29072825955e-09
4.07619184657e-09
3.87238225424e-09
3.67876314153e-09
3.49482498445e-09
3.32008373523e-09
3.15407954847e-09
2.99637557104e-09
2.84655679249e-09
2.70422895287e-09
2.56901750522e-09
2.44056662996e-09
2.31853829846e-09
2.20261138354e-09
2.09248081436e-09
1.98785677365e-09
1.88846393496e-09
1.79404073822e-09
1.7043387013e-09
1.61912176624e-09
1.53816567793e-09
1.46125739403e-09
1.38819452433e-09
1.31878479811e-09
1.25284555821e-09
1.1902032803e-09
1.13069311628e-09
1.07415846047e-09
1.02045053744e-09
9.69428010572e-10
9.20956610044e-10
8.74908779542e-10
8.31163340565e-10
7.89605173536e-10
7.5012491486e-10
7.12618669117e-10
6.76987735661e-10
6.43138348878e-10
6.10981431434e-10
5.80432359862e-10
5.51410741869e-10
5.23840204776e-10
4.97648194537e-10
4.7276578481e-10
4.49127495569e-10
4.26671120791e-10
4.05337564751e-10
3.85070686514e-10
3.65817152188e-10
3.47526294579e-10
3.3014997985e-10
3.13642480857e-10
2.97960356814e-10
2.83062338974e-10
2.68909222025e-10
2.55463760924e-10
2.42690572878e-10
2.30556044234e-10
2.19028242022e-10
2.08076829921e-10
1.97672988425e-10
1.87789339004e-10
1.78399872053e-10
1.69479878451e-10
1.61005884528e-10
1.52955590302e-10
1.45307810787e-10
1.38042420247e-10
1.31140299235e-10
1.24583284273e-10
1.1835412006e-10
1.12436414057e-10
1.06814593354e-10
1.01473863686e-10
9.64001705018e-11
9.15801619767e-11
8.70011538779e-11
8.2651096184e-11
7.85185413748e-11
7.45926143061e-11
7.08629835907e-11
6.73198344112e-11
6.39538426907e-11
6.07561505561e-11
5.77183430283e-11
5.48324258769e-11
5.20908045831e-11
4.94862643539e-11
4.70119511362e-11
4.46613535794e-11
4.24282859004e-11
4.03068716054e-11
3.82915280251e-11
3.63769516239e-11
3.45581040427e-11
3.28301988405e-11
3.11886888985e-11
2.96292544536e-11
2.81477917309e-11
2.67404021444e-11
2.54033820372e-11
2.41332129353e-11
2.29265522885e-11
2.17802246741e-11
2.06912134404e-11
1.96566527684e-11
1.867382013e-11
1.77401291235e-11
1.68531226673e-11
1.60104665339e-11
1.52099432072e-11
1.44494460469e-11
1.37269737445e-11
1.30406250573e-11
1.23885938044e-11
1.17691641142e-11
1.11807059085e-11
1.06216706131e-11
1.00905870824e-11
9.5860577283e-12
9.10675484188e-12
8.65141709979e-12
8.2188462448e-12
7.80790393256e-12
7.41750873593e-12
7.04663329914e-12
6.69430163418e-12
6.35958655247e-12
6.04160722485e-12
5.7395268636e-12
5.45255052042e-12
5.1799229944e-12
4.92092684468e-12
4.67488050245e-12
4.44113647733e-12
4.21907965346e-12
4.00812567079e-12
3.80771938725e-12
3.61733341789e-12
3.43646674699e-12
3.26464340964e-12
3.10141123916e-12
2.9463406772e-12
2.79902364334e-12
2.65907246117e-12
2.52611883812e-12
2.39981289621e-12
2.2798222514e-12
2.16583113883e-12
2.05753958189e-12
1.95466260279e-12
1.85692947265e-12
1.76408299902e-12
1.67587884907e-12
1.59208490662e-12
1.51248066129e-12
1.43685662822e-12
1.36501379681e-12
1.29676310697e-12
1.23192495162e-12
1.17032870404e-12
1.11181226884e-12
1.0562216554e-12
1.00341057263e-12
9.53240043995e-13
9.05578041795e-13
8.60299139706e-13
8.1728418272e-13
7.76419973584e-13
7.37598974905e-13
7.0071902616e-13
6.65683074852e-13
6.32398921109e-13
6.00778975054e-13
5.70740026301e-13
5.42203024986e-13
5.15092873737e-13
4.8933823005e-13
4.64871318547e-13
4.4162775262e-13
4.19546364989e-13
3.9856904674e-13
3.78640594403e-13
3.59708564683e-13
3.41723136448e-13
3.24636979626e-13
3.08405130645e-13
2.92984874112e-13
2.78335630407e-13
2.64418848886e-13
2.51197906442e-13
2.3863801112e-13
2.26706110564e-13
2.15370805036e-13
2.04602264784e-13
1.94372151545e-13
1.84653543968e-13
1.75420866769e-13
1.66649823431e-13
1.58317332259e-13
1.50401465646e-13
1.42881392364e-13
1.35737322746e-13
1.28950456608e-13
1.22502933778e-13
1.16377787089e-13
1.10558897735e-13
1.05030952848e-13
9.97794052056e-14
9.47904349453e-14
9.0050913198e-14
8.55483675381e-14
8.12709491612e-14
7.72074017031e-14
7.3347031618e-14
6.96796800371e-14
6.61956960352e-14
6.28859112335e-14
5.97416156718e-14
5.67545348882e-14
5.39168081438e-14
5.12209677366e-14
4.86599193498e-14
4.62269233823e-14
4.39155772132e-14
4.17197983525e-14
3.96338084349e-14
3.76521180131e-14
3.57695121125e-14
3.39810365069e-14
3.22819846815e-14
3.06678854474e-14
2.91344911751e-14
2.76777666163e-14
2.62938782855e-14
2.49791843712e-14
2.37302251527e-14
2.2543713895e-14
2.14165282003e-14
2.03457017903e-14
1.93284167008e-14
1.83619958657e-14
1.74438960724e-14
1.65717012688e-14
1.57431162054e-14
1.49559603951e-14
1.42081623753e-14
1.34977542566e-14
1.28228665437e-14
1.21817232166e-14
1.15726370557e-14
1.09940052029e-14
1.04443049428e-14
9.92208969566e-15
9.42598521088e-15
8.95468595033e-15
8.50695165282e-15
8.08160407017e-15
7.67752386667e-15
7.29364767333e-15
6.92896528967e-15
6.58251702518e-15
6.25339117392e-15
5.94072161523e-15
5.64368553447e-15
5.36150125774e-15
5.09342619486e-15
4.83875488511e-15
4.59681714086e-15
4.36697628381e-15
4.14862746962e-15
3.94119609614e-15
3.74413629134e-15
3.55692947677e-15
3.37908300293e-15
3.21012885278e-15
3.04962241014e-15
2.89714128964e-15
2.75228422516e-15
2.6146700139e-15
2.4839365132e-15
2.35973968754e-15
2.24175270317e-15
2.12966506801e-15
2.02318181461e-15
1.92202272388e-15
1.82592158768e-15
1.7346255083e-15
1.64789423288e-15
1.56549952124e-15
1.48722454518e-15
1.41286331792e-15
1.34222015202e-15
1.27510914442e-15
1.2113536872e-15
1.15078600284e-15
1.0932467027e-15
1.03858436756e-15
9.86655149185e-16
9.37322391726e-16
8.9045627214e-16
8.45933458533e-16
8.03636785606e-16
7.63454946326e-16
7.2528219901e-16
6.89018089059e-16
6.54567184606e-16
6.21838825376e-16
5.90746884107e-16
5.61209539902e-16
5.33149062907e-16
5.06491609761e-16
4.81167029273e-16
4.5710867781e-16
4.34253243919e-16
4.12540581723e-16
3.91913552637e-16
3.72317875005e-16
3.53701981255e-16
3.36016882192e-16
3.19216038082e-16
3.03255236178e-16
2.88092474369e-16
2.73687850651e-16
2.60003458118e-16
2.47003285213e-16
2.34653120952e-16
2.22920464904e-16
2.11774441659e-16
2.01185719576e-16
1.91126433597e-16
1.81570111917e-16
1.72491606322e-16
1.63867026005e-16
1.55673674705e-16
1.4788999097e-16
1.40495491421e-16
1.3347071685e-16
1.26797181008e-16
1.20457321957e-16
1.1443445586e-16
1.08712733067e-16
1.03277096413e-16
9.81132415926e-17
9.3207579513e-17
8.85472005373e-17
8.41198405105e-17
7.9913848485e-17
7.59181560607e-17
7.21222482577e-17
6.85161358448e-17
6.50903290525e-17
6.18358125999e-17
5.87440219699e-17
5.58068208714e-17
5.30164798279e-17
5.03656558365e-17
4.78473730446e-17
4.54550043924e-17
4.31822541728e-17
4.10231414641e-17
3.89719843909e-17
3.70233851714e-17
3.51722159128e-17
3.34136051172e-17
3.17429248613e-17
3.01557786183e-17
2.86479896873e-17
2.7215590203e-17
2.58548106928e-17
2.45620701582e-17
2.33339666503e-17
2.21672683178e-17
2.10589049019e-17
2.00059596568e-17
1.90056616739e-17
1.80553785902e-17
1.71526096607e-17
1.62949791777e-17
1.54802302188e-17
1.47062187079e-17
1.39709077725e-17
1.32723623839e-17
1.26087442647e-17
1.19783070514e-17
1.13793916989e-17
1.08104221139e-17
1.02699010082e-17
9.75640595781e-18
9.26858565992e-18
8.80515637692e-18
8.36489855808e-18
7.94665363017e-18
7.54932094866e-18
7.17185490123e-18
6.81326215617e-18
6.47259904836e-18
6.14896909594e-18
5.84152064114e-18
5.54944460909e-18
5.27197237863e-18
5.0083737597e-18
4.75795507172e-18
4.52005731813e-18
4.29405445222e-18
4.07935172961e-18
3.87538414313e-18
3.68161493598e-18
3.49753418918e-18
3.32265747972e-18
3.15652460573e-18
2.99869837545e-18
2.84876345667e-18
2.70632528384e-18
2.57100901965e-18
2.44245856867e-18
2.32033564023e-18
2.20431885822e-18
2.09410291531e-18
1.98939776954e-18
1.88992788107e-18
1.79543148701e-18
1.70565991266e-18
1.62037691703e-18
1.53935807118e-18
1.46239016762e-18
1.38927065924e-18
1.31980712628e-18
1.25381676996e-18
1.19112593146e-18
1.13156963489e-18
1.07499115315e-18
1.02124159549e-18
9.70179515715e-19
9.21670539929e-19
8.75587012933e-19
8.31807662286e-19
7.90217279172e-19
7.50706415213e-19
7.13171094452e-19
6.7751253973e-19
6.43636912743e-19
6.11455067106e-19
5.80882313751e-19
5.51838198063e-19
5.2424628816e-19
4.98033973752e-19
4.73132275065e-19
4.49475661311e-19
4.27001878246e-19
4.05651784333e-19
3.85369195117e-19
3.66100735361e-19
3.47795698593e-19
3.30405913663e-19
3.1388561798e-19
2.98191337081e-19
2.83281770227e-19
2.69117681716e-19
2.5566179763e-19
2.42878707748e-19
2.30734772361e-19
2.19198033743e-19
2.08238132056e-19
1.97826225453e-19
1.8793491418e-19
1.78538168471e-19
1.69611260048e-19
1.61130697045e-19
1.53074162193e-19
1.45420454083e-19
1.38149431379e-19
1.3124195981e-19
1.2467986182e-19
1.18445868729e-19
1.12523575292e-19
1.06897396528e-19
1.01552526701e-19
9.64749003663e-20
9.1651155348e-20
8.70685975806e-20
8.27151677015e-20
7.85794093165e-20
7.46504388506e-20
7.09179169081e-20
6.73720210627e-20
6.40034200096e-20
6.08032490091e-20
5.77630865586e-20
5.48749322307e-20
5.21311856192e-20
4.95246263382e-20
4.70483950213e-20
4.46959752702e-20
4.24611765067e-20
4.03381176814e-20
3.83212117973e-20
3.64051512075e-20
3.45848936471e-20
3.28556489647e-20
3.12128665165e-20
2.96522231907e-20
2.81696120311e-20
2.67611314296e-20
2.54230748581e-20
2.41519211152e-20
2.29443250594e-20
2.17971088065e-20
2.07072533661e-20
1.96718906978e-20
1.86882961629e-20
1.77538813548e-20
1.68661872871e-20
1.60228779227e-20
1.52217340266e-20
1.44606473252e-20
1.3737614959e-20
1.3050734211e-20
1.23981975005e-20
1.17782876255e-20
1.11893732442e-20
1.0629904582e-20
1.00984093529e-20
9.59348888523e-21
9.11381444097e-21
8.65812371892e-21
8.22521753297e-21
7.81395665632e-21
7.42325882351e-21
7.05209588233e-21
6.69949108822e-21
6.3645165338e-21
6.04629070711e-21
5.74397617176e-21
5.45677736317e-21
5.18393849501e-21
4.92474157026e-21
4.67850449175e-21
4.44457926716e-21
4.2223503038e-21
4.01123278861e-21
3.81067114918e-21
3.62013759172e-21
3.43913071214e-21
3.26717417653e-21
3.1038154677e-21
2.94862469432e-21
2.8011934596e-21
2.66113378662e-21
2.52807709729e-21
2.40167324243e-21
2.28158958031e-21
2.16751010129e-21
2.05913459623e-21
1.95617786641e-21
1.85836897309e-21
1.76545052444e-21
1.67717799822e-21
1.59331909831e-21
1.51365314339e-21
1.43797048622e-21
1.36607196191e-21
1.29776836381e-21
1.23287994562e-21
1.17123594834e-21
1.11267415093e-21
1.05704044338e-21
1.00418842121e-21
9.5397900015e-22
9.06280050142e-22
8.60966047635e-22
8.17917745254e-22
7.77021857991e-22
7.38170765091e-22
7.01262226837e-22
6.66199115495e-22
6.3288915972e-22
6.01244701734e-22
5.71182466647e-22
5.42623343315e-22
5.15492176149e-22
4.89717567342e-22
4.65231688975e-22
4.41970104526e-22
4.198715993e-22
3.98878019335e-22
3.78934118368e-22
3.5998741245e-22
3.41988041827e-22
3.24888639736e-22
3.08644207749e-22
2.93211997362e-22
2.78551397493e-22
2.64623827619e-22
2.51392636238e-22
2.38823004426e-22
2.26881854205e-22
2.15537761494e-22
2.0476087342e-22
1.94522829749e-22
1.84796688261e-22
1.75556853848e-22
1.66779011156e-22
1.58440060598e-22
1.50518057568e-22
1.4299215469e-22
1.35842546955e-22
1.29050419607e-22
1.22597898627e-22
1.16468003696e-22
1.10644603511e-22
1.05112373335e-22
9.98567546686e-23
9.48639169352e-23
9.01207210884e-23
8.5614685034e-23
8.13339507823e-23
7.72672532432e-23
7.3403890581e-23
6.9733696052e-23
6.62470112494e-23
6.29346606869e-23
5.97879276526e-23
5.67985312699e-23
5.39586047064e-23
5.12606744711e-23
4.86976407476e-23
4.62627587102e-23
4.39496207747e-23
4.17521397359e-23
3.96645327491e-23
3.76813061117e-23
3.57972408061e-23
3.40073787658e-23
3.23070098275e-23
3.06916593361e-23
2.91570763693e-23
2.76992225509e-23
2.63142614233e-23
2.49985483522e-23
2.37486209345e-23
2.25611898878e-23
2.14331303934e-23
2.03614738738e-23
1.93434001801e-23
1.83762301711e-23
1.74574186625e-23
1.65845477294e-23
1.57553203429e-23
1.49675543258e-23
1.42191766095e-23
1.3508217779e-23
1.28328068901e-23
1.21911665456e-23
1.15816082183e-23
1.10025278074e-23
1.0452401417e-23
9.92978134615e-24
9.43329227884e-24
8.9616276649e-24
8.51354628165e-24
8.08786896757e-24
7.68347551919e-24
7.29930174323e-24
6.93433665607e-24
6.58761982327e-24
6.2582388321e-24
5.9453268905e-24
5.64806054597e-24
5.36565751867e-24
5.09737464274e-24
4.8425059106e-24
4.60038061507e-24
4.37036158432e-24
4.1518435051e-24
3.94425132985e-24
3.74703876336e-24
3.55968682519e-24
3.38170248393e-24
3.21261735973e-24
3.05198649175e-24
2.89938716716e-24
2.7544178088e-24
2.61669691836e-24
2.48586207244e-24
2.36156896882e-24
2.24349052038e-24
2.13131599436e-24
2.02475019464e-24
1.92351268491e-24
1.82733705066e-24
1.73597019813e-24
1.64917168822e-24
1.56671310381e-24
1.48837744862e-24
1.41395857619e-24
1.34326064738e-24
1.27609761501e-24
1.21229273426e-24
1.15167809755e-24
1.09409419267e-24
1.03938948304e-24
9.87420008886e-25
9.38049008442e-25
8.9114655802e-25
8.46589230119e-25
8.04259768613e-25
7.64046780182e-25
7.25844441173e-25
6.89552219115e-25
6.55074608159e-25
6.22320877751e-25
5.91204833863e-25
5.6164459217e-25
5.33562362562e-25
5.06884244434e-25
4.81540032212e-25
4.57463030601e-25
4.34589879071e-25
4.12860385118e-25
3.92217365862e-25
3.72606497569e-25
3.5397617269e-25
3.36277364056e-25
3.19463495853e-25
3.0349032106e-25
2.88315805007e-25
2.73900014757e-25
2.60205014019e-25
2.47194763318e-25
2.34835025152e-25
2.23093273895e-25
2.119386102e-25
2.0134167969e-25
1.91274595705e-25
1.8171086592e-25
1.72625322624e-25
1.63994056493e-25
1.55794353668e-25
1.48004635985e-25
1.40604404186e-25
1.33574183976e-25
1.26895474778e-25
1.20550701039e-25
1.14523165987e-25
1.08797007687e-25
1.03357157303e-25
9.81892994379e-26
9.3279834466e-26
8.86158427427e-26
8.41850506055e-26
7.99757980753e-26
7.59770081715e-26
7.21781577629e-26
6.85692498748e-26
6.5140787381e-26
6.1883748012e-26
5.87895606114e-26
5.58500825808e-26
5.30575784518e-26
5.04046995292e-26
4.78844645527e-26
4.54902413251e-26
4.32157292588e-26
4.10549427959e-26
3.90021956561e-26
3.70520858733e-26
3.51994815796e-26
3.34395075006e-26
3.17675321256e-26
3.01791555193e-26
2.86701977434e-26
2.72366878562e-26
2.58748534634e-26
2.45811107902e-26
2.33520552507e-26
2.21844524882e-26
2.10752298638e-26
2.00214683706e-26
1.9020394952e-26
1.80693752044e-26
1.71659064442e-26
1.6307611122e-26
1.54922305659e-26
1.47176190376e-26
1.39817380857e-26
1.32826511814e-26
1.26185186224e-26
1.19875926913e-26
1.13882130567e-26
1.08188024039e-26
1.02778622837e-26
9.76396916948e-27
9.27577071101e-27
8.81198217546e-27
8.37138306668e-27
7.95281391335e-27
7.55517321768e-27
7.1774145568e-27
6.81854382896e-27
6.47761663751e-27
6.15373580564e-27
5.84604901535e-27
5.55374656459e-27
5.27605923636e-27
5.01225627454e-27
4.76164346081e-27
4.52356128777e-27
4.29738322338e-27
4.08251406221e-27
3.8783883591e-27
3.68446894115e-27
3.50024549409e-27
3.32523321939e-27
3.15897155842e-27
3.0010229805e-27
2.85097183147e-27
2.7084232399e-27
2.5730020779e-27
2.44435197401e-27
2.32213437531e-27
2.20602765654e-27
2.09572627371e-27
1.99093996003e-27
1.89139296203e-27
1.79682331393e-27
1.70698214823e-27
1.62163304082e-27
1.54055138878e-27
1.46352381934e-27
1.39034762837e-27
1.32083024695e-27
1.25478873461e-27
1.19204929788e-27
1.13244683298e-27
1.07582449133e-27
1.02203326677e-27
9.70931603427e-28
9.22385023256e-28
8.76265772093e-28
8.32452483489e-28
7.90829859314e-28
7.51288366348e-28
7.13723948031e-28
6.78037750629e-28
6.44135863098e-28
6.11929069943e-28
5.81332616446e-28
5.52265985624e-28
5.24652686342e-28
4.98420052025e-28
4.73499049424e-28
4.49824096953e-28
4.27332892105e-28
4.059662475e-28
3.85667935125e-28
3.66384538369e-28
3.4806531145e-28
3.30662045878e-28
3.14128943584e-28
2.98422496405e-28
2.83501371584e-28
2.69326303005e-28
2.55859987855e-28
2.43066988462e-28
2.30913639039e-28
2.19367957087e-28
2.08399559233e-28
1.97979581271e-28
1.88080602208e-28
1.78676572097e-28
1.69742743492e-28
1.61255606318e-28
1.53192826002e-28
1.45533184702e-28
1.38256525467e-28
1.31343699193e-28
1.24776514234e-28
1.18537688522e-28
1.12610804096e-28
1.06980263891e-28
1.01631250697e-28
9.65496881617e-29
9.17222037536e-29
8.71360935659e-29
8.27792888876e-29
7.86403244433e-29
7.47083082211e-29
7.097289281e-29
6.74242481695e-29
6.40530357611e-29
6.0850383973e-29
5.78078647744e-29
5.49174715356e-29
5.21715979589e-29
4.95630180609e-29
4.70848671579e-29
4.47306238e-29
4.249409261e-29
4.03693879795e-29
3.83509185805e-29
3.64333726515e-29
3.46117040189e-29
3.2881118818e-29
3.12370628771e-29
2.96752097332e-29
2.81914492465e-29
2.67818767842e-29
2.5442782945e-29
2.41706437978e-29
2.29621116079e-29
2.18140060275e-29
2.07233057261e-29
1.96871404398e-29
1.87027834178e-29
1.77676442469e-29
1.68792620346e-29
1.60352989328e-29
1.52335339862e-29
1.44718572869e-29
1.37482644225e-29
1.30608512014e-29
1.24078086413e-29
1.17874182093e-29
1.11980472988e-29
1.06381449339e-29
1.01062376872e-29
9.60092580282e-30
9.12087951268e-30
8.66483553705e-30
8.2315937602e-30
7.82001407219e-30
7.42901336858e-30
7.05756270015e-30
6.70468456514e-30
6.36945033688e-30
6.05097782004e-30
5.74842892904e-30
5.46100748259e-30
5.18795710846e-30
4.92855925303e-30
4.68213129038e-30
4.44802472586e-30
4.22562348957e-30
4.01434231509e-30
3.81362519934e-30
3.62294393937e-30
3.4417967424e-30
3.26970690528e-30
3.10622156002e-30
2.95091048202e-30
2.80336495792e-30
2.66319671002e-30
2.53003687452e-30
2.40353503079e-30
2.28335827925e-30
2.16919036529e-30
2.06073084703e-30
1.95769430467e-30
1.85980958944e-30
1.76681910997e-30
1.67847815447e-30
1.59455424675e-30
1.51482653441e-30
1.43908520769e-30
1.3671309473e-30
1.29877439994e-30
1.23383567994e-30
1.17214389595e-30
1.11353670115e-30
1.05785986609e-30
1.00496687279e-30
9.54718529147e-31
9.06982602689e-31
8.61633472555e-31
8.18551798927e-31
7.77624208981e-31
7.38742998532e-31
7.01805848605e-31
6.66715556175e-31
6.33379778366e-31
6.01710789448e-31
5.71625249976e-31
5.43043987477e-31
5.15891788103e-31
4.90097198698e-31
4.65592338763e-31
4.42312721825e-31
4.20197085733e-31
3.99187231447e-31
3.79227869874e-31
3.60266476381e-31
3.42253152562e-31
3.25140494934e-31
3.08883470187e-31
2.93439296678e-31
2.78767331844e-31
2.64828965252e-31
2.51587516989e-31
2.3900814114e-31
2.27057734083e-31
2.15704847378e-31
2.04919605009e-31
1.94673624759e-31
1.84939943521e-31
1.75692946345e-31
1.66908299028e-31
1.58562884076e-31
1.50634739873e-31
1.43103002879e-31
1.35947852735e-31
1.29150460098e-31
1.22692937093e-31
1.16558290239e-31
1.10730375727e-31
1.0519385694e-31
9.99341640934e-32
9.49374558887e-32
9.01905830943e-32
8.56810539395e-32
8.13970012426e-32
7.73271511804e-32
7.34607936214e-32
6.97877539404e-32
6.62983662433e-32
6.29834479312e-32
5.98342755346e-32
5.68425617579e-32
5.400043367e-32
5.13004119865e-32
4.87353913872e-32
4.62986218178e-32
4.39836907269e-32
4.17845061906e-32
3.9695280881e-32
3.7710516837e-32
3.58249909951e-32
3.40337414454e-32
3.23320543731e-32
3.07154516545e-32
2.91796790717e-32
2.77206951181e-32
2.63346603622e-32
2.50179273441e-32
2.37670309769e-32
2.25786794281e-32
2.14497454567e-32
2.03772581838e-32
1.93583952746e-32
1.83904755109e-32
1.74709517354e-32
1.65974041486e-32
1.57675339412e-32
1.49791572441e-32
1.42301993819e-32
1.35186894128e-32
1.28427549422e-32
1.22006171951e-32
1.15905863353e-32
1.10110570185e-32
1.04605041676e-32
9.93747895923e-33
9.44060501127e-33
8.96857476071e-33
8.52014602267e-33
8.09413872154e-33
7.68943178546e-33
7.30496019619e-33
6.93971218638e-33
6.59272657706e-33
6.26309024821e-33
5.9499357358e-33
5.65243894901e-33
5.36981700156e-33
5.10132615148e-33
4.84625984391e-33
4.60394685171e-33
4.37374950912e-33
4.15506203367e-33
3.94730893199e-33
3.74994348539e-33
3.56244631112e-33
3.38432399556e-33
3.21510779578e-33
3.05435240599e-33
2.90163478569e-33
2.75655304641e-33
2.61872539409e-33
2.48778912438e-33
2.36339966817e-33
2.24522968476e-33
2.13296820052e-33
2.02631979049e-33
1.92500380097e-33
1.82875361092e-33
1.73731593037e-33
1.65045013386e-33
1.56792762716e-33
1.4895312458e-33
1.41505468351e-33
1.34430194934e-33
1.27708685187e-33
1.21323250928e-33
1.15257088381e-33
1.09494233962e-33
1.04019522264e-33
9.8818546151e-34
9.38776188435e-34
8.91837379013e-34
8.47245510062e-34
8.04883234559e-34
7.64639072831e-34
7.2640711919e-34
6.9008676323e-34
6.55582425069e-34
6.22803303815e-34
5.91663138624e-34
5.62079981693e-34
5.33975982609e-34
5.07277183478e-34
4.81913324304e-34
4.57817658089e-34
4.34926775185e-34
4.13180436425e-34
3.92521414604e-34
3.72895343874e-34
3.5425057668e-34
3.36538047846e-34
3.19711145454e-34
3.03725588181e-34
2.88539308772e-34
2.74112343333e-34
2.60406726167e-34
2.47386389858e-34
2.35017070366e-34
2.23266216847e-34
2.12102906005e-34
2.01497760705e-34
1.91422872669e-34
1.81851729036e-34
1.72759142584e-34
1.64121185455e-34
1.55915126182e-34
1.48119369873e-34
1.40713401379e-34
1.3367773131e-34
1.26993844745e-34
1.20644152508e-34
1.14611944882e-34
1.08881347638e-34
1.03437280256e-34
9.82654162435e-35
9.33521454313e-35
8.86845381597e-35
8.42503112517e-35
8.00377956892e-35
7.60359059047e-35
7.22341106095e-35
6.8622405079e-35
6.5191284825e-35
6.19317205838e-35
5.88351345546e-35
5.58933778269e-35
5.30987089355e-35
5.04437734888e-35
4.79215848143e-35
4.55255055736e-35
4.32492302949e-35
4.10867687802e-35
3.90324303412e-35
3.70808088241e-35
3.52267683829e-35
3.34654299638e-35
3.17921584656e-35
3.02025505423e-35
2.86924230152e-35
2.72578018644e-35
2.58949117712e-35
2.46001661826e-35
2.33701578735e-35
2.22016499798e-35
2.10915674808e-35
2.00369891068e-35
1.90351396515e-35
1.80833826689e-35
1.71792135354e-35
1.63202528587e-35
1.55042402157e-35
1.47290282049e-35
1.39925767947e-35
1.3292947955e-35
1.26283005572e-35
1.19968855294e-35
1.13970412529e-35
1.08271891902e-35
1.02858297307e-35
9.77153824419e-36
9.28296133198e-36
8.81881326539e-36
8.37787260212e-36
7.95897897201e-36
7.56103002341e-36
7.18297852224e-36
6.82382959613e-36
6.48263811632e-36
6.15850621051e-36
5.85058089998e-36
5.55805185498e-36
5.28014926223e-36
5.01614179912e-36
4.76533470916e-36
4.52706797371e-36
4.30071457502e-36
4.08567884627e-36
3.88139490396e-36
3.68732515876e-36
3.50295890082e-36
3.32781095578e-36
3.16142040799e-36
3.00334938759e-36
2.85318191821e-36
2.7105228223e-36
2.57499668119e-36
2.44624684713e-36
2.32393450477e-36
2.20773777953e-36
2.09735089056e-36
1.99248334603e-36
1.89285917873e-36
1.79821621979e-36
1.7083054088e-36
1.62289013836e-36
1.54174563144e-36
1.46465834987e-36
1.39142543238e-36
1.32185416076e-36
1.25576145272e-36
1.19297338008e-36
1.13332471108e-36
1.07665847553e-36
1.02282555175e-36
9.71684274162e-37
9.23100060454e-37
8.76945057431e-37
8.3309780456e-37
7.91442914332e-37
7.51870768615e-37
7.14277230184e-37
6.78563368675e-37
6.44635200241e-37
6.12403440229e-37
5.81783268218e-37
5.52694104807e-37
5.25059399567e-37
4.98806429588e-37
4.73866108109e-37
4.50172802703e-37
4.27664162568e-37
4.0628095444e-37
3.85966906718e-37
3.66668561382e-37
3.48335133313e-37
3.30918376647e-37
3.14372457815e-37
2.98653834924e-37
2.83721143178e-37
2.69535086019e-37
2.56058331718e-37
2.43255415132e-37
2.31092644376e-37
2.19538012157e-37
2.08561111549e-37
1.98133055971e-37
1.88226403173e-37
1.78815083014e-37
1.69874328864e-37
1.6138061242e-37
1.53311581799e-37
1.45646002709e-37
1.38363702574e-37
1.31445517445e-37
1.24873241573e-37
1.18629579494e-37
1.1269810052e-37
1.07063195494e-37
1.01710035719e-37
9.6624533933e-38
9.17933072363e-38
8.72036418745e-38
8.28434597808e-38
7.87012867917e-38
7.47662224522e-38
7.10279113296e-38
6.74765157631e-38
6.41026899749e-38
6.08975554762e-38
5.78526777024e-38
5.49600438172e-38
5.22120416264e-38
4.96014395451e-38
4.71213675678e-38
4.47652991894e-38
4.252703423e-38
4.04006825185e-38
3.83806483925e-38
3.64616159729e-38
3.46385351743e-38
3.29066084155e-38
3.12612779948e-38
2.9698214095e-38
2.82133033903e-38
2.68026382208e-38
2.54625063097e-38
2.41893809942e-38
2.29799119445e-38
2.18309163473e-38
2.07393705299e-38
1.97024020034e-38
1.87172819033e-38
1.77814178081e-38
1.68923469177e-38
1.60477295718e-38
1.52453430932e-38
1.44830759386e-38
1.37589221416e-38
1.30709760346e-38
1.24174272328e-38
1.17965558712e-38
1.12067280776e-38
1.06463916737e-38
1.01140720901e-38
9.60836848555e-39
9.12795006128e-39
8.67155255821e-39
8.2379749303e-39
7.82607618379e-39
7.4347723746e-39
7.06303375587e-39
6.70988206807e-39
6.37438796467e-39
6.05566856644e-39
5.75288513811e-39
5.46524088121e-39
5.19197883715e-39
4.93237989529e-39
4.68576090053e-39
4.4514728555e-39
4.22889921273e-39
4.01745425209e-39
3.81658153948e-39
3.62575246251e-39
3.44446483938e-39
3.27224159742e-39
3.10862951754e-39
2.95319804167e-39
2.80553813958e-39
2.6652612326e-39
2.53199817097e-39
2.40539826243e-39
2.2851283493e-39
2.17087193184e-39
2.06232833525e-39
1.95921191849e-39
1.86125132256e-39
1.76818875643e-39
1.67977931861e-39
1.59579035268e-39
1.51600083505e-39
1.44020079329e-39
1.36819075363e-39
1.29978121595e-39
1.23479215515e-39
1.17305254739e-39
1.11439992002e-39
1.05867992402e-39
1.00574592782e-39
9.5545863143e-40
9.07685699859e-40
8.62301414866e-40
8.19186344122e-40
7.78227026916e-40
7.3931567557e-40
7.02349891792e-40
6.67232397202e-40
6.33870777342e-40
6.02177238475e-40
5.72068376551e-40
5.43464957724e-40
5.16291709838e-40
4.90477124346e-40
4.65953268128e-40
4.42655604722e-40
4.20522824486e-40
3.99496683262e-40
3.79521849099e-40
3.60545756644e-40
3.42518468811e-40
3.25392545371e-40
3.09122918102e-40
2.93666772197e-40
2.78983433587e-40
2.65034261908e-40
2.51782548813e-40
2.39193421372e-40
2.27233750303e-40
2.15872062788e-40
2.05078459649e-40
1.94824536666e-40
1.85083309833e-40
1.75829144341e-40
1.67037687124e-40
1.58685802768e-40
1.5075151263e-40
1.43213936998e-40
1.36053240148e-40
1.29250578141e-40
1.22788049234e-40
1.16648646772e-40
1.10816214434e-40
1.05275403712e-40
1.00011633526e-40
9.50110518499e-41
9.02604992574e-41
8.57474742946e-41
8.14601005798e-41
7.73870955509e-41
7.35177407733e-41
6.98418537346e-41
6.63497610479e-41
6.30322729955e-41
5.98806593457e-41
5.68866263785e-41
5.40422950595e-41
5.13401803066e-41
4.87731712912e-41
4.63345127267e-41
4.40177870903e-41
4.18168977358e-41
3.9726052849e-41
3.77397502066e-41
3.58527626962e-41
3.40601245614e-41
3.23571183334e-41
3.07392624167e-41
2.92022992959e-41
2.77421843311e-41
2.63550751145e-41
2.50373213588e-41
2.37854552908e-41
2.25961825263e-41
2.14663734e-41
2.039305473e-41
1.93734019935e-41
1.84047318938e-41
1.74844952991e-41
1.66102705342e-41
1.57797570075e-41
1.49907691571e-41
1.42412306992e-41
1.35291691643e-41
1.28527107061e-41
1.22100751708e-41
1.15995714122e-41
1.10195928416e-41
1.04686131995e-41
9.94518253955e-42
9.44792341257e-42
8.97552724194e-42
8.52675087985e-42
8.10041333585e-42
7.69539266906e-42
7.31062303561e-42
6.94509188383e-42
6.59783728964e-42
6.26794542515e-42
5.9545481539e-42
5.6568207462e-42
5.37397970889e-42
5.10528072345e-42
4.85001668728e-42
4.60751585291e-42
4.37714006027e-42
4.15828305725e-42
3.95036890439e-42
3.75285045917e-42
3.56520793621e-42
3.3869475394e-42
3.21760016243e-42
3.05672015431e-42
2.90388414659e-42
2.75868993926e-42
2.6207554423e-42
2.48971767019e-42
2.36523178668e-42
2.24697019734e-42
2.13462168748e-42
2.0278906031e-42
1.92649607295e-42
1.8301712693e-42
1.73866270583e-42
1.65172957054e-42
1.56914309202e-42
1.49068593741e-42
1.41615164054e-42
1.34534405852e-42
1.27807685559e-42
1.21417301281e-42
1.15346436217e-42
1.09579114406e-42
1.04100158686e-42
9.88951507516e-43
9.39503932141e-43
8.92528735534e-43
8.47902298757e-43
8.05507183819e-43
7.65231824628e-43
7.26970233397e-43
6.90621721727e-43
6.5609063564e-43
6.23286103858e-43
5.92121798666e-43
5.62515708732e-43
5.34389923296e-43
5.07670427131e-43
4.82286905774e-43
4.58172560486e-43
4.35263932461e-43
4.13500735838e-43
3.92825699046e-43
3.73184414094e-43
3.54525193389e-43
3.3679893372e-43
3.19958987034e-43
3.03961037682e-43
2.88762985798e-43
2.74324836508e-43
2.60608594683e-43
2.47578164949e-43
2.35199256701e-43
2.23439293866e-43
2.12267329173e-43
2.01653962714e-43
1.91571264578e-43
1.8199270135e-43
1.72893066282e-43
1.64248412968e-43
1.5603599232e-43
1.48234192704e-43
1.40822483068e-43
1.33781358915e-43
1.27092290969e-43
1.20737676421e-43
1.147007926e-43
1.0896575297e-43
1.03517465321e-43
9.83415920552e-44
9.34245124524e-44
8.87532868298e-44
8.43156224883e-44
8.00998413639e-44
7.60948492957e-44
7.22901068309e-44
6.86756014894e-44
6.52418214149e-44
6.19797303442e-44
5.8880743827e-44
5.59367066356e-44
5.31398713038e-44
5.04828777386e-44
4.79587338517e-44
4.55607971591e-44
4.32827573012e-44
4.11186194361e-44
3.90626884643e-44
3.71095540411e-44
3.5254076339e-44
3.34913725221e-44
3.1816803896e-44
3.02259637012e-44
2.87146655161e-44
2.72789322403e-44
2.59149856283e-44
2.46192363469e-44
2.33882745295e-44
2.22188608031e-44
2.11079177629e-44
2.00525218748e-44
1.9049895781e-44
1.8097400992e-44
1.71925309424e-44
1.63329043953e-44
1.55162591755e-44
1.47404462167e-44
1.40034239059e-44
1.33032527106e-44
1.26380900751e-44
1.20061855713e-44
1.14058762927e-44
1.08355824781e-44
1.02938033542e-44
9.77911318649e-45
9.29015752716e-45
8.82564965081e-45
8.38436716827e-45
7.96514880985e-45
7.56689136936e-45
7.18854680089e-45
6.82911946085e-45
6.48766348781e-45
6.16328031341e-45
5.85511629774e-45
5.56236048286e-45
5.28424245871e-45
5.02003033578e-45
4.76902881899e-45
4.53057737804e-45
4.30404850914e-45
4.08884608368e-45
3.8844037795e-45
3.69018359052e-45
3.505674411e-45
3.33039069045e-45
3.16387115592e-45
3.00567759813e-45
2.85539371822e-45
2.71262403231e-45
2.57699283069e-45
2.44814318916e-45
2.3257360297e-45
2.20944922822e-45
2.09897676681e-45
1.99402792847e-45
1.89432653204e-45
1.79961020544e-45
1.70962969517e-45
1.62414821041e-45
1.54294079989e-45
1.46579375989e-45
1.3925040719e-45
1.32287886831e-45
1.25673492489e-45
1.19389817865e-45
1.13420326971e-45
1.07749310623e-45
1.02361845092e-45
9.7243752837e-46
9.23815651952e-46
8.77624869354e-46
8.33743625887e-46
7.92056444592e-46
7.52453622363e-46
7.14830941244e-46
6.79089394182e-46
6.45134924473e-46
6.12878178249e-46
5.82234269337e-46
5.5312255587e-46
5.25466428077e-46
4.99193106673e-46
4.74233451339e-46
4.50521778772e-46
4.27995689834e-46
4.06595905342e-46
3.86266110075e-46
3.66952804571e-46
3.48605164343e-46
3.31174906125e-46
3.14616160819e-46
2.98885352778e-46
2.83941085139e-46
2.69744030882e-46
2.56256829338e-46
2.43443987871e-46
2.31271788478e-46
2.19708199054e-46
2.08722789101e-46
1.98286649646e-46
1.88372317164e-46
1.78953701306e-46
1.7000601624e-46
1.61505715428e-46
1.53430429657e-46
1.45758908174e-46
1.38470962765e-46
1.31547414627e-46
1.24970043896e-46
1.18721541701e-46
1.12785464616e-46
1.07146191385e-46
1.01788881816e-46
9.6699437725e-47
9.18644658388e-47
8.72712425468e-47
8.29076804195e-47
7.87622963985e-47
7.48241815786e-47
7.10829724997e-47
6.75288238747e-47
6.4152382681e-47
6.09447635469e-47
5.78975253696e-47
5.50026491011e-47
5.2252516646e-47
4.96398908137e-47
4.7157896273e-47
4.48000014594e-47
4.25600013864e-47
4.04320013171e-47
3.84104012512e-47
3.64898811887e-47
3.46653871292e-47
3.29321177728e-47
3.12855118841e-47
2.97212362899e-47
2.82351744754e-47
2.68234157517e-47
2.54822449641e-47
2.42081327159e-47
2.29977260801e-47
2.18478397761e-47
2.07554477873e-47
1.97176753979e-47
1.8731791628e-47
1.77952020466e-47
1.69054419443e-47
1.60601698471e-47
1.52571613547e-47
1.4494303287e-47
1.37695881226e-47
1.30811087165e-47
1.24270532807e-47
1.18057006166e-47
1.12154155858e-47
1.06546448065e-47
1.01219125662e-47
9.61581693789e-48
9.13502609099e-48
8.67827478644e-48
8.24436104712e-48
7.83214299476e-48
7.44053584503e-48
7.06850905277e-48
6.71508360014e-48
6.37932942013e-48
6.06036294912e-48
5.75734480167e-48
5.46947756158e-48
5.1960036835e-48
4.93620349933e-48
4.68939332436e-48
4.45492365814e-48
4.23217747524e-48
4.02056860147e-48
3.8195401714e-48
3.62856316283e-48
3.44713500469e-48
3.27477825445e-48
3.11103934173e-48
2.95548737465e-48
2.80771300591e-48
2.66732735562e-48
2.53396098784e-48
2.40726293844e-48
2.28689979152e-48
2.17255480195e-48
2.06392706185e-48
1.96073070876e-48
1.86269417332e-48
1.76955946465e-48
1.68108149142e-48
1.59702741685e-48
1.51717604601e-48
1.44131724371e-48
1.36925138152e-48
1.30078881245e-48
1.23574937182e-48
1.17396190323e-48
1.11526380807e-48
1.05950061767e-48
1.00652558678e-48
9.56199307444e-49
9.08389342072e-49
8.62969874968e-49
8.1982138122e-49
7.78830312159e-49
7.39888796551e-49
7.02894356723e-49
6.67749638887e-49
6.34362156943e-49
6.02644049096e-49
5.72511846641e-49
5.43886254309e-49
5.16691941593e-49
4.90857344514e-49
4.66314477288e-49
4.42998753424e-49
4.20848815753e-49
3.99806374965e-49
3.79816056217e-49
3.60825253406e-49
3.42783990736e-49
3.25644791199e-49
3.09362551639e-49
2.93894424057e-49
2.79199702854e-49
2.65239717711e-49
2.51977731826e-49
2.39378845234e-49
2.27409902973e-49
2.16039407824e-49
2.05237437433e-49
1.94975565561e-49
1.85226787283e-49
1.75965447919e-49
1.67167175523e-49
1.58808816747e-49
1.5086837591e-49
1.43324957114e-49
1.36158709258e-49
1.29350773795e-49
1.22883235106e-49
1.1673907335e-49
1.10902119683e-49
1.05357013699e-49
1.00089163014e-49
9.50847048631e-50
9.033046962e-50
8.5813946139e-50
8.1523248832e-50
7.74470863904e-50
7.35747320709e-50
6.98959954674e-50
6.6401195694e-50
6.30811359093e-50
5.99270791138e-50
5.69307251581e-50
5.40841889002e-50
5.13799794552e-50
4.88109804825e-50
4.63704314583e-50
4.40519098854e-50
4.18493143911e-50
3.97568486716e-50
3.7769006238e-50
3.58805559261e-50
3.40865281298e-50
3.23822017233e-50
3.07630916371e-50
2.92249370553e-50
2.77636902025e-50
2.63755056924e-50
2.50567304078e-50
2.38038938874e-50
2.2613699193e-50
2.14830142334e-50
2.04088635217e-50
1.93884203456e-50
1.84189993283e-50
1.74980493619e-50
1.66231468938e-50
1.57919895491e-50
1.50023900717e-50
1.42522705681e-50
1.35396570397e-50
1.28626741877e-50
1.22195404783e-50
1.16085634544e-50
1.10281352817e-50
1.04767285176e-50
9.95289209172e-51
9.45524748713e-51
8.98248511277e-51
8.53336085714e-51
8.10669281428e-51
7.70135817356e-51
7.31629026489e-51
6.95047575164e-51
6.60295196406e-51
6.27280436586e-51
5.95916414756e-51
5.66120594019e-51
5.37814564318e-51
5.10923836102e-51
4.85377644297e-51
4.61108762082e-51
4.38053323978e-51
4.16150657779e-51
3.9534312489e-51
3.75575968645e-51
3.56797170213e-51
3.38957311703e-51
3.22009446117e-51
3.05908973812e-51
2.90613525121e-51
2.76082848865e-51
2.62278706422e-51
2.49164771101e-51
2.36706532546e-51
2.24871205918e-51
2.13627645622e-51
2.02946263341e-51
1.92798950174e-51
1.83159002665e-51
1.74001052532e-51
1.65300999906e-51
1.5703594991e-51
1.49184152415e-51
1.41724944794e-51
1.34638697554e-51
1.27906762677e-51
1.21511424543e-51
1.15435853316e-51
1.0966406065e-51
1.04180857617e-51
9.89718147365e-52
9.40232239997e-52
8.93220627997e-52
